1.123176462441208230e+02 1.840000000000000000e+02
1.123174488145758403e+02 1.840999843176604429e+02
1.123168565290200149e+02 1.841999670759453807e+02
1.123158693966907578e+02 1.842999467155036939e+02
1.123144874329835972e+02 1.843999216770328644e+02
1.123127106594519091e+02 1.844998904013033325e+02
1.123105391038066045e+02 1.845998513291828260e+02
1.123079727999156887e+02 1.846998029016606324e+02
1.123050117878037923e+02 1.847997435598719846e+02
1.123016561136514184e+02 1.848996717451223333e+02
1.122979058297943311e+02 1.849995858989116755e+02
1.122937609947227457e+02 1.850994844629587988e+02
1.122892216730803057e+02 1.851993658792256383e+02
1.122842879356632011e+02 1.852992285899416345e+02
1.122789598594189897e+02 1.853990710376278912e+02
1.122732375274454029e+02 1.854988916651215618e+02
1.122671210289890951e+02 1.855986889156001212e+02
1.122606104594441945e+02 1.856984612326056379e+02
1.122537059203508392e+02 1.857982070600690179e+02
1.122464075193936424e+02 1.858979248423343620e+02
1.122387153703998877e+02 1.859976130241830674e+02
1.122306295933378948e+02 1.860972700508583273e+02
1.122221503143150727e+02 1.861968943680891186e+02
1.122132776655759301e+02 1.862964844221145881e+02
1.122040117855001142e+02 1.863960386597083243e+02
1.121943528186001231e+02 1.864955555282024307e+02
1.121843009155191453e+02 1.865950334755118547e+02
1.121738562330286868e+02 1.866944709501585749e+02
1.121630189340260983e+02 1.867938664012958156e+02
1.121517891875320743e+02 1.868932182787321779e+02
1.121401671686880093e+02 1.869925250329558253e+02
1.121281530587532131e+02 1.870917851151587001e+02
1.121157470451021823e+02 1.871909969772606530e+02
1.121029493212215726e+02 1.872901590719335729e+02
1.120897600867072583e+02 1.873892698526255458e+02
1.120761795472612050e+02 1.874883277735849560e+02
1.120622079146882015e+02 1.875873312898845882e+02
1.120478454068926624e+02 1.876862788574457568e+02
1.120330922478751177e+02 1.877851689330623230e+02
1.120179486677288025e+02 1.878839999744248246e+02
1.120024149026360192e+02 1.879827704401445487e+02
1.119864911948645272e+02 1.880814787897774636e+02
1.119701777927636073e+02 1.881801234838483765e+02
1.119534749507603948e+02 1.882787029838748083e+02
1.119363829293557444e+02 1.883772157523911233e+02
1.119189019951202511e+02 1.884756602529724319e+02
1.119010324206900862e+02 1.885740349502585218e+02
1.118827744847627059e+02 1.886723383099779028e+02
1.118641284720925455e+02 1.887705687989716523e+02
1.118450946734865710e+02 1.888687248852173468e+02
1.118256733857997034e+02 1.889668050378529927e+02
1.118058649119302430e+02 1.890648077272008436e+02
1.117856695608151369e+02 1.891627314247912750e+02
1.117650876474251191e+02 1.892605746033866865e+02
1.117441194927598502e+02 1.893583357370052340e+02
1.117227654238428727e+02 1.894560133009446190e+02
1.117010257737165375e+02 1.895536057718060192e+02
1.116789008814367605e+02 1.896511116275176505e+02
1.116563910920678353e+02 1.897485293473586125e+02
1.116334967566769478e+02 1.898458574119826210e+02
1.116102182323287195e+02 1.899430943034416543e+02
1.115865558820797077e+02 1.900402385052096292e+02
1.115625100749726641e+02 1.901372885022061325e+02
1.115380811860308370e+02 1.902342427808198977e+02
1.115132695962520586e+02 1.903310998289325369e+02
1.114880756926028766e+02 1.904278581359421310e+02
1.114624998680124577e+02 1.905245161927867059e+02
1.114365425213664906e+02 1.906210724919677943e+02
1.114102040575009767e+02 1.907175255275739971e+02
1.113834848871958627e+02 1.908138737953044028e+02
1.113563854271687035e+02 1.909101157924921495e+02
1.113289061000681102e+02 1.910062500181276732e+02
1.113010473344671709e+02 1.911022749728823840e+02
1.112728095648568001e+02 1.911981891591317435e+02
1.112441932316389028e+02 1.912939910809789126e+02
1.112151987811195681e+02 1.913896792442778576e+02
1.111858266655020486e+02 1.914852521566568271e+02
1.111560773428797546e+02 1.915807083275414868e+02
1.111259512772290918e+02 1.916760462681782542e+02
1.110954489384022281e+02 1.917712644916574618e+02
1.110645708021197606e+02 1.918663615129366349e+02
1.110333173499632835e+02 1.919613358488634844e+02
1.110016890693679272e+02 1.920561860181992984e+02
1.109696864536146848e+02 1.921509105416417356e+02
1.109373100018227802e+02 1.922455079418481318e+02
1.109045602189418389e+02 1.923399767434584930e+02
1.108714376157440569e+02 1.924343154731184313e+02
1.108379427088162004e+02 1.925285226595021868e+02
1.108040760205515483e+02 1.926225968333355638e+02
1.107698380791417634e+02 1.927165365274188673e+02
1.107352294185686645e+02 1.928103402766498107e+02
1.107002505785958562e+02 1.929040066180463100e+02
1.106649021047603298e+02 1.929975340907692782e+02
1.106291845483639946e+02 1.930909212361455047e+02
1.105930984664650225e+02 1.931841665976903641e+02
1.105566444218691800e+02 1.932772687211304401e+02
1.105198229831210597e+02 1.933702261544263479e+02
1.104826347244952274e+02 1.934630374477953296e+02
1.104450802259871836e+02 1.935557011537338212e+02
1.104071600733044534e+02 1.936482158270401044e+02
1.103688748578573495e+02 1.937405800248367314e+02
1.103302251767497353e+02 1.938327923065931770e+02
1.102912116327698442e+02 1.939248512341481501e+02
1.102518348343807020e+02 1.940167553717321880e+02
1.102120953957107474e+02 1.941085032859899400e+02
1.101719939365442542e+02 1.942000935460024778e+02
1.101315310823116391e+02 1.942915247233097773e+02
1.100907074640796566e+02 1.943827953919328024e+02
1.100495237185416784e+02 1.944739041283959580e+02
1.100079804880076608e+02 1.945648495117490597e+02
1.099660784203941404e+02 1.946556301235896740e+02
1.099238181692141865e+02 1.947462445480852011e+02
1.098812003935671555e+02 1.948366913719948741e+02
1.098382257581284023e+02 1.949269691846918704e+02
1.097948949331389912e+02 1.950170765781853106e+02
1.097512085943951661e+02 1.951070121471422283e+02
1.097071674232377916e+02 1.951967744889094547e+02
1.096627721065418370e+02 1.952863622035354751e+02
1.096180233367055763e+02 1.953757738937923421e+02
1.095729218116397874e+02 1.954650081651973608e+02
1.095274682347568955e+02 1.955540636260349743e+02
1.094816633149600165e+02 1.956429388873783068e+02
1.094355077666318721e+02 1.957316325631109919e+02
1.093890023096236348e+02 1.958201432699486588e+02
1.093421476692437722e+02 1.959084696274605619e+02
1.092949445762466212e+02 1.959966102580910956e+02
1.092473937668211192e+02 1.960845637871813381e+02
1.091994959825792080e+02 1.961723288429903675e+02
1.091512519705443509e+02 1.962599040567167776e+02
1.091026624831398237e+02 1.963472880625199934e+02
1.090537282781770472e+02 1.964344794975414743e+02
1.090044501188436925e+02 1.965214770019261437e+02
1.089548287736917871e+02 1.966082792188434780e+02
1.089048650166258199e+02 1.966948847945086811e+02
1.088545596268905626e+02 1.967812923782038013e+02
1.088039133890589483e+02 1.968675006222988486e+02
1.087529270930198777e+02 1.969535081822727420e+02
1.087016015339658566e+02 1.970393137167343411e+02
1.086499375123805891e+02 1.971249158874432794e+02
1.085979358340265293e+02 1.972103133593309678e+02
1.085455973099322762e+02 1.972955048005212859e+02
1.084929227563799543e+02 1.973804888823514148e+02
1.084399129948924809e+02 1.974652642793925850e+02
1.083865688522207194e+02 1.975498296694706823e+02
1.083328911603306182e+02 1.976341837336869389e+02
1.082788807563902367e+02 1.977183251564384250e+02
1.082245384827566568e+02 1.978022526254386264e+02
1.081698651869628947e+02 1.978859648317379083e+02
1.081148617217046279e+02 1.979694604697439217e+02
1.080595289448269511e+02 1.980527382372419254e+02
1.080038677193109464e+02 1.981357968354151637e+02
1.079478789132602401e+02 1.982186349688650466e+02
1.078915633998875023e+02 1.983012513456314707e+02
1.078349220575007621e+02 1.983836446772128284e+02
1.077779557694897790e+02 1.984658136785862155e+02
1.077206654243121875e+02 1.985477570682273551e+02
1.076630519154797128e+02 1.986294735681307202e+02
1.076051161415442152e+02 1.987109619038293999e+02
1.075468590060836078e+02 1.987922208044149386e+02
1.074882814176879009e+02 1.988732490025572588e+02
1.074293842899448919e+02 1.989540452345242727e+02
1.073701685414260112e+02 1.990346082402018055e+02
1.073106350956719410e+02 1.991149367631130076e+02
1.072507848811782480e+02 1.991950295504381074e+02
1.071906188313809025e+02 1.992748853530339943e+02
1.071301378846416696e+02 1.993545029254534882e+02
1.070693429842335433e+02 1.994338810259649506e+02
1.070082350783259670e+02 1.995130184165716685e+02
1.069468151199701111e+02 1.995919138630309533e+02
1.068850840670839659e+02 1.996705661348736385e+02
1.068230428824374201e+02 1.997489740054230936e+02
1.067606925336372399e+02 1.998271362518144372e+02
1.066980339931119488e+02 1.999050516550136081e+02
1.066350682380967498e+02 1.999827189998363508e+02
1.065717962506181777e+02 2.000601370749671446e+02
1.065082190174788224e+02 2.001373046729781606e+02
1.064443375302419952e+02 2.002142205903480772e+02
1.063801527852161684e+02 2.002908836274808380e+02
1.063156657834395133e+02 2.003672925887242968e+02
1.062508775306642406e+02 2.004434462823889760e+02
1.061857890373409390e+02 2.005193435207665971e+02
1.061204013186028021e+02 2.005949831201486120e+02
1.060547153942498255e+02 2.006703639008446203e+02
1.059887322887328622e+02 2.007454846872009000e+02
1.059224530311376498e+02 2.008203443076185408e+02
1.058558786551687803e+02 2.008949415945718897e+02
1.057890101991335996e+02 2.009692753846267408e+02
1.057218487059259360e+02 2.010433445184583547e+02
1.056543952230099421e+02 2.011171478408696771e+02
1.055866508024036534e+02 2.011906842008092440e+02
1.055186165006626453e+02 2.012639524513893150e+02
1.054502933788635346e+02 2.013369514499034665e+02
1.053816825025874380e+02 2.014096800578447244e+02
1.053127849419033453e+02 2.014821371409231290e+02
1.052436017713514360e+02 2.015543215690834415e+02
1.051741340699263247e+02 2.016262322165228795e+02
1.051043829210602070e+02 2.016978679617085106e+02
1.050343494126059909e+02 2.017692276873949311e+02
1.049640346368203438e+02 2.018403102806415461e+02
1.048934396903466109e+02 2.019111146328299355e+02
1.048225656741977190e+02 2.019816396396812195e+02
1.047514136937390674e+02 2.020518842012732534e+02
1.046799848586711903e+02 2.021218472220577667e+02
1.046082802830125615e+02 2.021915276108774435e+02
1.045363010850821013e+02 2.022609242809829766e+02
1.044640483874818528e+02 2.023300361500499491e+02
1.043915233170793329e+02 2.023988621401958312e+02
1.043187270049901372e+02 2.024674011779966065e+02
1.042456605865601347e+02 2.025356521945037684e+02
1.041723252013478316e+02 2.026036141252606910e+02
1.040987219931066363e+02 2.026712859103195399e+02
1.040248521097669396e+02 2.027386664942575294e+02
1.039507167034182373e+02 2.028057548261935779e+02
1.038763169302912388e+02 2.028725498598045931e+02
1.038016539507397056e+02 2.029390505533418434e+02
1.037267289292224604e+02 2.030052558696471579e+02
1.036515430342851545e+02 2.030711647761691552e+02
1.035760974385421065e+02 2.031367762449792735e+02
1.035003933186579559e+02 2.032020892527879141e+02
1.034244318553293311e+02 2.032671027809603004e+02
1.033482142332664750e+02 2.033318158155324227e+02
1.032717416411746996e+02 2.033962273472267555e+02
1.031950152717358833e+02 2.034603363714681734e+02
1.031180363215898979e+02 2.035241418883994413e+02
1.030408059913158780e+02 2.035876429028969596e+02
1.029633254854135629e+02 2.036508384245861407e+02
1.028855960122844522e+02 2.037137274678569554e+02
1.028076187842130054e+02 2.037763090518792524e+02
1.027293950173477128e+02 2.038385822006181343e+02
1.026509259316821527e+02 2.039005459428490212e+02
1.025722127510359201e+02 2.039621993121729986e+02
1.024932567030355415e+02 2.040235413470317383e+02
1.024140590190954185e+02 2.040845710907225623e+02
1.023346209343985151e+02 2.041452875914133358e+02
1.022549436878771161e+02 2.042056899021573599e+02
1.021750285221935570e+02 2.042657770809080375e+02
1.020948766837207984e+02 2.043255481905337092e+02
1.020144894225229848e+02 2.043850022988321200e+02
1.019338679923359621e+02 2.044441384785451135e+02
1.018530136505477515e+02 2.045029558073729277e+02
1.017719276581788677e+02 2.045614533679887472e+02
1.016906112798627220e+02 2.046196302480528288e+02
1.016090657838258551e+02 2.046774855402269395e+02
1.015272924418682123e+02 2.047350183421882832e+02
1.014452925293431917e+02 2.047922277566437401e+02
1.013630673251379335e+02 2.048491128913438502e+02
1.012806181116531832e+02 2.049056728590965974e+02
1.011979461747834108e+02 2.049619067777814223e+02
1.011150528038967593e+02 2.050178137703627783e+02
1.010319392918148509e+02 2.050733929649040590e+02
1.009486069347926929e+02 2.051286434945809560e+02
1.008650570324984415e+02 2.051835644976951585e+02
1.007812908879931513e+02 2.052381551176876542e+02
1.006973098077103970e+02 2.052924145031522016e+02
1.006131151014359659e+02 2.053463418078485176e+02
1.005287080822873946e+02 2.053999361907155503e+02
1.004440900666934766e+02 2.054531968158845530e+02
1.003592623743737420e+02 2.055061228526921582e+02
1.002742263283179369e+02 2.055587134756932244e+02
1.001889832547652759e+02 2.056109678646738530e+02
1.001035344831838216e+02 2.056628852046641782e+02
1.000178813462497800e+02 2.057144646859508725e+02
9.993202517982665256e+01 2.057657055040900218e+02
9.984596732294441779e+01 2.058166068599195739e+02
9.975970911777871208e+01 2.058671679595717308e+02
9.967325190962976933e+01 2.059173880144854536e+02
9.958659704690157355e+01 2.059672662414187130e+02
9.949974588108074158e+01 2.060168018624606532e+02
9.941269976671549102e+01 2.060659941050437851e+02
9.932546006139446604e+01 2.061148422019560371e+02
9.923802812572563425e+01 2.061633453913526637e+02
9.915040532331499890e+01 2.062115029167682394e+02
9.906259302074533935e+01 2.062593140271283119e+02
9.897459258755496592e+01 2.063067779767612251e+02
9.888640539621628989e+01 2.063538940254096588e+02
9.879803282211443616e+01 2.064006614382423095e+02
9.870947624352579908e+01 2.064470794858652027e+02
9.862073704159654142e+01 2.064931474443331467e+02
9.853181660032106493e+01 2.065388645951610727e+02
9.844271630652040983e+01 2.065842302253350624e+02
9.835343754982062592e+01 2.066292436273236603e+02
9.826398172263111519e+01 2.066739040990888441e+02
9.817435022012291768e+01 2.067182109440969100e+02
9.808454444020691199e+01 2.067621634713294156e+02
9.799456578351205849e+01 2.068057609952939515e+02
9.790441565336355723e+01 2.068490028360347708e+02
9.781409545576090636e+01 2.068918883191434475e+02
9.772360659935603167e+01 2.069344167757693924e+02
9.763295049543128812e+01 2.069765875426302841e+02
9.754212855787747571e+01 2.070183999620223290e+02
9.745114220317172737e+01 2.070598533818306919e+02
9.735999285035551054e+01 2.071009471555395010e+02
9.726868192101240140e+01 2.071416806422419938e+02
9.717721083924597281e+01 2.071820532066506075e+02
9.708558103165756847e+01 2.072220642191066702e+02
9.699379392732406302e+01 2.072617130555904339e+02
9.690185095777552249e+01 2.073009990977306529e+02
9.680975355697296436e+01 2.073399217328143891e+02
9.671750316128593283e+01 2.073784803537963626e+02
9.662510120947010250e+01 2.074166743593086437e+02
9.653254914264483943e+01 2.074545031536698048e+02
9.643984840427074801e+01 2.074919661468944128e+02
9.634700044012714670e+01 2.075290627547020677e+02
9.625400669828952971e+01 2.075657923985266962e+02
9.616086862910691480e+01 2.076021545055253341e+02
9.606758768517933333e+01 2.076381485085873351e+02
9.597416532133510714e+01 2.076737738463429537e+02
9.588060299460813951e+01 2.077090299631722985e+02
9.578690216421527737e+01 2.077439163092139154e+02
9.569306429153344595e+01 2.077784323403733140e+02
9.559909084007695412e+01 2.078125775183315795e+02
9.550498327547458643e+01 2.078463513105536435e+02
9.541074306544682315e+01 2.078797531902966682e+02
9.531637167978286129e+01 2.079127826366182319e+02
9.522187059031776357e+01 2.079454391343845145e+02
9.512724127090950788e+01 2.079777221742781705e+02
9.503248519741590883e+01 2.080096312528064288e+02
9.493760384767172411e+01 2.080411658723089658e+02
9.484259870146550497e+01 2.080723255409654371e+02
9.474747124051657465e+01 2.081031097728034638e+02
9.465222294845190731e+01 2.081335180877059656e+02
9.455685531078296435e+01 2.081635500114187778e+02
9.446136981488255913e+01 2.081932050755579837e+02
9.436576794996163642e+01 2.082224828176172764e+02
9.427005120704606611e+01 2.082513827809750637e+02
9.417422107895338002e+01 2.082799045149017445e+02
9.407827906026946607e+01 2.083080475745666718e+02
9.398222664732530518e+01 2.083358115210450023e+02
9.388606533817359434e+01 2.083631959213246319e+02
9.378979663256539823e+01 2.083902003483130159e+02
9.369342203192678653e+01 2.084168243808436785e+02
9.359694303933534343e+01 2.084430676036828629e+02
9.350036115949679072e+01 2.084689296075359835e+02
9.340367789872151150e+01 2.084944099890540485e+02
9.330689476490104539e+01 2.085195083508399421e+02
9.321001326748454119e+01 2.085442243014545340e+02
9.311303491745528049e+01 2.085685574554229333e+02
9.301596122730707350e+01 2.085925074332403710e+02
9.291879371102065477e+01 2.086160738613782257e+02
9.282153388404010741e+01 2.086392563722897080e+02
9.272418326324920201e+01 2.086620546044157436e+02
9.262674336694774979e+01 2.086844682021905157e+02
9.252921571482792729e+01 2.087064968160470926e+02
9.243160182795057267e+01 2.087281401024227705e+02
9.233390322872141098e+01 2.087493977237645311e+02
9.223612144086744991e+01 2.087702693485342138e+02
9.213825798941302025e+01 2.087907546512138026e+02
9.204031440065617176e+01 2.088108533123103996e+02
9.194229220214474196e+01 2.088305650183612272e+02
9.184419292265263834e+01 2.088498894619386022e+02
9.174601809215586457e+01 2.088688263416546249e+02
9.164776924180880258e+01 2.088873753621658693e+02
9.154944790392022469e+01 2.089055362341781574e+02
9.145105561192943355e+01 2.089233086744508512e+02
9.135259390038235949e+01 2.089406924058013999e+02
9.125406430490761522e+01 2.089576871571096603e+02
9.115546836219253635e+01 2.089742926633220748e+02
9.105680760995920764e+01 2.089905086654558204e+02
9.095808358694053197e+01 2.090063349106029023e+02
9.085929783285618555e+01 2.090217711519340185e+02
9.076045188838858735e+01 2.090368171487024256e+02
9.066154729515892541e+01 2.090514726662477756e+02
9.056258559570306943e+01 2.090657374759996685e+02
9.046356833344755444e+01 2.090796113554812621e+02
9.036449705268546495e+01 2.090930940883127391e+02
9.026537329855236180e+01 2.091061854642147182e+02
9.016619861700220895e+01 2.091188852790114652e+02
9.006697455478321501e+01 2.091311933346341050e+02
8.996770265941378852e+01 2.091431094391237480e+02
8.986838447915830841e+01 2.091546334066344457e+02
8.976902156300305080e+01 2.091657650574360616e+02
8.966961546063197375e+01 2.091765042179171417e+02
8.957016772240260138e+01 2.091868507205876142e+02
8.947067989932182286e+01 2.091968044040813197e+02
8.937115354302166281e+01 2.092063651131586539e+02
8.927159020573515136e+01 2.092155326987088131e+02
8.917199144027208035e+01 2.092243070177523521e+02
8.907235879999475969e+01 2.092326879334432022e+02
8.897269383879384463e+01 2.092406753150709164e+02
8.887299811106406366e+01 2.092482690380627162e+02
8.877327317167997478e+01 2.092554689839853381e+02
8.867352057597176440e+01 2.092622750405470242e+02
8.857374187970091839e+01 2.092686871015990846e+02
8.847393863903597833e+01 2.092747050671378304e+02
8.837411241052834043e+01 2.092803288433057674e+02
8.827426475108788395e+01 2.092855583423933865e+02
8.817439721795871321e+01 2.092903934828404147e+02
8.807451136869492814e+01 2.092948341892369513e+02
8.797460876113628103e+01 2.092988803923249179e+02
8.787469095338386182e+01 2.093025320289988827e+02
8.777475950377586855e+01 2.093057890423071967e+02
8.767481597086322154e+01 2.093086513814528189e+02
8.757486191338530546e+01 2.093111190017941396e+02
8.747489889024565457e+01 2.093131918648456633e+02
8.737492846048765216e+01 2.093148699382786049e+02
8.727495218327015891e+01 2.093161531959213733e+02
8.717497161784325499e+01 2.093170416177600544e+02
8.707498832352389684e+01 2.093175351899386101e+02
8.697500385967160241e+01 2.093176339047592194e+02
8.687501978566412220e+01 2.093173377606823067e+02
8.677503766087315284e+01 2.093166467623265703e+02
8.667505904463993716e+01 2.093155609204689540e+02
8.657508549625106298e+01 2.093140802520445050e+02
8.647511857491402054e+01 2.093122047801459757e+02
8.637515983973298717e+01 2.093099345340236539e+02
8.627521084968445564e+01 2.093072695490847082e+02
8.617527316359291945e+01 2.093042098668928190e+02
8.607534834010657221e+01 2.093007555351673545e+02
8.597543793767300713e+01 2.092969066077828018e+02
8.587554351451493062e+01 2.092926631447678005e+02
8.577566662860577651e+01 2.092880252123042624e+02
8.567580883764549071e+01 2.092829928827262620e+02
8.557597169903624490e+01 2.092775662345190995e+02
8.547615676985806488e+01 2.092717453523177937e+02
8.537636560684461529e+01 2.092655303269060312e+02
8.527659976635888484e+01 2.092589212552145739e+02
8.517686080436894258e+01 2.092519182403198670e+02
8.507715027642365158e+01 2.092445213914423050e+02
8.497746973762839673e+01 2.092367308239446118e+02
8.487782074262086951e+01 2.092285466593300782e+02
8.477820484554679581e+01 2.092199690252405730e+02
8.467862360003567801e+01 2.092109980554545814e+02
8.457907855917659390e+01 2.092016338898851302e+02
8.447957127549399559e+01 2.091918766745776566e+02
8.438010330092342315e+01 2.091817265617076487e+02
8.428067618678736039e+01 2.091711837095783153e+02
8.418129148377103377e+01 2.091602482826180278e+02
8.408195074189819707e+01 2.091489204513779612e+02
8.398265551050701561e+01 2.091372003925292233e+02
8.388340733822582251e+01 2.091250882888602121e+02
8.378420777294901711e+01 2.091125843292737159e+02
8.368505836181293489e+01 2.090996887087840150e+02
8.358596065117167484e+01 2.090864016285137552e+02
8.348691618657301206e+01 2.090727232956909347e+02
8.338792651273429613e+01 2.090586539236455792e+02
8.328899317351833531e+01 2.090441937318064163e+02
8.319011771190932336e+01 2.090293429456975218e+02
8.309130166998880895e+01 2.090141017969347388e+02
8.299254658891159409e+01 2.089984705232220392e+02
8.289385400888176036e+01 2.089824493683479432e+02
8.279522546912855319e+01 2.089660385821815964e+02
8.269666250788247908e+01 2.089492384206689053e+02
8.259816666235126092e+01 2.089320491458285289e+02
8.249973946869586428e+01 2.089144710257479005e+02
8.240138246200653782e+01 2.088965043345788786e+02
8.230309717627889654e+01 2.088781493525335691e+02
8.220488514438997640e+01 2.088594063658799769e+02
8.210674789807433172e+01 2.088402756669374583e+02
8.200868696790013246e+01 2.088207575540722587e+02
8.191070388324533269e+01 2.088008523316927949e+02
8.181280017227376788e+01 2.087805603102448515e+02
8.171497736191136596e+01 2.087598818062069199e+02
8.161723697782228726e+01 2.087388171420850540e+02
8.151958054438517820e+01 2.087173666464080384e+02
8.142200958466935390e+01 2.086955306537220451e+02
8.132452562041110866e+01 2.086733095045856317e+02
8.122713017198987018e+01 2.086507035455642836e+02
8.112982475840463792e+01 2.086277131292250999e+02
8.103261089725009469e+01 2.086043386141311942e+02
8.093549010469318716e+01 2.085805803648362087e+02
8.083846389544923738e+01 2.085564387518785452e+02
8.074153378275848070e+01 2.085319141517756805e+02
8.064470127836241886e+01 2.085070069470181693e+02
8.054796789248020161e+01 2.084817175260637896e+02
8.045133513378510770e+01 2.084560462833314034e+02
8.035480450938105434e+01 2.084299936191949030e+02
8.025837752477902143e+01 2.084035599399768159e+02
8.016205568387358937e+01 2.083767456579421093e+02
8.006584048891951966e+01 2.083495511912917664e+02
7.996973344050830690e+01 2.083219769641560788e+02
7.987373603754473095e+01 2.082940234065882237e+02
7.977784977722357951e+01 2.082656909545575559e+02
7.968207615500620022e+01 2.082369800499426162e+02
7.958641666459719488e+01 2.082078911405244810e+02
7.949087279792118466e+01 2.081784246799795710e+02
7.939544604509947590e+01 2.081485811278727454e+02
7.930013789442686800e+01 2.081183609496500537e+02
7.920494983234836184e+01 2.080877646166314037e+02
7.910988334343612394e+01 2.080567926060033699e+02
7.901493991036612385e+01 2.080254454008116625e+02
7.892012101389524048e+01 2.079937234899535383e+02
7.882542813283798466e+01 2.079616273681703262e+02
7.873086274404353446e+01 2.079291575360395541e+02
7.863642632237265673e+01 2.078963144999672465e+02
7.854212034067472814e+01 2.078630987721799670e+02
7.844794626976477048e+01 2.078295108707168879e+02
7.835390557840047165e+01 2.077955513194216906e+02
7.825999973325933468e+01 2.077612206479342944e+02
7.816623019891575552e+01 2.077265193916827570e+02
7.807259843781820052e+01 2.076914480918748325e+02
7.797910591026639793e+01 2.076560072954895588e+02
7.788575407438855791e+01 2.076201975552686747e+02
7.779254438611866362e+01 2.075840194297081212e+02
7.769947829917370541e+01 2.075474734830491741e+02
7.760655726503102869e+01 2.075105602852697757e+02
7.751378273290572452e+01 2.074732804120754963e+02
7.742115614972803428e+01 2.074356344448908089e+02
7.732867896012071185e+01 2.073976229708497101e+02
7.723635260637655620e+01 2.073592465827867670e+02
7.714417852843591561e+01 2.073205058792278805e+02
7.705215816386419192e+01 2.072814014643807923e+02
7.696029294782944419e+01 2.072419339481257907e+02
7.686858431308003503e+01 2.072021039460062184e+02
7.677703368992220589e+01 2.071619120792187516e+02
7.668564250619786549e+01 2.071213589746038224e+02
7.659441218726222189e+01 2.070804452646357845e+02
7.650334415596165627e+01 2.070391715874130512e+02
7.641243983261145445e+01 2.069975385866482043e+02
7.632170063497365220e+01 2.069555469116578195e+02
7.623112797823500841e+01 2.069131972173525469e+02
7.614072327498483617e+01 2.068704901642266805e+02
7.605048793519303274e+01 2.068274264183480113e+02
7.596042336618805280e+01 2.067840066513473118e+02
7.587053097263498103e+01 2.067402315404080184e+02
7.578081215651361902e+01 2.066961017682555450e+02
7.569126831709662895e+01 2.066516180231466819e+02
7.560190085092770573e+01 2.066067809988587953e+02
7.551271115179974913e+01 2.065615913946791409e+02
7.542370061073323484e+01 2.065160499153938645e+02
7.533487061595440082e+01 2.064701572712769746e+02
7.524622255287366102e+01 2.064239141780793716e+02
7.515775780406400486e+01 2.063773213570176495e+02
7.506947774923939676e+01 2.063303795347627556e+02
7.498138376523327508e+01 2.062830894434287643e+02
7.489347722597709378e+01 2.062354518205614795e+02
7.480575950247887818e+01 2.061874674091267252e+02
7.471823196280182344e+01 2.061391369574990904e+02
7.463089597204303516e+01 2.060904612194499919e+02
7.454375289231211354e+01 2.060414409541359646e+02
7.445680408271002193e+01 2.059920769260869235e+02
7.437005089930784152e+01 2.059423699051941696e+02
7.428349469512561143e+01 2.058923206666983390e+02
7.419713682011126821e+01 2.058419299911774090e+02
7.411097862111957113e+01 2.057911986645344768e+02
7.402502144189105593e+01 2.057401274779854532e+02
7.393926662303113062e+01 2.056887172280468690e+02
7.385371550198917134e+01 2.056369687165232563e+02
7.376836941303761819e+01 2.055848827504947849e+02
7.368322968725117050e+01 2.055324601423046147e+02
7.359829765248611011e+01 2.054797017095463048e+02
7.351357463335948239e+01 2.054266082750509099e+02
7.342906195122849056e+01 2.053731806668743332e+02
7.334476092416986148e+01 2.053194197182842515e+02
7.326067286695932523e+01 2.052653262677471844e+02
7.317679909105112301e+01 2.052109011589154477e+02
7.309314090455745827e+01 2.051561452406139665e+02
7.300969961222820359e+01 2.051010593668270019e+02
7.292647651543050813e+01 2.050456443966849349e+02
7.284347291212844766e+01 2.049899011944507379e+02
7.276069009686291622e+01 2.049338306295065593e+02
7.267812936073126195e+01 2.048774335763401950e+02
7.259579199136733507e+01 2.048207109145314178e+02
7.251367927292123738e+01 2.047636635287382205e+02
7.243179248603941289e+01 2.047062923086830608e+02
7.235013290784459628e+01 2.046485981491390191e+02
7.226870181191598874e+01 2.045905819499157872e+02
7.218750046826924915e+01 2.045322446158456273e+02
7.210653014333686883e+01 2.044735870567693041e+02
7.202579209994826215e+01 2.044146101875219017e+02
7.194528759731014134e+01 2.043553149279184993e+02
7.186501789098689130e+01 2.042957022027398466e+02
7.178498423288095864e+01 2.042357729417179542e+02
7.170518787121331172e+01 2.041755280795216265e+02
7.162563005050405707e+01 2.041149685557417968e+02
7.154631201155288522e+01 2.040540953148769745e+02
7.146723499141985769e+01 2.039929093063184098e+02
7.138840022340605174e+01 2.039314114843353991e+02
7.130980893703431889e+01 2.038696028080602787e+02
7.123146235803011450e+01 2.038074842414735599e+02
7.115336170830242679e+01 2.037450567533889227e+02
7.107550820592464902e+01 2.036823213174379248e+02
7.099790306511560800e+01 2.036192789120550799e+02
7.092054749622067789e+01 2.035559305204623399e+02
7.084344270569280866e+01 2.034922771306539460e+02
7.076658989607378203e+01 2.034283197353809101e+02
7.068999026597543889e+01 2.033640593321356391e+02
7.061364501006097782e+01 2.032994969231362745e+02
7.053755531902633891e+01 2.032346335153110601e+02
7.046172237958158746e+01 2.031694701202827389e+02
7.038614737443248259e+01 2.031040077543527218e+02
7.031083148226193202e+01 2.030382474384851434e+02
7.023577587771173114e+01 2.029721901982911163e+02
7.016098173136413152e+01 2.029058370640126157e+02
7.008645020972365103e+01 2.028391890705064213e+02
7.001218247519886972e+01 2.027722472572280026e+02
6.993817968608422575e+01 2.027050126682153461e+02
6.986444299654210965e+01 2.026374863520725569e+02
6.979097355658470292e+01 2.025696693619536006e+02
6.971777251205614334e+01 2.025015627555459048e+02
6.964484100461460514e+01 2.024331675950537317e+02
6.957218017171450697e+01 2.023644849471817224e+02
6.949979114658876256e+01 2.022955158831182416e+02
6.942767505823113083e+01 2.022262614785186656e+02
6.935583303137862288e+01 2.021567228134885568e+02
6.928426618649388047e+01 2.020869009725668946e+02
6.921297563974776779e+01 2.020167970447091079e+02
6.914196250300197732e+01 2.019464121232701359e+02
6.907122788379160738e+01 2.018757473059873462e+02
6.900077288530798114e+01 2.018048036949633683e+02
6.893059860638140890e+01 2.017335823966490125e+02
6.886070614146400715e+01 2.016620845218259603e+02
6.879109658061267396e+01 2.015903111855893428e+02
6.872177100947209283e+01 2.015182635073305732e+02
6.865273050925777909e+01 2.014459426107196975e+02
6.858397615673921166e+01 2.013733496236878864e+02
6.851550902422309264e+01 2.013004856784099275e+02
6.844733017953653587e+01 2.012273519112865756e+02
6.837944068601049707e+01 2.011539494629267324e+02
6.831184160246310455e+01 2.010802794781296541e+02
6.824453398318325981e+01 2.010063431058672450e+02
6.817751887791408194e+01 2.009321414992659811e+02
6.811079733183660778e+01 2.008576758155890047e+02
6.804437038555343520e+01 2.007829472162180764e+02
6.797823907507257957e+01 2.007079568666354135e+02
6.791240443179118813e+01 2.006327059364055572e+02
6.784686748247958121e+01 2.005571955991570974e+02
6.778162924926516553e+01 2.004814270325644259e+02
6.771669074961653223e+01 2.004054014183292907e+02
6.765205299632751235e+01 2.003291199421624071e+02
6.758771699750151640e+01 2.002525837937650408e+02
6.752368375653566090e+01 2.001757941668102490e+02
6.745995427210522166e+01 2.000987522589244918e+02
6.739652953814801606e+01 2.000214592716687889e+02
6.733341054384894164e+01 1.999439164105201314e+02
6.727059827362448630e+01 1.998661248848525247e+02
6.720809370710742314e+01 1.997880859079181732e+02
6.714589781913149125e+01 1.997098006968286370e+02
6.708401157971624684e+01 1.996312704725357889e+02
6.702243595405191456e+01 1.995524964598127440e+02
6.696117190248426709e+01 1.994734798872347881e+02
6.690022038049977482e+01 1.993942219871602788e+02
6.683958233871059917e+01 1.993147239957113186e+02
6.677925872283979913e+01 1.992349871527545133e+02
6.671925047370658035e+01 1.991550127018816738e+02
6.665955852721164376e+01 1.990748018903903471e+02
6.660018381432256263e+01 1.989943559692645181e+02
6.654112726105927322e+01 1.989136761931548278e+02
6.648238978847962244e+01 1.988327638203593040e+02
6.642397231266502899e+01 1.987516201128035505e+02
6.636587574470614470e+01 1.986702463360210515e+02
6.630810099068870045e+01 1.985886437591335891e+02
6.625064895167938062e+01 1.985068136548313475e+02
6.619352052371166906e+01 1.984247572993530184e+02
6.613671659777202194e+01 1.983424759724659907e+02
6.608023805978587006e+01 1.982599709574463418e+02
6.602408579060377747e+01 1.981772435410588571e+02
6.596826066598782745e+01 1.980942950135368790e+02
6.591276355659788067e+01 1.980111266685623264e+02
6.585759532797796112e+01 1.979277398032454016e+02
6.580275684054284113e+01 1.978441357181043259e+02
6.574824894956456944e+01 1.977603157170452164e+02
6.569407250515915564e+01 1.976762811073416515e+02
6.564022835227326880e+01 1.975920331996142068e+02
6.558671733067116350e+01 1.975075733078101905e+02
6.553354027492143530e+01 1.974229027491830379e+02
6.548069801438413151e+01 1.973380228442717055e+02
6.542819137319773404e+01 1.972529349168802923e+02
6.537602117026635540e+01 1.971676402940571222e+02
6.532418821924694896e+01 1.970821403060742512e+02
6.527269332853663286e+01 1.969964362864066914e+02
6.522153730126002813e+01 1.969105295717114927e+02
6.517072093525680998e+01 1.968244215018070236e+02
6.512024502306923068e+01 1.967381134196519952e+02
6.507011035192971349e+01 1.966516066713246005e+02
6.502031770374867392e+01 1.965649026060014251e+02
6.497086785510222740e+01 1.964780025759364719e+02
6.492176157722013841e+01 1.963909079364400156e+02
6.487299963597376973e+01 1.963036200458575706e+02
6.482458279186414529e+01 1.962161402655485745e+02
6.477651180001006992e+01 1.961284699598652423e+02
6.472878741013636272e+01 1.960406104961312224e+02
6.468141036656221843e+01 1.959525632446203360e+02
6.463438140818948341e+01 1.958643295785352052e+02
6.458770126849124438e+01 1.957759108739857652e+02
6.454137067550031759e+01 1.956873085099678917e+02
6.449539035179792279e+01 1.955985238683418288e+02
6.444976101450239980e+01 1.955095583338106451e+02
6.440448337525808142e+01 1.954204132938986618e+02
6.435955814022409527e+01 1.953310901389298238e+02
6.431498601006342142e+01 1.952415902620059569e+02
6.427076767993193585e+01 1.951519150589851108e+02
6.422690383946759596e+01 1.950620659284597309e+02
6.418339517277965456e+01 1.949720442717348874e+02
6.414024235843800170e+01 1.948818514928064189e+02
6.409744606946259182e+01 1.947914889983389628e+02
6.405500697331292770e+01 1.947009581976441268e+02
6.401292573187768653e+01 1.946102605026584627e+02
6.397120300146431759e+01 1.945193973279213822e+02
6.392983943278892411e+01 1.944283700905531873e+02
6.388883567096601013e+01 1.943371802102329866e+02
6.384819235549847605e+01 1.942458291091763840e+02
6.380791012026761422e+01 1.941543182121135089e+02
6.376798959352325369e+01 1.940626489462666768e+02
6.372843139787393341e+01 1.939708227413281065e+02
6.368923615027721041e+01 1.938788410294377513e+02
6.365040446203003910e+01 1.937867052451608458e+02
6.361193693875921440e+01 1.936944168254655665e+02
6.357383418041193579e+01 1.936019772097005784e+02
6.353609678124647786e+01 1.935093878395727245e+02
6.349872532982288931e+01 1.934166501591243730e+02
6.346172040899381273e+01 1.933237656147109931e+02
6.342508259589542519e+01 1.932307356549785595e+02
6.338881246193841434e+01 1.931375617308410426e+02
6.335291057279906113e+01 1.930442452954575856e+02
6.331737748841042901e+01 1.929507878042100799e+02
6.328221376295363143e+01 1.928571907146803142e+02
6.324741994484917740e+01 1.927634554866272367e+02
6.321299657674845207e+01 1.926695835819642753e+02
6.317894419552520446e+01 1.925755764647365140e+02
6.314526333226719856e+01 1.924814356010978145e+02
6.311195451226793551e+01 1.923871624592879641e+02
6.307901825501845394e+01 1.922927585096097687e+02
6.304645507419922978e+01 1.921982252244061726e+02
6.301426547767216846e+01 1.921035640780372944e+02
6.298244996747267521e+01 1.920087765468573195e+02
6.295100903980181783e+01 1.919138641091916497e+02
6.291994318501862438e+01 1.918188282453136537e+02
6.288925288763239507e+01 1.917236704374217595e+02
6.285893862629516349e+01 1.916283921696162054e+02
6.282900087379422871e+01 1.915329949278759898e+02
6.279944009704479413e+01 1.914374802000356510e+02
6.277025675708265595e+01 1.913418494757619897e+02
6.274145130905704093e+01 1.912461042465310470e+02
6.271302420222349383e+01 1.911502460056045436e+02
6.268497587993687858e+01 1.910542762480068859e+02
6.265730677964445761e+01 1.909581964705016617e+02
6.263001733287906347e+01 1.908620081715683341e+02
6.260310796525239141e+01 1.907657128513789360e+02
6.257657909644832728e+01 1.906693120117745934e+02
6.255043114021644612e+01 1.905728071562421064e+02
6.252466450436549650e+01 1.904761997898906145e+02
6.249927959075712636e+01 1.903794914194279499e+02
6.247427679529952371e+01 1.902826835531373035e+02
6.244965650794130596e+01 1.901857777008535209e+02
6.242541911266541632e+01 1.900887753739397397e+02
6.240156498748312686e+01 1.899916780852637146e+02
6.237809450442817649e+01 1.898944873491742271e+02
6.235500802955090194e+01 1.897972046814775240e+02
6.233230592291262440e+01 1.896998315994135851e+02
6.230998853857992970e+01 1.896023696216325334e+02
6.228805622461923974e+01 1.895048202681709313e+02
6.226650932309131292e+01 1.894071850604280769e+02
6.224534817004595055e+01 1.893094655211422150e+02
6.222457309551674598e+01 1.892116631743669473e+02
6.220418442351591182e+01 1.891137795454472439e+02
6.218418247202929194e+01 1.890158161609958540e+02
6.216456755301130954e+01 1.889177745488693176e+02
6.214533997238019936e+01 1.888196562381443755e+02
6.212650003001314758e+01 1.887214627590938107e+02
6.210804801974168754e+01 1.886231956431628305e+02
6.208998422934707406e+01 1.885248564229451347e+02
6.207230894055579995e+01 1.884264466321588998e+02
6.205502242903520482e+01 1.883279678056229614e+02
6.203812496438921187e+01 1.882294214792328546e+02
6.202161681015405748e+01 1.881308091899368833e+02
6.200549822379422693e+01 1.880321324757120465e+02
6.198976945669842564e+01 1.879333928755402212e+02
6.197443075417567115e+01 1.878345919293840041e+02
6.195948235545143490e+01 1.877357311781627516e+02
6.194492449366394737e+01 1.876368121637286208e+02
6.193075739586053174e+01 1.875378364288423256e+02
6.191698128299410087e+01 1.874388055171493761e+02
6.190359636991966852e+01 1.873397209731556927e+02
6.189060286539101696e+01 1.872405843422037037e+02
6.187800097205747107e+01 1.871413971704482151e+02
6.186579088646067248e+01 1.870421610048321952e+02
6.185397279903155265e+01 1.869428773930628438e+02
6.184254689408740546e+01 1.868435478835872914e+02
6.183151334982891001e+01 1.867441740255684977e+02
6.182087233833744477e+01 1.866447573688610646e+02
6.181062402557236624e+01 1.865452994639871065e+02
6.180076857136840829e+01 1.864458018621120914e+02
6.179130612943320955e+01 1.863462661150205406e+02
6.178223684734491883e+01 1.862466937750919840e+02
6.177356086654987877e+01 1.861470863952765740e+02
6.176527832236043025e+01 1.860474455290710125e+02
6.175738934395278079e+01 1.859477727304942221e+02
6.174989405436503631e+01 1.858480695540631586e+02
6.174279257049522585e+01 1.857483375547685682e+02
6.173608500309951808e+01 1.856485782880507429e+02
6.172977145679048050e+01 1.855487933097751920e+02
6.172385203003545939e+01 1.854489841762084836e+02
6.171832681515499530e+01 1.853491524439938587e+02
6.171319589832147301e+01 1.852492996701270727e+02
6.170845935955769335e+01 1.851494274119319812e+02
6.170411727273566527e+01 1.850495372270363816e+02
6.170016970557543345e+01 1.849496306733476274e+02
6.169661671964406935e+01 1.848497093090283840e+02
6.169345837035464086e+01 1.847497746924723003e+02
6.169069470696540236e+01 1.846498283822796793e+02
6.168832577257899175e+01 1.845498719372332346e+02
6.168635160414180518e+01 1.844499069162737612e+02
6.168477223244334340e+01 1.843499348784757785e+02
6.168358768211582799e+01 1.842499573830232009e+02
6.168279797163372535e+01 1.841499759891851511e+02
6.168240311331353354e+01 1.840499922562914605e+02
6.168240311331353354e+01 1.839500077437085395e+02
6.168279797163372535e+01 1.838500240108148489e+02
6.168358768211582799e+01 1.837500426169767991e+02
6.168477223244334340e+01 1.836500651215242215e+02
6.168635160414180518e+01 1.835500930837262388e+02
6.168832577257899175e+01 1.834501280627667370e+02
6.169069470696540236e+01 1.833501716177203207e+02
6.169345837035464086e+01 1.832502253075276997e+02
6.169661671964406935e+01 1.831502906909716160e+02
6.170016970557544056e+01 1.830503693266523726e+02
6.170411727273566527e+01 1.829504627729636468e+02
6.170845935955769335e+01 1.828505725880680473e+02
6.171319589832147301e+01 1.827507003298729558e+02
6.171832681515499530e+01 1.826508475560061413e+02
6.172385203003545939e+01 1.825510158237915164e+02
6.172977145679048050e+01 1.824512066902248080e+02
6.173608500309951808e+01 1.823514217119492571e+02
6.174279257049522585e+01 1.822516624452314318e+02
6.174989405436503631e+01 1.821519304459368414e+02
6.175738934395278079e+01 1.820522272695058064e+02
6.176527832236043025e+01 1.819525544709289875e+02
6.177356086654987877e+01 1.818529136047234260e+02
6.178223684734491883e+01 1.817533062249080160e+02
6.179130612943320955e+01 1.816537338849794594e+02
6.180076857136840118e+01 1.815541981378879086e+02
6.181062402557236624e+01 1.814547005360128935e+02
6.182087233833744477e+01 1.813552426311389354e+02
6.183151334982890290e+01 1.812558259744315023e+02
6.184254689408740546e+01 1.811564521164126802e+02
6.185397279903155265e+01 1.810571226069371562e+02
6.186579088646066538e+01 1.809578389951678048e+02
6.187800097205747107e+01 1.808586028295518133e+02
6.189060286539101696e+01 1.807594156577962963e+02
6.190359636991966852e+01 1.806602790268443073e+02
6.191698128299409376e+01 1.805611944828506239e+02
6.193075739586053174e+01 1.804621635711576744e+02
6.194492449366394027e+01 1.803631878362714076e+02
6.195948235545142779e+01 1.802642688218372484e+02
6.197443075417567115e+01 1.801654080706160244e+02
6.198976945669842564e+01 1.800666071244597788e+02
6.200549822379421983e+01 1.799678675242879535e+02
6.202161681015405748e+01 1.798691908100631451e+02
6.203812496438921187e+01 1.797705785207671454e+02
6.205502242903520482e+01 1.796720321943770386e+02
6.207230894055579995e+01 1.795735533678411002e+02
6.208998422934707406e+01 1.794751435770548653e+02
6.210804801974168754e+01 1.793768043568371695e+02
6.212650003001314758e+01 1.792785372409061893e+02
6.214533997238019936e+01 1.791803437618556245e+02
6.216456755301130954e+01 1.790822254511306539e+02
6.218418247202929194e+01 1.789841838390041744e+02
6.220418442351591182e+01 1.788862204545527561e+02
6.222457309551673887e+01 1.787883368256330527e+02
6.224534817004595055e+01 1.786905344788577850e+02
6.226650932309131292e+01 1.785928149395719231e+02
6.228805622461923974e+01 1.784951797318290687e+02
6.230998853857992970e+01 1.783976303783674666e+02
6.233230592291262440e+01 1.783001684005864149e+02
6.235500802955090194e+01 1.782027953185224760e+02
6.237809450442816939e+01 1.781055126508257729e+02
6.240156498748312686e+01 1.780083219147362854e+02
6.242541911266540922e+01 1.779112246260602603e+02
6.244965650794129886e+01 1.778142222991464791e+02
6.247427679529951661e+01 1.777173164468627249e+02
6.249927959075712636e+01 1.776205085805720501e+02
6.252466450436549650e+01 1.775238002101093855e+02
6.255043114021644612e+01 1.774271928437578936e+02
6.257657909644832728e+01 1.773306879882254350e+02
6.260310796525239141e+01 1.772342871486210640e+02
6.263001733287906347e+01 1.771379918284316659e+02
6.265730677964445761e+01 1.770418035294983383e+02
6.268497587993687858e+01 1.769457237519931141e+02
6.271302420222349383e+01 1.768497539943954564e+02
6.274145130905704093e+01 1.767538957534689814e+02
6.277025675708264885e+01 1.766581505242380103e+02
6.279944009704479413e+01 1.765625197999643774e+02
6.282900087379422871e+01 1.764670050721240102e+02
6.285893862629516349e+01 1.763716078303837946e+02
6.288925288763239507e+01 1.762763295625782689e+02
6.291994318501862438e+01 1.761811717546863463e+02
6.295100903980181783e+01 1.760861358908083787e+02
6.298244996747267521e+01 1.759912234531426805e+02
6.301426547767216846e+01 1.758964359219627340e+02
6.304645507419922978e+01 1.758017747755938274e+02
6.307901825501845394e+01 1.757072414903902597e+02
6.311195451226794262e+01 1.756128375407120359e+02
6.314526333226719146e+01 1.755185643989021855e+02
6.317894419552520446e+01 1.754244235352634576e+02
6.321299657674845207e+01 1.753304164180357247e+02
6.324741994484918450e+01 1.752365445133727633e+02
6.328221376295363143e+01 1.751428092853196858e+02
6.331737748841042901e+01 1.750492121957898917e+02
6.335291057279905402e+01 1.749557547045424144e+02
6.338881246193841434e+01 1.748624382691589574e+02
6.342508259589542519e+01 1.747692643450214405e+02
6.346172040899381273e+01 1.746762343852890353e+02
6.349872532982288931e+01 1.745833498408756270e+02
6.353609678124647075e+01 1.744906121604273039e+02
6.357383418041193579e+01 1.743980227902994216e+02
6.361193693875920019e+01 1.743055831745344619e+02
6.365040446203003910e+01 1.742132947548391542e+02
6.368923615027721041e+01 1.741211589705622487e+02
6.372843139787393341e+01 1.740291772586718935e+02
6.376798959352325369e+01 1.739373510537333516e+02
6.380791012026761422e+01 1.738456817878864911e+02
6.384819235549846894e+01 1.737541708908236160e+02
6.388883567096601013e+01 1.736628197897670134e+02
6.392983943278892411e+01 1.735716299094468127e+02
6.397120300146431759e+01 1.734806026720786178e+02
6.401292573187768653e+01 1.733897394973415373e+02
6.405500697331294191e+01 1.732990418023558732e+02
6.409744606946259182e+01 1.732085110016610372e+02
6.414024235843800170e+01 1.731181485071935811e+02
6.418339517277965456e+01 1.730279557282651126e+02
6.422690383946759596e+01 1.729379340715402691e+02
6.427076767993193585e+01 1.728480849410148892e+02
6.431498601006342142e+01 1.727584097379940431e+02
6.435955814022409527e+01 1.726689098610701762e+02
6.440448337525808142e+01 1.725795867061013666e+02
6.444976101450239980e+01 1.724904416661893549e+02
6.449539035179790858e+01 1.724014761316581712e+02
6.454137067550030338e+01 1.723126914900321083e+02
6.458770126849123017e+01 1.722240891260142348e+02
6.463438140818948341e+01 1.721356704214647948e+02
6.468141036656220422e+01 1.720474367553796924e+02
6.472878741013636272e+01 1.719593895038688061e+02
6.477651180001005571e+01 1.718715300401347577e+02
6.482458279186414529e+01 1.717838597344513971e+02
6.487299963597376973e+01 1.716963799541424294e+02
6.492176157722013841e+01 1.716090920635599559e+02
6.497086785510222740e+01 1.715219974240635565e+02
6.502031770374867392e+01 1.714350973939985749e+02
6.507011035192971349e+01 1.713483933286753995e+02
6.512024502306923068e+01 1.712618865803480048e+02
6.517072093525680998e+01 1.711755784981929764e+02
6.522153730126002813e+01 1.710894704282885073e+02
6.527269332853663286e+01 1.710035637135933086e+02
6.532418821924696317e+01 1.709178596939257204e+02
6.537602117026635540e+01 1.708323597059428778e+02
6.542819137319771983e+01 1.707470650831197361e+02
6.548069801438413151e+01 1.706619771557282945e+02
6.553354027492142109e+01 1.705770972508169905e+02
6.558671733067116350e+01 1.704924266921898095e+02
6.564022835227326880e+01 1.704079668003857932e+02
6.569407250515914143e+01 1.703237188926583485e+02
6.574824894956455523e+01 1.702396842829547836e+02
6.580275684054284113e+01 1.701558642818956741e+02
6.585759532797794691e+01 1.700722601967546268e+02
6.591276355659788067e+01 1.699888733314376452e+02
6.596826066598782745e+01 1.699057049864631210e+02
6.602408579060377747e+01 1.698227564589411429e+02
6.608023805978585585e+01 1.697400290425536582e+02
6.613671659777203615e+01 1.696575240275340093e+02
6.619352052371166906e+01 1.695752427006469816e+02
6.625064895167938062e+01 1.694931863451686525e+02
6.630810099068870045e+01 1.694113562408664109e+02
6.636587574470614470e+01 1.693297536639789485e+02
6.642397231266502899e+01 1.692483798871964780e+02
6.648238978847962244e+01 1.691672361796406676e+02
6.654112726105927322e+01 1.690863238068451722e+02
6.660018381432254841e+01 1.690056440307355103e+02
6.665955852721162955e+01 1.689251981096096529e+02
6.671925047370658035e+01 1.688449872981183546e+02
6.677925872283978492e+01 1.687650128472454867e+02
6.683958233871058496e+01 1.686852760042887098e+02
6.690022038049977482e+01 1.686057780128397212e+02
6.696117190248426709e+01 1.685265201127652119e+02
6.702243595405190035e+01 1.684475035401872844e+02
6.708401157971624684e+01 1.683687295274642111e+02
6.714589781913149125e+01 1.682901993031713630e+02
6.720809370710742314e+01 1.682119140920818268e+02
6.727059827362448630e+01 1.681338751151474753e+02
6.733341054384894164e+01 1.680560835894798686e+02
6.739652953814801606e+01 1.679785407283311827e+02
6.745995427210522166e+01 1.679012477410755082e+02
6.752368375653566090e+01 1.678242058331897510e+02
6.758771699750150219e+01 1.677474162062349876e+02
6.765205299632751235e+01 1.676708800578375644e+02
6.771669074961651802e+01 1.675945985816707093e+02
6.778162924926516553e+01 1.675185729674355741e+02
6.784686748247958121e+01 1.674428044008429026e+02
6.791240443179117392e+01 1.673672940635944428e+02
6.797823907507256536e+01 1.672920431333645865e+02
6.804437038555343520e+01 1.672170527837819236e+02
6.811079733183660778e+01 1.671423241844109953e+02
6.817751887791408194e+01 1.670678585007340473e+02
6.824453398318325981e+01 1.669936568941327550e+02
6.831184160246309034e+01 1.669197205218703743e+02
6.837944068601048286e+01 1.668460505370732960e+02
6.844733017953652165e+01 1.667726480887134244e+02
6.851550902422309264e+01 1.666995143215900725e+02
6.858397615673921166e+01 1.666266503763121420e+02
6.865273050925776488e+01 1.665540573892803025e+02
6.872177100947209283e+01 1.664817364926694268e+02
6.879109658061267396e+01 1.664096888144106288e+02
6.886070614146399294e+01 1.663379154781740681e+02
6.893059860638140890e+01 1.662664176033509875e+02
6.900077288530798114e+01 1.661951963050366317e+02
6.907122788379160738e+01 1.661242526940126538e+02
6.914196250300196311e+01 1.660535878767298641e+02
6.921297563974778200e+01 1.659832029552908921e+02
6.928426618649388047e+01 1.659130990274331054e+02
6.935583303137860867e+01 1.658432771865114717e+02
6.942767505823113083e+01 1.657737385214813344e+02
6.949979114658874835e+01 1.657044841168817584e+02
6.957218017171449276e+01 1.656355150528182776e+02
6.964484100461459093e+01 1.655668324049462967e+02
6.971777251205614334e+01 1.654984372444540952e+02
6.979097355658470292e+01 1.654303306380463994e+02
6.986444299654210965e+01 1.653625136479274431e+02
6.993817968608422575e+01 1.652949873317846539e+02
7.001218247519885551e+01 1.652277527427719974e+02
7.008645020972365103e+01 1.651608109294935787e+02
7.016098173136413152e+01 1.650941629359873843e+02
7.023577587771171693e+01 1.650278098017088837e+02
7.031083148226193202e+01 1.649617525615148566e+02
7.038614737443246838e+01 1.648959922456473066e+02
7.046172237958160167e+01 1.648305298797172611e+02
7.053755531902632470e+01 1.647653664846889683e+02
7.061364501006099204e+01 1.647005030768637255e+02
7.068999026597543889e+01 1.646359406678643609e+02
7.076658989607378203e+01 1.645716802646190899e+02
7.084344270569280866e+01 1.645077228693460825e+02
7.092054749622064946e+01 1.644440694795376885e+02
7.099790306511560800e+01 1.643807210879449201e+02
7.107550820592463481e+01 1.643176786825620752e+02
7.115336170830241258e+01 1.642549432466110773e+02
7.123146235803010029e+01 1.641925157585264401e+02
7.130980893703429047e+01 1.641303971919397213e+02
7.138840022340603753e+01 1.640685885156646009e+02
7.146723499141984348e+01 1.640070906936815902e+02
7.154631201155287101e+01 1.639459046851230255e+02
7.162563005050405707e+01 1.638850314442582032e+02
7.170518787121331172e+01 1.638244719204784019e+02
7.178498423288095864e+01 1.637642270582820458e+02
7.186501789098687709e+01 1.637042977972601818e+02
7.194528759731014134e+01 1.636446850720815007e+02
7.202579209994826215e+01 1.635853898124780983e+02
7.210653014333686883e+01 1.635264129432306959e+02
7.218750046826924915e+01 1.634677553841543727e+02
7.226870181191597453e+01 1.634094180500842128e+02
7.235013290784459628e+01 1.633514018508609809e+02
7.243179248603939868e+01 1.632937076913169392e+02
7.251367927292123738e+01 1.632363364712617795e+02
7.259579199136732086e+01 1.631792890854685822e+02
7.267812936073126195e+01 1.631225664236598050e+02
7.276069009686290201e+01 1.630661693704934407e+02
7.284347291212843345e+01 1.630100988055492621e+02
7.292647651543047971e+01 1.629543556033150651e+02
7.300969961222821780e+01 1.628989406331729981e+02
7.309314090455744406e+01 1.628438547593860619e+02
7.317679909105112301e+01 1.627890988410845523e+02
7.326067286695931102e+01 1.627346737322528440e+02
7.334476092416986148e+01 1.626805802817157485e+02
7.342906195122846214e+01 1.626268193331256668e+02
7.351357463335948239e+01 1.625733917249490901e+02
7.359829765248612432e+01 1.625202982904536952e+02
7.368322968725117050e+01 1.624675398576953853e+02
7.376836941303760398e+01 1.624151172495052435e+02
7.385371550198917134e+01 1.623630312834767722e+02
7.393926662303113062e+01 1.623112827719531310e+02
7.402502144189104172e+01 1.622598725220145468e+02
7.411097862111957113e+01 1.622088013354655232e+02
7.419713682011128242e+01 1.621580700088225910e+02
7.428349469512559722e+01 1.621076793333016610e+02
7.437005089930782731e+01 1.620576300948058588e+02
7.445680408271000772e+01 1.620079230739130765e+02
7.454375289231209933e+01 1.619585590458640354e+02
7.463089597204303516e+01 1.619095387805500081e+02
7.471823196280180923e+01 1.618608630425009096e+02
7.480575950247887818e+01 1.618125325908732748e+02
7.489347722597706536e+01 1.617645481794385489e+02
7.498138376523327508e+01 1.617169105565712357e+02
7.506947774923938255e+01 1.616696204652372444e+02
7.515775780406400486e+01 1.616226786429823505e+02
7.524622255287366102e+01 1.615760858219206284e+02
7.533487061595440082e+01 1.615298427287230254e+02
7.542370061073323484e+01 1.614839500846061640e+02
7.551271115179974913e+01 1.614384086053208591e+02
7.560190085092769152e+01 1.613932190011412047e+02
7.569126831709664316e+01 1.613483819768533181e+02
7.578081215651360480e+01 1.613038982317444550e+02
7.587053097263498103e+01 1.612597684595919816e+02
7.596042336618802437e+01 1.612159933486526882e+02
7.605048793519303274e+01 1.611725735816519887e+02
7.614072327498483617e+01 1.611295098357733195e+02
7.623112797823499420e+01 1.610868027826474531e+02
7.632170063497365220e+01 1.610444530883421805e+02
7.641243983261142603e+01 1.610024614133518241e+02
7.650334415596165627e+01 1.609608284125869488e+02
7.659441218726222189e+01 1.609195547353642155e+02
7.668564250619785128e+01 1.608786410253961776e+02
7.677703368992220589e+01 1.608380879207812484e+02
7.686858431308002082e+01 1.607978960539937816e+02
7.696029294782942998e+01 1.607580660518742093e+02
7.705215816386417771e+01 1.607185985356192361e+02
7.714417852843590140e+01 1.606794941207721195e+02
7.723635260637654198e+01 1.606407534172132330e+02
7.732867896012069764e+01 1.606023770291503183e+02
7.742115614972803428e+01 1.605643655551091911e+02
7.751378273290572452e+01 1.605267195879245037e+02
7.760655726503102869e+01 1.604894397147302243e+02
7.769947829917367699e+01 1.604525265169508259e+02
7.779254438611867783e+01 1.604159805702918788e+02
7.788575407438857212e+01 1.603798024447313253e+02
7.797910591026639793e+01 1.603439927045104412e+02
7.807259843781820052e+01 1.603085519081251675e+02
7.816623019891575552e+01 1.602734806083172430e+02
7.825999973325933468e+01 1.602387793520657056e+02
7.835390557840047165e+01 1.602044486805783094e+02
7.844794626976475627e+01 1.601704891292831121e+02
7.854212034067471393e+01 1.601369012278200330e+02
7.863642632237264252e+01 1.601036855000327819e+02
7.873086274404352025e+01 1.600708424639604459e+02
7.882542813283797045e+01 1.600383726318297022e+02
7.892012101389522627e+01 1.600062765100464617e+02
7.901493991036613807e+01 1.599745545991883375e+02
7.910988334343609552e+01 1.599432073939966301e+02
7.920494983234837605e+01 1.599122353833685963e+02
7.930013789442683958e+01 1.598816390503499747e+02
7.939544604509947590e+01 1.598514188721272262e+02
7.949087279792118466e+01 1.598215753200204290e+02
7.958641666459719488e+01 1.597921088594755190e+02
7.968207615500620022e+01 1.597630199500573838e+02
7.977784977722357951e+01 1.597343090454424441e+02
7.987373603754473095e+01 1.597059765934117763e+02
7.996973344050829269e+01 1.596780230358439496e+02
8.006584048891951966e+01 1.596504488087082620e+02
8.016205568387360358e+01 1.596232543420578907e+02
8.025837752477900722e+01 1.595964400600232125e+02
8.035480450938105434e+01 1.595700063808051254e+02
8.045133513378510770e+01 1.595439537166685966e+02
8.054796789248018740e+01 1.595182824739362104e+02
8.064470127836241886e+01 1.594929930529818307e+02
8.074153378275846649e+01 1.594680858482243195e+02
8.083846389544923738e+01 1.594435612481214548e+02
8.093549010469315874e+01 1.594194196351637913e+02
8.103261089725009469e+01 1.593956613858688058e+02
8.112982475840460950e+01 1.593722868707749001e+02
8.122713017198988439e+01 1.593492964544357164e+02
8.132452562041110866e+01 1.593266904954143683e+02
8.142200958466935390e+01 1.593044693462779549e+02
8.151958054438517820e+01 1.592826333535919616e+02
8.161723697782227305e+01 1.592611828579149460e+02
8.171497736191135175e+01 1.592401181937930801e+02
8.181280017227376788e+01 1.592194396897551485e+02
8.191070388324533269e+01 1.591991476683072335e+02
8.200868696790014667e+01 1.591792424459277413e+02
8.210674789807431750e+01 1.591597243330625417e+02
8.220488514438999061e+01 1.591405936341200231e+02
8.230309717627888233e+01 1.591218506474664309e+02
8.240138246200652361e+01 1.591034956654211214e+02
8.249973946869586428e+01 1.590855289742520995e+02
8.259816666235124671e+01 1.590679508541714711e+02
8.269666250788247908e+01 1.590507615793310947e+02
8.279522546912852476e+01 1.590339614178184036e+02
8.289385400888174615e+01 1.590175506316520568e+02
8.299254658891159409e+01 1.590015294767779608e+02
8.309130166998879474e+01 1.589858982030652896e+02
8.319011771190930915e+01 1.589706570543024782e+02
8.328899317351832110e+01 1.589558062681935837e+02
8.338792651273429613e+01 1.589413460763544208e+02
8.348691618657301206e+01 1.589272767043090653e+02
8.358596065117166063e+01 1.589135983714862448e+02
8.368505836181294910e+01 1.589003112912159850e+02
8.378420777294900290e+01 1.588874156707262841e+02
8.388340733822582251e+01 1.588749117111397879e+02
8.398265551050700140e+01 1.588627996074707767e+02
8.408195074189821128e+01 1.588510795486220388e+02
8.418129148377103377e+01 1.588397517173819722e+02
8.428067618678736039e+01 1.588288162904216847e+02
8.438010330092342315e+01 1.588182734382923513e+02
8.447957127549396716e+01 1.588081233254223434e+02
8.457907855917659390e+01 1.587983661101148698e+02
8.467862360003567801e+01 1.587890019445454186e+02
8.477820484554679581e+01 1.587800309747594270e+02
8.487782074262086951e+01 1.587714533406699218e+02
8.497746973762838252e+01 1.587632691760553882e+02
8.507715027642363737e+01 1.587554786085576950e+02
8.517686080436892837e+01 1.587480817596801330e+02
8.527659976635887062e+01 1.587410787447854261e+02
8.537636560684460107e+01 1.587344696730939688e+02
8.547615676985805067e+01 1.587282546476822063e+02
8.557597169903625911e+01 1.587224337654809005e+02
8.567580883764547650e+01 1.587170071172737380e+02
8.577566662860577651e+01 1.587119747876957376e+02
8.587554351451490220e+01 1.587073368552321995e+02
8.597543793767302134e+01 1.587030933922171982e+02
8.607534834010657221e+01 1.586992444648326455e+02
8.617527316359291945e+01 1.586957901331071810e+02
8.627521084968445564e+01 1.586927304509152918e+02
8.637515983973298717e+01 1.586900654659763461e+02
8.647511857491402054e+01 1.586877952198540243e+02
8.657508549625104877e+01 1.586859197479554950e+02
8.667505904463992294e+01 1.586844390795310460e+02
8.677503766087313863e+01 1.586833532376734297e+02
8.687501978566412220e+01 1.586826622393176933e+02
8.697500385967158820e+01 1.586823660952407806e+02
8.707498832352388263e+01 1.586824648100613899e+02
8.717497161784324078e+01 1.586829583822399456e+02
8.727495218327017312e+01 1.586838468040786267e+02
8.737492846048763795e+01 1.586851300617213951e+02
8.747489889024566878e+01 1.586868081351543367e+02
8.757486191338529125e+01 1.586888809982058604e+02
8.767481597086322154e+01 1.586913486185471811e+02
8.777475950377586855e+01 1.586942109576928033e+02
8.787469095338386182e+01 1.586974679710011173e+02
8.797460876113628103e+01 1.587011196076750821e+02
8.807451136869492814e+01 1.587051658107630487e+02
8.817439721795871321e+01 1.587096065171595853e+02
8.827426475108786974e+01 1.587144416576066135e+02
8.837411241052834043e+01 1.587196711566942326e+02
8.847393863903599254e+01 1.587252949328621980e+02
8.857374187970090418e+01 1.587313128984008870e+02
8.867352057597175019e+01 1.587377249594529758e+02
8.877327317167996057e+01 1.587445310160146619e+02
8.887299811106404945e+01 1.587517309619372838e+02
8.897269383879384463e+01 1.587593246849290836e+02
8.907235879999474548e+01 1.587673120665567978e+02
8.917199144027208035e+01 1.587756929822476479e+02
8.927159020573513715e+01 1.587844673012911869e+02
8.937115354302166281e+01 1.587936348868413461e+02
8.947067989932179444e+01 1.588031955959186519e+02
8.957016772240260138e+01 1.588131492794123858e+02
8.966961546063197375e+01 1.588234957820828583e+02
8.976902156300305080e+01 1.588342349425639384e+02
8.986838447915830841e+01 1.588453665933655543e+02
8.996770265941378852e+01 1.588568905608762520e+02
9.006697455478321501e+01 1.588688066653658950e+02
9.016619861700219474e+01 1.588811147209885348e+02
9.026537329855234759e+01 1.588938145357852818e+02
9.036449705268547916e+01 1.589069059116872609e+02
9.046356833344754023e+01 1.589203886445187379e+02
9.056258559570308364e+01 1.589342625240003315e+02
9.066154729515889699e+01 1.589485273337522244e+02
9.076045188838855893e+01 1.589631828512975744e+02
9.085929783285618555e+01 1.589782288480659815e+02
9.095808358694051776e+01 1.589936650893970977e+02
9.105680760995920764e+01 1.590094913345441796e+02
9.115546836219250793e+01 1.590257073366779252e+02
9.125406430490761522e+01 1.590423128428903397e+02
9.135259390038235949e+01 1.590593075941986001e+02
9.145105561192943355e+01 1.590766913255491488e+02
9.154944790392022469e+01 1.590944637658218426e+02
9.164776924180880258e+01 1.591126246378341307e+02
9.174601809215586457e+01 1.591311736583453751e+02
9.184419292265262413e+01 1.591501105380613978e+02
9.194229220214472775e+01 1.591694349816387728e+02
9.204031440065617176e+01 1.591891466876896004e+02
9.213825798941300604e+01 1.592092453487861974e+02
9.223612144086744991e+01 1.592297306514657862e+02
9.233390322872139677e+01 1.592506022762354689e+02
9.243160182795057267e+01 1.592718598975772295e+02
9.252921571482794150e+01 1.592935031839529074e+02
9.262674336694774979e+01 1.593155317978094843e+02
9.272418326324920201e+01 1.593379453955842564e+02
9.282153388404007899e+01 1.593607436277102920e+02
9.291879371102065477e+01 1.593839261386217743e+02
9.301596122730707350e+01 1.594074925667596290e+02
9.311303491745528049e+01 1.594314425445770667e+02
9.321001326748452698e+01 1.594557756985454660e+02
9.330689476490103118e+01 1.594804916491600579e+02
9.340367789872151150e+01 1.595055900109459515e+02
9.350036115949677651e+01 1.595310703924640165e+02
9.359694303933532922e+01 1.595569323963171371e+02
9.369342203192677232e+01 1.595831756191563215e+02
9.378979663256539823e+01 1.596097996516869557e+02
9.388606533817359434e+01 1.596368040786753681e+02
9.398222664732529097e+01 1.596641884789549977e+02
9.407827906026946607e+01 1.596919524254333282e+02
9.417422107895336580e+01 1.597200954850982555e+02
9.427005120704606611e+01 1.597486172190249363e+02
9.436576794996163642e+01 1.597775171823827520e+02
9.446136981488255913e+01 1.598067949244420163e+02
9.455685531078296435e+01 1.598364499885812222e+02
9.465222294845190731e+01 1.598664819122940344e+02
9.474747124051657465e+01 1.598968902271965362e+02
9.484259870146550497e+01 1.599276744590345629e+02
9.493760384767170990e+01 1.599588341276910342e+02
9.503248519741589462e+01 1.599903687471935427e+02
9.512724127090949366e+01 1.600222778257218295e+02
9.522187059031776357e+01 1.600545608656154855e+02
9.531637167978284708e+01 1.600872173633817397e+02
9.541074306544680894e+01 1.601202468097033318e+02
9.550498327547460065e+01 1.601536486894463565e+02
9.559909084007693991e+01 1.601874224816684205e+02
9.569306429153346016e+01 1.602215676596266860e+02
9.578690216421526316e+01 1.602560836907860846e+02
9.588060299460813951e+01 1.602909700368277015e+02
9.597416532133509293e+01 1.603262261536570463e+02
9.606758768517933333e+01 1.603618514914126649e+02
9.616086862910691480e+01 1.603978454944746659e+02
9.625400669828951550e+01 1.604342076014733038e+02
9.634700044012714670e+01 1.604709372452979323e+02
9.643984840427074801e+01 1.605080338531055872e+02
9.653254914264482522e+01 1.605454968463301952e+02
9.662510120947011671e+01 1.605833256406913563e+02
9.671750316128593283e+01 1.606215196462036090e+02
9.680975355697297857e+01 1.606600782671856109e+02
9.690185095777550828e+01 1.606990009022693187e+02
9.699379392732404881e+01 1.607382869444095661e+02
9.708558103165758268e+01 1.607779357808933298e+02
9.717721083924595860e+01 1.608179467933493925e+02
9.726868192101240140e+01 1.608583193577580062e+02
9.735999285035549633e+01 1.608990528444604990e+02
9.745114220317174158e+01 1.609401466181693081e+02
9.754212855787746150e+01 1.609816000379776710e+02
9.763295049543128812e+01 1.610234124573697159e+02
9.772360659935603167e+01 1.610655832242306076e+02
9.781409545576090636e+01 1.611081116808565525e+02
9.790441565336355723e+01 1.611509971639652292e+02
9.799456578351205849e+01 1.611942390047060485e+02
9.808454444020689778e+01 1.612378365286705844e+02
9.817435022012290347e+01 1.612817890559030900e+02
9.826398172263111519e+01 1.613260959009111559e+02
9.835343754982062592e+01 1.613707563726763397e+02
9.844271630652039562e+01 1.614157697746649376e+02
9.853181660032106493e+01 1.614611354048389273e+02
9.862073704159652721e+01 1.615068525556668249e+02
9.870947624352579908e+01 1.615529205141347973e+02
9.879803282211443616e+01 1.615993385617576905e+02
9.888640539621627568e+01 1.616461059745903412e+02
9.897459258755496592e+01 1.616932220232387749e+02
9.906259302074531092e+01 1.617406859728716881e+02
9.915040532331498468e+01 1.617884970832317606e+02
9.923802812572563425e+01 1.618366546086473363e+02
9.932546006139446604e+01 1.618851577980439629e+02
9.941269976671549102e+01 1.619340058949562149e+02
9.949974588108074158e+01 1.619831981375393468e+02
9.958659704690157355e+01 1.620327337585812870e+02
9.967325190962975512e+01 1.620826119855145464e+02
9.975970911777869787e+01 1.621328320404282692e+02
9.984596732294443200e+01 1.621833931400804545e+02
9.993202517982663835e+01 1.622342944959099782e+02
1.000178813462497942e+02 1.622855353140491275e+02
1.001035344831838074e+02 1.623371147953358218e+02
1.001889832547652759e+02 1.623890321353261470e+02
1.002742263283179369e+02 1.624412865243068040e+02
1.003592623743737562e+02 1.624938771473078702e+02
1.004440900666934766e+02 1.625468031841154470e+02
1.005287080822873946e+02 1.626000638092844497e+02
1.006131151014359659e+02 1.626536581921514824e+02
1.006973098077103970e+02 1.627075854968477984e+02
1.007812908879931513e+02 1.627618448823123458e+02
1.008650570324984415e+02 1.628164355023048415e+02
1.009486069347926787e+02 1.628713565054190155e+02
1.010319392918148367e+02 1.629266070350959410e+02
1.011150528038967451e+02 1.629821862296371933e+02
1.011979461747834108e+02 1.630380932222185777e+02
1.012806181116531690e+02 1.630943271409033741e+02
1.013630673251379193e+02 1.631508871086561498e+02
1.014452925293432060e+02 1.632077722433562599e+02
1.015272924418681839e+02 1.632649816578117168e+02
1.016090657838258551e+02 1.633225144597730605e+02
1.016906112798627078e+02 1.633803697519471427e+02
1.017719276581788677e+02 1.634385466320112528e+02
1.018530136505477515e+02 1.634970441926270723e+02
1.019338679923359621e+02 1.635558615214548865e+02
1.020144894225229848e+02 1.636149977011678800e+02
1.020948766837207984e+02 1.636744518094662908e+02
1.021750285221935570e+02 1.637342229190919625e+02
1.022549436878771161e+02 1.637943100978426401e+02
1.023346209343985151e+02 1.638547124085866642e+02
1.024140590190954185e+02 1.639154289092774377e+02
1.024932567030355415e+02 1.639764586529682617e+02
1.025722127510359059e+02 1.640378006878270014e+02
1.026509259316821385e+02 1.640994540571509788e+02
1.027293950173477128e+02 1.641614177993818657e+02
1.028076187842130054e+02 1.642236909481207476e+02
1.028855960122844380e+02 1.642862725321430446e+02
1.029633254854135629e+02 1.643491615754138593e+02
1.030408059913158638e+02 1.644123570971030119e+02
1.031180363215898979e+02 1.644758581116005587e+02
1.031950152717358833e+02 1.645396636285318266e+02
1.032717416411746854e+02 1.646037726527732445e+02
1.033482142332664750e+02 1.646681841844675773e+02
1.034244318553293311e+02 1.647328972190396996e+02
1.035003933186579559e+02 1.647979107472120859e+02
1.035760974385421065e+02 1.648632237550207265e+02
1.036515430342851545e+02 1.649288352238308448e+02
1.037267289292224746e+02 1.649947441303528421e+02
1.038016539507397056e+02 1.650609494466581566e+02
1.038763169302912530e+02 1.651274501401954069e+02
1.039507167034182373e+02 1.651942451738064221e+02
1.040248521097669254e+02 1.652613335057424706e+02
1.040987219931066363e+02 1.653287140896804601e+02
1.041723252013478316e+02 1.653963858747392806e+02
1.042456605865601347e+02 1.654643478054962316e+02
1.043187270049901230e+02 1.655325988220033651e+02
1.043915233170793329e+02 1.656011378598041688e+02
1.044640483874818244e+02 1.656699638499500224e+02
1.045363010850821013e+02 1.657390757190170234e+02
1.046082802830125615e+02 1.658084723891225565e+02
1.046799848586711903e+02 1.658781527779422333e+02
1.047514136937390532e+02 1.659481157987267466e+02
1.048225656741977190e+02 1.660183603603187805e+02
1.048934396903465966e+02 1.660888853671700645e+02
1.049640346368203438e+02 1.661596897193584539e+02
1.050343494126059909e+02 1.662307723126050405e+02
1.051043829210602212e+02 1.663021320382914894e+02
1.051741340699263105e+02 1.663737677834771205e+02
1.052436017713514502e+02 1.664456784309165585e+02
1.053127849419033311e+02 1.665178628590768710e+02
1.053816825025874380e+02 1.665903199421552756e+02
1.054502933788635346e+02 1.666630485500965335e+02
1.055186165006626311e+02 1.667360475486106850e+02
1.055866508024036534e+02 1.668093157991907560e+02
1.056543952230099279e+02 1.668828521591303229e+02
1.057218487059259360e+02 1.669566554815416453e+02
1.057890101991335996e+02 1.670307246153732592e+02
1.058558786551687803e+02 1.671050584054280819e+02
1.059224530311376355e+02 1.671796556923814592e+02
1.059887322887328480e+02 1.672545153127991000e+02
1.060547153942498255e+02 1.673296360991553513e+02
1.061204013186028021e+02 1.674050168798513880e+02
1.061857890373409248e+02 1.674806564792334029e+02
1.062508775306642406e+02 1.675565537176110240e+02
1.063156657834394991e+02 1.676327074112757032e+02
1.063801527852161826e+02 1.677091163725191620e+02
1.064443375302419810e+02 1.677857794096518944e+02
1.065082190174788224e+02 1.678626953270218394e+02
1.065717962506181777e+02 1.679398629250328554e+02
1.066350682380967498e+02 1.680172810001636492e+02
1.066980339931119488e+02 1.680949483449863919e+02
1.067606925336372399e+02 1.681728637481855628e+02
1.068230428824374201e+02 1.682510259945769064e+02
1.068850840670839659e+02 1.683294338651263615e+02
1.069468151199701111e+02 1.684080861369690467e+02
1.070082350783259670e+02 1.684869815834283315e+02
1.070693429842335433e+02 1.685661189740350210e+02
1.071301378846416696e+02 1.686454970745465118e+02
1.071906188313809025e+02 1.687251146469660057e+02
1.072507848811782480e+02 1.688049704495618641e+02
1.073106350956719268e+02 1.688850632368869924e+02
1.073701685414259970e+02 1.689653917597981945e+02
1.074293842899448919e+02 1.690459547654757273e+02
1.074882814176878867e+02 1.691267509974427412e+02
1.075468590060836220e+02 1.692077791955850614e+02
1.076051161415442010e+02 1.692890380961706001e+02
1.076630519154797128e+02 1.693705264318692798e+02
1.077206654243121875e+02 1.694522429317726449e+02
1.077779557694897790e+02 1.695341863214137845e+02
1.078349220575007621e+02 1.696163553227871716e+02
1.078915633998875023e+02 1.696987486543685009e+02
1.079478789132602401e+02 1.697813650311349534e+02
1.080038677193109322e+02 1.698642031645848363e+02
1.080595289448269511e+02 1.699472617627580746e+02
1.081148617217046279e+02 1.700305395302560783e+02
1.081698651869628804e+02 1.701140351682620917e+02
1.082245384827566568e+02 1.701977473745613736e+02
1.082788807563902225e+02 1.702816748435615750e+02
1.083328911603306040e+02 1.703658162663130611e+02
1.083865688522207194e+02 1.704501703305293177e+02
1.084399129948924667e+02 1.705347357206073866e+02
1.084929227563799543e+02 1.706195111176485852e+02
1.085455973099322620e+02 1.707044951994786857e+02
1.085979358340265293e+02 1.707896866406690322e+02
1.086499375123805891e+02 1.708750841125567206e+02
1.087016015339658566e+02 1.709606862832656589e+02
1.087529270930198777e+02 1.710464918177272580e+02
1.088039133890589483e+02 1.711324993777011514e+02
1.088545596268905484e+02 1.712187076217961987e+02
1.089048650166258199e+02 1.713051152054913189e+02
1.089548287736917871e+02 1.713917207811564936e+02
1.090044501188436925e+02 1.714785229980738563e+02
1.090537282781770472e+02 1.715655205024585257e+02
1.091026624831398379e+02 1.716527119374800350e+02
1.091512519705443367e+02 1.717400959432831939e+02
1.091994959825791938e+02 1.718276711570096040e+02
1.092473937668211192e+02 1.719154362128186619e+02
1.092949445762466212e+02 1.720033897419088760e+02
1.093421476692437722e+02 1.720915303725394381e+02
1.093890023096236348e+02 1.721798567300513128e+02
1.094355077666318721e+02 1.722683674368890081e+02
1.094816633149600023e+02 1.723570611126216647e+02
1.095274682347568955e+02 1.724459363739650257e+02
1.095729218116397874e+02 1.725349918348026392e+02
1.096180233367055763e+02 1.726242261062076579e+02
1.096627721065418370e+02 1.727136377964645249e+02
1.097071674232377916e+02 1.728032255110905453e+02
1.097512085943951519e+02 1.728929878528577433e+02
1.097948949331389912e+02 1.729829234218146610e+02
1.098382257581284023e+02 1.730730308153081296e+02
1.098812003935671555e+02 1.731633086280051543e+02
1.099238181692141723e+02 1.732537554519147704e+02
1.099660784203941404e+02 1.733443698764103260e+02
1.100079804880076466e+02 1.734351504882509403e+02
1.100495237185416784e+02 1.735260958716040420e+02
1.100907074640796566e+02 1.736172046080671976e+02
1.101315310823116249e+02 1.737084752766902227e+02
1.101719939365442542e+02 1.737999064539975222e+02
1.102120953957107332e+02 1.738914967140100316e+02
1.102518348343807020e+02 1.739832446282677836e+02
1.102912116327698442e+02 1.740751487658518499e+02
1.103302251767497353e+02 1.741672076934068230e+02
1.103688748578573353e+02 1.742594199751632686e+02
1.104071600733044534e+02 1.743517841729598956e+02
1.104450802259871836e+02 1.744442988462661503e+02
1.104826347244952132e+02 1.745369625522046704e+02
1.105198229831210597e+02 1.746297738455736521e+02
1.105566444218691800e+02 1.747227312788695883e+02
1.105930984664650225e+02 1.748158334023096359e+02
1.106291845483640088e+02 1.749090787638544953e+02
1.106649021047603298e+02 1.750024659092306933e+02
1.107002505785958562e+02 1.750959933819536900e+02
1.107352294185686645e+02 1.751896597233501893e+02
1.107698380791417634e+02 1.752834634725811327e+02
1.108040760205515483e+02 1.753774031666644362e+02
1.108379427088162004e+02 1.754714773404978132e+02
1.108714376157440569e+02 1.755656845268815687e+02
1.109045602189418389e+02 1.756600232565414785e+02
1.109373100018227660e+02 1.757544920581518397e+02
1.109696864536146848e+02 1.758490894583582644e+02
1.110016890693679272e+02 1.759438139818007016e+02
1.110333173499632835e+02 1.760386641511364871e+02
1.110645708021197606e+02 1.761336384870633651e+02
1.110954489384022281e+02 1.762287355083425098e+02
1.111259512772290918e+02 1.763239537318217458e+02
1.111560773428797404e+02 1.764192916724584848e+02
1.111858266655020486e+02 1.765147478433431729e+02
1.112151987811195539e+02 1.766103207557221140e+02
1.112441932316389028e+02 1.767060089190211158e+02
1.112728095648568001e+02 1.768018108408682281e+02
1.113010473344671709e+02 1.768977250271176160e+02
1.113289061000681102e+02 1.769937499818722983e+02
1.113563854271687035e+02 1.770898842075078505e+02
1.113834848871958627e+02 1.771861262046955687e+02
1.114102040575009767e+02 1.772824744724260029e+02
1.114365425213664906e+02 1.773789275080322057e+02
1.114624998680124577e+02 1.774754838072132941e+02
1.114880756926028766e+02 1.775721418640578690e+02
1.115132695962520586e+02 1.776689001710674631e+02
1.115380811860308370e+02 1.777657572191801023e+02
1.115625100749726641e+02 1.778627114977938675e+02
1.115865558820796934e+02 1.779597614947903423e+02
1.116102182323287195e+02 1.780569056965583457e+02
1.116334967566769478e+02 1.781541425880173790e+02
1.116563910920678353e+02 1.782514706526413875e+02
1.116789008814367605e+02 1.783488883724823779e+02
1.117010257737165233e+02 1.784463942281939808e+02
1.117227654238428727e+02 1.785439866990553810e+02
1.117441194927598502e+02 1.786416642629947660e+02
1.117650876474251191e+02 1.787394253966133135e+02
1.117856695608151369e+02 1.788372685752087250e+02
1.118058649119302430e+02 1.789351922727991564e+02
1.118256733857997034e+02 1.790331949621470073e+02
1.118450946734865710e+02 1.791312751147826248e+02
1.118641284720925455e+02 1.792294312010283477e+02
1.118827744847627059e+02 1.793276616900220972e+02
1.119010324206900862e+02 1.794259650497414782e+02
1.119189019951202511e+02 1.795243397470275966e+02
1.119363829293557444e+02 1.796227842476088767e+02
1.119534749507603948e+02 1.797212970161252201e+02
1.119701777927636073e+02 1.798198765161516519e+02
1.119864911948645130e+02 1.799185212102225080e+02
1.120024149026360334e+02 1.800172295598554513e+02
1.120179486677288025e+02 1.801160000255751470e+02
1.120330922478751177e+02 1.802148310669376770e+02
1.120478454068926624e+02 1.803137211425542148e+02
1.120622079146882015e+02 1.804126687101154118e+02
1.120761795472612050e+02 1.805116722264150440e+02
1.120897600867072583e+02 1.806107301473744542e+02
1.121029493212215726e+02 1.807098409280664271e+02
1.121157470451021823e+02 1.808090030227393470e+02
1.121281530587532131e+02 1.809082148848412999e+02
1.121401671686880093e+02 1.810074749670441747e+02
1.121517891875320743e+02 1.811067817212678221e+02
1.121630189340260983e+02 1.812061335987041844e+02
1.121738562330286868e+02 1.813055290498413967e+02
1.121843009155191453e+02 1.814049665244881737e+02
1.121943528186001231e+02 1.815044444717975693e+02
1.122040117855001142e+02 1.816039613402916757e+02
1.122132776655759301e+02 1.817035155778854119e+02
1.122221503143150727e+02 1.818031056319108814e+02
1.122306295933378948e+02 1.819027299491416727e+02
1.122387153703998877e+02 1.820023869758169042e+02
1.122464075193936424e+02 1.821020751576656380e+02
1.122537059203508392e+02 1.822017929399309537e+02
1.122606104594441945e+02 1.823015387673943621e+02
1.122671210289890951e+02 1.824013110843998504e+02
1.122732375274454029e+02 1.825011083348784098e+02
1.122789598594189897e+02 1.826009289623720804e+02
1.122842879356632011e+02 1.827007714100583371e+02
1.122892216730803057e+02 1.828006341207743333e+02
1.122937609947227457e+02 1.829005155370412297e+02
1.122979058297943311e+02 1.830004141010883245e+02
1.123016561136514184e+02 1.831003282548776667e+02
1.123050117878037923e+02 1.832002564401279869e+02
1.123079727999156887e+02 1.833001970983393960e+02
1.123105391038066045e+02 1.834001486708172024e+02
1.123127106594519091e+02 1.835001095986966675e+02
1.123144874329835972e+02 1.836000783229671356e+02
1.123158693966907578e+02 1.837000532844963061e+02
1.123168565290200149e+02 1.838000329240546193e+02
1.123174488145758403e+02 1.839000156823395571e+02
1.123176462441208230e+02 1.840000000000000000e+02
