3.363414345949764339e+01 1.928776895861103924e+02
3.357996782383681733e+01 1.927936360287749267e+02
3.352579218817599127e+01 1.927095824714394610e+02
3.347161655251516521e+01 1.926255289141039952e+02
3.341744091685433915e+01 1.925414753567685295e+02
3.336326528119351309e+01 1.924574217994330638e+02
3.330908964553268703e+01 1.923733682420975981e+02
3.325491400987186097e+01 1.922893146847621324e+02
3.320073837421103491e+01 1.922052611274266667e+02
3.314656273855020885e+01 1.921212075700912010e+02
3.309238710288938279e+01 1.920371540127557353e+02
3.303821146722855673e+01 1.919531004554202696e+02
3.298403583156773067e+01 1.918690468980848038e+02
3.292986019590690461e+01 1.917849933407493381e+02
3.287568456024607855e+01 1.917009397834138724e+02
3.282150892458525249e+01 1.916168862260784067e+02
3.276733328892442643e+01 1.915328326687429410e+02
3.271315765326360037e+01 1.914487791114074753e+02
3.265898201760277431e+01 1.913647255540720096e+02
3.260480638194194825e+01 1.912806719967365439e+02
3.255063074628112219e+01 1.911966184394010781e+02
3.249645511062029613e+01 1.911125648820656124e+02
3.244227947495947006e+01 1.910285113247301467e+02
3.238810383929864400e+01 1.909444577673946810e+02
3.233392820363781794e+01 1.908604042100592153e+02
3.227975256797699188e+01 1.907763506527237496e+02
3.222557693231616582e+01 1.906922970953882839e+02
3.217140129665533976e+01 1.906082435380528182e+02
3.211722566099451370e+01 1.905241899807173525e+02
3.206305002533368764e+01 1.904401364233818867e+02
3.200887438967286158e+01 1.903560828660464210e+02
3.195469875401203552e+01 1.902720293087109553e+02
3.190052311835120946e+01 1.901879757513754896e+02
3.184634748269038340e+01 1.901039221940400239e+02
3.179217184702955734e+01 1.900198686367045582e+02
3.173799621136873128e+01 1.899358150793690925e+02
3.168382057570790522e+01 1.898517615220336268e+02
3.162964494004707916e+01 1.897677079646981610e+02
3.157546930438625310e+01 1.896836544073626953e+02
3.152129366872542704e+01 1.895996008500272296e+02
3.146711803306460098e+01 1.895155472926917639e+02
3.141294239740377492e+01 1.894314937353562982e+02
3.135876676174294886e+01 1.893474401780208325e+02
3.130459112608212280e+01 1.892633866206853668e+02
3.125041549042129674e+01 1.891793330633499011e+02
3.119623985476047068e+01 1.890952795060144354e+02
3.114206421909964462e+01 1.890112259486789696e+02
3.108788858343881856e+01 1.889271723913435039e+02
3.103371294777799250e+01 1.888431188340080382e+02
3.097953731211716644e+01 1.887590652766725725e+02
3.092536167645634038e+01 1.886750117193371068e+02
3.087118604079551432e+01 1.885909581620016411e+02
3.081701040513468826e+01 1.885069046046661754e+02
3.076283476947386220e+01 1.884228510473307097e+02
3.070865913381303614e+01 1.883387974899952440e+02
3.065448349815221007e+01 1.882547439326597782e+02
3.060030786249138401e+01 1.881706903753243125e+02
3.054613222683055795e+01 1.880866368179888468e+02
3.049195659116973189e+01 1.880025832606533811e+02
3.043778095550890583e+01 1.879185297033179154e+02
3.038360531984807977e+01 1.878344761459824497e+02
3.032942968418725371e+01 1.877504225886469840e+02
3.027525404852642765e+01 1.876663690313115183e+02
3.022107841286560159e+01 1.875823154739760525e+02
3.016690277720477553e+01 1.874982619166405868e+02
3.011272714154394947e+01 1.874142083593051211e+02
3.005855150588312341e+01 1.873301548019696554e+02
3.000437587022229735e+01 1.872461012446341897e+02
2.995020023456147129e+01 1.871620476872987240e+02
2.989602459890064523e+01 1.870779941299632583e+02
2.984184896323981917e+01 1.869939405726277926e+02
2.978767332757899311e+01 1.869098870152923269e+02
2.973349769191816705e+01 1.868258334579568611e+02
2.967932205625734099e+01 1.867417799006213954e+02
2.962514642059651493e+01 1.866577263432859297e+02
2.957097078493568887e+01 1.865736727859504640e+02
2.951679514927486281e+01 1.864896192286149983e+02
2.946261951361403675e+01 1.864055656712795326e+02
2.940844387795321069e+01 1.863215121139440669e+02
2.935426824229238463e+01 1.862374585566086012e+02
2.930009260663155857e+01 1.861534049992731354e+02
2.924591697097073251e+01 1.860693514419376697e+02
2.919174133530990645e+01 1.859852978846022040e+02
2.913756569964908039e+01 1.859012443272667383e+02
2.908339006398825433e+01 1.858171907699312726e+02
2.902921442832742827e+01 1.857331372125958069e+02
2.897503879266660221e+01 1.856490836552603412e+02
2.892086315700577615e+01 1.855650300979248755e+02
2.886668752134495008e+01 1.854809765405894098e+02
2.881251188568412402e+01 1.853969229832539440e+02
2.875833625002329796e+01 1.853128694259184783e+02
2.870416061436247190e+01 1.852288158685830126e+02
2.864998497870164584e+01 1.851447623112475469e+02
2.859580934304081978e+01 1.850607087539120812e+02
2.854163370737999372e+01 1.849766551965766155e+02
2.848745807171916766e+01 1.848926016392411498e+02
2.843328243605834160e+01 1.848085480819056841e+02
2.837910680039751554e+01 1.847244945245702183e+02
2.832493116473668948e+01 1.846404409672347526e+02
2.827075552907586342e+01 1.845563874098992869e+02
2.821657989341503736e+01 1.844723338525638212e+02
2.816240425775421130e+01 1.843882802952283555e+02
2.810822862209338524e+01 1.843042267378928898e+02
2.805405298643255918e+01 1.842201731805574241e+02
2.799987735077173312e+01 1.841361196232219584e+02
2.794570171511090706e+01 1.840520660658864927e+02
2.789152607945008100e+01 1.839680125085510269e+02
2.783735044378925494e+01 1.838839589512155612e+02
2.778317480812842888e+01 1.837999053938800955e+02
2.772899917246760282e+01 1.837158518365446298e+02
2.767482353680677676e+01 1.836317982792091641e+02
2.762064790114595070e+01 1.835477447218736984e+02
2.756647226548512464e+01 1.834636911645382327e+02
2.751229662982429858e+01 1.833796376072027670e+02
2.745812099416347252e+01 1.832955840498673012e+02
2.740394535850264646e+01 1.832115304925318355e+02
2.734976972284182040e+01 1.831274769351963698e+02
2.729559408718099434e+01 1.830434233778609041e+02
2.724141845152016828e+01 1.829593698205254384e+02
2.718724281585934222e+01 1.828753162631899727e+02
2.713306718019851616e+01 1.827912627058545070e+02
2.707889154453769009e+01 1.827072091485190413e+02
2.702471590887686403e+01 1.826231555911835756e+02
2.697054027321603797e+01 1.825391020338481098e+02
2.691636463755521191e+01 1.824550484765126441e+02
2.686218900189438585e+01 1.823709949191771784e+02
2.680801336623355979e+01 1.822869413618417127e+02
2.675383773057273373e+01 1.822028878045062470e+02
2.669966209491190767e+01 1.821188342471707813e+02
2.664548645925108161e+01 1.820347806898353156e+02
2.659131082359025555e+01 1.819507271324998499e+02
2.653713518792942949e+01 1.818666735751643841e+02
2.648295955226860343e+01 1.817826200178289184e+02
2.642878391660777737e+01 1.816985664604934527e+02
2.637460828094695131e+01 1.816145129031579870e+02
2.632043264528612525e+01 1.815304593458225213e+02
2.626625700962529919e+01 1.814464057884870556e+02
2.621208137396447313e+01 1.813623522311515899e+02
2.615790573830364707e+01 1.812782986738161242e+02
2.610373010264282101e+01 1.811942451164806585e+02
2.604955446698199495e+01 1.811101915591451927e+02
2.599537883132116889e+01 1.810261380018097270e+02
2.594120319566034283e+01 1.809420844444742613e+02
2.588702755999951677e+01 1.808580308871387956e+02
2.583285192433869071e+01 1.807739773298033299e+02
2.577867628867786465e+01 1.806899237724678642e+02
2.572450065301703859e+01 1.806058702151323985e+02
2.567032501735621253e+01 1.805218166577969328e+02
2.561614938169538647e+01 1.804377631004614670e+02
2.556197374603456041e+01 1.803537095431260013e+02
2.550779811037373435e+01 1.802696559857905356e+02
2.545362247471290829e+01 1.801856024284550699e+02
2.539944683905208223e+01 1.801015488711196042e+02
2.534527120339125617e+01 1.800174953137841385e+02
2.529109556773043010e+01 1.799334417564486728e+02
2.523691993206960404e+01 1.798493881991132071e+02
2.518274429640877798e+01 1.797653346417777414e+02
2.512856866074795192e+01 1.796812810844422756e+02
2.507439302508712586e+01 1.795972275271068099e+02
2.502021738942629980e+01 1.795131739697713442e+02
2.496604175376547374e+01 1.794291204124358785e+02
2.491186611810464768e+01 1.793450668551004128e+02
2.485769048244382162e+01 1.792610132977649471e+02
2.480351484678299556e+01 1.791769597404294814e+02
2.474933921112216950e+01 1.790929061830940157e+02
2.469516357546134344e+01 1.790088526257585499e+02
2.464098793980051738e+01 1.789247990684230842e+02
2.458681230413969132e+01 1.788407455110876185e+02
2.453263666847886526e+01 1.787566919537521528e+02
2.447846103281803920e+01 1.786726383964166871e+02
2.442428539715721314e+01 1.785885848390812214e+02
2.437010976149638708e+01 1.785045312817457557e+02
2.431593412583556102e+01 1.784204777244102900e+02
2.426175849017473496e+01 1.783364241670748243e+02
2.420758285451390890e+01 1.782523706097393585e+02
2.415340721885308284e+01 1.781683170524038928e+02
2.409923158319225678e+01 1.780842634950684271e+02
2.404505594753143072e+01 1.780002099377329614e+02
2.399088031187060466e+01 1.779161563803974957e+02
2.393670467620977860e+01 1.778321028230620300e+02
2.388252904054895254e+01 1.777480492657265643e+02
2.382835340488812648e+01 1.776639957083910986e+02
2.377417776922730042e+01 1.775799421510556328e+02
2.372000213356647436e+01 1.774958885937201671e+02
2.366582649790564830e+01 1.774118350363847014e+02
2.361165086224482224e+01 1.773277814790492357e+02
2.355747522658399618e+01 1.772437279217137700e+02
2.350329959092317011e+01 1.771596743643783043e+02
2.344912395526234405e+01 1.770756208070428386e+02
2.339494831960151799e+01 1.769915672497073729e+02
2.334077268394069193e+01 1.769075136923719072e+02
2.328659704827986587e+01 1.768234601350364414e+02
2.323242141261903981e+01 1.767394065777009757e+02
2.317824577695821375e+01 1.766553530203655100e+02
2.312407014129738769e+01 1.765712994630300443e+02
2.306989450563656163e+01 1.764872459056945786e+02
2.301571886997573557e+01 1.764031923483591129e+02
2.296154323431490951e+01 1.763191387910236472e+02
2.290736759865408345e+01 1.762350852336881815e+02
2.285319196299325739e+01 1.761510316763527157e+02
2.279901632733243133e+01 1.760669781190172500e+02
2.274484069167160527e+01 1.759829245616817843e+02
2.269066505601077921e+01 1.758988710043463186e+02
2.263648942034995315e+01 1.758148174470108529e+02
2.258231378468912709e+01 1.757307638896753872e+02
2.252813814902830103e+01 1.756467103323399215e+02
2.247396251336747497e+01 1.755626567750044558e+02
2.241978687770664891e+01 1.754786032176689901e+02
2.236561124204582285e+01 1.753945496603335243e+02
2.231143560638499679e+01 1.753104961029980586e+02
2.225725997072417073e+01 1.752264425456625929e+02
2.220308433506334467e+01 1.751423889883271272e+02
2.214890869940251861e+01 1.750583354309916615e+02
2.209473306374169255e+01 1.749742818736561958e+02
2.204055742808086649e+01 1.748902283163207301e+02
2.198638179242004043e+01 1.748061747589852644e+02
2.193220615675921437e+01 1.747221212016497986e+02
2.187803052109838831e+01 1.746380676443143329e+02
2.182385488543756225e+01 1.745540140869788672e+02
2.176967924977673619e+01 1.744699605296434015e+02
2.171550361411591012e+01 1.743859069723079358e+02
2.166132797845508406e+01 1.743018534149724701e+02
2.160715234279425800e+01 1.742177998576370044e+02
2.155297670713343194e+01 1.741337463003015387e+02
2.149880107147260588e+01 1.740496927429660730e+02
2.144462543581177982e+01 1.739656391856306072e+02
2.139044980015095376e+01 1.738815856282951415e+02
2.133627416449012770e+01 1.737975320709596758e+02
2.128209852882930164e+01 1.737134785136242101e+02
2.122792289316847558e+01 1.736294249562887444e+02
2.117374725750764952e+01 1.735453713989532787e+02
2.111957162184682346e+01 1.734613178416178130e+02
2.106539598618599740e+01 1.733772642842823473e+02
2.101122035052517134e+01 1.732932107269468816e+02
2.095704471486434528e+01 1.732091571696114158e+02
2.090286907920351922e+01 1.731251036122759501e+02
2.084869344354269316e+01 1.730410500549404844e+02
2.079451780788186710e+01 1.729569964976050187e+02
2.074034217222104104e+01 1.728729429402695530e+02
2.068616653656021498e+01 1.727888893829340873e+02
2.063199090089938892e+01 1.727048358255986216e+02
2.057781526523856286e+01 1.726207822682631559e+02
2.052363962957773680e+01 1.725367287109276901e+02
2.046946399391691074e+01 1.724526751535922244e+02
2.041528835825608468e+01 1.723686215962567587e+02
2.036111272259525862e+01 1.722845680389212930e+02
2.030693708693443256e+01 1.722005144815858273e+02
2.025276145127360650e+01 1.721164609242503616e+02
2.019858581561278044e+01 1.720324073669148959e+02
2.014441017995195438e+01 1.719483538095794302e+02
2.009023454429112832e+01 1.718643002522439645e+02
2.003605890863030226e+01 1.717802466949084987e+02
1.998188327296947620e+01 1.716961931375730330e+02
1.992770763730865013e+01 1.716121395802375673e+02
1.987353200164782407e+01 1.715280860229021016e+02
1.981935636598699801e+01 1.714440324655666359e+02
1.976518073032617195e+01 1.713599789082311702e+02
1.971100509466534589e+01 1.712759253508957045e+02
1.965682945900451983e+01 1.711918717935602388e+02
1.960265382334369377e+01 1.711078182362247730e+02
1.954847818768286771e+01 1.710237646788893073e+02
1.949430255202204165e+01 1.709397111215538416e+02
1.944012691636121559e+01 1.708556575642183759e+02
1.938595128070038953e+01 1.707716040068829102e+02
1.933177564503956347e+01 1.706875504495474445e+02
1.927760000937873741e+01 1.706034968922119788e+02
1.922342437371791135e+01 1.705194433348765131e+02
1.916924873805708529e+01 1.704353897775410474e+02
1.911507310239625923e+01 1.703513362202055816e+02
1.906089746673543317e+01 1.702672826628701159e+02
1.900672183107460711e+01 1.701832291055346502e+02
1.895254619541378105e+01 1.700991755481991845e+02
1.889837055975295499e+01 1.700151219908637188e+02
1.884419492409212893e+01 1.699310684335282531e+02
1.879001928843130287e+01 1.698470148761927874e+02
1.873584365277047681e+01 1.697629613188573217e+02
1.868166801710965075e+01 1.696789077615218559e+02
1.862749238144882469e+01 1.695948542041863902e+02
1.857331674578799863e+01 1.695108006468509245e+02
1.851914111012717257e+01 1.694267470895154588e+02
1.846496547446634651e+01 1.693426935321799931e+02
1.841078983880552045e+01 1.692586399748445274e+02
1.835661420314469439e+01 1.691745864175090617e+02
1.830243856748386833e+01 1.690905328601735960e+02
1.824826293182304227e+01 1.690064793028381303e+02
1.819408729616221621e+01 1.689224257455026645e+02
1.813991166050139014e+01 1.688383721881671988e+02
1.808573602484056408e+01 1.687543186308317331e+02
1.803156038917973802e+01 1.686702650734962674e+02
1.797738475351891196e+01 1.685862115161608017e+02
1.792320911785808590e+01 1.685021579588253360e+02
1.786903348219725984e+01 1.684181044014898703e+02
1.781485784653643378e+01 1.683340508441544046e+02
1.776068221087560772e+01 1.682499972868189388e+02
1.770650657521478166e+01 1.681659437294834731e+02
1.765233093955395560e+01 1.680818901721480074e+02
1.759815530389312954e+01 1.679978366148125417e+02
1.754397966823230348e+01 1.679137830574770760e+02
1.748980403257147742e+01 1.678297295001416103e+02
1.743562839691065136e+01 1.677456759428061446e+02
1.738145276124982530e+01 1.676616223854706789e+02
1.732727712558899924e+01 1.675775688281352132e+02
1.727310148992817318e+01 1.674935152707997474e+02
1.721892585426734712e+01 1.674094617134642817e+02
1.716475021860652106e+01 1.673254081561288160e+02
1.711057458294569500e+01 1.672413545987933503e+02
1.705639894728486894e+01 1.671573010414578846e+02
1.700222331162404288e+01 1.670732474841224189e+02
1.694804767596321682e+01 1.669891939267869532e+02
1.689387204030239076e+01 1.669051403694514875e+02
1.683969640464156470e+01 1.668210868121160217e+02
1.678552076898073864e+01 1.667370332547805560e+02
1.673134513331991258e+01 1.666529796974450903e+02
1.667716949765908652e+01 1.665689261401096246e+02
1.662299386199826046e+01 1.664848725827741589e+02
1.656881822633743440e+01 1.664008190254386932e+02
1.651464259067660834e+01 1.663167654681032275e+02
1.646046695501578228e+01 1.662327119107677618e+02
1.640629131935495622e+01 1.661486583534322961e+02
1.635211568369413015e+01 1.660646047960968303e+02
1.629794004803330409e+01 1.659805512387613646e+02
1.624376441237247803e+01 1.658964976814258989e+02
1.618958877671165197e+01 1.658124441240904332e+02
1.613541314105082591e+01 1.657283905667549675e+02
1.608123750538999985e+01 1.656443370094195018e+02
1.602706186972917379e+01 1.655602834520840361e+02
1.597288623406834596e+01 1.654762298947485704e+02
1.591871059840751812e+01 1.653921763374131046e+02
1.586453496274669028e+01 1.653081227800776389e+02
1.581035932708586245e+01 1.652240692227421732e+02
1.575618369142503461e+01 1.651400156654067075e+02
1.570200805576420677e+01 1.650559621080712418e+02
1.564783242010337894e+01 1.649719085507357761e+02
1.559365678444255110e+01 1.648878549934003104e+02
1.553948114878172326e+01 1.648038014360648447e+02
1.548530551312089543e+01 1.647197478787293790e+02
1.543112987746006759e+01 1.646356943213939132e+02
1.537695424179923975e+01 1.645516407640584475e+02
1.532277860613841192e+01 1.644675872067229818e+02
1.526860297047758408e+01 1.643835336493875161e+02
1.521442733481675624e+01 1.642994800920520504e+02
1.516025169915592841e+01 1.642154265347165847e+02
1.510607606349510057e+01 1.641313729773811190e+02
1.505190042783427273e+01 1.640473194200456533e+02
1.499772479217344490e+01 1.639632658627101875e+02
1.494354915651261706e+01 1.638792123053747218e+02
1.488937352085178922e+01 1.637951587480392561e+02
1.483519788519096139e+01 1.637111051907037904e+02
1.478102224953013355e+01 1.636270516333683247e+02
1.472684661386930571e+01 1.635429980760328590e+02
1.467267097820847788e+01 1.634589445186973933e+02
1.461849534254765004e+01 1.633748909613619276e+02
1.456431970688682220e+01 1.632908374040264619e+02
1.451014407122599437e+01 1.632067838466909961e+02
1.445596843556516653e+01 1.631227302893555304e+02
1.440179279990433869e+01 1.630386767320200647e+02
1.434761716424351086e+01 1.629546231746845990e+02
1.429344152858268302e+01 1.628705696173491333e+02
1.423926589292185518e+01 1.627865160600136676e+02
1.418509025726102735e+01 1.627024625026782019e+02
1.413091462160019951e+01 1.626184089453427362e+02
1.407673898593937167e+01 1.625343553880072704e+02
1.402256335027854384e+01 1.624503018306718047e+02
1.396838771461771600e+01 1.623662482733363390e+02
1.391421207895688816e+01 1.622821947160008733e+02
1.386003644329606033e+01 1.621981411586654076e+02
1.380586080763523249e+01 1.621140876013299419e+02
1.375168517197440465e+01 1.620300340439944762e+02
1.369750953631357682e+01 1.619459804866590105e+02
1.364333390065274898e+01 1.618619269293235448e+02
1.358915826499192114e+01 1.617778733719880790e+02
1.353498262933109331e+01 1.616938198146526133e+02
1.348080699367026547e+01 1.616097662573171476e+02
1.342663135800943763e+01 1.615257126999816819e+02
1.337245572234860980e+01 1.614416591426462162e+02
1.331828008668778196e+01 1.613576055853107505e+02
1.326410445102695412e+01 1.612735520279752848e+02
1.320992881536612629e+01 1.611894984706398191e+02
1.315575317970529845e+01 1.611054449133043533e+02
1.310157754404447061e+01 1.610213913559688876e+02
1.304740190838364278e+01 1.609373377986334219e+02
1.299322627272281494e+01 1.608532842412979562e+02
1.293905063706198710e+01 1.607692306839624905e+02
1.288487500140115927e+01 1.606851771266270248e+02
1.283069936574033143e+01 1.606011235692915591e+02
1.277652373007950359e+01 1.605170700119560934e+02
1.272234809441867576e+01 1.604330164546206277e+02
1.266817245875784792e+01 1.603489628972851619e+02
1.261399682309702008e+01 1.602649093399496962e+02
1.255982118743619225e+01 1.601808557826142305e+02
1.250564555177536441e+01 1.600968022252787648e+02
1.245146991611453657e+01 1.600127486679432991e+02
1.239729428045370874e+01 1.599286951106078334e+02
1.234311864479288090e+01 1.598446415532723677e+02
1.228894300913205306e+01 1.597605879959369020e+02
1.223476737347122523e+01 1.596765344386014362e+02
1.218059173781039739e+01 1.595924808812659705e+02
1.212641610214956955e+01 1.595084273239305048e+02
1.207224046648874172e+01 1.594243737665950391e+02
1.201806483082791388e+01 1.593403202092595734e+02
1.196388919516708604e+01 1.592562666519241077e+02
1.190971355950625821e+01 1.591722130945886420e+02
1.185553792384543037e+01 1.590881595372531763e+02
1.180136228818460253e+01 1.590041059799177106e+02
1.174718665252377470e+01 1.589200524225822448e+02
1.169301101686294686e+01 1.588359988652467791e+02
1.163883538120211902e+01 1.587519453079113134e+02
1.158465974554129119e+01 1.586678917505758477e+02
1.153048410988046335e+01 1.585838381932403820e+02
1.147630847421963551e+01 1.584997846359049163e+02
1.142213283855880768e+01 1.584157310785694506e+02
1.136795720289797984e+01 1.583316775212339849e+02
1.131378156723715200e+01 1.582476239638985192e+02
1.125960593157632417e+01 1.581635704065630534e+02
1.120543029591549633e+01 1.580795168492275877e+02
1.115125466025466849e+01 1.579954632918921220e+02
1.109707902459384066e+01 1.579114097345566563e+02
1.104290338893301282e+01 1.578273561772211906e+02
1.098872775327218498e+01 1.577433026198857249e+02
1.093455211761135715e+01 1.576592490625502592e+02
1.088037648195052931e+01 1.575751955052147935e+02
1.082620084628970147e+01 1.574911419478793277e+02
1.077202521062887364e+01 1.574070883905438620e+02
1.071784957496804580e+01 1.573230348332083963e+02
1.066367393930721796e+01 1.572389812758729306e+02
1.060949830364639013e+01 1.571549277185374649e+02
1.055532266798556229e+01 1.570708741612019992e+02
1.050114703232473445e+01 1.569868206038665335e+02
1.044697139666390662e+01 1.569027670465310678e+02
1.039279576100307878e+01 1.568187134891956021e+02
1.033862012534225094e+01 1.567346599318601363e+02
1.028444448968142311e+01 1.566506063745246706e+02
1.023026885402059527e+01 1.565665528171892049e+02
1.017609321835976743e+01 1.564824992598537392e+02
1.012191758269893960e+01 1.563984457025182735e+02
1.006774194703811176e+01 1.563143921451828078e+02
1.001356631137728392e+01 1.562303385878473421e+02
9.959390675716456087e+00 1.561462850305118764e+02
9.905215040055628251e+00 1.560622314731764106e+02
9.851039404394800414e+00 1.559781779158409449e+02
9.796863768733972577e+00 1.558941243585054792e+02
9.742688133073144741e+00 1.558100708011700135e+02
9.688512497412316904e+00 1.557260172438345478e+02
9.634336861751489067e+00 1.556419636864990821e+02
9.580161226090661231e+00 1.555579101291636164e+02
9.525985590429833394e+00 1.554738565718281507e+02
9.471809954769005557e+00 1.553898030144926850e+02
9.417634319108177721e+00 1.553057494571572192e+02
9.363458683447349884e+00 1.552216958998217535e+02
9.309283047786522047e+00 1.551376423424862878e+02
9.255107412125694211e+00 1.550535887851508221e+02
9.200931776464866374e+00 1.549695352278153564e+02
9.146756140804038537e+00 1.548854816704798907e+02
9.092580505143210701e+00 1.548014281131444250e+02
9.038404869482382864e+00 1.547173745558089593e+02
8.984229233821555027e+00 1.546333209984734935e+02
8.930053598160727191e+00 1.545492674411380278e+02
8.875877962499899354e+00 1.544652138838025621e+02
8.821702326839071517e+00 1.543811603264670964e+02
8.767526691178243681e+00 1.542971067691316307e+02
8.713351055517415844e+00 1.542130532117961650e+02
8.659175419856588007e+00 1.541289996544606993e+02
8.604999784195760171e+00 1.540449460971252336e+02
8.550824148534932334e+00 1.539608925397897679e+02
8.496648512874104497e+00 1.538768389824543021e+02
8.442472877213276661e+00 1.537927854251188364e+02
8.388297241552448824e+00 1.537087318677833707e+02
8.334121605891620987e+00 1.536246783104479050e+02
8.279945970230793151e+00 1.535406247531124393e+02
8.225770334569965314e+00 1.534565711957769736e+02
8.171594698909137477e+00 1.533725176384415079e+02
8.117419063248309641e+00 1.532884640811060422e+02
8.063243427587481804e+00 1.532044105237705764e+02
8.009067791926653967e+00 1.531203569664351107e+02
7.954892156265827019e+00 1.530363034090996450e+02
7.900716520605000071e+00 1.529522498517641793e+02
7.846540884944173122e+00 1.528681962944287136e+02
7.792365249283346174e+00 1.527841427370932479e+02
7.738189613622519225e+00 1.527000891797577822e+02
7.684013977961692277e+00 1.526160356224223165e+02
7.629838342300865328e+00 1.525319820650868508e+02
7.575662706640038380e+00 1.524479285077513850e+02
7.521487070979211431e+00 1.523638749504159193e+02
7.467311435318384483e+00 1.522798213930804536e+02
7.413135799657557534e+00 1.521957678357449879e+02
7.358960163996730586e+00 1.521117142784095222e+02
7.304784528335903637e+00 1.520276607210740565e+02
7.250608892675076689e+00 1.519436071637385908e+02
7.196433257014249740e+00 1.518595536064031251e+02
7.142257621353422792e+00 1.517755000490676593e+02
7.088081985692595843e+00 1.516914464917321936e+02
7.033906350031768895e+00 1.516073929343967279e+02
6.979730714370941946e+00 1.515233393770612622e+02
6.925555078710114998e+00 1.514392858197257965e+02
6.871379443049288049e+00 1.513552322623903308e+02
6.817203807388461101e+00 1.512711787050548651e+02
6.763028171727634152e+00 1.511871251477193994e+02
6.708852536066807204e+00 1.511030715903839337e+02
6.654676900405980255e+00 1.510190180330484679e+02
6.600501264745153307e+00 1.509349644757130022e+02
6.546325629084326359e+00 1.508509109183775365e+02
6.492149993423499410e+00 1.507668573610420708e+02
6.437974357762672462e+00 1.506828038037066051e+02
6.383798722101845513e+00 1.505987502463711394e+02
6.329623086441018565e+00 1.505146966890356737e+02
6.275447450780191616e+00 1.504306431317002080e+02
6.221271815119364668e+00 1.503465895743647422e+02
6.167096179458537719e+00 1.502625360170292765e+02
6.112920543797710771e+00 1.501784824596938108e+02
6.058744908136883822e+00 1.500944289023583451e+02
6.004569272476056874e+00 1.500103753450228794e+02
5.950393636815229925e+00 1.499263217876874137e+02
5.896218001154402977e+00 1.498422682303519480e+02
5.842042365493576028e+00 1.497582146730164823e+02
5.787866729832749080e+00 1.496741611156810166e+02
5.733691094171922131e+00 1.495901075583455508e+02
5.679515458511095183e+00 1.495060540010100851e+02
5.625339822850268234e+00 1.494220004436746194e+02
5.571164187189441286e+00 1.493379468863391537e+02
5.516988551528614337e+00 1.492538933290036880e+02
5.462812915867787389e+00 1.491698397716682223e+02
5.408637280206960440e+00 1.490857862143327566e+02
5.354461644546133492e+00 1.490017326569972909e+02
5.300286008885306543e+00 1.489176790996618251e+02
5.246110373224479595e+00 1.488336255423263594e+02
5.191934737563652646e+00 1.487495719849908937e+02
5.137759101902825698e+00 1.486655184276554280e+02
5.083583466241998750e+00 1.485814648703199623e+02
5.029407830581171801e+00 1.484974113129844966e+02
4.975232194920344853e+00 1.484133577556490309e+02
4.921056559259517904e+00 1.483293041983135652e+02
4.866880923598690956e+00 1.482452506409780995e+02
4.812705287937864007e+00 1.481611970836426337e+02
4.720616839799532727e+00 1.480183217567376346e+02
4.807849856279791112e+00 1.479694300311007282e+02
4.895082872760049497e+00 1.479205383054638219e+02
4.982315889240307882e+00 1.478716465798269155e+02
5.069548905720566268e+00 1.478227548541900092e+02
5.156781922200824653e+00 1.477738631285531028e+02
5.244014938681083038e+00 1.477249714029161964e+02
5.331247955161341423e+00 1.476760796772792901e+02
5.418480971641599808e+00 1.476271879516423837e+02
5.505713988121858193e+00 1.475782962260054774e+02
5.592947004602116579e+00 1.475294045003685710e+02
5.680180021082374964e+00 1.474805127747316646e+02
5.767413037562633349e+00 1.474316210490947583e+02
5.854646054042891734e+00 1.473827293234578519e+02
5.941879070523150119e+00 1.473338375978209456e+02
6.029112087003408504e+00 1.472849458721840392e+02
6.116345103483666890e+00 1.472360541465471329e+02
6.203578119963925275e+00 1.471871624209102265e+02
6.290811136444183660e+00 1.471382706952733201e+02
6.378044152924442045e+00 1.470893789696364138e+02
6.465277169404700430e+00 1.470404872439995074e+02
6.552510185884958815e+00 1.469915955183626011e+02
6.639743202365217201e+00 1.469427037927256947e+02
6.726976218845475586e+00 1.468938120670887884e+02
6.814209235325733971e+00 1.468449203414518820e+02
6.901442251805992356e+00 1.467960286158149756e+02
6.988675268286250741e+00 1.467471368901780693e+02
7.075908284766509126e+00 1.466982451645411629e+02
7.163141301246767512e+00 1.466493534389042566e+02
7.250374317727025897e+00 1.466004617132673502e+02
7.337607334207284282e+00 1.465515699876304438e+02
7.424840350687542667e+00 1.465026782619935375e+02
7.512073367167801052e+00 1.464537865363566311e+02
7.599306383648059438e+00 1.464048948107197248e+02
7.686539400128317823e+00 1.463560030850828184e+02
7.773772416608576208e+00 1.463071113594459121e+02
7.861005433088834593e+00 1.462582196338090057e+02
7.948238449569092978e+00 1.462093279081720993e+02
8.035471466049351363e+00 1.461604361825351930e+02
8.122704482529609749e+00 1.461115444568982866e+02
8.209937499009868134e+00 1.460626527312613803e+02
8.297170515490126519e+00 1.460137610056244739e+02
8.384403531970384904e+00 1.459648692799875676e+02
8.471636548450643289e+00 1.459159775543506612e+02
8.558869564930901674e+00 1.458670858287137548e+02
8.646102581411160060e+00 1.458181941030768485e+02
8.733335597891418445e+00 1.457693023774399421e+02
8.820568614371676830e+00 1.457204106518030358e+02
8.907801630851935215e+00 1.456715189261661294e+02
8.995034647332193600e+00 1.456226272005292230e+02
9.082267663812451985e+00 1.455737354748923167e+02
9.169500680292710371e+00 1.455248437492554103e+02
9.256733696772968756e+00 1.454759520236185040e+02
9.343966713253227141e+00 1.454270602979815976e+02
9.431199729733485526e+00 1.453781685723446913e+02
9.518432746213743911e+00 1.453292768467077849e+02
9.605665762694002296e+00 1.452803851210708785e+02
9.692898779174260682e+00 1.452314933954339722e+02
9.780131795654519067e+00 1.451826016697970658e+02
9.867364812134777452e+00 1.451337099441601595e+02
9.954597828615035837e+00 1.450848182185232531e+02
1.004183084509529422e+01 1.450359264928863468e+02
1.012906386157555261e+01 1.449870347672494404e+02
1.021629687805581099e+01 1.449381430416125340e+02
1.030352989453606938e+01 1.448892513159756277e+02
1.039076291101632776e+01 1.448403595903387213e+02
1.047799592749658615e+01 1.447914678647018150e+02
1.056522894397684453e+01 1.447425761390649086e+02
1.065246196045710292e+01 1.446936844134280022e+02
1.073969497693736130e+01 1.446447926877910959e+02
1.082692799341761969e+01 1.445959009621541895e+02
1.091416100989787807e+01 1.445470092365172832e+02
1.100139402637813646e+01 1.444981175108803768e+02
1.108862704285839484e+01 1.444492257852434705e+02
1.117586005933865323e+01 1.444003340596065641e+02
1.126309307581891161e+01 1.443514423339696577e+02
1.135032609229917000e+01 1.443025506083327514e+02
1.143755910877942839e+01 1.442536588826958450e+02
1.152479212525968677e+01 1.442047671570589387e+02
1.161202514173994516e+01 1.441558754314220323e+02
1.169925815822020354e+01 1.441069837057851259e+02
1.178649117470046193e+01 1.440580919801482196e+02
1.187372419118072031e+01 1.440092002545113132e+02
1.196095720766097870e+01 1.439603085288744069e+02
1.204819022414123708e+01 1.439114168032375005e+02
1.213542324062149547e+01 1.438625250776005942e+02
1.222265625710175385e+01 1.438136333519636878e+02
1.230988927358201224e+01 1.437647416263267814e+02
1.239712229006227062e+01 1.437158499006898751e+02
1.248435530654252901e+01 1.436669581750529687e+02
1.257158832302278739e+01 1.436180664494160624e+02
1.265882133950304578e+01 1.435691747237791560e+02
1.274605435598330416e+01 1.435202829981422497e+02
1.283328737246356255e+01 1.434713912725053433e+02
1.292052038894382093e+01 1.434224995468684369e+02
1.300775340542407932e+01 1.433736078212315306e+02
1.309498642190433770e+01 1.433247160955946242e+02
1.318221943838459609e+01 1.432758243699577179e+02
1.326945245486485447e+01 1.432269326443208115e+02
1.335668547134511286e+01 1.431780409186839051e+02
1.344391848782537124e+01 1.431291491930469988e+02
1.353115150430562963e+01 1.430802574674100924e+02
1.361838452078588801e+01 1.430313657417731861e+02
1.370561753726614640e+01 1.429824740161362797e+02
1.379285055374640478e+01 1.429335822904993734e+02
1.388008357022666317e+01 1.428846905648624670e+02
1.396731658670692156e+01 1.428357988392255606e+02
1.405454960318717994e+01 1.427869071135886543e+02
1.414178261966743833e+01 1.427380153879517479e+02
1.422901563614769671e+01 1.426891236623148416e+02
1.431624865262795510e+01 1.426402319366779352e+02
1.440348166910821348e+01 1.425913402110410289e+02
1.449071468558847187e+01 1.425424484854041225e+02
1.457794770206873025e+01 1.424935567597672161e+02
1.466518071854898864e+01 1.424446650341303098e+02
1.475241373502924702e+01 1.423957733084934034e+02
1.483964675150950541e+01 1.423468815828564971e+02
1.492687976798976379e+01 1.422979898572195907e+02
1.501411278447002218e+01 1.422490981315826843e+02
1.510134580095028056e+01 1.422002064059457780e+02
1.518857881743053895e+01 1.421513146803088716e+02
1.527581183391079733e+01 1.421024229546719653e+02
1.536304485039105572e+01 1.420535312290350589e+02
1.545027786687131410e+01 1.420046395033981526e+02
1.553751088335157249e+01 1.419557477777612462e+02
1.562474389983183087e+01 1.419068560521243398e+02
1.571197691631208926e+01 1.418579643264874335e+02
1.579920993279234764e+01 1.418090726008505271e+02
1.588644294927260603e+01 1.417601808752136208e+02
1.597367596575286441e+01 1.417112891495767144e+02
1.606090898223312280e+01 1.416623974239398080e+02
1.614814199871338118e+01 1.416135056983029017e+02
1.623537501519363957e+01 1.415646139726659953e+02
1.632260803167389795e+01 1.415157222470290890e+02
1.640984104815415634e+01 1.414668305213921826e+02
1.649707406463441473e+01 1.414179387957552763e+02
1.658430708111467311e+01 1.413690470701183699e+02
1.667154009759493150e+01 1.413201553444814635e+02
1.675877311407518988e+01 1.412712636188445572e+02
1.684600613055544827e+01 1.412223718932076508e+02
1.693323914703570665e+01 1.411734801675707445e+02
1.702047216351596504e+01 1.411245884419338381e+02
1.710770517999622342e+01 1.410756967162969318e+02
1.719493819647648181e+01 1.410268049906600254e+02
1.728217121295674019e+01 1.409779132650231190e+02
1.736940422943699858e+01 1.409290215393862127e+02
1.745663724591725696e+01 1.408801298137493063e+02
1.754387026239751535e+01 1.408312380881124000e+02
1.763110327887777373e+01 1.407823463624754936e+02
1.771833629535803212e+01 1.407334546368385872e+02
1.780556931183829050e+01 1.406845629112016809e+02
1.789280232831854889e+01 1.406356711855647745e+02
1.798003534479880727e+01 1.405867794599278682e+02
1.806726836127906566e+01 1.405378877342909618e+02
1.815450137775932404e+01 1.404889960086540555e+02
1.824173439423958243e+01 1.404401042830171491e+02
1.832896741071984081e+01 1.403912125573802427e+02
1.841620042720009920e+01 1.403423208317433364e+02
1.850343344368035758e+01 1.402934291061064300e+02
1.859066646016061597e+01 1.402445373804695237e+02
1.867789947664087435e+01 1.401956456548326173e+02
1.876513249312113274e+01 1.401467539291957110e+02
1.885236550960139112e+01 1.400978622035588046e+02
1.893959852608164951e+01 1.400489704779218982e+02
1.902683154256190790e+01 1.400000787522849919e+02
1.911406455904216628e+01 1.399511870266480855e+02
1.920129757552242467e+01 1.399022953010111792e+02
1.928853059200268305e+01 1.398534035753742728e+02
1.937576360848294144e+01 1.398045118497373664e+02
1.946299662496319982e+01 1.397556201241004601e+02
1.955022964144345821e+01 1.397067283984635537e+02
1.963746265792371659e+01 1.396578366728266474e+02
1.972469567440397498e+01 1.396089449471897410e+02
1.981192869088423336e+01 1.395600532215528347e+02
1.989916170736449175e+01 1.395111614959159283e+02
1.998639472384475013e+01 1.394622697702790219e+02
2.007362774032500852e+01 1.394133780446421156e+02
2.016086075680526690e+01 1.393644863190052092e+02
2.024809377328552529e+01 1.393155945933683029e+02
2.033532678976578367e+01 1.392667028677313965e+02
2.042255980624604206e+01 1.392178111420944902e+02
2.050979282272630044e+01 1.391689194164575838e+02
2.059702583920655883e+01 1.391200276908206774e+02
2.068425885568681721e+01 1.390711359651837711e+02
2.077149187216707560e+01 1.390222442395468647e+02
2.085872488864733398e+01 1.389733525139099584e+02
2.094595790512759237e+01 1.389244607882730520e+02
2.103319092160785075e+01 1.388755690626361456e+02
2.112042393808810914e+01 1.388266773369992393e+02
2.120765695456836752e+01 1.387777856113623329e+02
2.129488997104862591e+01 1.387288938857254266e+02
2.138212298752888429e+01 1.386800021600885202e+02
2.146935600400914268e+01 1.386311104344516139e+02
2.155658902048940107e+01 1.385822187088147075e+02
2.164382203696965945e+01 1.385333269831778011e+02
2.173105505344991784e+01 1.384844352575408948e+02
2.181828806993017622e+01 1.384355435319039884e+02
2.190552108641043461e+01 1.383866518062670821e+02
2.199275410289069299e+01 1.383377600806301757e+02
2.207998711937095138e+01 1.382888683549932693e+02
2.216722013585120976e+01 1.382399766293563630e+02
2.225445315233146815e+01 1.381910849037194566e+02
2.234168616881172653e+01 1.381421931780825503e+02
2.245109458834544824e+01 1.380808727440759185e+02
2.247109063250373140e+01 1.381788531411868632e+02
2.249108667666201455e+01 1.382768335382978080e+02
2.251108272082029771e+01 1.383748139354087527e+02
2.253107876497858086e+01 1.384727943325196975e+02
2.255107480913686402e+01 1.385707747296306422e+02
2.257107085329514717e+01 1.386687551267415870e+02
2.259106689745343033e+01 1.387667355238525317e+02
2.261106294161171348e+01 1.388647159209634765e+02
2.263105898576999664e+01 1.389626963180744212e+02
2.265105502992827979e+01 1.390606767151853660e+02
2.267105107408656295e+01 1.391586571122963107e+02
2.269104711824484610e+01 1.392566375094072555e+02
2.271104316240312926e+01 1.393546179065182002e+02
2.273103920656141241e+01 1.394525983036291450e+02
2.275103525071969557e+01 1.395505787007400897e+02
2.277103129487797872e+01 1.396485590978510345e+02
2.279102733903626188e+01 1.397465394949619792e+02
2.281102338319454503e+01 1.398445198920729240e+02
2.283101942735282819e+01 1.399425002891838687e+02
2.285101547151111134e+01 1.400404806862948135e+02
2.287101151566939450e+01 1.401384610834057582e+02
2.289100755982767765e+01 1.402364414805167030e+02
2.291100360398596081e+01 1.403344218776276477e+02
2.293099964814424396e+01 1.404324022747385925e+02
2.295099569230252712e+01 1.405303826718495372e+02
2.297099173646081027e+01 1.406283630689604820e+02
2.299098778061909343e+01 1.407263434660714267e+02
2.301098382477737658e+01 1.408243238631823715e+02
2.303097986893565974e+01 1.409223042602933162e+02
2.305097591309394289e+01 1.410202846574042610e+02
2.307097195725222605e+01 1.411182650545152057e+02
2.309096800141050920e+01 1.412162454516261505e+02
2.311096404556879236e+01 1.413142258487370952e+02
2.313096008972707551e+01 1.414122062458480400e+02
2.315095613388535867e+01 1.415101866429589847e+02
2.317095217804364182e+01 1.416081670400699295e+02
2.319094822220192498e+01 1.417061474371808742e+02
2.321094426636020813e+01 1.418041278342918190e+02
2.323094031051849129e+01 1.419021082314027637e+02
2.325093635467677444e+01 1.420000886285137085e+02
2.327093239883505760e+01 1.420980690256246532e+02
2.329092844299334075e+01 1.421960494227355980e+02
2.331092448715162391e+01 1.422940298198465428e+02
2.333092053130990706e+01 1.423920102169574875e+02
2.335091657546819022e+01 1.424899906140684323e+02
2.337091261962647337e+01 1.425879710111793770e+02
2.339090866378475653e+01 1.426859514082903218e+02
2.341090470794303968e+01 1.427839318054012665e+02
2.343090075210132284e+01 1.428819122025122113e+02
2.345089679625960599e+01 1.429798925996231560e+02
2.347089284041788915e+01 1.430778729967341008e+02
2.349088888457617230e+01 1.431758533938450455e+02
2.351088492873445546e+01 1.432738337909559903e+02
2.353088097289273861e+01 1.433718141880669350e+02
2.355087701705102177e+01 1.434697945851778798e+02
2.357087306120930492e+01 1.435677749822888245e+02
2.359086910536758808e+01 1.436657553793997693e+02
2.361086514952587123e+01 1.437637357765107140e+02
2.363086119368415439e+01 1.438617161736216588e+02
2.365085723784243754e+01 1.439596965707326035e+02
2.367085328200072070e+01 1.440576769678435483e+02
2.369084932615900385e+01 1.441556573649544930e+02
2.371084537031728701e+01 1.442536377620654378e+02
2.373084141447557016e+01 1.443516181591763825e+02
2.375083745863385332e+01 1.444495985562873273e+02
2.377083350279213647e+01 1.445475789533982720e+02
2.379082954695041963e+01 1.446455593505092168e+02
2.381082559110870278e+01 1.447435397476201615e+02
2.383082163526698594e+01 1.448415201447311063e+02
2.385081767942526909e+01 1.449395005418420510e+02
2.387081372358355225e+01 1.450374809389529958e+02
2.389080976774183540e+01 1.451354613360639405e+02
2.391080581190011856e+01 1.452334417331748853e+02
2.393080185605840171e+01 1.453314221302858300e+02
2.395079790021668487e+01 1.454294025273967748e+02
2.397079394437496802e+01 1.455273829245077195e+02
2.399078998853325118e+01 1.456253633216186643e+02
2.401078603269153433e+01 1.457233437187296090e+02
2.403078207684981749e+01 1.458213241158405538e+02
2.405077812100810064e+01 1.459193045129514985e+02
2.407077416516638380e+01 1.460172849100624433e+02
2.409077020932466695e+01 1.461152653071733880e+02
2.411076625348295011e+01 1.462132457042843328e+02
2.413076229764123326e+01 1.463112261013952775e+02
2.415075834179951642e+01 1.464092064985062223e+02
2.417075438595779957e+01 1.465071868956171670e+02
2.419075043011608273e+01 1.466051672927281118e+02
2.421074647427436588e+01 1.467031476898390565e+02
2.423074251843264904e+01 1.468011280869500013e+02
2.425073856259093219e+01 1.468991084840609460e+02
2.427073460674921535e+01 1.469970888811718908e+02
2.429073065090749850e+01 1.470950692782828355e+02
2.431072669506578166e+01 1.471930496753937803e+02
2.433072273922406481e+01 1.472910300725047250e+02
2.435071878338234797e+01 1.473890104696156698e+02
2.437071482754063112e+01 1.474869908667266145e+02
2.439071087169891427e+01 1.475849712638375593e+02
2.441070691585719743e+01 1.476829516609485040e+02
2.443070296001548058e+01 1.477809320580594488e+02
2.445069900417376374e+01 1.478789124551703935e+02
2.447069504833204689e+01 1.479768928522813383e+02
2.449069109249033005e+01 1.480748732493922830e+02
2.451068713664861320e+01 1.481728536465032278e+02
2.453068318080689636e+01 1.482708340436141725e+02
2.455067922496517951e+01 1.483688144407251173e+02
2.457067526912346267e+01 1.484667948378360620e+02
2.459067131328174582e+01 1.485647752349470068e+02
2.461066735744002898e+01 1.486627556320579515e+02
2.463066340159831213e+01 1.487607360291688963e+02
2.465065944575659529e+01 1.488587164262798410e+02
2.467065548991487844e+01 1.489566968233907858e+02
2.469065153407316160e+01 1.490546772205017305e+02
2.471064757823144475e+01 1.491526576176126753e+02
2.473064362238972791e+01 1.492506380147236200e+02
2.475063966654801106e+01 1.493486184118345648e+02
2.477063571070629422e+01 1.494465988089455095e+02
2.479063175486457737e+01 1.495445792060564543e+02
2.481062779902286053e+01 1.496425596031673990e+02
2.483062384318114368e+01 1.497405400002783438e+02
2.485061988733942684e+01 1.498385203973892885e+02
2.487061593149770999e+01 1.499365007945002333e+02
2.489061197565599315e+01 1.500344811916111780e+02
2.491060801981427630e+01 1.501324615887221228e+02
2.493060406397255946e+01 1.502304419858330675e+02
2.495060010813084261e+01 1.503284223829440123e+02
2.497059615228912577e+01 1.504264027800549570e+02
2.499059219644740892e+01 1.505243831771659018e+02
2.501058824060569208e+01 1.506223635742768465e+02
2.503058428476397523e+01 1.507203439713877913e+02
2.505058032892225839e+01 1.508183243684987360e+02
2.507057637308054154e+01 1.509163047656096808e+02
2.509057241723882470e+01 1.510142851627206255e+02
2.511056846139710785e+01 1.511122655598315703e+02
2.513056450555539101e+01 1.512102459569425150e+02
2.515056054971367416e+01 1.513082263540534598e+02
2.517055659387195732e+01 1.514062067511644045e+02
2.519055263803024047e+01 1.515041871482753493e+02
2.521054868218852363e+01 1.516021675453862940e+02
2.523054472634680678e+01 1.517001479424972388e+02
2.525054077050508994e+01 1.517981283396081835e+02
2.527053681466337309e+01 1.518961087367191283e+02
2.529053285882165625e+01 1.519940891338300730e+02
2.531052890297993940e+01 1.520920695309410178e+02
2.533052494713822256e+01 1.521900499280519625e+02
2.535052099129650571e+01 1.522880303251629073e+02
2.537051703545478887e+01 1.523860107222738520e+02
2.539051307961307202e+01 1.524839911193847968e+02
2.541050912377135518e+01 1.525819715164957415e+02
2.543050516792963833e+01 1.526799519136066863e+02
2.545050121208792149e+01 1.527779323107176310e+02
2.547049725624620464e+01 1.528759127078285758e+02
2.549049330040448780e+01 1.529738931049395205e+02
2.551048934456277095e+01 1.530718735020504653e+02
2.553048538872105411e+01 1.531698538991614100e+02
2.555048143287933726e+01 1.532678342962723548e+02
2.557047747703762042e+01 1.533658146933832995e+02
2.559047352119590357e+01 1.534637950904942443e+02
2.561046956535418673e+01 1.535617754876051890e+02
2.563046560951246988e+01 1.536597558847161338e+02
2.565046165367075304e+01 1.537577362818270785e+02
2.567045769782903619e+01 1.538557166789380233e+02
2.569045374198731935e+01 1.539536970760489680e+02
2.571044978614560250e+01 1.540516774731599128e+02
2.573044583030388566e+01 1.541496578702708575e+02
2.575044187446216881e+01 1.542476382673818023e+02
2.577043791862045197e+01 1.543456186644927470e+02
2.579043396277873512e+01 1.544435990616036918e+02
2.581043000693701828e+01 1.545415794587146365e+02
2.583042605109530143e+01 1.546395598558255813e+02
2.585042209525358459e+01 1.547375402529365260e+02
2.587041813941186774e+01 1.548355206500474708e+02
2.589041418357015090e+01 1.549335010471584155e+02
2.591041022772843405e+01 1.550314814442693603e+02
2.593040627188671721e+01 1.551294618413803050e+02
2.595040231604500036e+01 1.552274422384912498e+02
2.597039836020328352e+01 1.553254226356021945e+02
2.599039440436156667e+01 1.554234030327131393e+02
2.601039044851984983e+01 1.555213834298240840e+02
2.603038649267813298e+01 1.556193638269350288e+02
2.605038253683641614e+01 1.557173442240459735e+02
2.607037858099469929e+01 1.558153246211569183e+02
2.609037462515298245e+01 1.559133050182678630e+02
2.611037066931126560e+01 1.560112854153788078e+02
2.613036671346954876e+01 1.561092658124897525e+02
2.615036275762783191e+01 1.562072462096006973e+02
2.617035880178611507e+01 1.563052266067116420e+02
2.619035484594439822e+01 1.564032070038225868e+02
2.621035089010268138e+01 1.565011874009335315e+02
2.623034693426096453e+01 1.565991677980444763e+02
2.625034297841924769e+01 1.566971481951554210e+02
2.627033902257753084e+01 1.567951285922663658e+02
2.629033506673581400e+01 1.568931089893773105e+02
2.631033111089409715e+01 1.569910893864882553e+02
2.633032715505238031e+01 1.570890697835992000e+02
2.635032319921066346e+01 1.571870501807101448e+02
2.637031924336894662e+01 1.572850305778210895e+02
2.639031528752722977e+01 1.573830109749320343e+02
2.641031133168551293e+01 1.574809913720429790e+02
2.643030737584379608e+01 1.575789717691539238e+02
2.645030342000207924e+01 1.576769521662648685e+02
2.647029946416036239e+01 1.577749325633758133e+02
2.649029550831864555e+01 1.578729129604867580e+02
2.651029155247692870e+01 1.579708933575977028e+02
2.653028759663521186e+01 1.580688737547086475e+02
2.655028364079349501e+01 1.581668541518195923e+02
2.657027968495177817e+01 1.582648345489305370e+02
2.659027572911006132e+01 1.583628149460414818e+02
2.661027177326834448e+01 1.584607953431524265e+02
2.663026781742662763e+01 1.585587757402633713e+02
2.665026386158491079e+01 1.586567561373743160e+02
2.667025990574319394e+01 1.587547365344852608e+02
2.669025594990147709e+01 1.588527169315962055e+02
2.671025199405976025e+01 1.589506973287071503e+02
2.673024803821804340e+01 1.590486777258180950e+02
2.675024408237632656e+01 1.591466581229290398e+02
2.677024012653460971e+01 1.592446385200399845e+02
2.679023617069289287e+01 1.593426189171509293e+02
2.681023221485117602e+01 1.594405993142618740e+02
2.683022825900945918e+01 1.595385797113728188e+02
2.685022430316774233e+01 1.596365601084837635e+02
2.687022034732602549e+01 1.597345405055947083e+02
2.689021639148430864e+01 1.598325209027056530e+02
2.691021243564259180e+01 1.599305012998165978e+02
2.693020847980087495e+01 1.600284816969275425e+02
2.695020452395915811e+01 1.601264620940384873e+02
2.697020056811744126e+01 1.602244424911494320e+02
2.699019661227572442e+01 1.603224228882603768e+02
2.701019265643400757e+01 1.604204032853713215e+02
2.703018870059229073e+01 1.605183836824822663e+02
2.705018474475057388e+01 1.606163640795932110e+02
2.707018078890885704e+01 1.607143444767041558e+02
2.709017683306714019e+01 1.608123248738151005e+02
2.711017287722542335e+01 1.609103052709260453e+02
2.713016892138370650e+01 1.610082856680369900e+02
2.715016496554198966e+01 1.611062660651479348e+02
2.717016100970027281e+01 1.612042464622588795e+02
2.719015705385855597e+01 1.613022268593698243e+02
2.721015309801683912e+01 1.614002072564807690e+02
2.723014914217512228e+01 1.614981876535917138e+02
2.725014518633340543e+01 1.615961680507026585e+02
2.727014123049168859e+01 1.616941484478136033e+02
2.729013727464997174e+01 1.617921288449245480e+02
2.731013331880825490e+01 1.618901092420354928e+02
2.733012936296653805e+01 1.619880896391464375e+02
2.735012540712482121e+01 1.620860700362573823e+02
2.737012145128310436e+01 1.621840504333683270e+02
2.739011749544138752e+01 1.622820308304792718e+02
2.741011353959967067e+01 1.623800112275902165e+02
2.743010958375795383e+01 1.624779916247011613e+02
2.745010562791623698e+01 1.625759720218121060e+02
2.747010167207452014e+01 1.626739524189230508e+02
2.749009771623280329e+01 1.627719328160339956e+02
2.751009376039108645e+01 1.628699132131449403e+02
2.753008980454936960e+01 1.629678936102558851e+02
2.755008584870765276e+01 1.630658740073668298e+02
2.757008189286593591e+01 1.631638544044777746e+02
2.759007793702421907e+01 1.632618348015887193e+02
2.761007398118250222e+01 1.633598151986996641e+02
2.763007002534078538e+01 1.634577955958106088e+02
2.765006606949906853e+01 1.635557759929215536e+02
2.767006211365735169e+01 1.636537563900324983e+02
2.769005815781563484e+01 1.637517367871434431e+02
2.771005420197391800e+01 1.638497171842543878e+02
2.773005024613220115e+01 1.639476975813653326e+02
2.775004629029048431e+01 1.640456779784762773e+02
2.777004233444876746e+01 1.641436583755872221e+02
2.779003837860705062e+01 1.642416387726981668e+02
2.781003442276533377e+01 1.643396191698091116e+02
2.783003046692361693e+01 1.644375995669200563e+02
2.785002651108190008e+01 1.645355799640310011e+02
2.787002255524018324e+01 1.646335603611419458e+02
2.789001859939846639e+01 1.647315407582528906e+02
2.791001464355674955e+01 1.648295211553638353e+02
2.793001068771503270e+01 1.649275015524747801e+02
2.795000673187331586e+01 1.650254819495857248e+02
2.797000277603159901e+01 1.651234623466966696e+02
2.798999882018988217e+01 1.652214427438076143e+02
2.800999486434816532e+01 1.653194231409185591e+02
2.802999090850644848e+01 1.654174035380295038e+02
2.804998695266473163e+01 1.655153839351404486e+02
2.806998299682301479e+01 1.656133643322513933e+02
2.808997904098129794e+01 1.657113447293623381e+02
2.810997508513958110e+01 1.658093251264732828e+02
2.812997112929786425e+01 1.659073055235842276e+02
2.814996717345614741e+01 1.660052859206951723e+02
2.816996321761443056e+01 1.661032663178061171e+02
2.818995926177271372e+01 1.662012467149170618e+02
2.820995530593099687e+01 1.662992271120280066e+02
2.822995135008928003e+01 1.663972075091389513e+02
2.824994739424756318e+01 1.664951879062498961e+02
2.826994343840584634e+01 1.665931683033608408e+02
2.828993948256412949e+01 1.666911487004717856e+02
2.830993552672241265e+01 1.667891290975827303e+02
2.832993157088069580e+01 1.668871094946936751e+02
2.834992761503897896e+01 1.669850898918046198e+02
2.836992365919726211e+01 1.670830702889155646e+02
2.838991970335554527e+01 1.671810506860265093e+02
2.840991574751382842e+01 1.672790310831374541e+02
2.842991179167211158e+01 1.673770114802483988e+02
2.844990783583039473e+01 1.674749918773593436e+02
2.846990387998867789e+01 1.675729722744702883e+02
2.848989992414696104e+01 1.676709526715812331e+02
2.850989596830524420e+01 1.677689330686921778e+02
2.852989201246352735e+01 1.678669134658031226e+02
2.854988805662181051e+01 1.679648938629140673e+02
2.856988410078009366e+01 1.680628742600250121e+02
2.858988014493837682e+01 1.681608546571359568e+02
2.860987618909665997e+01 1.682588350542469016e+02
2.862987223325494313e+01 1.683568154513578463e+02
2.864986827741322628e+01 1.684547958484687911e+02
2.866986432157150944e+01 1.685527762455797358e+02
2.868986036572979259e+01 1.686507566426906806e+02
2.870985640988807575e+01 1.687487370398016253e+02
2.872985245404635890e+01 1.688467174369125701e+02
2.874984849820464206e+01 1.689446978340235148e+02
2.876984454236292521e+01 1.690426782311344596e+02
2.878984058652120837e+01 1.691406586282454043e+02
2.880983663067949152e+01 1.692386390253563491e+02
2.882983267483777468e+01 1.693366194224672938e+02
2.884982871899605783e+01 1.694345998195782386e+02
2.886982476315434099e+01 1.695325802166891833e+02
2.888982080731262414e+01 1.696305606138001281e+02
2.890981685147090730e+01 1.697285410109110728e+02
2.892981289562919045e+01 1.698265214080220176e+02
2.894980893978747361e+01 1.699245018051329623e+02
2.896980498394575676e+01 1.700224822022439071e+02
2.898980102810403991e+01 1.701204625993548518e+02
2.900979707226232307e+01 1.702184429964657966e+02
2.902979311642060622e+01 1.703164233935767413e+02
2.904978916057888938e+01 1.704144037906876861e+02
2.906978520473717253e+01 1.705123841877986308e+02
2.908978124889545569e+01 1.706103645849095756e+02
2.910977729305373884e+01 1.707083449820205203e+02
2.912977333721202200e+01 1.708063253791314651e+02
2.914976938137030515e+01 1.709043057762424098e+02
2.916976542552858831e+01 1.710022861733533546e+02
2.918976146968687146e+01 1.711002665704642993e+02
2.920975751384515462e+01 1.711982469675752441e+02
2.922975355800343777e+01 1.712962273646861888e+02
2.924974960216172093e+01 1.713942077617971336e+02
2.926974564632000408e+01 1.714921881589080783e+02
2.928974169047828724e+01 1.715901685560190231e+02
2.930973773463657039e+01 1.716881489531299678e+02
2.932973377879485355e+01 1.717861293502409126e+02
2.934972982295313670e+01 1.718841097473518573e+02
2.936972586711141986e+01 1.719820901444628021e+02
2.938972191126970301e+01 1.720800705415737468e+02
2.940971795542798617e+01 1.721780509386846916e+02
2.942971399958626932e+01 1.722760313357956363e+02
2.944971004374455248e+01 1.723740117329065811e+02
2.946970608790283563e+01 1.724719921300175258e+02
2.948970213206111879e+01 1.725699725271284706e+02
2.950969817621940194e+01 1.726679529242394153e+02
2.952969422037768510e+01 1.727659333213503601e+02
2.954969026453596825e+01 1.728639137184613048e+02
2.956968630869425141e+01 1.729618941155722496e+02
2.958968235285253456e+01 1.730598745126831943e+02
2.960967839701081772e+01 1.731578549097941391e+02
2.962967444116910087e+01 1.732558353069050838e+02
2.964967048532738403e+01 1.733538157040160286e+02
2.966966652948566718e+01 1.734517961011269733e+02
2.968966257364395034e+01 1.735497764982379181e+02
2.970965861780223349e+01 1.736477568953488628e+02
2.972965466196051665e+01 1.737457372924598076e+02
2.974965070611879980e+01 1.738437176895707523e+02
2.976964675027708296e+01 1.739416980866816971e+02
2.978964279443536611e+01 1.740396784837926418e+02
2.980963883859364927e+01 1.741376588809035866e+02
2.982963488275193242e+01 1.742356392780145313e+02
2.984963092691021558e+01 1.743336196751254761e+02
2.986962697106849873e+01 1.744316000722364208e+02
2.988962301522678189e+01 1.745295804693473656e+02
2.990961905938506504e+01 1.746275608664583103e+02
2.992961510354334820e+01 1.747255412635692551e+02
2.994961114770163135e+01 1.748235216606801998e+02
2.996960719185991451e+01 1.749215020577911446e+02
2.998960323601819766e+01 1.750194824549020893e+02
3.000959928017648082e+01 1.751174628520130341e+02
3.002959532433476397e+01 1.752154432491239788e+02
3.004959136849304713e+01 1.753134236462349236e+02
3.006958741265133028e+01 1.754114040433458683e+02
3.008958345680961344e+01 1.755093844404568131e+02
3.010957950096789659e+01 1.756073648375677578e+02
3.012957554512617975e+01 1.757053452346787026e+02
3.014957158928446290e+01 1.758033256317896473e+02
3.016956763344274606e+01 1.759013060289005921e+02
3.018956367760102921e+01 1.759992864260115368e+02
3.020955972175931237e+01 1.760972668231224816e+02
3.022955576591759552e+01 1.761952472202334263e+02
3.024955181007587868e+01 1.762932276173443711e+02
3.026954785423416183e+01 1.763912080144553158e+02
3.028954389839244499e+01 1.764891884115662606e+02
3.030953994255072814e+01 1.765871688086772053e+02
3.032953598670901130e+01 1.766851492057881501e+02
3.034953203086729445e+01 1.767831296028990948e+02
3.036952807502557761e+01 1.768811100000100396e+02
3.038952411918386076e+01 1.769790903971209843e+02
3.040952016334214392e+01 1.770770707942319291e+02
3.042951620750042707e+01 1.771750511913428738e+02
3.044951225165871023e+01 1.772730315884538186e+02
3.046950829581699338e+01 1.773710119855647633e+02
3.048950433997527654e+01 1.774689923826757081e+02
3.050950038413355969e+01 1.775669727797866528e+02
3.052949642829184285e+01 1.776649531768975976e+02
3.054949247245012600e+01 1.777629335740085423e+02
3.056948851660840916e+01 1.778609139711194871e+02
3.058948456076669231e+01 1.779588943682304318e+02
3.060948060492497547e+01 1.780568747653413766e+02
3.062947664908325862e+01 1.781548551624523213e+02
3.064947269324154178e+01 1.782528355595632661e+02
3.066946873739982493e+01 1.783508159566742108e+02
3.068946478155810809e+01 1.784487963537851556e+02
3.070946082571639124e+01 1.785467767508961003e+02
3.072945686987467440e+01 1.786447571480070451e+02
3.074945291403295755e+01 1.787427375451179898e+02
3.076944895819124071e+01 1.788407179422289346e+02
3.078944500234952386e+01 1.789386983393398793e+02
3.080944104650780702e+01 1.790366787364508241e+02
3.082943709066609017e+01 1.791346591335617688e+02
3.084943313482437333e+01 1.792326395306727136e+02
3.086942917898265648e+01 1.793306199277836583e+02
3.088942522314093964e+01 1.794286003248946031e+02
3.090942126729922279e+01 1.795265807220055478e+02
3.092941731145750595e+01 1.796245611191164926e+02
3.094941335561578910e+01 1.797225415162274373e+02
3.096940939977407226e+01 1.798205219133383821e+02
3.098940544393235541e+01 1.799185023104493268e+02
3.100940148809063857e+01 1.800164827075602716e+02
3.102939753224892172e+01 1.801144631046712163e+02
3.104939357640720488e+01 1.802124435017821611e+02
3.106938962056548803e+01 1.803104238988931058e+02
3.108938566472377119e+01 1.804084042960040506e+02
3.110938170888205434e+01 1.805063846931149953e+02
3.112937775304033750e+01 1.806043650902259401e+02
3.114937379719862065e+01 1.807023454873368848e+02
3.116936984135690381e+01 1.808003258844478296e+02
3.118936588551518696e+01 1.808983062815587743e+02
3.120936192967347012e+01 1.809962866786697191e+02
3.122935797383175327e+01 1.810942670757806638e+02
3.124935401799003643e+01 1.811922474728916086e+02
3.126935006214831958e+01 1.812902278700025533e+02
3.128934610630660274e+01 1.813882082671134981e+02
3.130934215046488589e+01 1.814861886642244428e+02
3.132933819462316904e+01 1.815841690613353876e+02
3.134933423878145220e+01 1.816821494584463323e+02
3.136933028293973535e+01 1.817801298555572771e+02
3.138932632709801851e+01 1.818781102526682218e+02
3.140932237125630166e+01 1.819760906497791666e+02
3.142931841541458482e+01 1.820740710468901113e+02
3.144931445957286797e+01 1.821720514440010561e+02
3.146931050373115113e+01 1.822700318411120008e+02
3.148930654788943428e+01 1.823680122382229456e+02
3.150930259204771744e+01 1.824659926353338903e+02
3.152929863620600059e+01 1.825639730324448351e+02
3.154929468036428375e+01 1.826619534295557798e+02
3.156929072452256690e+01 1.827599338266667246e+02
3.158928676868085006e+01 1.828579142237776693e+02
3.160928281283913321e+01 1.829558946208886141e+02
3.162927885699741637e+01 1.830538750179995588e+02
3.164927490115569952e+01 1.831518554151105036e+02
3.166927094531398268e+01 1.832498358122214484e+02
3.168926698947226583e+01 1.833478162093323931e+02
3.170926303363054899e+01 1.834457966064433379e+02
3.172925907778883214e+01 1.835437770035542826e+02
3.174925512194711530e+01 1.836417574006652274e+02
3.176925116610539845e+01 1.837397377977761721e+02
3.178924721026368161e+01 1.838377181948871169e+02
3.180924325442196476e+01 1.839356985919980616e+02
3.182923929858024792e+01 1.840336789891090064e+02
3.184923534273853107e+01 1.841316593862199511e+02
3.186923138689681423e+01 1.842296397833308959e+02
3.188922743105509738e+01 1.843276201804418406e+02
3.190922347521338054e+01 1.844256005775527854e+02
3.192921951937166369e+01 1.845235809746637301e+02
3.194921556352994685e+01 1.846215613717746749e+02
3.196921160768823000e+01 1.847195417688856196e+02
3.198920765184651316e+01 1.848175221659965644e+02
3.200920369600479631e+01 1.849155025631075091e+02
3.202919974016307947e+01 1.850134829602184539e+02
3.204919578432136262e+01 1.851114633573293986e+02
3.206919182847964578e+01 1.852094437544403434e+02
3.208918787263792893e+01 1.853074241515512881e+02
3.210918391679621209e+01 1.854054045486622329e+02
3.212917996095449524e+01 1.855033849457731776e+02
3.214917600511277840e+01 1.856013653428841224e+02
3.216917204927106155e+01 1.856993457399950671e+02
3.218916809342934471e+01 1.857973261371060119e+02
3.220916413758762786e+01 1.858953065342169566e+02
3.222916018174591102e+01 1.859932869313279014e+02
3.224915622590419417e+01 1.860912673284388461e+02
3.226915227006247733e+01 1.861892477255497909e+02
3.228914831422076048e+01 1.862872281226607356e+02
3.230914435837904364e+01 1.863852085197716804e+02
3.232914040253732679e+01 1.864831889168826251e+02
3.234913644669560995e+01 1.865811693139935699e+02
3.236913249085389310e+01 1.866791497111045146e+02
3.238912853501217626e+01 1.867771301082154594e+02
3.240912457917045941e+01 1.868751105053264041e+02
3.242912062332874257e+01 1.869730909024373489e+02
3.244911666748702572e+01 1.870710712995482936e+02
3.246911271164530888e+01 1.871690516966592384e+02
3.248910875580359203e+01 1.872670320937701831e+02
3.250910479996187519e+01 1.873650124908811279e+02
3.252910084412015834e+01 1.874629928879920726e+02
3.254909688827844150e+01 1.875609732851030174e+02
3.256909293243672465e+01 1.876589536822139621e+02
3.258908897659500781e+01 1.877569340793249069e+02
3.260908502075329096e+01 1.878549144764358516e+02
3.262908106491157412e+01 1.879528948735467964e+02
3.264907710906985727e+01 1.880508752706577411e+02
3.266907315322814043e+01 1.881488556677686859e+02
3.268906919738642358e+01 1.882468360648796306e+02
3.270906524154470674e+01 1.883448164619905754e+02
3.272906128570298989e+01 1.884427968591015201e+02
3.274905732986127305e+01 1.885407772562124649e+02
3.276905337401955620e+01 1.886387576533234096e+02
3.278904941817783936e+01 1.887367380504343544e+02
3.280904546233612251e+01 1.888347184475452991e+02
3.282904150649440567e+01 1.889326988446562439e+02
3.284903755065268882e+01 1.890306792417671886e+02
3.286903359481097198e+01 1.891286596388781334e+02
3.288902963896925513e+01 1.892266400359890781e+02
3.290902568312753829e+01 1.893246204331000229e+02
3.292902172728582144e+01 1.894226008302109676e+02
3.294901777144410460e+01 1.895205812273219124e+02
3.296901381560238775e+01 1.896185616244328571e+02
3.298900985976067091e+01 1.897165420215438019e+02
3.300900590391895406e+01 1.898145224186547466e+02
3.302900194807723722e+01 1.899125028157656914e+02
3.304899799223552037e+01 1.900104832128766361e+02
3.306899403639380353e+01 1.901084636099875809e+02
3.308899008055208668e+01 1.902064440070985256e+02
3.310898612471036984e+01 1.903044244042094704e+02
3.312898216886865299e+01 1.904024048013204151e+02
3.314897821302693615e+01 1.905003851984313599e+02
3.316897425718521930e+01 1.905983655955423046e+02
3.318897030134350246e+01 1.906963459926532494e+02
3.320896634550178561e+01 1.907943263897641941e+02
3.322896238966006877e+01 1.908923067868751389e+02
3.324895843381835192e+01 1.909902871839860836e+02
3.326895447797663508e+01 1.910882675810970284e+02
3.328895052213491823e+01 1.911862479782079731e+02
3.330894656629320139e+01 1.912842283753189179e+02
3.332894261045148454e+01 1.913822087724298626e+02
3.334893865460976770e+01 1.914801891695408074e+02
3.336893469876805085e+01 1.915781695666517521e+02
3.338893074292633401e+01 1.916761499637626969e+02
3.340892678708461716e+01 1.917741303608736416e+02
3.342892283124290032e+01 1.918721107579845864e+02
3.344891887540118347e+01 1.919700911550955311e+02
3.346891491955946663e+01 1.920680715522064759e+02
3.348891096371774978e+01 1.921660519493174206e+02
3.350890700787603294e+01 1.922640323464283654e+02
3.352890305203431609e+01 1.923620127435393101e+02
3.354889909619259925e+01 1.924599931406502549e+02
3.356889514035088240e+01 1.925579735377611996e+02
3.358889118450916556e+01 1.926559539348721444e+02
3.360888722866744871e+01 1.927539343319830891e+02
3.363414345949764339e+01 1.928776895861103924e+02
