1.206890299399065327e+02 1.354375106697532374e+02
1.205970453591915685e+02 1.354767386815648536e+02
1.205050607784766044e+02 1.355159666933764697e+02
1.204130761977616402e+02 1.355551947051880859e+02
1.203210916170466760e+02 1.355944227169997021e+02
1.202291070363317118e+02 1.356336507288113182e+02
1.201371224556167476e+02 1.356728787406229344e+02
1.200451378749017834e+02 1.357121067524345506e+02
1.199531532941868193e+02 1.357513347642461667e+02
1.198611687134718551e+02 1.357905627760577829e+02
1.197691841327568909e+02 1.358297907878693991e+02
1.196771995520419267e+02 1.358690187996810153e+02
1.195852149713269625e+02 1.359082468114926314e+02
1.194932303906119984e+02 1.359474748233042476e+02
1.194012458098970342e+02 1.359867028351158638e+02
1.193092612291820700e+02 1.360259308469274799e+02
1.192172766484671058e+02 1.360651588587390961e+02
1.191252920677521416e+02 1.361043868705507123e+02
1.190333074870371775e+02 1.361436148823623284e+02
1.189413229063222133e+02 1.361828428941739446e+02
1.188493383256072491e+02 1.362220709059855608e+02
1.187573537448922849e+02 1.362612989177971770e+02
1.186653691641773207e+02 1.363005269296087931e+02
1.185733845834623565e+02 1.363397549414204093e+02
1.184814000027473924e+02 1.363789829532320255e+02
1.183894154220324282e+02 1.364182109650436416e+02
1.182974308413174640e+02 1.364574389768552578e+02
1.182054462606024998e+02 1.364966669886668740e+02
1.181134616798875356e+02 1.365358950004784901e+02
1.180214770991725715e+02 1.365751230122901063e+02
1.179294925184576073e+02 1.366143510241017225e+02
1.178375079377426431e+02 1.366535790359133387e+02
1.177455233570276789e+02 1.366928070477249548e+02
1.176535387763127147e+02 1.367320350595365710e+02
1.175615541955977505e+02 1.367712630713481872e+02
1.174695696148827864e+02 1.368104910831598033e+02
1.173775850341678222e+02 1.368497190949714195e+02
1.172856004534528580e+02 1.368889471067830357e+02
1.171936158727378938e+02 1.369281751185946518e+02
1.171016312920229296e+02 1.369674031304062680e+02
1.170096467113079655e+02 1.370066311422178842e+02
1.169176621305930013e+02 1.370458591540295004e+02
1.168256775498780371e+02 1.370850871658411165e+02
1.167336929691630729e+02 1.371243151776527327e+02
1.166417083884481087e+02 1.371635431894643489e+02
1.165497238077331446e+02 1.372027712012759650e+02
1.164577392270181804e+02 1.372419992130875812e+02
1.163657546463032162e+02 1.372812272248991974e+02
1.162737700655882520e+02 1.373204552367108136e+02
1.161817854848732878e+02 1.373596832485224297e+02
1.160898009041583236e+02 1.373989112603340459e+02
1.159978163234433595e+02 1.374381392721456621e+02
1.159058317427283953e+02 1.374773672839572782e+02
1.158138471620134311e+02 1.375165952957688944e+02
1.157218625812984669e+02 1.375558233075805106e+02
1.156298780005835027e+02 1.375950513193921267e+02
1.155378934198685386e+02 1.376342793312037429e+02
1.154459088391535744e+02 1.376735073430153591e+02
1.153539242584386102e+02 1.377127353548269753e+02
1.152619396777236460e+02 1.377519633666385914e+02
1.151699550970086818e+02 1.377911913784502076e+02
1.150779705162937177e+02 1.378304193902618238e+02
1.149859859355787535e+02 1.378696474020734399e+02
1.148940013548637893e+02 1.379088754138850561e+02
1.148020167741488251e+02 1.379481034256966723e+02
1.147100321934338609e+02 1.379873314375082884e+02
1.146180476127188967e+02 1.380265594493199046e+02
1.145260630320039326e+02 1.380657874611315208e+02
1.144340784512889684e+02 1.381050154729431370e+02
1.143420938705740042e+02 1.381442434847547531e+02
1.142501092898590400e+02 1.381834714965663693e+02
1.141581247091440758e+02 1.382226995083779855e+02
1.140661401284291117e+02 1.382619275201896016e+02
1.139741555477141475e+02 1.383011555320012178e+02
1.138821709669991833e+02 1.383403835438128340e+02
1.137901863862842191e+02 1.383796115556244501e+02
1.136982018055692549e+02 1.384188395674360663e+02
1.136062172248542907e+02 1.384580675792476825e+02
1.135142326441393266e+02 1.384972955910592987e+02
1.134222480634243624e+02 1.385365236028709148e+02
1.133302634827093982e+02 1.385757516146825310e+02
1.132382789019944340e+02 1.386149796264941472e+02
1.131462943212794698e+02 1.386542076383057633e+02
1.130543097405645057e+02 1.386934356501173795e+02
1.129623251598495415e+02 1.387326636619289957e+02
1.128703405791345773e+02 1.387718916737406119e+02
1.127783559984196131e+02 1.388111196855522280e+02
1.126863714177046489e+02 1.388503476973638442e+02
1.125943868369896848e+02 1.388895757091754604e+02
1.125024022562747206e+02 1.389288037209870765e+02
1.124104176755597564e+02 1.389680317327986927e+02
1.123184330948447922e+02 1.390072597446103089e+02
1.122264485141298280e+02 1.390464877564219250e+02
1.121344639334148638e+02 1.390857157682335412e+02
1.120424793526998997e+02 1.391249437800451574e+02
1.119504947719849355e+02 1.391641717918567736e+02
1.118585101912699713e+02 1.392033998036683897e+02
1.117665256105550071e+02 1.392426278154800059e+02
1.116745410298400429e+02 1.392818558272916221e+02
1.115825564491250788e+02 1.393210838391032382e+02
1.114905718684101146e+02 1.393603118509148544e+02
1.113985872876951504e+02 1.393995398627264706e+02
1.113066027069801862e+02 1.394387678745380867e+02
1.112146181262652220e+02 1.394779958863497029e+02
1.111226335455502578e+02 1.395172238981613191e+02
1.110306489648352937e+02 1.395564519099729353e+02
1.109386643841203295e+02 1.395956799217845514e+02
1.108466798034053653e+02 1.396349079335961676e+02
1.107546952226904011e+02 1.396741359454077838e+02
1.106627106419754369e+02 1.397133639572193999e+02
1.105707260612604728e+02 1.397525919690310161e+02
1.104787414805455086e+02 1.397918199808426323e+02
1.103867568998305444e+02 1.398310479926542484e+02
1.102947723191155802e+02 1.398702760044658646e+02
1.102027877384006160e+02 1.399095040162774808e+02
1.101108031576856519e+02 1.399487320280890970e+02
1.100188185769706877e+02 1.399879600399007131e+02
1.099268339962557235e+02 1.400271880517123293e+02
1.098348494155407593e+02 1.400664160635239455e+02
1.097428648348257951e+02 1.401056440753355616e+02
1.096508802541108309e+02 1.401448720871471778e+02
1.095588956733958668e+02 1.401841000989587940e+02
1.094669110926809026e+02 1.402233281107704101e+02
1.093749265119659384e+02 1.402625561225820263e+02
1.092829419312509742e+02 1.403017841343936425e+02
1.091909573505360100e+02 1.403410121462052587e+02
1.090989727698210459e+02 1.403802401580168748e+02
1.090069881891060817e+02 1.404194681698284910e+02
1.089150036083911175e+02 1.404586961816401072e+02
1.088230190276761533e+02 1.404979241934517233e+02
1.087310344469611891e+02 1.405371522052633395e+02
1.086390498662462250e+02 1.405763802170749557e+02
1.085470652855312608e+02 1.406156082288865719e+02
1.084550807048162966e+02 1.406548362406981880e+02
1.083630961241013324e+02 1.406940642525098042e+02
1.082711115433863682e+02 1.407332922643214204e+02
1.081791269626714040e+02 1.407725202761330365e+02
1.080871423819564399e+02 1.408117482879446527e+02
1.079951578012414757e+02 1.408509762997562689e+02
1.079031732205265115e+02 1.408902043115678850e+02
1.078111886398115473e+02 1.409294323233795012e+02
1.077192040590965831e+02 1.409686603351911174e+02
1.076272194783816190e+02 1.410078883470027336e+02
1.075352348976666548e+02 1.410471163588143497e+02
1.074432503169516906e+02 1.410863443706259659e+02
1.073512657362367264e+02 1.411255723824375821e+02
1.072592811555217622e+02 1.411648003942491982e+02
1.071672965748067980e+02 1.412040284060608144e+02
1.070753119940918339e+02 1.412432564178724306e+02
1.069833274133768697e+02 1.412824844296840467e+02
1.068913428326619055e+02 1.413217124414956629e+02
1.067993582519469413e+02 1.413609404533072791e+02
1.067073736712319771e+02 1.414001684651188953e+02
1.066153890905170130e+02 1.414393964769305114e+02
1.065234045098020488e+02 1.414786244887421276e+02
1.064314199290870846e+02 1.415178525005537438e+02
1.063394353483721204e+02 1.415570805123653599e+02
1.062474507676571562e+02 1.415963085241769761e+02
1.061554661869421921e+02 1.416355365359885923e+02
1.060634816062272279e+02 1.416747645478002084e+02
1.059714970255122637e+02 1.417139925596118246e+02
1.058795124447972995e+02 1.417532205714234408e+02
1.057875278640823353e+02 1.417924485832350570e+02
1.056955432833673711e+02 1.418316765950466731e+02
1.056035587026524070e+02 1.418709046068582893e+02
1.055115741219374428e+02 1.419101326186699055e+02
1.054195895412224786e+02 1.419493606304815216e+02
1.053276049605075144e+02 1.419885886422931378e+02
1.052356203797925502e+02 1.420278166541047540e+02
1.051436357990775861e+02 1.420670446659163701e+02
1.050516512183626219e+02 1.421062726777279863e+02
1.049596666376476577e+02 1.421455006895396025e+02
1.048676820569326935e+02 1.421847287013512187e+02
1.047756974762177293e+02 1.422239567131628348e+02
1.046837128955027652e+02 1.422631847249744510e+02
1.045917283147878010e+02 1.423024127367860672e+02
1.044997437340728368e+02 1.423416407485976833e+02
1.044077591533578726e+02 1.423808687604092995e+02
1.043157745726429084e+02 1.424200967722209157e+02
1.042237899919279442e+02 1.424593247840325319e+02
1.041318054112129801e+02 1.424985527958441480e+02
1.040398208304980159e+02 1.425377808076557642e+02
1.039478362497830517e+02 1.425770088194673804e+02
1.038558516690680875e+02 1.426162368312789965e+02
1.037638670883531233e+02 1.426554648430906127e+02
1.036718825076381592e+02 1.426946928549022289e+02
1.035798979269231950e+02 1.427339208667138450e+02
1.034879133462082308e+02 1.427731488785254612e+02
1.033959287654932666e+02 1.428123768903370774e+02
1.033039441847783024e+02 1.428516049021486936e+02
1.032119596040633382e+02 1.428908329139603097e+02
1.031199750233483741e+02 1.429300609257719259e+02
1.030279904426334099e+02 1.429692889375835421e+02
1.029360058619184457e+02 1.430085169493951582e+02
1.028440212812034815e+02 1.430477449612067744e+02
1.027520367004885173e+02 1.430869729730183906e+02
1.026600521197735532e+02 1.431262009848300067e+02
1.025680675390585890e+02 1.431654289966416229e+02
1.024760829583436248e+02 1.432046570084532391e+02
1.023840983776286606e+02 1.432438850202648553e+02
1.022921137969136964e+02 1.432831130320764714e+02
1.022001292161987323e+02 1.433223410438880876e+02
1.021081446354837681e+02 1.433615690556997038e+02
1.020161600547688039e+02 1.434007970675113199e+02
1.019241754740538397e+02 1.434400250793229361e+02
1.018321908933388755e+02 1.434792530911345523e+02
1.017402063126239113e+02 1.435184811029461684e+02
1.016482217319089472e+02 1.435577091147577846e+02
1.015562371511939830e+02 1.435969371265694008e+02
1.014642525704790188e+02 1.436361651383810170e+02
1.013722679897640546e+02 1.436753931501926331e+02
1.012802834090490904e+02 1.437146211620042493e+02
1.011882988283341263e+02 1.437538491738158655e+02
1.010963142476191621e+02 1.437930771856274816e+02
1.010043296669041979e+02 1.438323051974390978e+02
1.009123450861892337e+02 1.438715332092507140e+02
1.008203605054742695e+02 1.439107612210623302e+02
1.007283759247593053e+02 1.439499892328739463e+02
1.006363913440443412e+02 1.439892172446855625e+02
1.005444067633293770e+02 1.440284452564971787e+02
1.004524221826144128e+02 1.440676732683087948e+02
1.003604376018994486e+02 1.441069012801204110e+02
1.002684530211844844e+02 1.441461292919320272e+02
1.001764684404695203e+02 1.441853573037436433e+02
1.000844838597545561e+02 1.442245853155552595e+02
9.999249927903959190e+01 1.442638133273668757e+02
9.990051469832462772e+01 1.443030413391784919e+02
9.980853011760966353e+01 1.443422693509901080e+02
9.971654553689469935e+01 1.443814973628017242e+02
9.962456095617973517e+01 1.444207253746133404e+02
9.953257637546477099e+01 1.444599533864249565e+02
9.944059179474980681e+01 1.444991813982365727e+02
9.934860721403484263e+01 1.445384094100481889e+02
9.925662263331987845e+01 1.445776374218598050e+02
9.916463805260491426e+01 1.446168654336714212e+02
9.907265347188995008e+01 1.446560934454830374e+02
9.898066889117498590e+01 1.446953214572946536e+02
9.888868431046002172e+01 1.447345494691062697e+02
9.879669972974505754e+01 1.447737774809178859e+02
9.870471514903009336e+01 1.448130054927295021e+02
9.861273056831512918e+01 1.448522335045411182e+02
9.852074598760016499e+01 1.448914615163527344e+02
9.842876140688520081e+01 1.449306895281643506e+02
9.833677682617023663e+01 1.449699175399759667e+02
9.824479224545527245e+01 1.450091455517875829e+02
9.815280766474030827e+01 1.450483735635991991e+02
9.806082308402534409e+01 1.450876015754108153e+02
9.796883850331037991e+01 1.451268295872224314e+02
9.787685392259541572e+01 1.451660575990340476e+02
9.778486934188045154e+01 1.452052856108456638e+02
9.769288476116548736e+01 1.452445136226572799e+02
9.760090018045052318e+01 1.452837416344688961e+02
9.750891559973555900e+01 1.453229696462805123e+02
9.741693101902059482e+01 1.453621976580921284e+02
9.732494643830563064e+01 1.454014256699037446e+02
9.723296185759066645e+01 1.454406536817153608e+02
9.714097727687570227e+01 1.454798816935269770e+02
9.704899269616073809e+01 1.455191097053385931e+02
9.695700811544577391e+01 1.455583377171502093e+02
9.686502353473080973e+01 1.455975657289618255e+02
9.677303895401584555e+01 1.456367937407734416e+02
9.668105437330088137e+01 1.456760217525850578e+02
9.658906979258591718e+01 1.457152497643966740e+02
9.649708521187095300e+01 1.457544777762082902e+02
9.640510063115598882e+01 1.457937057880199063e+02
9.631311605044102464e+01 1.458329337998315225e+02
9.622113146972606046e+01 1.458721618116431387e+02
9.612914688901109628e+01 1.459113898234547548e+02
9.603716230829613210e+01 1.459506178352663710e+02
9.594517772758116791e+01 1.459898458470779872e+02
9.585319314686620373e+01 1.460290738588896033e+02
9.576120856615123955e+01 1.460683018707012195e+02
9.566922398543627537e+01 1.461075298825128357e+02
9.557723940472131119e+01 1.461467578943244519e+02
9.548525482400634701e+01 1.461859859061360680e+02
9.539327024329138283e+01 1.462252139179476842e+02
9.530128566257641864e+01 1.462644419297593004e+02
9.520930108186145446e+01 1.463036699415709165e+02
9.511731650114649028e+01 1.463428979533825327e+02
9.502533192043152610e+01 1.463821259651941489e+02
9.493334733971656192e+01 1.464213539770057650e+02
9.484136275900159774e+01 1.464605819888173812e+02
9.474937817828663356e+01 1.464998100006289974e+02
9.465739359757166937e+01 1.465390380124406136e+02
9.456540901685670519e+01 1.465782660242522297e+02
9.447342443614174101e+01 1.466174940360638459e+02
9.438143985542677683e+01 1.466567220478754621e+02
9.428945527471181265e+01 1.466959500596870782e+02
9.419747069399684847e+01 1.467351780714986944e+02
9.410548611328188429e+01 1.467744060833103106e+02
9.401350153256692010e+01 1.468136340951219267e+02
9.392151695185195592e+01 1.468528621069335429e+02
9.382953237113699174e+01 1.468920901187451591e+02
9.373754779042202756e+01 1.469313181305567753e+02
9.364556320970706338e+01 1.469705461423683914e+02
9.355357862899209920e+01 1.470097741541800076e+02
9.346159404827713502e+01 1.470490021659916238e+02
9.336960946756217083e+01 1.470882301778032399e+02
9.327762488684720665e+01 1.471274581896148561e+02
9.318564030613224247e+01 1.471666862014264723e+02
9.309365572541727829e+01 1.472059142132380885e+02
9.300167114470231411e+01 1.472451422250497046e+02
9.290968656398734993e+01 1.472843702368613208e+02
9.281770198327238575e+01 1.473235982486729370e+02
9.272571740255742156e+01 1.473628262604845531e+02
9.263373282184245738e+01 1.474020542722961693e+02
9.254174824112749320e+01 1.474412822841077855e+02
9.244976366041252902e+01 1.474805102959194016e+02
9.235777907969756484e+01 1.475197383077310178e+02
9.226579449898260066e+01 1.475589663195426340e+02
9.217380991826763648e+01 1.475981943313542502e+02
9.208182533755267229e+01 1.476374223431658663e+02
9.198984075683770811e+01 1.476766503549774825e+02
9.189785617612274393e+01 1.477158783667890987e+02
9.180587159540777975e+01 1.477551063786007148e+02
9.171388701469281557e+01 1.477943343904123310e+02
9.162190243397785139e+01 1.478335624022239472e+02
9.152991785326288721e+01 1.478727904140355633e+02
9.143793327254792302e+01 1.479120184258471795e+02
9.134594869183295884e+01 1.479512464376587957e+02
9.125396411111799466e+01 1.479904744494704119e+02
9.116197953040303048e+01 1.480297024612820280e+02
9.106999494968806630e+01 1.480689304730936442e+02
9.097801036897310212e+01 1.481081584849052604e+02
9.088602578825813794e+01 1.481473864967168765e+02
9.079404120754317375e+01 1.481866145085284927e+02
9.070205662682820957e+01 1.482258425203401089e+02
9.061007204611324539e+01 1.482650705321517250e+02
9.051808746539828121e+01 1.483042985439633412e+02
9.042610288468331703e+01 1.483435265557749574e+02
9.029918882814710912e+01 1.483976506934365602e+02
9.025996081633547874e+01 1.483056661127216103e+02
9.022073280452384836e+01 1.482136815320066603e+02
9.018150479271221798e+01 1.481216969512917103e+02
9.014227678090058760e+01 1.480297123705767603e+02
9.010304876908895721e+01 1.479377277898618104e+02
9.006382075727732683e+01 1.478457432091468604e+02
9.002459274546569645e+01 1.477537586284319104e+02
8.998536473365406607e+01 1.476617740477169605e+02
8.994613672184243569e+01 1.475697894670020105e+02
8.990690871003080531e+01 1.474778048862870605e+02
8.986768069821917493e+01 1.473858203055721106e+02
8.982845268640754455e+01 1.472938357248571606e+02
8.978922467459591417e+01 1.472018511441422106e+02
8.974999666278428379e+01 1.471098665634272606e+02
8.971076865097265340e+01 1.470178819827123107e+02
8.967154063916102302e+01 1.469258974019973607e+02
8.963231262734939264e+01 1.468339128212824107e+02
8.959308461553776226e+01 1.467419282405674608e+02
8.955385660372613188e+01 1.466499436598525108e+02
8.951462859191450150e+01 1.465579590791375608e+02
8.947540058010287112e+01 1.464659744984226108e+02
8.943617256829124074e+01 1.463739899177076609e+02
8.939694455647961036e+01 1.462820053369927109e+02
8.935771654466797997e+01 1.461900207562777609e+02
8.931848853285634959e+01 1.460980361755628110e+02
8.927926052104471921e+01 1.460060515948478610e+02
8.924003250923308883e+01 1.459140670141329110e+02
8.920080449742145845e+01 1.458220824334179611e+02
8.916157648560982807e+01 1.457300978527030111e+02
8.912234847379819769e+01 1.456381132719880611e+02
8.908312046198656731e+01 1.455461286912731111e+02
8.904389245017493693e+01 1.454541441105581612e+02
8.900466443836330654e+01 1.453621595298432112e+02
8.896543642655167616e+01 1.452701749491282612e+02
8.892620841474004578e+01 1.451781903684133113e+02
8.888698040292841540e+01 1.450862057876983613e+02
8.884775239111678502e+01 1.449942212069834113e+02
8.880852437930515464e+01 1.449022366262684614e+02
8.876929636749352426e+01 1.448102520455535114e+02
8.873006835568189388e+01 1.447182674648385614e+02
8.869084034387026350e+01 1.446262828841236114e+02
8.865161233205863311e+01 1.445342983034086615e+02
8.861238432024700273e+01 1.444423137226937115e+02
8.857315630843537235e+01 1.443503291419787615e+02
8.853392829662374197e+01 1.442583445612638116e+02
8.849470028481211159e+01 1.441663599805488616e+02
8.845547227300048121e+01 1.440743753998339116e+02
8.841624426118885083e+01 1.439823908191189616e+02
8.837701624937722045e+01 1.438904062384040117e+02
8.833778823756559007e+01 1.437984216576890617e+02
8.829856022575395968e+01 1.437064370769741117e+02
8.825933221394232930e+01 1.436144524962591618e+02
8.822010420213069892e+01 1.435224679155442118e+02
8.818087619031906854e+01 1.434304833348292618e+02
8.814164817850743816e+01 1.433384987541143119e+02
8.810242016669580778e+01 1.432465141733993619e+02
8.806319215488417740e+01 1.431545295926844119e+02
8.802396414307254702e+01 1.430625450119694619e+02
8.798473613126091664e+01 1.429705604312545120e+02
8.794550811944928626e+01 1.428785758505395620e+02
8.790628010763765587e+01 1.427865912698246120e+02
8.786705209582602549e+01 1.426946066891096621e+02
8.782782408401439511e+01 1.426026221083947121e+02
8.778859607220276473e+01 1.425106375276797621e+02
8.774936806039113435e+01 1.424186529469648121e+02
8.771014004857950397e+01 1.423266683662498622e+02
8.767091203676787359e+01 1.422346837855349122e+02
8.763168402495624321e+01 1.421426992048199622e+02
8.759245601314461283e+01 1.420507146241050123e+02
8.755322800133298244e+01 1.419587300433900623e+02
8.751399998952135206e+01 1.418667454626751123e+02
8.747477197770972168e+01 1.417747608819601624e+02
8.743554396589809130e+01 1.416827763012452124e+02
8.739631595408646092e+01 1.415907917205302624e+02
8.735708794227483054e+01 1.414988071398153124e+02
8.731785993046320016e+01 1.414068225591003625e+02
8.727863191865156978e+01 1.413148379783854125e+02
8.723940390683993940e+01 1.412228533976704625e+02
8.720017589502830901e+01 1.411308688169555126e+02
8.716094788321667863e+01 1.410388842362405626e+02
8.712171987140504825e+01 1.409468996555256126e+02
8.708249185959341787e+01 1.408549150748106626e+02
8.704326384778178749e+01 1.407629304940957127e+02
8.700403583597015711e+01 1.406709459133807627e+02
8.696480782415852673e+01 1.405789613326658127e+02
8.692557981234689635e+01 1.404869767519508628e+02
8.688635180053526597e+01 1.403949921712359128e+02
8.684712378872363558e+01 1.403030075905209628e+02
8.680789577691200520e+01 1.402110230098060129e+02
8.676866776510037482e+01 1.401190384290910629e+02
8.672943975328874444e+01 1.400270538483761129e+02
8.669021174147711406e+01 1.399350692676611629e+02
8.665098372966548368e+01 1.398430846869462130e+02
8.661175571785385330e+01 1.397511001062312630e+02
8.657252770604222292e+01 1.396591155255163130e+02
8.653329969423059254e+01 1.395671309448013631e+02
8.649407168241896215e+01 1.394751463640864131e+02
8.645484367060733177e+01 1.393831617833714631e+02
8.641561565879570139e+01 1.392911772026565131e+02
8.637638764698407101e+01 1.391991926219415632e+02
8.633715963517244063e+01 1.391072080412266132e+02
8.629793162336081025e+01 1.390152234605116632e+02
8.625870361154917987e+01 1.389232388797967133e+02
8.621947559973754949e+01 1.388312542990817633e+02
8.618024758792591911e+01 1.387392697183668133e+02
8.614101957611428872e+01 1.386472851376518634e+02
8.610179156430265834e+01 1.385553005569369134e+02
8.606256355249102796e+01 1.384633159762219634e+02
8.602333554067939758e+01 1.383713313955070134e+02
8.598410752886776720e+01 1.382793468147920635e+02
8.594487951705613682e+01 1.381873622340771135e+02
8.590565150524450644e+01 1.380953776533621635e+02
8.586642349343287606e+01 1.380033930726472136e+02
8.582719548162124568e+01 1.379114084919322636e+02
8.578796746980961530e+01 1.378194239112173136e+02
8.574873945799798491e+01 1.377274393305023636e+02
8.570951144618635453e+01 1.376354547497874137e+02
8.567028343437472415e+01 1.375434701690724637e+02
8.563105542256309377e+01 1.374514855883575137e+02
8.559182741075146339e+01 1.373595010076425638e+02
8.555259939893983301e+01 1.372675164269276138e+02
8.551337138712820263e+01 1.371755318462126638e+02
8.547414337531657225e+01 1.370835472654977139e+02
8.543491536350494187e+01 1.369915626847827639e+02
8.539568735169331148e+01 1.368995781040678139e+02
8.535645933988168110e+01 1.368075935233528639e+02
8.531723132807005072e+01 1.367156089426379140e+02
8.527800331625842034e+01 1.366236243619229640e+02
8.523877530444678996e+01 1.365316397812080140e+02
8.519954729263515958e+01 1.364396552004930641e+02
8.516031928082352920e+01 1.363476706197781141e+02
8.512109126901189882e+01 1.362556860390631641e+02
8.508186325720026844e+01 1.361637014583482141e+02
8.504263524538863805e+01 1.360717168776332642e+02
8.500340723357700767e+01 1.359797322969183142e+02
8.496417922176537729e+01 1.358877477162033642e+02
8.492495120995374691e+01 1.357957631354884143e+02
8.488572319814211653e+01 1.357037785547734643e+02
8.484649518633048615e+01 1.356117939740585143e+02
8.480726717451885577e+01 1.355198093933435644e+02
8.476803916270722539e+01 1.354278248126286144e+02
8.472881115089559501e+01 1.353358402319136644e+02
8.468958313908396462e+01 1.352438556511987144e+02
8.465035512727233424e+01 1.351518710704837645e+02
8.461112711546070386e+01 1.350598864897688145e+02
8.457189910364907348e+01 1.349679019090538645e+02
8.453267109183744310e+01 1.348759173283389146e+02
8.449344308002581272e+01 1.347839327476239646e+02
8.445421506821418234e+01 1.346919481669090146e+02
8.441498705640255196e+01 1.345999635861940646e+02
8.437575904459092158e+01 1.345079790054791147e+02
8.433653103277929119e+01 1.344159944247641647e+02
8.429730302096766081e+01 1.343240098440492147e+02
8.425807500915603043e+01 1.342320252633342648e+02
8.421884699734440005e+01 1.341400406826193148e+02
8.417961898553276967e+01 1.340480561019043648e+02
8.414039097372113929e+01 1.339560715211894149e+02
8.410116296190950891e+01 1.338640869404744649e+02
8.406193495009787853e+01 1.337721023597595149e+02
8.402270693828624815e+01 1.336801177790445649e+02
8.398347892647461777e+01 1.335881331983296150e+02
8.394425091466298738e+01 1.334961486176146650e+02
8.390502290285135700e+01 1.334041640368997150e+02
8.386579489103972662e+01 1.333121794561847651e+02
8.382656687922809624e+01 1.332201948754698151e+02
8.378733886741646586e+01 1.331282102947548651e+02
8.374811085560483548e+01 1.330362257140399151e+02
8.370888284379320510e+01 1.329442411333249652e+02
8.366965483198157472e+01 1.328522565526100152e+02
8.363042682016994434e+01 1.327602719718950652e+02
8.359119880835831395e+01 1.326682873911801153e+02
8.355197079654668357e+01 1.325763028104651653e+02
8.351274278473505319e+01 1.324843182297502153e+02
8.347351477292342281e+01 1.323923336490352654e+02
8.343428676111179243e+01 1.323003490683203154e+02
8.339505874930016205e+01 1.322083644876053654e+02
8.335583073748853167e+01 1.321163799068904154e+02
8.331660272567690129e+01 1.320243953261754655e+02
8.327737471386527091e+01 1.319324107454605155e+02
8.323814670205364052e+01 1.318404261647455655e+02
8.319891869024201014e+01 1.317484415840306156e+02
8.315969067843037976e+01 1.316564570033156656e+02
8.312046266661874938e+01 1.315644724226007156e+02
8.308123465480711900e+01 1.314724878418857656e+02
8.304200664299548862e+01 1.313805032611708157e+02
8.300277863118385824e+01 1.312885186804558657e+02
8.296355061937222786e+01 1.311965340997409157e+02
8.292432260756059748e+01 1.311045495190259658e+02
8.288509459574896709e+01 1.310125649383110158e+02
8.284586658393733671e+01 1.309205803575960658e+02
8.280663857212570633e+01 1.308285957768811159e+02
8.276741056031407595e+01 1.307366111961661659e+02
8.272818254850244557e+01 1.306446266154512159e+02
8.268895453669081519e+01 1.305526420347362659e+02
8.264972652487918481e+01 1.304606574540213160e+02
8.261049851306755443e+01 1.303686728733063660e+02
8.257127050125592405e+01 1.302766882925914160e+02
8.253204248944429366e+01 1.301847037118764661e+02
8.249281447763266328e+01 1.300927191311615161e+02
8.245358646582103290e+01 1.300007345504465661e+02
8.241435845400940252e+01 1.299087499697316161e+02
8.237513044219777214e+01 1.298167653890166662e+02
8.233590243038614176e+01 1.297247808083017162e+02
8.229667441857451138e+01 1.296327962275867662e+02
8.225744640676288100e+01 1.295408116468718163e+02
8.221821839495125062e+01 1.294488270661568663e+02
8.217899038313962023e+01 1.293568424854419163e+02
8.213976237132798985e+01 1.292648579047269664e+02
8.210053435951635947e+01 1.291728733240120164e+02
8.206130634770472909e+01 1.290808887432970664e+02
8.202207833589309871e+01 1.289889041625821164e+02
8.198285032408146833e+01 1.288969195818671665e+02
8.194362231226983795e+01 1.288049350011522165e+02
8.190439430045820757e+01 1.287129504204372665e+02
8.186516628864657719e+01 1.286209658397223166e+02
8.182593827683494681e+01 1.285289812590073666e+02
8.178671026502331642e+01 1.284369966782924166e+02
8.174748225321168604e+01 1.283450120975774666e+02
8.170825424140005566e+01 1.282530275168625167e+02
8.166902622958842528e+01 1.281610429361475667e+02
8.162979821777679490e+01 1.280690583554326167e+02
8.159057020596516452e+01 1.279770737747176526e+02
8.155134219415353414e+01 1.278850891940026884e+02
8.151211418234190376e+01 1.277931046132877242e+02
8.147288617053027338e+01 1.277011200325727600e+02
8.143365815871864299e+01 1.276091354518577958e+02
8.139443014690701261e+01 1.275171508711428316e+02
8.135520213509538223e+01 1.274251662904278675e+02
8.131597412328375185e+01 1.273331817097129033e+02
8.127674611147212147e+01 1.272411971289979391e+02
8.123751809966049109e+01 1.271492125482829749e+02
8.119829008784886071e+01 1.270572279675680107e+02
8.115906207603723033e+01 1.269652433868530466e+02
8.111983406422559995e+01 1.268732588061380824e+02
8.108060605241396956e+01 1.267812742254231182e+02
8.104137804060233918e+01 1.266892896447081540e+02
8.100215002879070880e+01 1.265973050639931898e+02
8.096292201697907842e+01 1.265053204832782257e+02
8.092369400516744804e+01 1.264133359025632615e+02
8.088446599335581766e+01 1.263213513218482973e+02
8.084523798154418728e+01 1.262293667411333331e+02
8.080600996973255690e+01 1.261373821604183689e+02
8.076678195792092652e+01 1.260453975797034047e+02
8.072755394610929613e+01 1.259534129989884406e+02
8.068832593429766575e+01 1.258614284182734764e+02
8.064909792248603537e+01 1.257694438375585122e+02
8.060986991067440499e+01 1.256774592568435480e+02
8.057064189886277461e+01 1.255854746761285838e+02
8.053141388705114423e+01 1.254934900954136197e+02
8.049218587523951385e+01 1.254015055146986555e+02
8.045295786342788347e+01 1.253095209339836913e+02
8.041372985161625309e+01 1.252175363532687271e+02
8.037450183980462270e+01 1.251255517725537629e+02
8.033527382799299232e+01 1.250335671918387987e+02
8.029604581618136194e+01 1.249415826111238346e+02
8.025681780436973156e+01 1.248495980304088704e+02
8.021758979255810118e+01 1.247576134496939062e+02
8.017836178074647080e+01 1.246656288689789420e+02
8.013913376893484042e+01 1.245736442882639778e+02
8.009990575712321004e+01 1.244816597075490137e+02
8.006067774531157966e+01 1.243896751268340495e+02
8.002144973349994928e+01 1.242976905461190853e+02
7.998222172168831889e+01 1.242057059654041211e+02
7.994299370987668851e+01 1.241137213846891569e+02
7.990376569806505813e+01 1.240217368039741928e+02
7.986453768625342775e+01 1.239297522232592286e+02
7.982530967444179737e+01 1.238377676425442644e+02
7.978608166263016699e+01 1.237457830618293002e+02
7.974685365081853661e+01 1.236537984811143360e+02
7.970762563900690623e+01 1.235618139003993718e+02
7.966839762719527585e+01 1.234698293196844077e+02
7.962916961538364546e+01 1.233778447389694435e+02
7.958994160357201508e+01 1.232858601582544793e+02
7.955071359176038470e+01 1.231938755775395151e+02
7.951148557994875432e+01 1.231018909968245509e+02
7.947225756813712394e+01 1.230099064161095868e+02
7.943302955632549356e+01 1.229179218353946226e+02
7.939380154451386318e+01 1.228259372546796584e+02
7.935457353270223280e+01 1.227339526739646942e+02
7.931534552089060242e+01 1.226419680932497300e+02
7.927611750907897203e+01 1.225499835125347659e+02
7.923688949726734165e+01 1.224579989318198017e+02
7.919766148545571127e+01 1.223660143511048375e+02
7.915843347364408089e+01 1.222740297703898733e+02
7.911920546183245051e+01 1.221820451896749091e+02
7.907997745002082013e+01 1.220900606089599449e+02
7.904074943820918975e+01 1.219980760282449808e+02
7.900152142639755937e+01 1.219060914475300166e+02
7.896229341458592899e+01 1.218141068668150524e+02
7.892306540277429860e+01 1.217221222861000882e+02
7.888383739096266822e+01 1.216301377053851240e+02
7.884460937915103784e+01 1.215381531246701599e+02
7.880538136733940746e+01 1.214461685439551957e+02
7.876615335552777708e+01 1.213541839632402315e+02
7.872692534371614670e+01 1.212621993825252673e+02
7.868769733190451632e+01 1.211702148018103031e+02
7.864846932009288594e+01 1.210782302210953389e+02
7.860924130828125556e+01 1.209862456403803748e+02
7.857001329646962517e+01 1.208942610596654106e+02
7.853078528465799479e+01 1.208022764789504464e+02
7.849155727284636441e+01 1.207102918982354822e+02
7.845232926103473403e+01 1.206183073175205180e+02
7.841310124922310365e+01 1.205263227368055539e+02
7.837387323741147327e+01 1.204343381560905897e+02
7.833464522559984289e+01 1.203423535753756255e+02
7.829541721378821251e+01 1.202503689946606613e+02
7.825618920197658213e+01 1.201583844139456971e+02
7.821696119016495174e+01 1.200663998332307330e+02
7.817773317835332136e+01 1.199744152525157688e+02
7.813850516654169098e+01 1.198824306718008046e+02
7.809927715473006060e+01 1.197904460910858404e+02
7.806004914291843022e+01 1.196984615103708762e+02
7.802082113110679984e+01 1.196064769296559120e+02
7.798159311929516946e+01 1.195144923489409479e+02
7.794236510748353908e+01 1.194225077682259837e+02
7.790313709567190870e+01 1.193305231875110195e+02
7.786390908386027832e+01 1.192385386067960553e+02
7.782468107204864793e+01 1.191465540260810911e+02
7.778545306023701755e+01 1.190545694453661270e+02
7.774622504842538717e+01 1.189625848646511628e+02
7.770699703661375679e+01 1.188706002839361986e+02
7.766776902480212641e+01 1.187786157032212344e+02
7.762854101299049603e+01 1.186866311225062702e+02
7.758931300117886565e+01 1.185946465417913060e+02
7.755008498936723527e+01 1.185026619610763419e+02
7.751085697755560489e+01 1.184106773803613777e+02
7.747162896574397450e+01 1.183186927996464135e+02
7.743240095393234412e+01 1.182267082189314493e+02
7.739317294212071374e+01 1.181347236382164851e+02
7.735394493030908336e+01 1.180427390575015210e+02
7.731471691849745298e+01 1.179507544767865568e+02
7.727548890668582260e+01 1.178587698960715926e+02
7.723626089487419222e+01 1.177667853153566284e+02
7.719703288306256184e+01 1.176748007346416642e+02
7.715780487125093146e+01 1.175828161539267001e+02
7.711857685943930107e+01 1.174908315732117359e+02
7.707934884762767069e+01 1.173988469924967717e+02
7.704012083581604031e+01 1.173068624117818075e+02
7.700089282400440993e+01 1.172148778310668433e+02
7.696166481219277955e+01 1.171228932503518791e+02
7.692243680038114917e+01 1.170309086696369150e+02
7.688320878856951879e+01 1.169389240889219508e+02
7.684398077675788841e+01 1.168469395082069866e+02
7.680475276494625803e+01 1.167549549274920224e+02
7.676552475313462764e+01 1.166629703467770582e+02
7.672629674132299726e+01 1.165709857660620941e+02
7.668706872951136688e+01 1.164790011853471299e+02
7.664784071769973650e+01 1.163870166046321657e+02
7.660861270588810612e+01 1.162950320239172015e+02
7.656938469407647574e+01 1.162030474432022373e+02
7.653015668226484536e+01 1.161110628624872732e+02
7.649092867045321498e+01 1.160190782817723090e+02
7.645170065864158460e+01 1.159270937010573448e+02
7.641247264682995421e+01 1.158351091203423806e+02
7.637324463501832383e+01 1.157431245396274164e+02
7.633401662320669345e+01 1.156511399589124522e+02
7.629478861139506307e+01 1.155591553781974881e+02
7.625556059958343269e+01 1.154671707974825239e+02
7.621633258777180231e+01 1.153751862167675597e+02
7.617710457596017193e+01 1.152832016360525955e+02
7.613787656414854155e+01 1.151912170553376313e+02
7.609864855233691117e+01 1.150992324746226672e+02
7.605942054052528079e+01 1.150072478939077030e+02
7.602019252871365040e+01 1.149152633131927388e+02
7.598096451690202002e+01 1.148232787324777746e+02
7.594173650509038964e+01 1.147312941517628104e+02
7.590250849327875926e+01 1.146393095710478462e+02
7.586328048146712888e+01 1.145473249903328821e+02
7.582405246965549850e+01 1.144553404096179179e+02
7.578482445784386812e+01 1.143633558289029537e+02
7.574559644603223774e+01 1.142713712481879895e+02
7.570636843422060736e+01 1.141793866674730253e+02
7.566714042240897697e+01 1.140874020867580612e+02
7.562791241059734659e+01 1.139954175060430970e+02
7.558868439878571621e+01 1.139034329253281328e+02
7.554945638697408583e+01 1.138114483446131686e+02
7.551022837516245545e+01 1.137194637638982044e+02
7.547100036335082507e+01 1.136274791831832403e+02
7.543177235153919469e+01 1.135354946024682761e+02
7.539254433972756431e+01 1.134435100217533119e+02
7.535331632791593393e+01 1.133515254410383477e+02
7.531408831610430354e+01 1.132595408603233835e+02
7.527486030429267316e+01 1.131675562796084193e+02
7.523563229248104278e+01 1.130755716988934552e+02
7.519640428066941240e+01 1.129835871181784910e+02
7.515717626885778202e+01 1.128916025374635268e+02
7.511794825704615164e+01 1.127996179567485626e+02
7.507872024523452126e+01 1.127076333760335984e+02
7.503949223342289088e+01 1.126156487953186343e+02
7.500026422161126050e+01 1.125236642146036701e+02
7.496103620979963011e+01 1.124316796338887059e+02
7.492180819798799973e+01 1.123396950531737417e+02
7.488258018617636935e+01 1.122477104724587775e+02
7.484335217436473897e+01 1.121557258917438133e+02
7.480412416255310859e+01 1.120637413110288492e+02
7.476489615074147821e+01 1.119717567303138850e+02
7.472566813892984783e+01 1.118797721495989208e+02
7.468644012711821745e+01 1.117877875688839566e+02
7.464721211530658707e+01 1.116958029881689924e+02
7.460798410349495668e+01 1.116038184074540283e+02
7.456875609168332630e+01 1.115118338267390641e+02
7.452952807987169592e+01 1.114198492460240999e+02
7.449030006806006554e+01 1.113278646653091357e+02
7.445107205624843516e+01 1.112358800845941715e+02
7.441184404443680478e+01 1.111438955038792074e+02
7.437261603262517440e+01 1.110519109231642432e+02
7.433338802081354402e+01 1.109599263424492790e+02
7.429416000900191364e+01 1.108679417617343148e+02
7.425493199719028325e+01 1.107759571810193506e+02
7.421570398537865287e+01 1.106839726003043864e+02
7.417647597356702249e+01 1.105919880195894223e+02
7.413724796175539211e+01 1.105000034388744581e+02
7.409801994994376173e+01 1.104080188581594939e+02
7.405879193813213135e+01 1.103160342774445297e+02
7.401956392632050097e+01 1.102240496967295655e+02
7.398033591450887059e+01 1.101320651160146014e+02
7.394110790269724021e+01 1.100400805352996372e+02
7.390187989088560983e+01 1.099480959545846730e+02
7.386265187907397944e+01 1.098561113738697088e+02
7.382342386726234906e+01 1.097641267931547446e+02
7.378419585545071868e+01 1.096721422124397805e+02
7.374496784363908830e+01 1.095801576317248163e+02
7.370573983182745792e+01 1.094881730510098521e+02
7.366651182001582754e+01 1.093961884702948879e+02
7.362728380820419716e+01 1.093042038895799237e+02
7.358805579639256678e+01 1.092122193088649595e+02
7.354882778458093640e+01 1.091202347281499954e+02
7.350959977276930601e+01 1.090282501474350312e+02
7.347037176095767563e+01 1.089362655667200670e+02
7.343114374914604525e+01 1.088442809860051028e+02
7.339191573733441487e+01 1.087522964052901386e+02
7.335268772552278449e+01 1.086603118245751745e+02
7.331097006009346728e+01 1.085624893302467626e+02
7.340295464080843146e+01 1.085232613184351322e+02
7.349493922152339564e+01 1.084840333066235019e+02
7.358692380223835983e+01 1.084448052948118715e+02
7.367890838295332401e+01 1.084055772830002411e+02
7.377089296366828819e+01 1.083663492711886107e+02
7.386287754438325237e+01 1.083271212593769803e+02
7.395486212509821655e+01 1.082878932475653500e+02
7.404684670581318073e+01 1.082486652357537196e+02
7.413883128652814491e+01 1.082094372239420892e+02
7.423081586724310910e+01 1.081702092121304588e+02
7.432280044795807328e+01 1.081309812003188284e+02
7.441478502867303746e+01 1.080917531885071980e+02
7.450676960938800164e+01 1.080525251766955677e+02
7.459875419010296582e+01 1.080132971648839373e+02
7.469073877081793000e+01 1.079740691530723069e+02
7.478272335153289418e+01 1.079348411412606765e+02
7.487470793224785837e+01 1.078956131294490461e+02
7.496669251296282255e+01 1.078563851176374158e+02
7.505867709367778673e+01 1.078171571058257854e+02
7.515066167439275091e+01 1.077779290940141550e+02
7.524264625510771509e+01 1.077387010822025246e+02
7.533463083582267927e+01 1.076994730703908942e+02
7.542661541653764345e+01 1.076602450585792639e+02
7.551859999725260764e+01 1.076210170467676335e+02
7.561058457796757182e+01 1.075817890349560031e+02
7.570256915868253600e+01 1.075425610231443727e+02
7.579455373939750018e+01 1.075033330113327423e+02
7.588653832011246436e+01 1.074641049995211119e+02
7.597852290082742854e+01 1.074248769877094816e+02
7.607050748154239272e+01 1.073856489758978512e+02
7.616249206225735691e+01 1.073464209640862208e+02
7.625447664297232109e+01 1.073071929522745904e+02
7.634646122368728527e+01 1.072679649404629600e+02
7.643844580440224945e+01 1.072287369286513297e+02
7.653043038511721363e+01 1.071895089168396993e+02
7.662241496583217781e+01 1.071502809050280689e+02
7.671439954654714199e+01 1.071110528932164385e+02
7.680638412726210618e+01 1.070718248814048081e+02
7.689836870797707036e+01 1.070325968695931778e+02
7.699035328869203454e+01 1.069933688577815474e+02
7.708233786940699872e+01 1.069541408459699170e+02
7.717432245012196290e+01 1.069149128341582866e+02
7.726630703083692708e+01 1.068756848223466562e+02
7.735829161155189126e+01 1.068364568105350259e+02
7.745027619226685545e+01 1.067972287987233955e+02
7.754226077298181963e+01 1.067580007869117651e+02
7.763424535369678381e+01 1.067187727751001347e+02
7.772622993441174799e+01 1.066795447632885043e+02
7.781821451512671217e+01 1.066403167514768739e+02
7.791019909584167635e+01 1.066010887396652436e+02
7.800218367655664053e+01 1.065618607278536132e+02
7.809416825727160472e+01 1.065226327160419828e+02
7.818615283798656890e+01 1.064834047042303524e+02
7.827813741870153308e+01 1.064441766924187220e+02
7.837012199941649726e+01 1.064049486806070917e+02
7.846210658013146144e+01 1.063657206687954613e+02
7.855409116084642562e+01 1.063264926569838309e+02
7.864607574156138980e+01 1.062872646451722005e+02
7.873806032227635399e+01 1.062480366333605701e+02
7.883004490299131817e+01 1.062088086215489398e+02
7.892202948370628235e+01 1.061695806097373094e+02
7.901401406442124653e+01 1.061303525979256790e+02
7.910599864513621071e+01 1.060911245861140486e+02
7.919798322585117489e+01 1.060518965743024182e+02
7.928996780656613907e+01 1.060126685624907878e+02
7.938195238728110326e+01 1.059734405506791575e+02
7.947393696799606744e+01 1.059342125388675271e+02
7.956592154871103162e+01 1.058949845270558967e+02
7.965790612942599580e+01 1.058557565152442663e+02
7.974989071014095998e+01 1.058165285034326359e+02
7.984187529085592416e+01 1.057773004916210056e+02
7.993385987157088834e+01 1.057380724798093752e+02
8.002584445228585253e+01 1.056988444679977448e+02
8.011782903300081671e+01 1.056596164561861144e+02
8.020981361371578089e+01 1.056203884443744840e+02
8.030179819443074507e+01 1.055811604325628537e+02
8.039378277514570925e+01 1.055419324207512233e+02
8.048576735586067343e+01 1.055027044089395929e+02
8.057775193657563761e+01 1.054634763971279625e+02
8.066973651729060180e+01 1.054242483853163321e+02
8.076172109800556598e+01 1.053850203735047018e+02
8.085370567872053016e+01 1.053457923616930714e+02
8.094569025943549434e+01 1.053065643498814410e+02
8.103767484015045852e+01 1.052673363380698106e+02
8.112965942086542270e+01 1.052281083262581802e+02
8.122164400158038688e+01 1.051888803144465498e+02
8.131362858229535107e+01 1.051496523026349195e+02
8.140561316301031525e+01 1.051104242908232891e+02
8.149759774372527943e+01 1.050711962790116587e+02
8.158958232444024361e+01 1.050319682672000283e+02
8.168156690515520779e+01 1.049927402553883979e+02
8.177355148587017197e+01 1.049535122435767676e+02
8.186553606658513615e+01 1.049142842317651372e+02
8.195752064730010034e+01 1.048750562199535068e+02
8.204950522801506452e+01 1.048358282081418764e+02
8.214148980873002870e+01 1.047966001963302460e+02
8.223347438944499288e+01 1.047573721845186157e+02
8.232545897015995706e+01 1.047181441727069853e+02
8.241744355087492124e+01 1.046789161608953549e+02
8.250942813158988542e+01 1.046396881490837245e+02
8.260141271230484961e+01 1.046004601372720941e+02
8.269339729301981379e+01 1.045612321254604637e+02
8.278538187373477797e+01 1.045220041136488334e+02
8.287736645444974215e+01 1.044827761018372030e+02
8.296935103516470633e+01 1.044435480900255726e+02
8.306133561587967051e+01 1.044043200782139422e+02
8.315332019659463469e+01 1.043650920664023118e+02
8.324530477730959888e+01 1.043258640545906815e+02
8.333728935802456306e+01 1.042866360427790511e+02
8.342927393873952724e+01 1.042474080309674207e+02
8.352125851945449142e+01 1.042081800191557903e+02
8.361324310016945560e+01 1.041689520073441599e+02
8.370522768088441978e+01 1.041297239955325296e+02
8.379721226159938396e+01 1.040904959837208992e+02
8.388919684231434815e+01 1.040512679719092688e+02
8.398118142302931233e+01 1.040120399600976384e+02
8.407316600374427651e+01 1.039728119482860080e+02
8.416515058445924069e+01 1.039335839364743777e+02
8.425713516517420487e+01 1.038943559246627473e+02
8.434911974588916905e+01 1.038551279128511169e+02
8.444110432660413323e+01 1.038158999010394865e+02
8.453308890731909742e+01 1.037766718892278561e+02
8.462507348803406160e+01 1.037374438774162257e+02
8.471705806874902578e+01 1.036982158656045954e+02
8.480904264946398996e+01 1.036589878537929650e+02
8.490102723017895414e+01 1.036197598419813346e+02
8.499301181089391832e+01 1.035805318301697042e+02
8.508499639160888250e+01 1.035413038183580738e+02
8.517698097232384669e+01 1.035020758065464435e+02
8.526896555303881087e+01 1.034628477947348131e+02
8.536095013375377505e+01 1.034236197829231827e+02
8.545293471446873923e+01 1.033843917711115523e+02
8.554491929518370341e+01 1.033451637592999219e+02
8.563690387589866759e+01 1.033059357474882916e+02
8.572888845661363177e+01 1.032667077356766612e+02
8.582087303732859596e+01 1.032274797238650308e+02
8.591285761804356014e+01 1.031882517120534004e+02
8.600484219875852432e+01 1.031490237002417700e+02
8.609682677947348850e+01 1.031097956884301396e+02
8.618881136018845268e+01 1.030705676766185093e+02
8.628079594090341686e+01 1.030313396648068789e+02
8.637278052161838104e+01 1.029921116529952485e+02
8.646476510233334523e+01 1.029528836411836181e+02
8.655674968304830941e+01 1.029136556293719877e+02
8.664873426376327359e+01 1.028744276175603574e+02
8.674071884447823777e+01 1.028351996057487270e+02
8.683270342519320195e+01 1.027959715939370966e+02
8.692468800590816613e+01 1.027567435821254662e+02
8.701667258662313031e+01 1.027175155703138358e+02
8.710865716733809450e+01 1.026782875585022055e+02
8.720064174805305868e+01 1.026390595466905751e+02
8.729262632876802286e+01 1.025998315348789447e+02
8.738461090948298704e+01 1.025606035230673143e+02
8.747659549019795122e+01 1.025213755112556839e+02
8.756858007091291540e+01 1.024821474994440536e+02
8.766056465162787958e+01 1.024429194876324232e+02
8.775254923234284377e+01 1.024036914758207928e+02
8.784453381305780795e+01 1.023644634640091624e+02
8.793651839377277213e+01 1.023252354521975320e+02
8.802850297448773631e+01 1.022860074403859016e+02
8.812048755520270049e+01 1.022467794285742713e+02
8.821247213591766467e+01 1.022075514167626409e+02
8.830445671663262885e+01 1.021683234049510105e+02
8.839644129734759304e+01 1.021290953931393801e+02
8.848842587806255722e+01 1.020898673813277497e+02
8.858041045877752140e+01 1.020506393695161194e+02
8.867239503949248558e+01 1.020114113577044890e+02
8.876437962020744976e+01 1.019721833458928586e+02
8.885636420092241394e+01 1.019329553340812282e+02
8.894834878163737812e+01 1.018937273222695978e+02
8.904033336235234231e+01 1.018544993104579675e+02
8.913231794306730649e+01 1.018152712986463371e+02
8.922430252378227067e+01 1.017760432868347067e+02
8.931628710449723485e+01 1.017368152750230763e+02
8.940827168521219903e+01 1.016975872632114459e+02
8.950025626592716321e+01 1.016583592513998155e+02
8.959224084664212739e+01 1.016191312395881852e+02
8.968422542735709158e+01 1.015799032277765548e+02
8.977621000807205576e+01 1.015406752159649244e+02
8.986819458878701994e+01 1.015014472041532940e+02
8.996017916950198412e+01 1.014622191923416636e+02
9.005216375021694830e+01 1.014229911805300333e+02
9.014414833093191248e+01 1.013837631687184029e+02
9.023613291164687666e+01 1.013445351569067725e+02
9.032811749236184085e+01 1.013053071450951421e+02
9.042010207307680503e+01 1.012660791332835117e+02
9.051208665379176921e+01 1.012268511214718814e+02
9.060407123450673339e+01 1.011876231096602510e+02
9.069605581522169757e+01 1.011483950978486206e+02
9.078804039593666175e+01 1.011091670860369902e+02
9.088002497665162593e+01 1.010699390742253598e+02
9.097200955736659012e+01 1.010307110624137295e+02
9.106399413808155430e+01 1.009914830506020991e+02
9.115597871879651848e+01 1.009522550387904687e+02
9.124796329951148266e+01 1.009130270269788383e+02
9.133994788022644684e+01 1.008737990151672079e+02
9.143193246094141102e+01 1.008345710033555775e+02
9.152391704165637520e+01 1.007953429915439472e+02
9.161590162237133939e+01 1.007561149797323168e+02
9.170788620308630357e+01 1.007168869679206864e+02
9.179987078380126775e+01 1.006776589561090560e+02
9.189185536451623193e+01 1.006384309442974256e+02
9.198383994523119611e+01 1.005992029324857953e+02
9.207582452594616029e+01 1.005599749206741649e+02
9.216780910666112447e+01 1.005207469088625345e+02
9.225979368737608866e+01 1.004815188970509041e+02
9.235177826809105284e+01 1.004422908852392737e+02
9.244376284880601702e+01 1.004030628734276434e+02
9.253574742952098120e+01 1.003638348616160130e+02
9.262773201023594538e+01 1.003246068498043826e+02
9.271971659095090956e+01 1.002853788379927522e+02
9.281170117166587374e+01 1.002461508261811218e+02
9.290368575238083793e+01 1.002069228143694914e+02
9.299567033309580211e+01 1.001676948025578611e+02
9.308765491381076629e+01 1.001284667907462307e+02
9.317963949452573047e+01 1.000892387789346003e+02
9.327162407524069465e+01 1.000500107671229699e+02
9.336360865595565883e+01 1.000107827553113395e+02
9.345559323667062301e+01 9.997155474349970916e+01
9.354757781738558720e+01 9.993232673168807878e+01
9.363956239810055138e+01 9.989309871987644840e+01
9.373154697881551556e+01 9.985387070806481802e+01
9.382353155953047974e+01 9.981464269625318764e+01
9.391551614024544392e+01 9.977541468444155726e+01
9.400750072096040810e+01 9.973618667262992687e+01
9.409948530167537228e+01 9.969695866081829649e+01
9.419146988239033647e+01 9.965773064900666611e+01
9.428345446310530065e+01 9.961850263719503573e+01
9.437543904382026483e+01 9.957927462538340535e+01
9.446742362453522901e+01 9.954004661357177497e+01
9.455940820525019319e+01 9.950081860176014459e+01
9.465139278596515737e+01 9.946159058994851421e+01
9.474337736668012155e+01 9.942236257813688383e+01
9.483536194739508574e+01 9.938313456632525345e+01
9.492734652811004992e+01 9.934390655451362306e+01
9.501933110882501410e+01 9.930467854270199268e+01
9.511131568953997828e+01 9.926545053089036230e+01
9.520330027025494246e+01 9.922622251907873192e+01
9.529528485096990664e+01 9.918699450726710154e+01
9.538726943168487082e+01 9.914776649545547116e+01
9.547925401239983501e+01 9.910853848364384078e+01
9.557123859311479919e+01 9.906931047183221040e+01
9.566322317382976337e+01 9.903008246002058002e+01
9.575520775454472755e+01 9.899085444820894963e+01
9.584719233525969173e+01 9.895162643639731925e+01
9.593917691597465591e+01 9.891239842458568887e+01
9.603116149668962009e+01 9.887317041277405849e+01
9.612314607740458428e+01 9.883394240096242811e+01
9.621513065811954846e+01 9.879471438915079773e+01
9.630711523883451264e+01 9.875548637733916735e+01
9.639909981954947682e+01 9.871625836552753697e+01
9.649108440026444100e+01 9.867703035371590659e+01
9.658306898097940518e+01 9.863780234190427620e+01
9.667505356169436936e+01 9.859857433009264582e+01
9.676703814240933355e+01 9.855934631828101544e+01
9.685902272312429773e+01 9.852011830646938506e+01
9.695100730383926191e+01 9.848089029465775468e+01
9.704299188455422609e+01 9.844166228284612430e+01
9.713497646526919027e+01 9.840243427103449392e+01
9.722696104598415445e+01 9.836320625922286354e+01
9.731894562669911863e+01 9.832397824741123316e+01
9.741093020741408282e+01 9.828475023559960277e+01
9.750291478812904700e+01 9.824552222378797239e+01
9.759489936884401118e+01 9.820629421197634201e+01
9.768688394955897536e+01 9.816706620016471163e+01
9.777886853027393954e+01 9.812783818835308125e+01
9.787085311098890372e+01 9.808861017654145087e+01
9.796283769170386790e+01 9.804938216472982049e+01
9.805482227241883209e+01 9.801015415291819011e+01
9.814680685313379627e+01 9.797092614110655973e+01
9.823879143384876045e+01 9.793169812929492934e+01
9.833077601456372463e+01 9.789247011748329896e+01
9.842276059527868881e+01 9.785324210567166858e+01
9.851474517599365299e+01 9.781401409386003820e+01
9.860672975670861717e+01 9.777478608204840782e+01
9.869871433742358136e+01 9.773555807023677744e+01
9.879069891813854554e+01 9.769633005842514706e+01
9.888268349885350972e+01 9.765710204661351668e+01
9.897466807956847390e+01 9.761787403480188630e+01
9.906665266028343808e+01 9.757864602299025591e+01
9.915863724099840226e+01 9.753941801117862553e+01
9.925062182171336644e+01 9.750018999936699515e+01
9.934260640242833063e+01 9.746096198755536477e+01
9.943459098314329481e+01 9.742173397574373439e+01
9.952657556385825899e+01 9.738250596393210401e+01
9.961856014457322317e+01 9.734327795212047363e+01
9.971054472528818735e+01 9.730404994030884325e+01
9.980252930600315153e+01 9.726482192849721287e+01
9.989451388671811571e+01 9.722559391668558249e+01
9.998649846743307990e+01 9.718636590487395210e+01
1.000784830481480441e+02 9.714713789306232172e+01
1.001704676288630083e+02 9.710790988125069134e+01
1.002624522095779724e+02 9.706868186943906096e+01
1.003544367902929366e+02 9.702945385762743058e+01
1.004464213710079008e+02 9.699022584581580020e+01
1.005384059517228650e+02 9.695099783400416982e+01
1.006303905324378292e+02 9.691176982219253944e+01
1.007223751131527933e+02 9.687254181038090906e+01
1.008143596938677575e+02 9.683331379856927867e+01
1.009063442745827217e+02 9.679408578675764829e+01
1.009983288552976859e+02 9.675485777494601791e+01
1.010903134360126501e+02 9.671562976313438753e+01
1.011822980167276143e+02 9.667640175132275715e+01
1.012742825974425784e+02 9.663717373951112677e+01
1.013662671781575426e+02 9.659794572769949639e+01
1.014582517588725068e+02 9.655871771588786601e+01
1.015502363395874710e+02 9.651948970407623563e+01
1.016422209203024352e+02 9.648026169226460524e+01
1.017342055010173993e+02 9.644103368045297486e+01
1.018261900817323635e+02 9.640180566864134448e+01
1.019181746624473277e+02 9.636257765682971410e+01
1.020101592431622919e+02 9.632334964501808372e+01
1.021021438238772561e+02 9.628412163320645334e+01
1.021941284045922202e+02 9.624489362139482296e+01
1.022861129853071844e+02 9.620566560958319258e+01
1.023780975660221486e+02 9.616643759777156220e+01
1.024700821467371128e+02 9.612720958595993181e+01
1.025620667274520770e+02 9.608798157414830143e+01
1.026540513081670412e+02 9.604875356233667105e+01
1.027460358888820053e+02 9.600952555052504067e+01
1.028380204695969695e+02 9.597029753871341029e+01
1.029300050503119337e+02 9.593106952690177991e+01
1.030219896310268979e+02 9.589184151509014953e+01
1.031139742117418621e+02 9.585261350327851915e+01
1.032059587924568262e+02 9.581338549146688877e+01
1.032979433731717904e+02 9.577415747965525838e+01
1.033899279538867546e+02 9.573492946784362800e+01
1.034819125346017188e+02 9.569570145603199762e+01
1.035738971153166830e+02 9.565647344422036724e+01
1.037008111718528909e+02 9.560234930656343977e+01
1.037400391836645213e+02 9.569433388727840395e+01
1.037792671954761516e+02 9.578631846799336813e+01
1.038184952072877820e+02 9.587830304870833231e+01
1.038577232190994124e+02 9.597028762942329649e+01
1.038969512309110428e+02 9.606227221013826068e+01
1.039361792427226732e+02 9.615425679085322486e+01
1.039754072545343035e+02 9.624624137156818904e+01
1.040146352663459339e+02 9.633822595228315322e+01
1.040538632781575643e+02 9.643021053299811740e+01
1.040930912899691947e+02 9.652219511371308158e+01
1.041323193017808251e+02 9.661417969442804576e+01
1.041715473135924555e+02 9.670616427514300995e+01
1.042107753254040858e+02 9.679814885585797413e+01
1.042500033372157162e+02 9.689013343657293831e+01
1.042892313490273466e+02 9.698211801728790249e+01
1.043284593608389770e+02 9.707410259800286667e+01
1.043676873726506074e+02 9.716608717871783085e+01
1.044069153844622377e+02 9.725807175943279503e+01
1.044461433962738681e+02 9.735005634014775922e+01
1.044853714080854985e+02 9.744204092086272340e+01
1.045245994198971289e+02 9.753402550157768758e+01
1.045638274317087593e+02 9.762601008229265176e+01
1.046030554435203896e+02 9.771799466300761594e+01
1.046422834553320200e+02 9.780997924372258012e+01
1.046815114671436504e+02 9.790196382443754430e+01
1.047207394789552808e+02 9.799394840515250849e+01
1.047599674907669112e+02 9.808593298586747267e+01
1.047991955025785416e+02 9.817791756658243685e+01
1.048384235143901719e+02 9.826990214729740103e+01
1.048776515262018023e+02 9.836188672801236521e+01
1.049168795380134327e+02 9.845387130872732939e+01
1.049561075498250631e+02 9.854585588944229357e+01
1.049953355616366935e+02 9.863784047015725776e+01
1.050345635734483238e+02 9.872982505087222194e+01
1.050737915852599542e+02 9.882180963158718612e+01
1.051130195970715846e+02 9.891379421230215030e+01
1.051522476088832150e+02 9.900577879301711448e+01
1.051914756206948454e+02 9.909776337373207866e+01
1.052307036325064757e+02 9.918974795444704284e+01
1.052699316443181061e+02 9.928173253516200703e+01
1.053091596561297365e+02 9.937371711587697121e+01
1.053483876679413669e+02 9.946570169659193539e+01
1.053876156797529973e+02 9.955768627730689957e+01
1.054268436915646276e+02 9.964967085802186375e+01
1.054660717033762580e+02 9.974165543873682793e+01
1.055052997151878884e+02 9.983364001945179211e+01
1.055445277269995188e+02 9.992562460016675630e+01
1.055837557388111492e+02 1.000176091808817205e+02
1.056229837506227796e+02 1.001095937615966847e+02
1.056622117624344099e+02 1.002015783423116488e+02
1.057014397742460403e+02 1.002935629230266130e+02
1.057406677860576707e+02 1.003855475037415772e+02
1.057798957978693011e+02 1.004775320844565414e+02
1.058191238096809315e+02 1.005695166651715056e+02
1.058583518214925618e+02 1.006615012458864697e+02
1.058975798333041922e+02 1.007534858266014339e+02
1.059368078451158226e+02 1.008454704073163981e+02
1.059760358569274530e+02 1.009374549880313623e+02
1.060152638687390834e+02 1.010294395687463265e+02
1.060544918805507137e+02 1.011214241494612907e+02
1.060937198923623441e+02 1.012134087301762548e+02
1.061329479041739745e+02 1.013053933108912190e+02
1.061721759159856049e+02 1.013973778916061832e+02
1.062114039277972353e+02 1.014893624723211474e+02
1.062506319396088657e+02 1.015813470530361116e+02
1.062898599514204960e+02 1.016733316337510757e+02
1.063290879632321264e+02 1.017653162144660399e+02
1.063683159750437568e+02 1.018573007951810041e+02
1.064075439868553872e+02 1.019492853758959683e+02
1.064467719986670176e+02 1.020412699566109325e+02
1.064860000104786479e+02 1.021332545373258966e+02
1.065252280222902783e+02 1.022252391180408608e+02
1.065644560341019087e+02 1.023172236987558250e+02
1.066036840459135391e+02 1.024092082794707892e+02
1.066429120577251695e+02 1.025011928601857534e+02
1.066821400695367998e+02 1.025931774409007176e+02
1.067213680813484302e+02 1.026851620216156817e+02
1.067605960931600606e+02 1.027771466023306459e+02
1.067998241049716910e+02 1.028691311830456101e+02
1.068390521167833214e+02 1.029611157637605743e+02
1.068782801285949517e+02 1.030531003444755385e+02
1.069175081404065821e+02 1.031450849251905026e+02
1.069567361522182125e+02 1.032370695059054668e+02
1.069959641640298429e+02 1.033290540866204310e+02
1.070351921758414733e+02 1.034210386673353952e+02
1.070744201876531037e+02 1.035130232480503594e+02
1.071136481994647340e+02 1.036050078287653236e+02
1.071528762112763644e+02 1.036969924094802877e+02
1.071921042230879948e+02 1.037889769901952519e+02
1.072313322348996252e+02 1.038809615709102161e+02
1.072705602467112556e+02 1.039729461516251803e+02
1.073097882585228859e+02 1.040649307323401445e+02
1.073490162703345163e+02 1.041569153130551086e+02
1.073882442821461467e+02 1.042488998937700728e+02
1.074274722939577771e+02 1.043408844744850370e+02
1.074667003057694075e+02 1.044328690552000012e+02
1.075059283175810378e+02 1.045248536359149654e+02
1.075451563293926682e+02 1.046168382166299295e+02
1.075843843412042986e+02 1.047088227973448937e+02
1.076236123530159290e+02 1.048008073780598579e+02
1.076628403648275594e+02 1.048927919587748221e+02
1.077020683766391898e+02 1.049847765394897863e+02
1.077412963884508201e+02 1.050767611202047505e+02
1.077805244002624505e+02 1.051687457009197146e+02
1.078197524120740809e+02 1.052607302816346788e+02
1.078589804238857113e+02 1.053527148623496430e+02
1.078982084356973417e+02 1.054446994430646072e+02
1.079374364475089720e+02 1.055366840237795714e+02
1.079766644593206024e+02 1.056286686044945355e+02
1.080158924711322328e+02 1.057206531852094997e+02
1.080551204829438632e+02 1.058126377659244639e+02
1.080943484947554936e+02 1.059046223466394281e+02
1.081335765065671239e+02 1.059966069273543923e+02
1.081728045183787543e+02 1.060885915080693565e+02
1.082120325301903847e+02 1.061805760887843206e+02
1.082512605420020151e+02 1.062725606694992848e+02
1.082904885538136455e+02 1.063645452502142490e+02
1.083297165656252758e+02 1.064565298309292132e+02
1.083689445774369062e+02 1.065485144116441774e+02
1.084081725892485366e+02 1.066404989923591415e+02
1.084474006010601670e+02 1.067324835730741057e+02
1.084866286128717974e+02 1.068244681537890699e+02
1.085258566246834278e+02 1.069164527345040341e+02
1.085650846364950581e+02 1.070084373152189983e+02
1.086043126483066885e+02 1.071004218959339624e+02
1.086435406601183189e+02 1.071924064766489266e+02
1.086827686719299493e+02 1.072843910573638908e+02
1.087219966837415797e+02 1.073763756380788550e+02
1.087612246955532100e+02 1.074683602187938192e+02
1.088004527073648404e+02 1.075603447995087834e+02
1.088396807191764708e+02 1.076523293802237475e+02
1.088789087309881012e+02 1.077443139609387117e+02
1.089181367427997316e+02 1.078362985416536759e+02
1.089573647546113619e+02 1.079282831223686401e+02
1.089965927664229923e+02 1.080202677030836043e+02
1.090358207782346227e+02 1.081122522837985684e+02
1.090750487900462531e+02 1.082042368645135326e+02
1.091142768018578835e+02 1.082962214452284968e+02
1.091535048136695139e+02 1.083882060259434610e+02
1.091927328254811442e+02 1.084801906066584252e+02
1.092319608372927746e+02 1.085721751873733893e+02
1.092711888491044050e+02 1.086641597680883535e+02
1.093104168609160354e+02 1.087561443488033177e+02
1.093496448727276658e+02 1.088481289295182819e+02
1.093888728845392961e+02 1.089401135102332461e+02
1.094281008963509265e+02 1.090320980909482103e+02
1.094673289081625569e+02 1.091240826716631744e+02
1.095065569199741873e+02 1.092160672523781386e+02
1.095457849317858177e+02 1.093080518330931028e+02
1.095850129435974480e+02 1.094000364138080670e+02
1.096242409554090784e+02 1.094920209945230312e+02
1.096634689672207088e+02 1.095840055752379953e+02
1.097026969790323392e+02 1.096759901559529595e+02
1.097419249908439696e+02 1.097679747366679237e+02
1.097811530026555999e+02 1.098599593173828879e+02
1.098203810144672303e+02 1.099519438980978521e+02
1.098596090262788607e+02 1.100439284788128163e+02
1.098988370380904911e+02 1.101359130595277804e+02
1.099380650499021215e+02 1.102278976402427446e+02
1.099772930617137519e+02 1.103198822209577088e+02
1.100165210735253822e+02 1.104118668016726730e+02
1.100557490853370126e+02 1.105038513823876372e+02
1.100949770971486430e+02 1.105958359631026013e+02
1.101342051089602734e+02 1.106878205438175655e+02
1.101734331207719038e+02 1.107798051245325297e+02
1.102126611325835341e+02 1.108717897052474939e+02
1.102518891443951645e+02 1.109637742859624581e+02
1.102911171562067949e+02 1.110557588666774222e+02
1.103303451680184253e+02 1.111477434473923864e+02
1.103695731798300557e+02 1.112397280281073506e+02
1.104088011916416860e+02 1.113317126088223148e+02
1.104480292034533164e+02 1.114236971895372790e+02
1.104872572152649468e+02 1.115156817702522432e+02
1.105264852270765772e+02 1.116076663509672073e+02
1.105657132388882076e+02 1.116996509316821715e+02
1.106049412506998380e+02 1.117916355123971357e+02
1.106441692625114683e+02 1.118836200931120999e+02
1.106833972743230987e+02 1.119756046738270641e+02
1.107226252861347291e+02 1.120675892545420282e+02
1.107618532979463595e+02 1.121595738352569924e+02
1.108010813097579899e+02 1.122515584159719566e+02
1.108403093215696202e+02 1.123435429966869208e+02
1.108795373333812506e+02 1.124355275774018850e+02
1.109187653451928810e+02 1.125275121581168492e+02
1.109579933570045114e+02 1.126194967388318133e+02
1.109972213688161418e+02 1.127114813195467775e+02
1.110364493806277721e+02 1.128034659002617417e+02
1.110756773924394025e+02 1.128954504809767059e+02
1.111149054042510329e+02 1.129874350616916701e+02
1.111541334160626633e+02 1.130794196424066342e+02
1.111933614278742937e+02 1.131714042231215984e+02
1.112325894396859240e+02 1.132633888038365626e+02
1.112718174514975544e+02 1.133553733845515268e+02
1.113110454633091848e+02 1.134473579652664910e+02
1.113502734751208152e+02 1.135393425459814551e+02
1.113895014869324456e+02 1.136313271266964193e+02
1.114287294987440760e+02 1.137233117074113835e+02
1.114679575105557063e+02 1.138152962881263477e+02
1.115071855223673367e+02 1.139072808688413119e+02
1.115464135341789671e+02 1.139992654495562761e+02
1.115856415459905975e+02 1.140912500302712402e+02
1.116248695578022279e+02 1.141832346109862044e+02
1.116640975696138582e+02 1.142752191917011686e+02
1.117033255814254886e+02 1.143672037724161328e+02
1.117425535932371190e+02 1.144591883531310970e+02
1.117817816050487494e+02 1.145511729338460611e+02
1.118210096168603798e+02 1.146431575145610253e+02
1.118602376286720101e+02 1.147351420952759895e+02
1.118994656404836405e+02 1.148271266759909537e+02
1.119386936522952709e+02 1.149191112567059179e+02
1.119779216641069013e+02 1.150110958374208820e+02
1.120171496759185317e+02 1.151030804181358462e+02
1.120563776877301621e+02 1.151950649988508104e+02
1.120956056995417924e+02 1.152870495795657746e+02
1.121348337113534228e+02 1.153790341602807388e+02
1.121740617231650532e+02 1.154710187409957030e+02
1.122132897349766836e+02 1.155630033217106671e+02
1.122525177467883140e+02 1.156549879024256313e+02
1.122917457585999443e+02 1.157469724831405955e+02
1.123309737704115747e+02 1.158389570638555597e+02
1.123702017822232051e+02 1.159309416445705239e+02
1.124094297940348355e+02 1.160229262252854880e+02
1.124486578058464659e+02 1.161149108060004522e+02
1.124878858176580962e+02 1.162068953867154164e+02
1.125271138294697266e+02 1.162988799674303806e+02
1.125663418412813570e+02 1.163908645481453448e+02
1.126055698530929874e+02 1.164828491288603090e+02
1.126447978649046178e+02 1.165748337095752731e+02
1.126840258767162481e+02 1.166668182902902373e+02
1.127232538885278785e+02 1.167588028710052015e+02
1.127624819003395089e+02 1.168507874517201657e+02
1.128017099121511393e+02 1.169427720324351299e+02
1.128409379239627697e+02 1.170347566131500940e+02
1.128801659357744001e+02 1.171267411938650582e+02
1.129193939475860304e+02 1.172187257745800224e+02
1.129586219593976608e+02 1.173107103552949866e+02
1.129978499712092912e+02 1.174026949360099508e+02
1.130370779830209216e+02 1.174946795167249149e+02
1.130763059948325520e+02 1.175866640974398791e+02
1.131155340066441823e+02 1.176786486781548433e+02
1.131547620184558127e+02 1.177706332588698075e+02
1.131939900302674431e+02 1.178626178395847717e+02
1.132332180420790735e+02 1.179546024202997359e+02
1.132724460538907039e+02 1.180465870010147000e+02
1.133116740657023342e+02 1.181385715817296642e+02
1.133509020775139646e+02 1.182305561624446284e+02
1.133901300893255950e+02 1.183225407431595926e+02
1.134293581011372254e+02 1.184145253238745568e+02
1.134685861129488558e+02 1.185065099045895209e+02
1.135078141247604862e+02 1.185984944853044851e+02
1.135470421365721165e+02 1.186904790660194493e+02
1.135862701483837469e+02 1.187824636467344135e+02
1.136254981601953773e+02 1.188744482274493777e+02
1.136647261720070077e+02 1.189664328081643418e+02
1.137039541838186381e+02 1.190584173888793060e+02
1.137431821956302684e+02 1.191504019695942702e+02
1.137824102074418988e+02 1.192423865503092344e+02
1.138216382192535292e+02 1.193343711310241986e+02
1.138608662310651596e+02 1.194263557117391628e+02
1.139000942428767900e+02 1.195183402924541269e+02
1.139393222546884203e+02 1.196103248731690911e+02
1.139785502665000507e+02 1.197023094538840553e+02
1.140177782783116811e+02 1.197942940345990195e+02
1.140570062901233115e+02 1.198862786153139837e+02
1.140962343019349419e+02 1.199782631960289478e+02
1.141354623137465722e+02 1.200702477767439120e+02
1.141746903255582026e+02 1.201622323574588762e+02
1.142139183373698330e+02 1.202542169381738404e+02
1.142531463491814634e+02 1.203462015188888046e+02
1.142923743609930938e+02 1.204381860996037688e+02
1.143316023728047242e+02 1.205301706803187329e+02
1.143708303846163545e+02 1.206221552610336971e+02
1.144100583964279849e+02 1.207141398417486613e+02
1.144492864082396153e+02 1.208061244224636255e+02
1.144885144200512457e+02 1.208981090031785897e+02
1.145277424318628761e+02 1.209900935838935538e+02
1.145669704436745064e+02 1.210820781646085180e+02
1.146061984554861368e+02 1.211740627453234822e+02
1.146454264672977672e+02 1.212660473260384464e+02
1.146846544791093976e+02 1.213580319067534106e+02
1.147238824909210280e+02 1.214500164874683747e+02
1.147631105027326583e+02 1.215420010681833389e+02
1.148023385145442887e+02 1.216339856488983031e+02
1.148415665263559191e+02 1.217259702296132673e+02
1.148807945381675495e+02 1.218179548103282315e+02
1.149200225499791799e+02 1.219099393910431957e+02
1.149592505617908103e+02 1.220019239717581598e+02
1.149984785736024406e+02 1.220939085524731240e+02
1.150377065854140710e+02 1.221858931331880882e+02
1.150769345972257014e+02 1.222778777139030524e+02
1.151161626090373318e+02 1.223698622946180166e+02
1.151553906208489622e+02 1.224618468753329807e+02
1.151946186326605925e+02 1.225538314560479449e+02
1.152338466444722229e+02 1.226458160367629091e+02
1.152730746562838533e+02 1.227378006174778733e+02
1.153123026680954837e+02 1.228297851981928375e+02
1.153515306799071141e+02 1.229217697789078017e+02
1.153907586917187444e+02 1.230137543596227658e+02
1.154299867035303748e+02 1.231057389403377300e+02
1.154692147153420052e+02 1.231977235210526942e+02
1.155084427271536356e+02 1.232897081017676584e+02
1.155476707389652660e+02 1.233816926824826226e+02
1.155868987507768963e+02 1.234736772631975867e+02
1.156261267625885267e+02 1.235656618439125509e+02
1.156653547744001571e+02 1.236576464246275151e+02
1.157045827862117875e+02 1.237496310053424793e+02
1.157438107980234179e+02 1.238416155860574435e+02
1.157830388098350483e+02 1.239336001667724076e+02
1.158222668216466786e+02 1.240255847474873718e+02
1.158614948334583090e+02 1.241175693282023360e+02
1.159007228452699394e+02 1.242095539089173002e+02
1.159399508570815698e+02 1.243015384896322644e+02
1.159791788688932002e+02 1.243935230703472286e+02
1.160184068807048305e+02 1.244855076510621927e+02
1.160576348925164609e+02 1.245774922317771569e+02
1.160968629043280913e+02 1.246694768124921211e+02
1.161360909161397217e+02 1.247614613932070853e+02
1.161753189279513521e+02 1.248534459739220495e+02
1.162145469397629824e+02 1.249454305546370136e+02
1.162537749515746128e+02 1.250374151353519778e+02
1.162930029633862432e+02 1.251293997160669420e+02
1.163322309751978736e+02 1.252213842967819062e+02
1.163714589870095040e+02 1.253133688774968704e+02
1.164106869988211344e+02 1.254053534582118345e+02
1.164499150106327647e+02 1.254973380389267987e+02
1.164891430224443951e+02 1.255893226196417629e+02
1.165283710342560255e+02 1.256813072003567271e+02
1.165675990460676559e+02 1.257732917810716913e+02
1.166068270578792863e+02 1.258652763617866555e+02
1.166460550696909166e+02 1.259572609425016196e+02
1.166852830815025470e+02 1.260492455232165838e+02
1.167245110933141774e+02 1.261412301039315480e+02
1.167637391051258078e+02 1.262332146846465122e+02
1.168029671169374382e+02 1.263251992653614764e+02
1.168421951287490685e+02 1.264171838460764405e+02
1.168814231405606989e+02 1.265091684267914047e+02
1.169206511523723293e+02 1.266011530075063689e+02
1.169598791641839597e+02 1.266931375882213331e+02
1.169991071759955901e+02 1.267851221689362973e+02
1.170383351878072204e+02 1.268771067496512615e+02
1.170775631996188508e+02 1.269690913303662256e+02
1.171167912114304812e+02 1.270610759110811898e+02
1.171560192232421116e+02 1.271530604917961540e+02
1.171952472350537420e+02 1.272450450725111182e+02
1.172344752468653724e+02 1.273370296532260824e+02
1.172737032586770027e+02 1.274290142339410465e+02
1.173129312704886331e+02 1.275209988146560107e+02
1.173521592823002635e+02 1.276129833953709749e+02
1.173913872941118939e+02 1.277049679760859391e+02
1.174306153059235243e+02 1.277969525568009033e+02
1.174698433177351546e+02 1.278889371375158674e+02
1.175090713295467850e+02 1.279809217182308316e+02
1.175482993413584154e+02 1.280729062989457816e+02
1.175875273531700458e+02 1.281648908796607316e+02
1.176267553649816762e+02 1.282568754603756815e+02
1.176659833767933065e+02 1.283488600410906315e+02
1.177052113886049369e+02 1.284408446218055815e+02
1.177444394004165673e+02 1.285328292025205315e+02
1.177836674122281977e+02 1.286248137832354814e+02
1.178228954240398281e+02 1.287167983639504314e+02
1.178621234358514585e+02 1.288087829446653814e+02
1.179013514476630888e+02 1.289007675253803313e+02
1.179405794594747192e+02 1.289927521060952813e+02
1.179798074712863496e+02 1.290847366868102313e+02
1.180190354830979800e+02 1.291767212675251812e+02
1.180582634949096104e+02 1.292687058482401312e+02
1.180974915067212407e+02 1.293606904289550812e+02
1.181367195185328711e+02 1.294526750096700312e+02
1.181759475303445015e+02 1.295446595903849811e+02
1.182151755421561319e+02 1.296366441710999311e+02
1.182544035539677623e+02 1.297286287518148811e+02
1.182936315657793926e+02 1.298206133325298310e+02
1.183328595775910230e+02 1.299125979132447810e+02
1.183720875894026534e+02 1.300045824939597310e+02
1.184113156012142838e+02 1.300965670746746810e+02
1.184505436130259142e+02 1.301885516553896309e+02
1.184897716248375446e+02 1.302805362361045809e+02
1.185289996366491749e+02 1.303725208168195309e+02
1.185682276484608053e+02 1.304645053975344808e+02
1.186074556602724357e+02 1.305564899782494308e+02
1.186466836720840661e+02 1.306484745589643808e+02
1.186859116838956965e+02 1.307404591396793307e+02
1.187251396957073268e+02 1.308324437203942807e+02
1.187643677075189572e+02 1.309244283011092307e+02
1.188035957193305876e+02 1.310164128818241807e+02
1.188428237311422180e+02 1.311083974625391306e+02
1.188820517429538484e+02 1.312003820432540806e+02
1.189212797547654787e+02 1.312923666239690306e+02
1.189605077665771091e+02 1.313843512046839805e+02
1.189997357783887395e+02 1.314763357853989305e+02
1.190389637902003699e+02 1.315683203661138805e+02
1.190781918020120003e+02 1.316603049468288305e+02
1.191174198138236306e+02 1.317522895275437804e+02
1.191566478256352610e+02 1.318442741082587304e+02
1.191958758374468914e+02 1.319362586889736804e+02
1.192351038492585218e+02 1.320282432696886303e+02
1.192743318610701522e+02 1.321202278504035803e+02
1.193135598728817826e+02 1.322122124311185303e+02
1.193527878846934129e+02 1.323041970118334802e+02
1.193920158965050433e+02 1.323961815925484302e+02
1.194312439083166737e+02 1.324881661732633802e+02
1.194704719201283041e+02 1.325801507539783302e+02
1.195096999319399345e+02 1.326721353346932801e+02
1.195489279437515648e+02 1.327641199154082301e+02
1.195881559555631952e+02 1.328561044961231801e+02
1.196273839673748256e+02 1.329480890768381300e+02
1.196666119791864560e+02 1.330400736575530800e+02
1.197058399909980864e+02 1.331320582382680300e+02
1.197450680028097167e+02 1.332240428189829800e+02
1.197842960146213471e+02 1.333160273996979299e+02
1.198235240264329775e+02 1.334080119804128799e+02
1.198627520382446079e+02 1.334999965611278299e+02
1.199019800500562383e+02 1.335919811418427798e+02
1.199412080618678687e+02 1.336839657225577298e+02
1.199804360736794990e+02 1.337759503032726798e+02
1.200196640854911294e+02 1.338679348839876297e+02
1.200588920973027598e+02 1.339599194647025797e+02
1.200981201091143902e+02 1.340519040454175297e+02
1.201373481209260206e+02 1.341438886261324797e+02
1.201765761327376509e+02 1.342358732068474296e+02
1.202158041445492813e+02 1.343278577875623796e+02
1.202550321563609117e+02 1.344198423682773296e+02
1.202942601681725421e+02 1.345118269489922795e+02
1.203334881799841725e+02 1.346038115297072295e+02
1.203727161917958028e+02 1.346957961104221795e+02
1.204119442036074332e+02 1.347877806911371295e+02
1.204511722154190636e+02 1.348797652718520794e+02
1.204904002272306940e+02 1.349717498525670294e+02
1.205296282390423244e+02 1.350637344332819794e+02
1.205688562508539547e+02 1.351557190139969293e+02
1.206080842626655851e+02 1.352477035947118793e+02
1.206473122744772155e+02 1.353396881754268293e+02
1.206890299399065327e+02 1.354375106697532374e+02
