7.128825150999236371e+01 8.500000000000000000e+01
7.128805381294505139e+01 8.509999393094770426e+01
7.128746072489420271e+01 8.519998629844172910e+01
7.128647225511302565e+01 8.529997553905285201e+01
7.128508841905674842e+01 8.539996008940072159e+01
7.128330923836229260e+01 8.549993838617834285e+01
7.128113474084804579e+01 8.559990886617647732e+01
7.127856496051330737e+01 8.569986996630811404e+01
7.127559993753783374e+01 8.579982012363291233e+01
7.127223971828122728e+01 8.589975777538161594e+01
7.126848435528212633e+01 8.599968135898049582e+01
7.126433390725746619e+01 8.609958931207579269e+01
7.125978843910152705e+01 8.619948007255813138e+01
7.125484802188488231e+01 8.629935207858694923e+01
7.124951273285337550e+01 8.639920376861495299e+01
7.124378265542682698e+01 8.649903358141244780e+01
7.123765787919781189e+01 8.659883995609182250e+01
7.123113849993015378e+01 8.669862133213194966e+01
7.122422461955750350e+01 8.679837614940254298e+01
7.121691634618176181e+01 8.689810284818858577e+01
7.120921379407133145e+01 8.699779986921471675e+01
7.120111708365935499e+01 8.709746565366955906e+01
7.119262634154182479e+01 8.719709864323020554e+01
7.118374170047562188e+01 8.729669728008644825e+01
7.117446329937641281e+01 8.739626000696523533e+01
7.116479128331651793e+01 8.749578526715495741e+01
7.115472580352260934e+01 8.759527150452986177e+01
7.114426701737335179e+01 8.769471716357429614e+01
7.113341508839693006e+01 8.779412068940706604e+01
7.112217018626853360e+01 8.789348052780579224e+01
7.111053248680767069e+01 8.799279512523112601e+01
7.109850217197543998e+01 8.809206292885109235e+01
7.108607942987163142e+01 8.819128238656539054e+01
7.107326445473185572e+01 8.829045194702959520e+01
7.106005744692448900e+01 8.838957005967947111e+01
7.104645861294748954e+01 8.848863517475517426e+01
7.103246816542525721e+01 8.858764574332552399e+01
7.101808632310522285e+01 8.868660021731220411e+01
7.100331331085446607e+01 8.878549704951392130e+01
7.098814935965623363e+01 8.888433469363069150e+01
7.097259470660623037e+01 8.898311160428795574e+01
7.095664959490903811e+01 8.908182623706071013e+01
7.094031427387422184e+01 8.918047704849774959e+01
7.092358899891246438e+01 8.927906249614571266e+01
7.090647403153153050e+01 8.937758103857325409e+01
7.088896963933228790e+01 8.947603113539510389e+01
7.087107609600438707e+01 8.957441124729619730e+01
7.085279368132208333e+01 8.967271983605567698e+01
7.083412268113978882e+01 8.977095536457102298e+01
7.081506338738768136e+01 8.986911629688204073e+01
7.079561609806707168e+01 8.996720109819486311e+01
7.077578111724575649e+01 9.006520823490599525e+01
7.075555875505331471e+01 9.016313617462625984e+01
7.073494932767619048e+01 9.026098338620474237e+01
7.071395315735279041e+01 9.035874833975276488e+01
7.069257057236843877e+01 9.045642950666780280e+01
7.067080190705024734e+01 9.055402535965737343e+01
7.064864750176184316e+01 9.065153437276289594e+01
7.062610770289813900e+01 9.074895502138360825e+01
7.060318286287983369e+01 9.084628578230035600e+01
7.057987334014791259e+01 9.094352513369939572e+01
7.055617949915811948e+01 9.104067155519626908e+01
7.053210171037514442e+01 9.113772352785947817e+01
7.050764035026691090e+01 9.123467953423428867e+01
7.048279580129867838e+01 9.133153805836644779e+01
7.045756845192701689e+01 9.142829758582590216e+01
7.043195869659379582e+01 9.152495660373044473e+01
7.040596693571998799e+01 9.162151360076936157e+01
7.037959357569937424e+01 9.171796706722713566e+01
7.035283902889227647e+01 9.181431549500695155e+01
7.032570371361900641e+01 9.191055737765437073e+01
7.029818805415341387e+01 9.200669121038077947e+01
7.027029248071619350e+01 9.210271549008703573e+01
7.024201742946816296e+01 9.219862871538687443e+01
7.021336334250351285e+01 9.229442938663045481e+01
7.018433066784280072e+01 9.239011600592772311e+01
7.015491985942598774e+01 9.248568707717194570e+01
7.012513137710534750e+01 9.258114110606297231e+01
7.009496568663828953e+01 9.267647660013072652e+01
7.006442325968001228e+01 9.277169206875844054e+01
7.003350457377619875e+01 9.286678602320601783e+01
7.000221011235552737e+01 9.296175697663329629e+01
6.997054036472209759e+01 9.305660344412329721e+01
6.993849582604779869e+01 9.315132394270543159e+01
6.990607699736456482e+01 9.324591699137870648e+01
6.987328438555650223e+01 9.334038111113484604e+01
6.984011850335204485e+01 9.343471482498146941e+01
6.980657986931586834e+01 9.352891665796514076e+01
6.977266900784078985e+01 9.362298513719446191e+01
6.973838644913962526e+01 9.371691879186303709e+01
6.970373272923680474e+01 9.381071615327259394e+01
6.966870838996008786e+01 9.390437575485580624e+01
6.963331397893202279e+01 9.399789613219931539e+01
6.959755004956140567e+01 9.409127582306660997e+01
6.956141716103465455e+01 9.418451336742086255e+01
6.952491587830704134e+01 9.427760730744778073e+01
6.948804677209382419e+01 9.437055618757838715e+01
6.945081041886140838e+01 9.446335855451182795e+01
6.941320740081825136e+01 9.455601295723799637e+01
6.937523830590581042e+01 9.464851794706029864e+01
6.933690372778930566e+01 9.474087207761832019e+01
6.929820426584851134e+01 9.483307390491034994e+01
6.925914052516830566e+01 9.492512198731604656e+01
6.921971311652923475e+01 9.501701488561893427e+01
6.917992265639797722e+01 9.510875116302891286e+01
6.913976976691772336e+01 9.520032938520472499e+01
6.909925507589839810e+01 9.529174812027640940e+01
6.905837921680685554e+01 9.538300593886761192e+01
6.901714282875703077e+01 9.547410141411803863e+01
6.897554655649986444e+01 9.556503312170568165e+01
6.893359105041326984e+01 9.565579963986913015e+01
6.889127696649198640e+01 9.574639954942978193e+01
6.884860496633723415e+01 9.583683143381405500e+01
6.880557571714649612e+01 9.592709387907549967e+01
6.876218989170294549e+01 9.601718547391698166e+01
6.871844816836505743e+01 9.610710480971260949e+01
6.867435123105592254e+01 9.619685048052993181e+01
6.862989976925257452e+01 9.628642108315179371e+01
6.858509447797518987e+01 9.637581521709829246e+01
6.853993605777628773e+01 9.646503148464876176e+01
6.849442521472967371e+01 9.655406849086350007e+01
6.844856266041949766e+01 9.664292484360566959e+01
6.840234911192906964e+01 9.673159915356306726e+01
6.835578529182966179e+01 9.682009003426976790e+01
6.830887192816922493e+01 9.690839610212786681e+01
6.826160975446097723e+01 9.699651597642912293e+01
6.821399950967195025e+01 9.708444827937647403e+01
6.816604193821146396e+01 9.717219163610569410e+01
6.811773778991943118e+01 9.725974467470675222e+01
6.806908782005469050e+01 9.734710602624537046e+01
6.802009278928311176e+01 9.743427432478441119e+01
6.797075346366582949e+01 9.752124820740515077e+01
6.792107061464714945e+01 9.760802631422873787e+01
6.787104501904255471e+01 9.769460728843728248e+01
6.782067745902651268e+01 9.778098977629522892e+01
6.776996872212031064e+01 9.786717242717041643e+01
6.771891960117964970e+01 9.795315389355522484e+01
6.766753089438236657e+01 9.803893283108769197e+01
6.761580340521581434e+01 9.812450789857246036e+01
6.756373794246444220e+01 9.820987775800178099e+01
6.751133532019703409e+01 9.829504107457644579e+01
6.745859635775403262e+01 9.837999651672662083e+01
6.740552187973473508e+01 9.846474275613272198e+01
6.735211271598438998e+01 9.854927846774612021e+01
6.729836970158119414e+01 9.863360232980993203e+01
6.724429367682330394e+01 9.871771302387959679e+01
6.718988548721563347e+01 9.880160923484356772e+01
6.713514598345662421e+01 9.888528965094384660e+01
6.708007602142501469e+01 9.896875296379647580e+01
6.702467646216642549e+01 9.905199786841201615e+01
6.696894817187985893e+01 9.913502306321595370e+01
6.691289202190421292e+01 9.921782725006904968e+01
6.685650888870459596e+01 9.930040913428763361e+01
6.679979965385868468e+01 9.938276742466382530e+01
6.674276520404292512e+01 9.946490083348575695e+01
6.668540643101863452e+01 9.954680807655768149e+01
6.662772423161807467e+01 9.962848787322009514e+01
6.656971950773046842e+01 9.970993894636967525e+01
6.651139316628783149e+01 9.979116002247936024e+01
6.645274611925086106e+01 9.987214983161815951e+01
6.639377928359459702e+01 9.995290710747107710e+01
6.633449358129416851e+01 1.000334305873588789e+02
6.627488993931031303e+01 1.001137190122578460e+02
6.621496928957493822e+01 1.001937711268194704e+02
6.615473256897649890e+01 1.002735856793900524e+02
6.609418071934537409e+01 1.003531614220302970e+02
6.603331468743914456e+01 1.004324971105348254e+02
6.597213542492778515e+01 1.005115915044516157e+02
6.591064388837878596e+01 1.005904433671013862e+02
6.584884103924215992e+01 1.006690514655969793e+02
6.578672784383550720e+01 1.007474145708626025e+02
6.572430527332878114e+01 1.008255314576530282e+02
6.566157430372918213e+01 1.009034009045728055e+02
6.559853591586590937e+01 1.009810216940953040e+02
6.553519109537477050e+01 1.010583926125817840e+02
6.547154083268279123e+01 1.011355124503003537e+02
6.540758612299273977e+01 1.012123800014448989e+02
6.534332796626758011e+01 1.012889940641539113e+02
6.527876736721478323e+01 1.013653534405293328e+02
6.521390533527069522e+01 1.014414569366552001e+02
6.514874288458466367e+01 1.015173033626164028e+02
6.508328103400327791e+01 1.015928915325172284e+02
6.501752080705433912e+01 1.016682202644999222e+02
6.495146323193095839e+01 1.017432883807632038e+02
6.488510934147539899e+01 1.018180947075805705e+02
6.481846017316294706e+01 1.018926380753187999e+02
6.475151676908575382e+01 1.019669173184561259e+02
6.468428017593643631e+01 1.020409312756004994e+02
6.461675144499179169e+01 1.021146787895077637e+02
6.454893163209631268e+01 1.021881587070997170e+02
6.448082179764571720e+01 1.022613698794821460e+02
6.441242300657036424e+01 1.023343111619628303e+02
6.434373632831855616e+01 1.024069814140693779e+02
6.427476283683986935e+01 1.024793794995671021e+02
6.420550361056835698e+01 1.025515042864767992e+02
6.413595973240563808e+01 1.026233546470923557e+02
6.406613228970404350e+01 1.026949294579985121e+02
6.399602237424954865e+01 1.027662276000883281e+02
6.392563108224472757e+01 1.028372479585807326e+02
6.385495951429162176e+01 1.029079894230379182e+02
6.378400877537453084e+01 1.029784508873827207e+02
6.371277997484270372e+01 1.030486312499159425e+02
6.364127422639303688e+01 1.031185294133335191e+02
6.356949264805263766e+01 1.031881442847437143e+02
6.349743636216134490e+01 1.032574747756842015e+02
6.342510649535418565e+01 1.033265198021390887e+02
6.335250417854376792e+01 1.033952782845558431e+02
6.327963054690256683e+01 1.034637491478622167e+02
6.320648673984520372e+01 1.035319313214829862e+02
6.313307390101063277e+01 1.035998237393567507e+02
6.305939317824424961e+01 1.036674253399526009e+02
6.298544572357994298e+01 1.037347350662866603e+02
6.291123269322206113e+01 1.038017518659386695e+02
6.283675524752739960e+01 1.038684746910684140e+02
6.276201455098699000e+01 1.039349024984321375e+02
6.268701177220791010e+01 1.040010342493987707e+02
6.261174808389505841e+01 1.040668689099663027e+02
6.253622466283273695e+01 1.041324054507778385e+02
6.246044268986632630e+01 1.041976428471377005e+02
6.238440334988376890e+01 1.042625800790275292e+02
6.230810783179708778e+01 1.043272161311221851e+02
6.223155732852376332e+01 1.043915499928055652e+02
6.215475303696808851e+01 1.044555806581865198e+02
6.207769615800246754e+01 1.045193071261144837e+02
6.200038789644862192e+01 1.045827284001951938e+02
6.192282946105878239e+01 1.046458434888062072e+02
6.184502206449674588e+01 1.047086514051124766e+02
6.176696692331896088e+01 1.047711511670817117e+02
6.168866525795544931e+01 1.048333417974997985e+02
6.161011829269079243e+01 1.048952223239860047e+02
6.153132725564494621e+01 1.049567917790082561e+02
6.145229337875403530e+01 1.050180491998982006e+02
6.137301789775110450e+01 1.050789936288663426e+02
6.129350205214682035e+01 1.051396241130169074e+02
6.121374708521003782e+01 1.051999397043628335e+02
6.113375424394840252e+01 1.052599394598405667e+02
6.105352477908883202e+01 1.053196224413247819e+02
6.097305994505799021e+01 1.053789877156430634e+02
6.089236099996263363e+01 1.054380343545905276e+02
6.081142920556995790e+01 1.054967614349443039e+02
6.073026582728788014e+01 1.055551680384779587e+02
6.064887213414523615e+01 1.056132532519758769e+02
6.056724939877196334e+01 1.056710161672475294e+02
6.048539889737915587e+01 1.057284558811416844e+02
6.040332190973916227e+01 1.057855714955605322e+02
6.032101971916555527e+01 1.058423621174736837e+02
6.023849361249305900e+01 1.058988268589321819e+02
6.015574488005741927e+01 1.059549648370823860e+02
6.007277481567525967e+01 1.060107751741797273e+02
5.998958471662385250e+01 1.060662569976024656e+02
5.990617588362079005e+01 1.061214094398653742e+02
5.982254962080368443e+01 1.061762316386332259e+02
5.973870723570976793e+01 1.062307227367343074e+02
5.965465003925546483e+01 1.062848818821738348e+02
5.957037934571586391e+01 1.063387082281472544e+02
5.948589647270418368e+01 1.063922009330535161e+02
5.940120274115117383e+01 1.064453591605082039e+02
5.931629947528447389e+01 1.064981820793566101e+02
5.923118800260787253e+01 1.065506688636867239e+02
5.914586965388058104e+01 1.066028186928422059e+02
5.906034576309642148e+01 1.066546307514351355e+02
5.897461766746297940e+01 1.067061042293588145e+02
5.888868670738064992e+01 1.067572383218004006e+02
5.880255422642173357e+01 1.068080322292535556e+02
5.871622157130940423e+01 1.068584851575308505e+02
5.862969009189666281e+01 1.069085963177762295e+02
5.854296114114521288e+01 1.069583649264773868e+02
5.845603607510431488e+01 1.070077902054779315e+02
5.836891625288960483e+01 1.070568713819896516e+02
5.828160303666181363e+01 1.071056076886044934e+02
5.819409779160548624e+01 1.071539983633066413e+02
5.810640188590762278e+01 1.072020426494843832e+02
5.801851669073630546e+01 1.072497397959419629e+02
5.793044358021924722e+01 1.072970890569113607e+02
5.784218393142231207e+01 1.073440896920638465e+02
5.775373912432797141e+01 1.073907409665216903e+02
5.766511054181373197e+01 1.074370421508695586e+02
5.757629956963054241e+01 1.074829925211659116e+02
5.748730759638107912e+01 1.075285913589544293e+02
5.739813601349806760e+01 1.075738379512751237e+02
5.730878621522251137e+01 1.076187315906755515e+02
5.721925959858191391e+01 1.076632715752218417e+02
5.712955756336840807e+01 1.077074572085097230e+02
5.703968151211687143e+01 1.077512877996753389e+02
5.694963285008302023e+01 1.077947626634061180e+02
5.685941298522141807e+01 1.078378811199514615e+02
5.676902332816348462e+01 1.078806424951333440e+02
5.667846529219539775e+01 1.079230461203568865e+02
5.658774029323603116e+01 1.079650913326208439e+02
5.649684974981482810e+01 1.080067774745278797e+02
5.640579508304955425e+01 1.080481038942949112e+02
5.631457771662415723e+01 1.080890699457633275e+02
5.622319907676646267e+01 1.081296749884089934e+02
5.613166059222589865e+01 1.081699183873523253e+02
5.603996369425112078e+01 1.082097995133682673e+02
5.594810981656766558e+01 1.082493177428960394e+02
5.585610039535552573e+01 1.082884724580489291e+02
5.576393686922668280e+01 1.083272630466239406e+02
5.567162067920263979e+01 1.083656889021113727e+02
5.557915326869186146e+01 1.084037494237043404e+02
5.548653608346721455e+01 1.084414440163080684e+02
5.539377057164339391e+01 1.084787720905493131e+02
5.530085818365421346e+01 1.085157330627855004e+02
5.520780037222998970e+01 1.085523263551138911e+02
5.511459859237480430e+01 1.085885513953805628e+02
5.502125430134374540e+01 1.086244076171894335e+02
5.492776895862014896e+01 1.086598944599110439e+02
5.483414402589275483e+01 1.086950113686913966e+02
5.474038096703284850e+01 1.087297577944605393e+02
5.464648124807140306e+01 1.087641331939412481e+02
5.455244633717613567e+01 1.087981370296574539e+02
5.445827770462852868e+01 1.088317687699426699e+02
5.436397682280090748e+01 1.088650278889483047e+02
5.426954516613336210e+01 1.088979138666518622e+02
5.417498421111070428e+01 1.089304261888651126e+02
5.408029543623938906e+01 1.089625643472421359e+02
5.398548032202440083e+01 1.089943278392871804e+02
5.389054035094611095e+01 1.090257161683626350e+02
5.379547700743706429e+01 1.090567288436967459e+02
5.370029177785881558e+01 1.090873653803912475e+02
5.360498615047866622e+01 1.091176252994290223e+02
5.350956161544637979e+01 1.091475081276815189e+02
5.341401966477091179e+01 1.091770133979162267e+02
5.331836179229706119e+01 1.092061406488039239e+02
5.322258949368213621e+01 1.092348894249258535e+02
5.312670426637252774e+01 1.092632592767809854e+02
5.303070760958033958e+01 1.092912497607928799e+02
5.293460102425992631e+01 1.093188604393167225e+02
5.283838601308443117e+01 1.093460908806461589e+02
5.274206408042228134e+01 1.093729406590200028e+02
5.264563673231366892e+01 1.093994093546289434e+02
5.254910547644702490e+01 1.094254965536220396e+02
5.245247182213542203e+01 1.094512018481132998e+02
5.235573728029297769e+01 1.094765248361879344e+02
5.225890336341122833e+01 1.095014651219087369e+02
5.216197158553549684e+01 1.095260223153222228e+02
5.206494346224122438e+01 1.095501960324647541e+02
5.196782051061022401e+01 1.095739858953685228e+02
5.187060424920702673e+01 1.095973915320674479e+02
5.177329619805509253e+01 1.096204125766030444e+02
5.167589787861307116e+01 1.096430486690301080e+02
5.157841081375098469e+01 1.096652994554223284e+02
5.148083652772645280e+01 1.096871645878778594e+02
5.138317654616080432e+01 1.097086437245247339e+02
5.128543239601529535e+01 1.097297365295262068e+02
5.118760560556719952e+01 1.097504426730860416e+02
5.108969770438589109e+01 1.097707618314536262e+02
5.099171022330894232e+01 1.097906936869290462e+02
5.089364469441824212e+01 1.098102379278680587e+02
5.079550265101593709e+01 1.098293942486869810e+02
5.069728562760055013e+01 1.098481623498674082e+02
5.059899515984294993e+01 1.098665419379609745e+02
5.050063278456234173e+01 1.098845327255938997e+02
5.040220003970222251e+01 1.099021344314714668e+02
5.030369846430638603e+01 1.099193467803824547e+02
5.020512959849478563e+01 1.099361695032034447e+02
5.010649498343952502e+01 1.099526023369029986e+02
5.000779616134070693e+01 1.099686450245457650e+02
4.990903467540235994e+01 1.099842973152965158e+02
4.981021206980827287e+01 1.099995589644241250e+02
4.971132988969790034e+01 1.100144297333052492e+02
4.961238968114214742e+01 1.100289093894282360e+02
4.951339299111921832e+01 1.100429977063965907e+02
4.941434136749045081e+01 1.100566944639326721e+02
4.931523635897608671e+01 1.100699994478810027e+02
4.921607951513107793e+01 1.100829124502116940e+02
4.911687238632082853e+01 1.100954332690237010e+02
4.901761652369697231e+01 1.101075617085479195e+02
4.891831347917315043e+01 1.101192975791503272e+02
4.881896480540068950e+01 1.101306406973348544e+02
4.871957205574433658e+01 1.101415908857463819e+02
4.862013678425802254e+01 1.101521479731733564e+02
4.852066054566051889e+01 1.101623117945506181e+02
4.842114489531112298e+01 1.101720821909618735e+02
4.832159138918536456e+01 1.101814590096422251e+02
4.822200158385064839e+01 1.101904421039805584e+02
4.812237703644197495e+01 1.101990313335218303e+02
4.802271930463750493e+01 1.102072265639692716e+02
4.792302994663430127e+01 1.102150276671864617e+02
4.782331052112387937e+01 1.102224345211993750e+02
4.772356258726789946e+01 1.102294470101982427e+02
4.762378770467374522e+01 1.102360650245394140e+02
4.752398743337017351e+01 1.102422884607469911e+02
4.742416333378289295e+01 1.102481172215145477e+02
4.732431696671017818e+01 1.102535512157065654e+02
4.722444989329849108e+01 1.102585903583599105e+02
4.712456367501801680e+01 1.102632345706851424e+02
4.702465987363829214e+01 1.102674837800677494e+02
4.692474005120377711e+01 1.102713379200692572e+02
4.682480577000941224e+01 1.102747969304283515e+02
4.672485859257624696e+01 1.102778607570616884e+02
4.662490008162691879e+01 1.102805293520648746e+02
4.652493180006131723e+01 1.102828026737131211e+02
4.642495531093206296e+01 1.102846806864619396e+02
4.632497217742012907e+01 1.102861633609476968e+02
4.622498396281035582e+01 1.102872506739880407e+02
4.612499223046705055e+01 1.102879426085823269e+02
4.602499854380952371e+01 1.102882391539118032e+02
4.592500446628762489e+01 1.102881403053398515e+02
4.582501156135730724e+01 1.102876460644120016e+02
4.572502139245623454e+01 1.102867564388559742e+02
4.562503552297923193e+01 1.102854714425814677e+02
4.552505551625394276e+01 1.102837910956800584e+02
4.542508293551634324e+01 1.102817154244247462e+02
4.532511934388627139e+01 1.102792444612696841e+02
4.522516630434304119e+01 1.102763782448495817e+02
4.512522537970098568e+01 1.102731168199791227e+02
4.502529813258497171e+01 1.102694602376522539e+02
4.492538612540607090e+01 1.102654085550414322e+02
4.482549092033701754e+01 1.102609618354966869e+02
4.472561407928787247e+01 1.102561201485446247e+02
4.462575716388157332e+01 1.102508835698873781e+02
4.452592173542945631e+01 1.102452521814013835e+02
4.442610935490695567e+01 1.102392260711361587e+02
4.432632158292911839e+01 1.102328053333128537e+02
4.422655997972621833e+01 1.102259900683228295e+02
4.412682610511938464e+01 1.102187803827260524e+02
4.402712151849617328e+01 1.102111763892494736e+02
4.392744777878623097e+01 1.102031782067852106e+02
4.382780644443689511e+01 1.101947859603887281e+02
4.372819907338880085e+01 1.101859997812768910e+02
4.362862722305158769e+01 1.101768198068258613e+02
4.352909245027950647e+01 1.101672461805690091e+02
4.342959631134705489e+01 1.101572790521946246e+02
4.333014036192469121e+01 1.101469185775436017e+02
4.323072615705451227e+01 1.101361649186069940e+02
4.313135525112586066e+01 1.101250182435234848e+02
4.303202919785115199e+01 1.101134787265767443e+02
4.293274955024143225e+01 1.101015465481927436e+02
4.283351786058223354e+01 1.100892218949368555e+02
4.273433568040921671e+01 1.100765049595110554e+02
4.263520456048393470e+01 1.100633959407507803e+02
4.253612605076960307e+01 1.100498950436219161e+02
4.243710170040684915e+01 1.100360024792175437e+02
4.233813305768946122e+01 1.100217184647546560e+02
4.223922167004025852e+01 1.100070432235707614e+02
4.214036908398681902e+01 1.099919769851203739e+02
4.204157684513733528e+01 1.099765199849714463e+02
4.194284649815645594e+01 1.099606724648016893e+02
4.184417958674108462e+01 1.099444346723947916e+02
4.174557765359632810e+01 1.099278068616364976e+02
4.164704224041128811e+01 1.099107892925107279e+02
4.154857488783501651e+01 1.098933822310954298e+02
4.145017713545238536e+01 1.098755859495584701e+02
4.135185052176004206e+01 1.098574007261533438e+02
4.125359658414235753e+01 1.098388268452148395e+02
4.115541685884737433e+01 1.098198645971546483e+02
4.105731288096275478e+01 1.098005142784566885e+02
4.095928618439186408e+01 1.097807761916726150e+02
4.086133830182971138e+01 1.097606506454169875e+02
4.076347076473900444e+01 1.097401379543624955e+02
4.066568510332623987e+01 1.097192384392350419e+02
4.056798284651769393e+01 1.096979524268086834e+02
4.047036552193562642e+01 1.096762802499005716e+02
4.037283465587432119e+01 1.096542222473657091e+02
4.027539177327622610e+01 1.096317787640916777e+02
4.017803839770814989e+01 1.096089501509932376e+02
4.008077605133740917e+01 1.095857367650068568e+02
3.998360625490799691e+01 1.095621389690850975e+02
3.988653052771691421e+01 1.095381571321909462e+02
3.978955038759027474e+01 1.095137916292920863e+02
3.969266735085967923e+01 1.094890428413549728e+02
3.959588293233847622e+01 1.094639111553389483e+02
3.949919864529803704e+01 1.094383969641901047e+02
3.940261600144415866e+01 1.094125006668352285e+02
3.930613651089339555e+01 1.093862226681754919e+02
3.920976168214941993e+01 1.093595633790801855e+02
3.911349302207950984e+01 1.093325232163802383e+02
3.901733203589090238e+01 1.093051026028617230e+02
3.892128022710733148e+01 1.092773019672592341e+02
3.882533909754548773e+01 1.092491217442492371e+02
3.872951014729151353e+01 1.092205623744432046e+02
3.863379487467759077e+01 1.091916243043807384e+02
3.853819477625851420e+01 1.091623079865226202e+02
3.844271134678822222e+01 1.091326138792437348e+02
3.834734607919654081e+01 1.091025424468258649e+02
3.825210046456572854e+01 1.090720941594504438e+02
3.815697599210722757e+01 1.090412694931912512e+02
3.806197414913839339e+01 1.090100689300069234e+02
3.796709642105914639e+01 1.089784929577333941e+02
3.787234429132886504e+01 1.089465420700763474e+02
3.777771924144312266e+01 1.089142167666034169e+02
3.768322275091051665e+01 1.088815175527364403e+02
3.758885629722959720e+01 1.088484449397434872e+02
3.749462135586566802e+01 1.088149994447309297e+02
3.740051940022782873e+01 1.087811815906353274e+02
3.730655190164586088e+01 1.087469919062152712e+02
3.721272032934722773e+01 1.087124309260430550e+02
3.711902615043414499e+01 1.086774991904964054e+02
3.702547082986060900e+01 1.086421972457499834e+02
3.693205583040949591e+01 1.086065256437668154e+02
3.683878261266969645e+01 1.085704849422897524e+02
3.674565263501325774e+01 1.085340757048326452e+02
3.665266735357261751e+01 1.084972985006716044e+02
3.655982822221782413e+01 1.084601539048360905e+02
3.646713669253377077e+01 1.084226424980998900e+02
3.637459421379755753e+01 1.083847648669720769e+02
3.628220223295579672e+01 1.083465216036878047e+02
3.618996219460194652e+01 1.083079133061990689e+02
3.609787554095383655e+01 1.082689405781653704e+02
3.600594371183100861e+01 1.082296040289442089e+02
3.591416814463227070e+01 1.081899042735816465e+02
3.582255027431318695e+01 1.081498419328026586e+02
3.573109153336365296e+01 1.081094176330013852e+02
3.563979335178551366e+01 1.080686320062313825e+02
3.554865715707017415e+01 1.080274856901957605e+02
3.545768437417629571e+01 1.079859793282371214e+02
3.536687642550754873e+01 1.079441135693276124e+02
3.527623473089028039e+01 1.079018890680587077e+02
3.518576070755143803e+01 1.078593064846309915e+02
3.509545577009630080e+01 1.078163664848438259e+02
3.500532133048643146e+01 1.077730697400849778e+02
3.491535879801757858e+01 1.077294169273200737e+02
3.482556957929762831e+01 1.076854087290820559e+02
3.473595507822462025e+01 1.076410458334604527e+02
3.464651669596481298e+01 1.075963289340907068e+02
3.455725583093074249e+01 1.075512587301432603e+02
3.446817387875937300e+01 1.075058359263126135e+02
3.437927223229033302e+01 1.074600612328063818e+02
3.429055228154400936e+01 1.074139353653341402e+02
3.420201541369992526e+01 1.073674590450962114e+02
3.411366301307504045e+01 1.073206329987724672e+02
3.402549646110200854e+01 1.072734579585108463e+02
3.393751713630771860e+01 1.072259346619160425e+02
3.384972641429164497e+01 1.071780638520378659e+02
3.376212566770434620e+01 1.071298462773596754e+02
3.367471626622607772e+01 1.070812826917866971e+02
3.358749957654524110e+01 1.070323738546341445e+02
3.350047696233716721e+01 1.069831205306154658e+02
3.341364978424269339e+01 1.069335234898302787e+02
3.332701939984691109e+01 1.068835835077524337e+02
3.324058716365795618e+01 1.068333013652177783e+02
3.315435442708583480e+01 1.067826778484120638e+02
3.306832253842125624e+01 1.067317137488585388e+02
3.298249284281457960e+01 1.066804098634056572e+02
3.289686668225479593e+01 1.066287669942145868e+02
3.281144539554848905e+01 1.065767859487466751e+02
3.272623031829898821e+01 1.065244675397508018e+02
3.264122278288541423e+01 1.064718125852507171e+02
3.255642411844185347e+01 1.064188219085321947e+02
3.247183565083663837e+01 1.063654963381302281e+02
3.238745870265150018e+01 1.063118367078159849e+02
3.230329459316104845e+01 1.062578438565838468e+02
3.221934463831199480e+01 1.062035186286382782e+02
3.213561015070264659e+01 1.061488618733805964e+02
3.205209243956241494e+01 1.060938744453957270e+02
3.196879281073123735e+01 1.060385572044388027e+02
3.188571256663930598e+01 1.059829110154217489e+02
3.180285300628656842e+01 1.059269367483997684e+02
3.172021542522250570e+01 1.058706352785576996e+02
3.163780111552582142e+01 1.058140074861964024e+02
3.155561136578428005e+01 1.057570542567188596e+02
3.147364746107454181e+01 1.056997764806165208e+02
3.139191068294206843e+01 1.056421750534552189e+02
3.131040230938107882e+01 1.055842508758612439e+02
3.122912361481457566e+01 1.055260048535072315e+02
3.114807587007443601e+01 1.054674378970980513e+02
3.106726034238151612e+01 1.054085509223565111e+02
3.098667829532583085e+01 1.053493448500090608e+02
3.090633098884683250e+01 1.052898206057713963e+02
3.082621967921366490e+01 1.052299791203339652e+02
3.074634561900559504e+01 1.051698213293474851e+02
3.066671005709231679e+01 1.051093481734082218e+02
3.058731423861453891e+01 1.050485605980433661e+02
3.050815940496443091e+01 1.049874595536961408e+02
3.042924679376626784e+01 1.049260459957110641e+02
3.035057763885707516e+01 1.048643208843189711e+02
3.027215317026725216e+01 1.048022851846219083e+02
3.019397461420149398e+01 1.047399398665782257e+02
3.011604319301948252e+01 1.046772859049872011e+02
3.003836012521682619e+01 1.046143242794739905e+02
2.996092662540604579e+01 1.045510559744741670e+02
2.988374390429749994e+01 1.044874819792184297e+02
2.980681316868053088e+01 1.044236032877170430e+02
2.973013562140454624e+01 1.043594208987444034e+02
2.965371246136024297e+01 1.042949358158233224e+02
2.957754488346083832e+01 1.042301490472093803e+02
2.950163407862342524e+01 1.041650616058751808e+02
2.942598123375029218e+01 1.040996745094944913e+02
2.935058753171040991e+01 1.040339887804262986e+02
2.927545415132095030e+01 1.039680054456989069e+02
2.920058226732877316e+01 1.039017255369937800e+02
2.912597305039217943e+01 1.038351500906294831e+02
2.905162766706249400e+01 1.037682801475454681e+02
2.897754727976590061e+01 1.037011167532857598e+02
2.890373304678524491e+01 1.036336609579826700e+02
2.883018612224188360e+01 1.035659138163402986e+02
2.875690765607773258e+01 1.034978763876181205e+02
2.868389879403718723e+01 1.034295497356143869e+02
2.861116067764926640e+01 1.033609349286494563e+02
2.853869444420974588e+01 1.032920330395491959e+02
2.846650122676337702e+01 1.032228451456280709e+02
2.839458215408619424e+01 1.031533723286724467e+02
2.832293835066781540e+01 1.030836156749235357e+02
2.825157093669390918e+01 1.030135762750605011e+02
2.818048102802865174e+01 1.029432552241833747e+02
2.810966973619730069e+01 1.028726536217959620e+02
2.803913816836878681e+01 1.028017725717885753e+02
2.796888742733844069e+01 1.027306131824208819e+02
2.789891861151070529e+01 1.026591765663044811e+02
2.782923281488200118e+01 1.025874638403855670e+02
2.775983112702362021e+01 1.025154761259274494e+02
2.769071463306464409e+01 1.024432145484929890e+02
2.762188441367502278e+01 1.023706802379270613e+02
2.755334154504868849e+01 1.022978743283388496e+02
2.748508709888665180e+01 1.022247979580840820e+02
2.741712214238036083e+01 1.021514522697473240e+02
2.734944773819489328e+01 1.020778384101240164e+02
2.728206494445243990e+01 1.020039575302026265e+02
2.721497481471570978e+01 1.019298107851466000e+02
2.714817839797145638e+01 1.018553993342762709e+02
2.708167673861411018e+01 1.017807243410508420e+02
2.701547087642941136e+01 1.017057869730501238e+02
2.694956184657816678e+01 1.016305884019562171e+02
2.688395067958007445e+01 1.015551298035353227e+02
2.681863840129758714e+01 1.014794123576192817e+02
2.675362603291990737e+01 1.014034372480871440e+02
2.668891459094698959e+01 1.013272056628466231e+02
2.662450508717365949e+01 1.012507187938155937e+02
2.656039852867377959e+01 1.011739778369033900e+02
2.649659591778455336e+01 1.010969839919921895e+02
2.643309825209075470e+01 1.010197384629180846e+02
2.636990652440925942e+01 1.009422424574524939e+02
2.630702172277340622e+01 1.008644971872830638e+02
2.624444483041760634e+01 1.007865038679948810e+02
2.618217682576198868e+01 1.007082637190513736e+02
2.612021868239702016e+01 1.006297779637752399e+02
2.605857136906837823e+01 1.005510478293294341e+02
2.599723584966174883e+01 1.004720745466977974e+02
2.593621308318776286e+01 1.003928593506659723e+02
2.587550402376702507e+01 1.003134034798020622e+02
2.581510962061514647e+01 1.002337081764371334e+02
2.575503081802796856e+01 1.001537746866460168e+02
2.569526855536674148e+01 1.000736042602276257e+02
2.563582376704347254e+01 9.999319815068551520e+01
2.557669738250628910e+01 9.991255761520824308e+01
2.551789032622494702e+01 9.983168391464978697e+01
2.545940351767632492e+01 9.975057831350970616e+01
2.540123787133006772e+01 9.966924207991347373e+01
2.534339429663433663e+01 9.958767648559262398e+01
2.528587369800148821e+01 9.950588280586481460e+01
2.522867697479403404e+01 9.942386231961395993e+01
2.517180502131051512e+01 9.934161630927019360e+01
2.511525872677154680e+01 9.925914606078984548e+01
2.505903897530591706e+01 9.917645286363531909e+01
2.500314664593673086e+01 9.909353801075488377e+01
2.494758261256771448e+01 9.901040279856255211e+01
2.489234774396951266e+01 9.892704852691775841e+01
2.483744290376612796e+01 9.884347649910499456e+01
2.478286895042139903e+01 9.875968802181351691e+01
2.472862673722558569e+01 9.867568440511686845e+01
2.467471711228205322e+01 9.859146696245238672e+01
2.462114091849395692e+01 9.850703701060071182e+01
2.456789899355111473e+01 9.842239586966513798e+01
2.451499216991687646e+01 9.833754486305097942e+01
2.446242127481513151e+01 9.825248531744499303e+01
2.441018713021735920e+01 9.816721856279444580e+01
2.435829055282977862e+01 9.808174593228648064e+01
2.430673235408057664e+01 9.799606876232718378e+01
2.425551334010723536e+01 9.791018839252070904e+01
2.420463431174391999e+01 9.782410616564837369e+01
2.415409606450894842e+01 9.773782342764758369e+01
2.410389938859235315e+01 9.765134152759084429e+01
2.405404506884356408e+01 9.756466181766469958e+01
2.400453388475905570e+01 9.747778565314848720e+01
2.395536661047026428e+01 9.739071439239326367e+01
2.390654401473137725e+01 9.730344939680043126e+01
2.385806686090741380e+01 9.721599203080063489e+01
2.380993590696221318e+01 9.712834366183223267e+01
2.376215190544660771e+01 9.704050566032003644e+01
2.371471560348668106e+01 9.695247939965389605e+01
2.366762774277204784e+01 9.686426625616714148e+01
2.362088905954428597e+01 9.677586760911509600e+01
2.357450028458539748e+01 9.668728484065356099e+01
2.352846214320641494e+01 9.659851933581713013e+01
2.348277535523604698e+01 9.650957248249758891e+01
2.343744063500940555e+01 9.642044567142220046e+01
2.339245869135686107e+01 9.633114029613193452e+01
2.334783022759294013e+01 9.624165775295969638e+01
2.330355594150537257e+01 9.615199944100854168e+01
2.325963652534410286e+01 9.606216676212969219e+01
2.321607266581054319e+01 9.597216112090072215e+01
2.317286504404679803e+01 9.588198392460355990e+01
2.313001433562500964e+01 9.579163658320244679e+01
2.308752121053683481e+01 9.570112050932196723e+01
2.304538633318289698e+01 9.561043711822487978e+01
2.300361036236249035e+01 9.551958782779007606e+01
2.296219395126319895e+01 9.542857405849031238e+01
2.292113774745072519e+01 9.533739723337006922e+01
2.288044239285876813e+01 9.524605877802332543e+01
2.284010852377894096e+01 9.515456012057114776e+01
2.280013677085089085e+01 9.506290269163952189e+01
2.276052775905239400e+01 9.497108792433687086e+01
2.272128210768957146e+01 9.487911725423163034e+01
2.268240043038725062e+01 9.478699211932993762e+01
2.264388333507934448e+01 9.469471396005300790e+01
2.260573142399934810e+01 9.460228421921468112e+01
2.256794529367090973e+01 9.450970434199884096e+01
2.253052553489854049e+01 9.441697577593684798e+01
2.249347273275833459e+01 9.432409997088484488e+01
2.245678746658885316e+01 9.423107837900118966e+01
2.242047030998205059e+01 9.413791245472361879e+01
2.238452183077431101e+01 9.404460365474660932e+01
2.234894259103757008e+01 9.395115343799859886e+01
2.231373314707050781e+01 9.385756326561907770e+01
2.227889404938989415e+01 9.376383460093586564e+01
2.224442584272194168e+01 9.366996890944216148e+01
2.221032906599379686e+01 9.357596765877363509e+01
2.217660425232513077e+01 9.348183231868549115e+01
2.214325192901977246e+01 9.338756436102949010e+01
2.211027261755750928e+01 9.329316525973095509e+01
2.207766683358589432e+01 9.319863649076566503e+01
2.204543508691218534e+01 9.310397953213684730e+01
2.201357788149540085e+01 9.300919586385201399e+01
2.198209571543842245e+01 9.291428696789985509e+01
2.195098908098020374e+01 9.281925432822706057e+01
2.192025846448808934e+01 9.272409943071509986e+01
2.188990434645018723e+01 9.262882376315701549e+01
2.185992720146787249e+01 9.253342881523414576e+01
2.183032749824837637e+01 9.243791607849283309e+01
2.180110569959742861e+01 9.234228704632111828e+01
2.177226226241204898e+01 9.224654321392534939e+01
2.174379763767338147e+01 9.215068607830684755e+01
2.171571227043965635e+01 9.205471713823848745e+01
2.168800659983924106e+01 9.195863789424127788e+01
2.166068105906374441e+01 9.186244984856082851e+01
2.163373607536126997e+01 9.176615450514397310e+01
2.160717207002972629e+01 9.166975336961516518e+01
2.158098945841023308e+01 9.157324794925298761e+01
2.155518864988064820e+01 9.147663975296657668e+01
2.152977004784913717e+01 9.137993029127196110e+01
2.150473404974788849e+01 9.128312107626858563e+01
2.148008104702689991e+01 9.118621362161552213e+01
2.145581142514783224e+01 9.108920944250787954e+01
2.143192556357801948e+01 9.099211005565315702e+01
2.140842383578450381e+01 9.089491697924739810e+01
2.138530660922821980e+01 9.079763173295155809e+01
2.136257424535822480e+01 9.070025583786772927e+01
2.134022709960607145e+01 9.060279081651529509e+01
2.131826552138024056e+01 9.050523819280722648e+01
2.129668985406066639e+01 9.040759949202617918e+01
2.127550043499339694e+01 9.030987624080064791e+01
2.125469759548528259e+01 9.021206996708112058e+01
2.123428166079882828e+01 9.011418220011623248e+01
2.121425295014708468e+01 9.001621447042870727e+01
2.119461177668867435e+01 8.991816830979162489e+01
2.117535844752287844e+01 8.982004525120430571e+01
2.115649326368485461e+01 8.972184682886842211e+01
2.113801652014091559e+01 8.962357457816403894e+01
2.111992850578391412e+01 8.952523003562546933e+01
2.110222950342874526e+01 8.942681473891745725e+01
2.108491978980790549e+01 8.932833022681091961e+01
2.106799963556717614e+01 8.922977803915907202e+01
2.105146930526138149e+01 8.913115971687319927e+01
2.103532905735027114e+01 8.903247680189869584e+01
2.101957914419445572e+01 8.893373083719086480e+01
2.100421981205148114e+01 8.883492336669081624e+01
2.098925130107196324e+01 8.873605593530135138e+01
2.097467384529583967e+01 8.863713008886274736e+01
2.096048767264871060e+01 8.853814737412869817e+01
2.094669300493828246e+01 8.843910933874199998e+01
2.093329005785087560e+01 8.834001753121044942e+01
2.092027904094808832e+01 8.824087350088259996e+01
2.090766015766347508e+01 8.814167879792347549e+01
2.089543360529941651e+01 8.804243497329048296e+01
2.088359957502399311e+01 8.794314357870899812e+01
2.087215825186801865e+01 8.784380616664819286e+01
2.086110981472213055e+01 8.774442429029676305e+01
2.085045443633401518e+01 8.764499950353861379e+01
2.084019228330569007e+01 8.754553336092858729e+01
2.083032351609089972e+01 8.744602741766810539e+01
2.082084828899261097e+01 8.734648322958094013e+01
2.081176675016060429e+01 8.724690235308882791e+01
2.080307904158915022e+01 8.714728634518709782e+01
2.079478529911479256e+01 8.704763676342047063e+01
2.078688565241422026e+01 8.694795516585851658e+01
2.077938022500224591e+01 8.684824311107144013e+01
2.077226913422987309e+01 8.674850215810565146e+01
2.076555249128246317e+01 8.664873386645938069e+01
2.075923040117798735e+01 8.654893979605834886e+01
2.075330296276539599e+01 8.644912150723129685e+01
2.074777026872306607e+01 8.634928056068564217e+01
2.074263240555735877e+01 8.624941851748309318e+01
2.073788945360126235e+01 8.614953693901520637e+01
2.073354148701312383e+01 8.604963738697894371e+01
2.072958857377552633e+01 8.594972142335234366e+01
2.072603077569417707e+01 8.584979061037000747e+01
2.072286814839698366e+01 8.574984651049874174e+01
2.072010074133315882e+01 8.564989068641311576e+01
2.071772859777245301e+01 8.554992470097093360e+01
2.071575175480448650e+01 8.544995011718897615e+01
2.071417024333815604e+01 8.534996849821838794e+01
2.071298408810116243e+01 8.524998140732036234e+01
2.071219330763961963e+01 8.514999040784161366e+01
2.071179791431776707e+01 8.504999706318999131e+01
2.071179791431776707e+01 8.495000293681002290e+01
2.071219330763961963e+01 8.485000959215838634e+01
2.071298408810116243e+01 8.475001859267965187e+01
2.071417024333815604e+01 8.465003150178161206e+01
2.071575175480448294e+01 8.455004988281103806e+01
2.071772859777245301e+01 8.445007529902908061e+01
2.072010074133315882e+01 8.435010931358689845e+01
2.072286814839698366e+01 8.425015348950125826e+01
2.072603077569417707e+01 8.415020938962999253e+01
2.072958857377552633e+01 8.405027857664767055e+01
2.073354148701312383e+01 8.395036261302105629e+01
2.073788945360125879e+01 8.385046306098480784e+01
2.074263240555735877e+01 8.375058148251692103e+01
2.074777026872306607e+01 8.365071943931435783e+01
2.075330296276539599e+01 8.355087849276871736e+01
2.075923040117798735e+01 8.345106020394165114e+01
2.076555249128246317e+01 8.335126613354061931e+01
2.077226913422987309e+01 8.325149784189436275e+01
2.077938022500224591e+01 8.315175688892855987e+01
2.078688565241422026e+01 8.305204483414148342e+01
2.079478529911479256e+01 8.295236323657952937e+01
2.080307904158915022e+01 8.285271365481290218e+01
2.081176675016060429e+01 8.275309764691118630e+01
2.082084828899261097e+01 8.265351677041905987e+01
2.083032351609089972e+01 8.255397258233189461e+01
2.084019228330569007e+01 8.245446663907141271e+01
2.085045443633401518e+01 8.235500049646138621e+01
2.086110981472213055e+01 8.225557570970325116e+01
2.087215825186801865e+01 8.215619383335180714e+01
2.088359957502399311e+01 8.205685642129101609e+01
2.089543360529941651e+01 8.195756502670953125e+01
2.090766015766347508e+01 8.185832120207651030e+01
2.092027904094808477e+01 8.175912649911741426e+01
2.093329005785087560e+01 8.165998246878956479e+01
2.094669300493828246e+01 8.156089066125800002e+01
2.096048767264871060e+01 8.146185262587131604e+01
2.097467384529583967e+01 8.136286991113725264e+01
2.098925130107196324e+01 8.126394406469867704e+01
2.100421981205147759e+01 8.116507663330919797e+01
2.101957914419445572e+01 8.106626916280913520e+01
2.103532905735027114e+01 8.096752319810130416e+01
2.105146930526138505e+01 8.086884028312680073e+01
2.106799963556717614e+01 8.077022196084092798e+01
2.108491978980790194e+01 8.067166977318909460e+01
2.110222950342874526e+01 8.057318526108255696e+01
2.111992850578391412e+01 8.047476996437453067e+01
2.113801652014091204e+01 8.037642542183596106e+01
2.115649326368485461e+01 8.027815317113156368e+01
2.117535844752287488e+01 8.017995474879570850e+01
2.119461177668867080e+01 8.008183169020837511e+01
2.121425295014708468e+01 7.998378552957129273e+01
2.123428166079882828e+01 7.988581779988378173e+01
2.125469759548528259e+01 7.978793003291887942e+01
2.127550043499339694e+01 7.969012375919935209e+01
2.129668985406066639e+01 7.959240050797383503e+01
2.131826552138023700e+01 7.949476180719278773e+01
2.134022709960607145e+01 7.939720918348470491e+01
2.136257424535822480e+01 7.929974416213228494e+01
2.138530660922821980e+01 7.920236826704842770e+01
2.140842383578450381e+01 7.910508302075261611e+01
2.143192556357801593e+01 7.900788994434684298e+01
2.145581142514782869e+01 7.891079055749212046e+01
2.148008104702689636e+01 7.881378637838449208e+01
2.150473404974788849e+01 7.871687892373142859e+01
2.152977004784913007e+01 7.862006970872805312e+01
2.155518864988064109e+01 7.852336024703343753e+01
2.158098945841022953e+01 7.842675205074701239e+01
2.160717207002972273e+01 7.833024663038483482e+01
2.163373607536126642e+01 7.823384549485604111e+01
2.166068105906374441e+01 7.813755015143917149e+01
2.168800659983923751e+01 7.804136210575873633e+01
2.171571227043965280e+01 7.794528286176151255e+01
2.174379763767338147e+01 7.784931392169315245e+01
2.177226226241204898e+01 7.775345678607465061e+01
2.180110569959743216e+01 7.765771295367886751e+01
2.183032749824837637e+01 7.756208392150716691e+01
2.185992720146787249e+01 7.746657118476585424e+01
2.188990434645018368e+01 7.737117623684298451e+01
2.192025846448808579e+01 7.727590056928490014e+01
2.195098908098020729e+01 7.718074567177293943e+01
2.198209571543841889e+01 7.708571303210015913e+01
2.201357788149539729e+01 7.699080413614800023e+01
2.204543508691218179e+01 7.689602046786315270e+01
2.207766683358589077e+01 7.680136350923433497e+01
2.211027261755751283e+01 7.670683474026903070e+01
2.214325192901977601e+01 7.661243563897049569e+01
2.217660425232512367e+01 7.651816768131452307e+01
2.221032906599379686e+01 7.642403234122636491e+01
2.224442584272194168e+01 7.633003109055783852e+01
2.227889404938989415e+01 7.623616539906413436e+01
2.231373314707051136e+01 7.614243673438092230e+01
2.234894259103756298e+01 7.604884656200141535e+01
2.238452183077430746e+01 7.595539634525339068e+01
2.242047030998205059e+01 7.586208754527638121e+01
2.245678746658884961e+01 7.576892162099882455e+01
2.249347273275833459e+01 7.567590002911514091e+01
2.253052553489853338e+01 7.558302422406316623e+01
2.256794529367090618e+01 7.549029565800117325e+01
2.260573142399934454e+01 7.539771578078531888e+01
2.264388333507934448e+01 7.530528603994699210e+01
2.268240043038725062e+01 7.521300788067006238e+01
2.272128210768956791e+01 7.512088274576836966e+01
2.276052775905238335e+01 7.502891207566315757e+01
2.280013677085089085e+01 7.493709730836047811e+01
2.284010852377893741e+01 7.484543987942885224e+01
2.288044239285876458e+01 7.475394122197667457e+01
2.292113774745072874e+01 7.466260276662993078e+01
2.296219395126319185e+01 7.457142594150971604e+01
2.300361036236248680e+01 7.448041217220993815e+01
2.304538633318289342e+01 7.438956288177512022e+01
2.308752121053683126e+01 7.429887949067803277e+01
2.313001433562500964e+01 7.420836341679755321e+01
2.317286504404679093e+01 7.411801607539645431e+01
2.321607266581054319e+01 7.402783887909927785e+01
2.325963652534409931e+01 7.393783323787032202e+01
2.330355594150536902e+01 7.384800055899145832e+01
2.334783022759294369e+01 7.375834224704030362e+01
2.339245869135686107e+01 7.366885970386806548e+01
2.343744063500939490e+01 7.357955432857781375e+01
2.348277535523604342e+01 7.349042751750241109e+01
2.352846214320641494e+01 7.340148066418288408e+01
2.357450028458539748e+01 7.331271515934643901e+01
2.362088905954427887e+01 7.322413239088490400e+01
2.366762774277204073e+01 7.313573374383287273e+01
2.371471560348667751e+01 7.304752060034610395e+01
2.376215190544660416e+01 7.295949433967996356e+01
2.380993590696220963e+01 7.287165633816778154e+01
2.385806686090741024e+01 7.278400796919937932e+01
2.390654401473137014e+01 7.269655060319958295e+01
2.395536661047025362e+01 7.260928560760675055e+01
2.400453388475905214e+01 7.252221434685151280e+01
2.405404506884356053e+01 7.243533818233530042e+01
2.410389938859235670e+01 7.234865847240915571e+01
2.415409606450895197e+01 7.226217657235241631e+01
2.420463431174391999e+01 7.217589383435164052e+01
2.425551334010723181e+01 7.208981160747929096e+01
2.430673235408057309e+01 7.200393123767281622e+01
2.435829055282977151e+01 7.191825406771351936e+01
2.441018713021736275e+01 7.183278143720553999e+01
2.446242127481512796e+01 7.174751468255502118e+01
2.451499216991687291e+01 7.166245513694902058e+01
2.456789899355111118e+01 7.157760413033487623e+01
2.462114091849395336e+01 7.149296298939928818e+01
2.467471711228205322e+01 7.140853303754759906e+01
2.472862673722558213e+01 7.132431559488314576e+01
2.478286895042138838e+01 7.124031197818649730e+01
2.483744290376612440e+01 7.115652350089500544e+01
2.489234774396950911e+01 7.107295147308225580e+01
2.494758261256771092e+01 7.098959720143744789e+01
2.500314664593673442e+01 7.090646198924511623e+01
2.505903897530590996e+01 7.082354713636468091e+01
2.511525872677153970e+01 7.074085393921015452e+01
2.517180502131051156e+01 7.065838369072980640e+01
2.522867697479402693e+01 7.057613768038605429e+01
2.528587369800148821e+01 7.049411719413518540e+01
2.534339429663432597e+01 7.041232351440739023e+01
2.540123787133006417e+01 7.033075792008652627e+01
2.545940351767631782e+01 7.024942168649029384e+01
2.551789032622494346e+01 7.016831608535021303e+01
2.557669738250629266e+01 7.008744238479175692e+01
2.563582376704346899e+01 7.000680184931449901e+01
2.569526855536673082e+01 6.992639573977238854e+01
2.575503081802796146e+01 6.984622531335398321e+01
2.581510962061514292e+01 6.976629182356286663e+01
2.587550402376702152e+01 6.968659652019795203e+01
2.593621308318776641e+01 6.960714064933401346e+01
2.599723584966173817e+01 6.952792545330221685e+01
2.605857136906837468e+01 6.944895217067058013e+01
2.612021868239701305e+01 6.937022203622476013e+01
2.618217682576198513e+01 6.929173628094862636e+01
2.624444483041760989e+01 6.921349613200511897e+01
2.630702172277339557e+01 6.913550281271693621e+01
2.636990652440925587e+01 6.905775754254752030e+01
2.643309825209075115e+01 6.898026153708191544e+01
2.649659591778454626e+01 6.890301600800782467e+01
2.656039852867378315e+01 6.882602216309659582e+01
2.662450508717366304e+01 6.874928120618440630e+01
2.668891459094697893e+01 6.867279433715339110e+01
2.675362603291990382e+01 6.859656275191287023e+01
2.681863840129758358e+01 6.852058764238071831e+01
2.688395067958007090e+01 6.844487019646467729e+01
2.694956184657816678e+01 6.836941159804378287e+01
2.701547087642940070e+01 6.829421302694989038e+01
2.708167673861410663e+01 6.821927565894915801e+01
2.714817839797145282e+01 6.814460066572374330e+01
2.721497481471570623e+01 6.807018921485341423e+01
2.728206494445243635e+01 6.799604246979737354e+01
2.734944773819487907e+01 6.792216158987599783e+01
2.741712214238035017e+01 6.784854773025269026e+01
2.748508709888664825e+01 6.777520204191593223e+01
2.755334154504868494e+01 6.770212567166115036e+01
2.762188441367502634e+01 6.762931976207292450e+01
2.769071463306464764e+01 6.755678545150699676e+01
2.775983112702361666e+01 6.748452387407255060e+01
2.782923281488199763e+01 6.741253615961443302e+01
2.789891861151070529e+01 6.734082343369551893e+01
2.796888742733843358e+01 6.726938681757911809e+01
2.803913816836879036e+01 6.719822742821142469e+01
2.810966973619729359e+01 6.712734637820405226e+01
2.818048102802864463e+01 6.705674477581662529e+01
2.825157093669390562e+01 6.698642372493949892e+01
2.832293835066780829e+01 6.691638432507647849e+01
2.839458215408619424e+01 6.684662767132755334e+01
2.846650122676336991e+01 6.677715485437192910e+01
2.853869444420973167e+01 6.670796696045081831e+01
2.861116067764925930e+01 6.663906507135054369e+01
2.868389879403718368e+01 6.657045026438562729e+01
2.875690765607772903e+01 6.650212361238187952e+01
2.883018612224189070e+01 6.643408618365968721e+01
2.890373304678523425e+01 6.636633904201733003e+01
2.897754727976589351e+01 6.629888324671424016e+01
2.905162766706249045e+01 6.623171985245453186e+01
2.912597305039217233e+01 6.616484990937051691e+01
2.920058226732878026e+01 6.609827446300622000e+01
2.927545415132093609e+01 6.603199455430110731e+01
2.935058753171040635e+01 6.596601121957371561e+01
2.942598123375028862e+01 6.590032549050550870e+01
2.950163407862342879e+01 6.583493839412481918e+01
2.957754488346084543e+01 6.576985095279061966e+01
2.965371246136022165e+01 6.570506418417669181e+01
2.973013562140454269e+01 6.564057910125559658e+01
2.980681316868052377e+01 6.557639671228295697e+01
2.988374390429749639e+01 6.551251802078158448e+01
2.996092662540603868e+01 6.544894402552583301e+01
3.003836012521684040e+01 6.538567572052599530e+01
3.011604319301946830e+01 6.532271409501279891e+01
3.019397461420147977e+01 6.526006013342178846e+01
3.027215317026725927e+01 6.519771481537807745e+01
3.035057763885706805e+01 6.513567911568104307e+01
3.042924679376627495e+01 6.507395400428893595e+01
3.050815940496443091e+01 6.501254044630385920e+01
3.058731423861453180e+01 6.495143940195664811e+01
3.066671005709230968e+01 6.489065182659177822e+01
3.074634561900558083e+01 6.483017867065251494e+01
3.082621967921367911e+01 6.477002087966602062e+01
3.090633098884681829e+01 6.471017939422861787e+01
3.098667829532581663e+01 6.465065514999093921e+01
3.106726034238150191e+01 6.459144907764348886e+01
3.114807587007444312e+01 6.453256210290193451e+01
3.122912361481457566e+01 6.447399514649276853e+01
3.131040230938107527e+01 6.441574912413877030e+01
3.139191068294206133e+01 6.435782494654478114e+01
3.147364746107453470e+01 6.430022351938347924e+01
3.155561136578427295e+01 6.424294574328114038e+01
3.163780111552580721e+01 6.418599251380361181e+01
3.172021542522250570e+01 6.412936472144228617e+01
3.180285300628655420e+01 6.407306325160024585e+01
3.188571256663928821e+01 6.401708898457826535e+01
3.196879281073124446e+01 6.396144279556119727e+01
3.205209243956240783e+01 6.390612555460427302e+01
3.213561015070264659e+01 6.385113812661940358e+01
3.221934463831198769e+01 6.379648137136172181e+01
3.230329459316104135e+01 6.374215614341616032e+01
3.238745870265150018e+01 6.368816329218402927e+01
3.247183565083661705e+01 6.363450366186977902e+01
3.255642411844186768e+01 6.358117809146779109e+01
3.264122278288542134e+01 6.352818741474928288e+01
3.272623031829897400e+01 6.347553246024921236e+01
3.281144539554848905e+01 6.342321405125333200e+01
3.289686668225478883e+01 6.337123300578541318e+01
3.298249284281457250e+01 6.331959013659434987e+01
3.306832253842124913e+01 6.326828625114146831e+01
3.315435442708582769e+01 6.321732215158793622e+01
3.324058716365794908e+01 6.316669863478222169e+01
3.332701939984689687e+01 6.311641649224757344e+01
3.341364978424267917e+01 6.306647651016972134e+01
3.350047696233717431e+01 6.301687946938453422e+01
3.358749957654524110e+01 6.296762614536585545e+01
3.367471626622605640e+01 6.291871730821331710e+01
3.376212566770435330e+01 6.287015372264031754e+01
3.384972641429163787e+01 6.282193614796213410e+01
3.393751713630771860e+01 6.277406533808395750e+01
3.402549646110200143e+01 6.272654204148915369e+01
3.411366301307502624e+01 6.267936700122753280e+01
3.420201541369991816e+01 6.263254095490378859e+01
3.429055228154399515e+01 6.258606463466585978e+01
3.437927223229033302e+01 6.253993876719361111e+01
3.446817387875938010e+01 6.249416407368738646e+01
3.455725583093071407e+01 6.244874126985675389e+01
3.464651669596480588e+01 6.240367106590929325e+01
3.473595507822462025e+01 6.235895416653954726e+01
3.482556957929762120e+01 6.231459127091794414e+01
3.491535879801757858e+01 6.227058307267992632e+01
3.500532133048644567e+01 6.222693025991500804e+01
3.509545577009628659e+01 6.218363351515617410e+01
3.518576070755142382e+01 6.214069351536901564e+01
3.527623473089028039e+01 6.209811093194129228e+01
3.536687642550754163e+01 6.205588643067238763e+01
3.545768437417629571e+01 6.201402067176287858e+01
3.554865715707016705e+01 6.197251430980423947e+01
3.563979335178550656e+01 6.193136799376861035e+01
3.573109153336365296e+01 6.189058236699861482e+01
3.582255027431317984e+01 6.185015806719734144e+01
3.591416814463228491e+01 6.181009572641834637e+01
3.600594371183099440e+01 6.177039597105580526e+01
3.609787554095382234e+01 6.173105942183464379e+01
3.618996219460193231e+01 6.169208669380093113e+01
3.628220223295578961e+01 6.165347839631219529e+01
3.637459421379756463e+01 6.161523513302792310e+01
3.646713669253377077e+01 6.157735750190011004e+01
3.655982822221781703e+01 6.153984609516391657e+01
3.665266735357261041e+01 6.150270149932840269e+01
3.674565263501324353e+01 6.146592429516736900e+01
3.683878261266968224e+01 6.142951505771026177e+01
3.693205583040951012e+01 6.139347435623317040e+01
3.702547082986059479e+01 6.135780275425001662e+01
3.711902615043413078e+01 6.132250080950359461e+01
3.721272032934722773e+01 6.128756907395693787e+01
3.730655190164585377e+01 6.125300809378472877e+01
3.740051940022782873e+01 6.121881840936466546e+01
3.749462135586566092e+01 6.118500055526907033e+01
3.758885629722958299e+01 6.115155506025651988e+01
3.768322275091050955e+01 6.111848244726356683e+01
3.777771924144310844e+01 6.108578323339658311e+01
3.787234429132887215e+01 6.105345792992365261e+01
3.796709642105915350e+01 6.102150704226659883e+01
3.806197414913837207e+01 6.098993106999308367e+01
3.815697599210723467e+01 6.095873050680874172e+01
3.825210046456572854e+01 6.092790584054955616e+01
3.834734607919653371e+01 6.089745755317414222e+01
3.844271134678821511e+01 6.086738612075626520e+01
3.853819477625849999e+01 6.083769201347737976e+01
3.863379487467758366e+01 6.080837569561926159e+01
3.872951014729149932e+01 6.077943762555680252e+01
3.882533909754547352e+01 6.075087825575076295e+01
3.892128022710733859e+01 6.072269803274075883e+01
3.901733203589088816e+01 6.069489739713829124e+01
3.911349302207948853e+01 6.066747678361976881e+01
3.920976168214941993e+01 6.064043662091981446e+01
3.930613651089338845e+01 6.061377733182450811e+01
3.940261600144415866e+01 6.058749933316477865e+01
3.949919864529802993e+01 6.056160303580989535e+01
3.959588293233846201e+01 6.053608884466105877e+01
3.969266735085967213e+01 6.051095715864502722e+01
3.978955038759025342e+01 6.048620837070791367e+01
3.988653052771691421e+01 6.046184286780904671e+01
3.998360625490800402e+01 6.043786103091490247e+01
4.008077605133738075e+01 6.041426323499314321e+01
4.017803839770815699e+01 6.039104984900676243e+01
4.027539177327622610e+01 6.036822123590832945e+01
4.037283465587431408e+01 6.034577775263429800e+01
4.047036552193561931e+01 6.032371975009944265e+01
4.056798284651768682e+01 6.030204757319131659e+01
4.066568510332622566e+01 6.028076156076495806e+01
4.076347076473899733e+01 6.025986204563750448e+01
4.086133830182971849e+01 6.023934935458301254e+01
4.095928618439187119e+01 6.021922380832738497e+01
4.105731288096275478e+01 6.019948572154331146e+01
4.115541685884736722e+01 6.018013540284535168e+01
4.125359658414235753e+01 6.016117315478515337e+01
4.135185052176003495e+01 6.014259927384666327e+01
4.145017713545237115e+01 6.012441405044153697e+01
4.154857488783502362e+01 6.010661776890457020e+01
4.164704224041128100e+01 6.008921070748927207e+01
4.174557765359631389e+01 6.007219313836350238e+01
4.184417958674107041e+01 6.005556532760520838e+01
4.194284649815645594e+01 6.003932753519830356e+01
4.204157684513733528e+01 6.002348001502855368e+01
4.214036908398679770e+01 6.000802301487964030e+01
4.223922167004025141e+01 5.999295677642923863e+01
4.233813305768945412e+01 5.997828153524534400e+01
4.243710170040683494e+01 5.996399752078245626e+01
4.253612605076959596e+01 5.995010495637808390e+01
4.263520456048394891e+01 5.993660405924921974e+01
4.273433568040920250e+01 5.992349504048894460e+01
4.283351786058221222e+01 5.991077810506314449e+01
4.293274955024143225e+01 5.989845345180726355e+01
4.303202919785114489e+01 5.988652127342325571e+01
4.313135525112586066e+01 5.987498175647651522e+01
4.323072615705450517e+01 5.986383508139300602e+01
4.333014036192469121e+01 5.985308142245639829e+01
4.342959631134704779e+01 5.984272094780538254e+01
4.352909245027949225e+01 5.983275381943099802e+01
4.362862722305160190e+01 5.982318019317413871e+01
4.372819907338880796e+01 5.981400021872310901e+01
4.382780644443686668e+01 5.980521403961127191e+01
4.392744777878623097e+01 5.979682179321478941e+01
4.402712151849617328e+01 5.978882361075052643e+01
4.412682610511937753e+01 5.978121961727394762e+01
4.422655997972621122e+01 5.977400993167717047e+01
4.432632158292911129e+01 5.976719466668713920e+01
4.442610935490694857e+01 5.976077392886383421e+01
4.452592173542944209e+01 5.975474781859861650e+01
4.462575716388155200e+01 5.974911643011262896e+01
4.472561407928788668e+01 5.974387985145537527e+01
4.482549092033699623e+01 5.973903816450331306e+01
4.492538612540604248e+01 5.973459144495856776e+01
4.502529813258497171e+01 5.973053976234774609e+01
4.512522537970097858e+01 5.972688318002087726e+01
4.522516630434304119e+01 5.972362175515041116e+01
4.532511934388626429e+01 5.972075553873030884e+01
4.542508293551633614e+01 5.971828457557525383e+01
4.552505551625393565e+01 5.971620890431994155e+01
4.562503552297921772e+01 5.971452855741852517e+01
4.572502139245623454e+01 5.971324356114402576e+01
4.582501156135731435e+01 5.971235393558799132e+01
4.592500446628759647e+01 5.971185969466014853e+01
4.602499854380952371e+01 5.971176084608818968e+01
4.612499223046705055e+01 5.971205739141767310e+01
4.622498396281034871e+01 5.971274932601195218e+01
4.632497217742011486e+01 5.971383663905230321e+01
4.642495531093204875e+01 5.971531931353806044e+01
4.652493180006130302e+01 5.971719732628687893e+01
4.662490008162691169e+01 5.971947064793512538e+01
4.672485859257625407e+01 5.972213924293831155e+01
4.682480577000941935e+01 5.972520306957165559e+01
4.692474005120377001e+01 5.972866207993074283e+01
4.702465987363828503e+01 5.973251621993225768e+01
4.712456367501800969e+01 5.973676542931485756e+01
4.722444989329848397e+01 5.974140964164008949e+01
4.732431696671017107e+01 5.974644878429343464e+01
4.742416333378290005e+01 5.975188277848545226e+01
4.752398743337015929e+01 5.975771153925300894e+01
4.762378770467373101e+01 5.976393497546058597e+01
4.772356258726787814e+01 5.977055298980175735e+01
4.782331052112388647e+01 5.977756547880062499e+01
4.792302994663430127e+01 5.978497233281353829e+01
4.802271930463748362e+01 5.979277343603073547e+01
4.812237703644196785e+01 5.980096866647816967e+01
4.822200158385064128e+01 5.980955789601944872e+01
4.832159138918535035e+01 5.981854099035778205e+01
4.842114489531111587e+01 5.982791780903812651e+01
4.852066054566053310e+01 5.983768820544938194e+01
4.862013678425801544e+01 5.984785202682663652e+01
4.871957205574432237e+01 5.985840911425361810e+01
4.881896480540068950e+01 5.986935930266513850e+01
4.891831347917315043e+01 5.988070242084967987e+01
4.901761652369697231e+01 5.989243829145208053e+01
4.911687238632082142e+01 5.990456673097629903e+01
4.921607951513107082e+01 5.991708754978829887e+01
4.931523635897607960e+01 5.993000055211899735e+01
4.941434136749043660e+01 5.994330553606732792e+01
4.951339299111922543e+01 5.995700229360340217e+01
4.961238968114212611e+01 5.997109061057176405e+01
4.971132988969788613e+01 5.998557026669475079e+01
4.981021206980827998e+01 6.000044103557588215e+01
4.990903467540235994e+01 6.001570268470348424e+01
5.000779616134069983e+01 6.003135497545424215e+01
5.010649498343951791e+01 6.004739766309700144e+01
5.020512959849477852e+01 6.006383049679654107e+01
5.030369846430637182e+01 6.008065321961753824e+01
5.040220003970221541e+01 6.009786556852853323e+01
5.050063278456232752e+01 6.011546727440610027e+01
5.059899515984295704e+01 6.013345806203902555e+01
5.069728562760053592e+01 6.015183765013259176e+01
5.079550265101591577e+01 6.017060575131301903e+01
5.089364469441823502e+01 6.018976207213193419e+01
5.099171022330894232e+01 6.020930631307095382e+01
5.108969770438588398e+01 6.022923816854637380e+01
5.118760560556719241e+01 6.024955732691395838e+01
5.128543239601528825e+01 6.027026347047379318e+01
5.138317654616079011e+01 6.029135627547526610e+01
5.148083652772643148e+01 6.031283541212214061e+01
5.157841081375099179e+01 6.033470054457767162e+01
5.167589787861307826e+01 6.035695133096989196e+01
5.177329619805507832e+01 6.037958742339694851e+01
5.187060424920702673e+01 6.040260846793255212e+01
5.196782051061022401e+01 6.042601410463147715e+01
5.206494346224121728e+01 6.044980396753524587e+01
5.216197158553549684e+01 6.047397768467776302e+01
5.225890336341122122e+01 6.049853487809126307e+01
5.235573728029296348e+01 6.052347516381206560e+01
5.245247182213540782e+01 6.054879815188670023e+01
5.254910547644703911e+01 6.057450344637796036e+01
5.264563673231367602e+01 6.060059064537106366e+01
5.274206408042226002e+01 6.062705934097998295e+01
5.283838601308443117e+01 6.065390911935384111e+01
5.293460102425992631e+01 6.068113956068327752e+01
5.303070760958033247e+01 6.070875023920712010e+01
5.312670426637252064e+01 6.073674072321901463e+01
5.322258949368214331e+01 6.076511057507414648e+01
5.331836179229705408e+01 6.079385935119607609e+01
5.341401966477089758e+01 6.082298660208375907e+01
5.350956161544635847e+01 6.085249187231846690e+01
5.360498615047866622e+01 6.088237470057097767e+01
5.370029177785881558e+01 6.091263461960875247e+01
5.379547700743703587e+01 6.094327115630324698e+01
5.389054035094610384e+01 6.097428383163735077e+01
5.398548032202439373e+01 6.100567216071281962e+01
5.408029543623938196e+01 6.103743565275786409e+01
5.417498421111069007e+01 6.106957381113487315e+01
5.426954516613336921e+01 6.110208613334814487e+01
5.436397682280090038e+01 6.113497211105169526e+01
5.445827770462851447e+01 6.116823123005732299e+01
5.455244633717613567e+01 6.120186297034254608e+01
5.464648124807140306e+01 6.123586680605875188e+01
5.474038096703284850e+01 6.127024220553946066e+01
5.483414402589274772e+01 6.130498863130860343e+01
5.492776895862014186e+01 6.134010554008895610e+01
5.502125430134373829e+01 6.137559238281056651e+01
5.511459859237479009e+01 6.141144860461943722e+01
5.520780037222999681e+01 6.144767364488611605e+01
5.530085818365419925e+01 6.148426693721448544e+01
5.539377057164337259e+01 6.152122790945067976e+01
5.548653608346722166e+01 6.155855598369193160e+01
5.557915326869186146e+01 6.159625057629566669e+01
5.567162067920263979e+01 6.163431109788862017e+01
5.576393686922668280e+01 6.167273695337605943e+01
5.585610039535551863e+01 6.171152754195107093e+01
5.594810981656765847e+01 6.175068225710394643e+01
5.603996369425111368e+01 6.179020048663171849e+01
5.613166059222588444e+01 6.183008161264766045e+01
5.622319907676647688e+01 6.187032501159102083e+01
5.631457771662413592e+01 6.191093005423666540e+01
5.640579508304953293e+01 6.195189610570507455e+01
5.649684974981482100e+01 6.199322252547212031e+01
5.658774029323603116e+01 6.203490866737915610e+01
5.667846529219539065e+01 6.207695387964310640e+01
5.676902332816347752e+01 6.211935750486665597e+01
5.685941298522141096e+01 6.216211888004853847e+01
5.694963285008300602e+01 6.220523733659387489e+01
5.703968151211685722e+01 6.224871220032465402e+01
5.712955756336840807e+01 6.229254279149028406e+01
5.721925959858192101e+01 6.233672842477815834e+01
5.730878621522249716e+01 6.238126840932444139e+01
5.739813601349806760e+01 6.242616204872486918e+01
5.748730759638107912e+01 6.247140864104556357e+01
5.757629956963053530e+01 6.251700747883408127e+01
5.766511054181373197e+01 6.256295784913044145e+01
5.775373912432796430e+01 6.260925903347830257e+01
5.784218393142230497e+01 6.265591030793613925e+01
5.793044358021924012e+01 6.270291094308863933e+01
5.801851669073631257e+01 6.275026020405803706e+01
5.810640188590762989e+01 6.279795735051563099e+01
5.819409779160546492e+01 6.284600163669335160e+01
5.828160303666181363e+01 6.289439231139550657e+01
5.836891625288960483e+01 6.294312861801034842e+01
5.845603607510430777e+01 6.299220979452205427e+01
5.854296114114520577e+01 6.304163507352261320e+01
5.862969009189667702e+01 6.309140368222377759e+01
5.871622157130939712e+01 6.314151484246914947e+01
5.880255422642171936e+01 6.319196777074643734e+01
5.888868670738063571e+01 6.324276167819958516e+01
5.897461766746297940e+01 6.329389577064118555e+01
5.906034576309642858e+01 6.334536924856486451e+01
5.914586965388055972e+01 6.339718130715777988e+01
5.923118800260786543e+01 6.344933113631327615e+01
5.931629947528446678e+01 6.350181792064338993e+01
5.940120274115116672e+01 6.355464083949179610e+01
5.948589647270416947e+01 6.360779906694647678e+01
5.957037934571584969e+01 6.366129177185274557e+01
5.965465003925545773e+01 6.371511811782616519e+01
5.973870723570975372e+01 6.376927726326569257e+01
5.982254962080368443e+01 6.382376836136677412e+01
5.990617588362079005e+01 6.387859056013461867e+01
5.998958471662385250e+01 6.393374300239752728e+01
6.007277481567525967e+01 6.398922482582027271e+01
6.015574488005741216e+01 6.404503516291761400e+01
6.023849361249304479e+01 6.410117314106780384e+01
6.032101971916554817e+01 6.415763788252630206e+01
6.040332190973917648e+01 6.421442850443946782e+01
6.048539889737914166e+01 6.427154411885830143e+01
6.056724939877194913e+01 6.432898383275245635e+01
6.064887213414524325e+01 6.438674674802412312e+01
6.073026582728788014e+01 6.444483196152204130e+01
6.081142920556995080e+01 6.450323856505569609e+01
6.089236099996262652e+01 6.456196564540945815e+01
6.097305994505798310e+01 6.462101228435693656e+01
6.105352477908883202e+01 6.468037755867521810e+01
6.113375424394838831e+01 6.474006054015943334e+01
6.121374708521003072e+01 6.480006029563716652e+01
6.129350205214682745e+01 6.486037588698310685e+01
6.137301789775109739e+01 6.492100637113364314e+01
6.145229337875402109e+01 6.498195080010178515e+01
6.153132725564494621e+01 6.504320822099174393e+01
6.161011829269079243e+01 6.510477767601399535e+01
6.168866525795544931e+01 6.516665820250020147e+01
6.176696692331895377e+01 6.522884883291827407e+01
6.184502206449674588e+01 6.529134859488752340e+01
6.192282946105877528e+01 6.535415651119377856e+01
6.200038789644861481e+01 6.541727159980479200e+01
6.207769615800246754e+01 6.548069287388551629e+01
6.215475303696807430e+01 6.554441934181346596e+01
6.223155732852374911e+01 6.560845000719442055e+01
6.230810783179708778e+01 6.567278386887781494e+01
6.238440334988376890e+01 6.573741992097245657e+01
6.246044268986631920e+01 6.580235715286229947e+01
6.253622466283273695e+01 6.586759454922216150e+01
6.261174808389505131e+01 6.593313109003368311e+01
6.268701177220791010e+01 6.599896575060121506e+01
6.276201455098697579e+01 6.606509750156786254e+01
6.283675524752740671e+01 6.613152530893158598e+01
6.291123269322206824e+01 6.619824813406133046e+01
6.298544572357992877e+01 6.626526493371332549e+01
6.305939317824424961e+01 6.633257466004741332e+01
6.313307390101063277e+01 6.640017626064324929e+01
6.320648673984520372e+01 6.646806867851701384e+01
6.327963054690255973e+01 6.653625085213778334e+01
6.335250417854378213e+01 6.660472171544415687e+01
6.342510649535418565e+01 6.667348019786089708e+01
6.349743636216133780e+01 6.674252522431578427e+01
6.356949264805262345e+01 6.681185571525628575e+01
6.364127422639303688e+01 6.688147058666649514e+01
6.371277997484270372e+01 6.695136875008405752e+01
6.378400877537451663e+01 6.702154911261726511e+01
6.385495951429162176e+01 6.709201057696208181e+01
6.392563108224472757e+01 6.716275204141926736e+01
6.399602237424954865e+01 6.723377239991165766e+01
6.406613228970404350e+01 6.730507054200147365e+01
6.413595973240563808e+01 6.737664535290763013e+01
6.420550361056834276e+01 6.744849571352318662e+01
6.427476283683986935e+01 6.752062050043288366e+01
6.434373632831855616e+01 6.759301858593062207e+01
6.441242300657037845e+01 6.766568883803716972e+01
6.448082179764571720e+01 6.773863012051785404e+01
6.454893163209631268e+01 6.781184129290028295e+01
6.461675144499179169e+01 6.788532121049223633e+01
6.468428017593643631e+01 6.795906872439948643e+01
6.475151676908575382e+01 6.803308268154385985e+01
6.481846017316296127e+01 6.810736192468120009e+01
6.488510934147538478e+01 6.818190529241941533e+01
6.495146323193094418e+01 6.825671161923679620e+01
6.501752080705433912e+01 6.833177973550007778e+01
6.508328103400327791e+01 6.840710846748277163e+01
6.514874288458466367e+01 6.848269663738359725e+01
6.521390533527069522e+01 6.855854306334479986e+01
6.527876736721478323e+01 6.863464655947066717e+01
6.534332796626756590e+01 6.871100593584607452e+01
6.540758612299273977e+01 6.878761999855508691e+01
6.547154083268277702e+01 6.886448754969963204e+01
6.553519109537477050e+01 6.894160738741821604e+01
6.559853591586589516e+01 6.901897830590468175e+01
6.566157430372916792e+01 6.909659909542718026e+01
6.572430527332878114e+01 6.917446854234697184e+01
6.578672784383550720e+01 6.925258542913739745e+01
6.584884103924215992e+01 6.933094853440302074e+01
6.591064388837878596e+01 6.940955663289861377e+01
6.597213542492778515e+01 6.948840849554838428e+01
6.603331468743914456e+01 6.956750288946516037e+01
6.609418071934535988e+01 6.964683857796968880e+01
6.615473256897649890e+01 6.972641432060994759e+01
6.621496928957492401e+01 6.980622887318051539e+01
6.627488993931029881e+01 6.988628098774213981e+01
6.633449358129416851e+01 6.996656941264112106e+01
6.639377928359459702e+01 7.004709289252892290e+01
6.645274611925086106e+01 7.012785016838184049e+01
6.651139316628783149e+01 7.020883997752063976e+01
6.656971950773046842e+01 7.029006105363031054e+01
6.662772423161807467e+01 7.037151212677990486e+01
6.668540643101862031e+01 7.045319192344230430e+01
6.674276520404292512e+01 7.053509916651424305e+01
6.679979965385868468e+01 7.061723257533617470e+01
6.685650888870458175e+01 7.069959086571233797e+01
6.691289202190421292e+01 7.078217274993095032e+01
6.696894817187985893e+01 7.086497693678404630e+01
6.702467646216642549e+01 7.094800213158798385e+01
6.708007602142501469e+01 7.103124703620352420e+01
6.713514598345662421e+01 7.111471034905615340e+01
6.718988548721561926e+01 7.119839076515641807e+01
6.724429367682330394e+01 7.128228697612038900e+01
6.729836970158119414e+01 7.136639767019005376e+01
6.735211271598438998e+01 7.145072153225387979e+01
6.740552187973473508e+01 7.153525724386727802e+01
6.745859635775401841e+01 7.162000348327336496e+01
6.751133532019703409e+01 7.170495892542355421e+01
6.756373794246444220e+01 7.179012224199821901e+01
6.761580340521581434e+01 7.187549210142753964e+01
6.766753089438236657e+01 7.196106716891229382e+01
6.771891960117964970e+01 7.204684610644476095e+01
6.776996872212029643e+01 7.213282757282958357e+01
6.782067745902649847e+01 7.221901022370475687e+01
6.787104501904255471e+01 7.230539271156271752e+01
6.792107061464714945e+01 7.239197368577126213e+01
6.797075346366581527e+01 7.247875179259482081e+01
6.802009278928311176e+01 7.256572567521558881e+01
6.806908782005467629e+01 7.265289397375462954e+01
6.811773778991943118e+01 7.274025532529324778e+01
6.816604193821146396e+01 7.282780836389430590e+01
6.821399950967196446e+01 7.291555172062352597e+01
6.826160975446096302e+01 7.300348402357087707e+01
6.830887192816921072e+01 7.309160389787211898e+01
6.835578529182966179e+01 7.317990996573024631e+01
6.840234911192906964e+01 7.326840084643693274e+01
6.844856266041949766e+01 7.335707515639433041e+01
6.849442521472967371e+01 7.344593150913649993e+01
6.853993605777628773e+01 7.353496851535123824e+01
6.858509447797518987e+01 7.362418478290169332e+01
6.862989976925257452e+01 7.371357891684820629e+01
6.867435123105592254e+01 7.380314951947005397e+01
6.871844816836505743e+01 7.389289519028737629e+01
6.876218989170294549e+01 7.398281452608301834e+01
6.880557571714648191e+01 7.407290612092447191e+01
6.884860496633723415e+01 7.416316856618595921e+01
6.889127696649198640e+01 7.425360045057021807e+01
6.893359105041326984e+01 7.434420036013086985e+01
6.897554655649986444e+01 7.443496687829431835e+01
6.901714282875703077e+01 7.452589858588194716e+01
6.905837921680685554e+01 7.461699406113237387e+01
6.909925507589839810e+01 7.470825187972357639e+01
6.913976976691773757e+01 7.479967061479527501e+01
6.917992265639797722e+01 7.489124883697107293e+01
6.921971311652922054e+01 7.498298511438105152e+01
6.925914052516830566e+01 7.507487801268395344e+01
6.929820426584851134e+01 7.516692609508965006e+01
6.933690372778930566e+01 7.525912792238167981e+01
6.937523830590579621e+01 7.535148205293968715e+01
6.941320740081825136e+01 7.544398704276200363e+01
6.945081041886140838e+01 7.553664144548817205e+01
6.948804677209382419e+01 7.562944381242159864e+01
6.952491587830704134e+01 7.572239269255223348e+01
6.956141716103465455e+01 7.581548663257915166e+01
6.959755004956139146e+01 7.590872417693337582e+01
6.963331397893202279e+01 7.600210386780068461e+01
6.966870838996008786e+01 7.609562424514419376e+01
6.970373272923680474e+01 7.618928384672740606e+01
6.973838644913962526e+01 7.628308120813694870e+01
6.977266900784078985e+01 7.637701486280553809e+01
6.980657986931586834e+01 7.647108334203484503e+01
6.984011850335204485e+01 7.656528517501851638e+01
6.987328438555650223e+01 7.665961888886513975e+01
6.990607699736456482e+01 7.675408300862130773e+01
6.993849582604779869e+01 7.684867605729456841e+01
6.997054036472209759e+01 7.694339655587668858e+01
7.000221011235552737e+01 7.703824302336670371e+01
7.003350457377619875e+01 7.713321397679398217e+01
7.006442325968001228e+01 7.722830793124155946e+01
7.009496568663828953e+01 7.732352339986927348e+01
7.012513137710534750e+01 7.741885889393701348e+01
7.015491985942598774e+01 7.751431292282805430e+01
7.018433066784280072e+01 7.760988399407226268e+01
7.021336334250351285e+01 7.770557061336955940e+01
7.024201742946816296e+01 7.780137128461312557e+01
7.027029248071617928e+01 7.789728450991295006e+01
7.029818805415341387e+01 7.799330878961922053e+01
7.032570371361900641e+01 7.808944262234562927e+01
7.035283902889227647e+01 7.818568450499303424e+01
7.037959357569937424e+01 7.828203293277285013e+01
7.040596693571998799e+01 7.837848639923063843e+01
7.043195869659379582e+01 7.847504339626954106e+01
7.045756845192701689e+01 7.857170241417408363e+01
7.048279580129867838e+01 7.866846194163355221e+01
7.050764035026691090e+01 7.876532046576572554e+01
7.053210171037514442e+01 7.886227647214053604e+01
7.055617949915811948e+01 7.895932844480373092e+01
7.057987334014791259e+01 7.905647486630059007e+01
7.060318286287983369e+01 7.915371421769964400e+01
7.062610770289813900e+01 7.925104497861637753e+01
7.064864750176184316e+01 7.934846562723708985e+01
7.067080190705023313e+01 7.944597464034261236e+01
7.069257057236843877e+01 7.954357049333218299e+01
7.071395315735279041e+01 7.964125166024722091e+01
7.073494932767619048e+01 7.973901661379527184e+01
7.075555875505331471e+01 7.983686382537374016e+01
7.077578111724575649e+01 7.993479176509400475e+01
7.079561609806705746e+01 8.003279890180513689e+01
7.081506338738768136e+01 8.013088370311795927e+01
7.083412268113978882e+01 8.022904463542897702e+01
7.085279368132208333e+01 8.032728016394432302e+01
7.087107609600438707e+01 8.042558875270381691e+01
7.088896963933228790e+01 8.052396886460488190e+01
7.090647403153153050e+01 8.062241896142671749e+01
7.092358899891246438e+01 8.072093750385428734e+01
7.094031427387422184e+01 8.081952295150225041e+01
7.095664959490903811e+01 8.091817376293928987e+01
7.097259470660623037e+01 8.101688839571204426e+01
7.098814935965621942e+01 8.111566530636929429e+01
7.100331331085446607e+01 8.121450295048606449e+01
7.101808632310522285e+01 8.131339978268778168e+01
7.103246816542525721e+01 8.141235425667447601e+01
7.104645861294750375e+01 8.151136482524482574e+01
7.106005744692447479e+01 8.161042994032051467e+01
7.107326445473185572e+01 8.170954805297040480e+01
7.108607942987163142e+01 8.180871761343460946e+01
7.109850217197543998e+01 8.190793707114890765e+01
7.111053248680767069e+01 8.200720487476887399e+01
7.112217018626853360e+01 8.210651947219420776e+01
7.113341508839693006e+01 8.220587931059291975e+01
7.114426701737333758e+01 8.230528283642568965e+01
7.115472580352260934e+01 8.240472849547012402e+01
7.116479128331651793e+01 8.250421473284504259e+01
7.117446329937641281e+01 8.260373999303475046e+01
7.118374170047560767e+01 8.270330271991353754e+01
7.119262634154182479e+01 8.280290135676979446e+01
7.120111708365935499e+01 8.290253434633042673e+01
7.120921379407133145e+01 8.300220013078528325e+01
7.121691634618176181e+01 8.310189715181140002e+01
7.122422461955750350e+01 8.320162385059744281e+01
7.123113849993013957e+01 8.330137866786803613e+01
7.123765787919781189e+01 8.340116004390816329e+01
7.124378265542682698e+01 8.350096641858756641e+01
7.124951273285337550e+01 8.360079623138504701e+01
7.125484802188488231e+01 8.370064792141302235e+01
7.125978843910152705e+01 8.380051992744186862e+01
7.126433390725746619e+01 8.390041068792420731e+01
7.126848435528212633e+01 8.400031864101950418e+01
7.127223971828122728e+01 8.410024222461838406e+01
7.127559993753783374e+01 8.420017987636707346e+01
7.127856496051330737e+01 8.430013003369187174e+01
7.128113474084804579e+01 8.440009113382350847e+01
7.128330923836229260e+01 8.450006161382165715e+01
7.128508841905674842e+01 8.460003991059927841e+01
7.128647225511302565e+01 8.470002446094714799e+01
7.128746072489420271e+01 8.480001370155827090e+01
7.128805381294505139e+01 8.490000606905229574e+01
7.128825150999236371e+01 8.500000000000000000e+01
