1.765547174548825353e+02 9.755792305099546979e+01
1.765130501839836086e+02 9.746701739365866501e+01
1.764713829130846818e+02 9.737611173632186023e+01
1.764297156421857551e+02 9.728520607898505546e+01
1.763880483712868283e+02 9.719430042164825068e+01
1.763463811003879016e+02 9.710339476431144590e+01
1.763047138294889749e+02 9.701248910697464112e+01
1.762630465585900481e+02 9.692158344963783634e+01
1.762213792876911214e+02 9.683067779230103156e+01
1.761797120167921946e+02 9.673977213496422678e+01
1.761380447458932679e+02 9.664886647762742200e+01
1.760963774749943411e+02 9.655796082029061722e+01
1.760547102040954144e+02 9.646705516295381244e+01
1.760130429331964876e+02 9.637614950561700766e+01
1.759713756622975609e+02 9.628524384828020288e+01
1.759297083913986341e+02 9.619433819094339810e+01
1.758880411204997074e+02 9.610343253360659332e+01
1.758463738496007807e+02 9.601252687626978854e+01
1.758047065787018539e+02 9.592162121893298377e+01
1.757630393078029272e+02 9.583071556159617899e+01
1.757213720369040004e+02 9.573980990425937421e+01
1.756797047660050737e+02 9.564890424692256943e+01
1.756380374951061469e+02 9.555799858958576465e+01
1.755963702242072202e+02 9.546709293224895987e+01
1.755547029533082934e+02 9.537618727491215509e+01
1.755130356824093667e+02 9.528528161757535031e+01
1.754713684115104400e+02 9.519437596023854553e+01
1.754297011406115132e+02 9.510347030290174075e+01
1.753880338697125865e+02 9.501256464556493597e+01
1.753463665988136597e+02 9.492165898822813119e+01
1.753046993279147330e+02 9.483075333089132641e+01
1.752630320570158062e+02 9.473984767355452163e+01
1.752213647861168795e+02 9.464894201621771685e+01
1.751796975152179527e+02 9.455803635888091208e+01
1.751380302443190260e+02 9.446713070154410730e+01
1.750963629734200993e+02 9.437622504420730252e+01
1.750546957025211725e+02 9.428531938687049774e+01
1.750130284316222458e+02 9.419441372953369296e+01
1.749713611607233190e+02 9.410350807219688818e+01
1.749296938898243923e+02 9.401260241486008340e+01
1.748880266189254655e+02 9.392169675752327862e+01
1.748463593480265388e+02 9.383079110018647384e+01
1.748046920771276120e+02 9.373988544284966906e+01
1.747630248062286853e+02 9.364897978551286428e+01
1.747213575353297585e+02 9.355807412817605950e+01
1.746796902644308318e+02 9.346716847083925472e+01
1.746380229935319051e+02 9.337626281350244994e+01
1.745963557226329783e+02 9.328535715616564516e+01
1.745546884517340516e+02 9.319445149882884039e+01
1.745130211808351248e+02 9.310354584149203561e+01
1.744713539099361981e+02 9.301264018415523083e+01
1.744296866390372713e+02 9.292173452681842605e+01
1.743880193681383446e+02 9.283082886948162127e+01
1.743463520972394178e+02 9.273992321214481649e+01
1.743046848263404911e+02 9.264901755480801171e+01
1.742630175554415644e+02 9.255811189747120693e+01
1.742213502845426376e+02 9.246720624013440215e+01
1.741796830136437109e+02 9.237630058279759737e+01
1.741380157427447841e+02 9.228539492546079259e+01
1.740963484718458574e+02 9.219448926812398781e+01
1.740546812009469306e+02 9.210358361078718303e+01
1.740130139300480039e+02 9.201267795345037825e+01
1.739713466591490771e+02 9.192177229611357347e+01
1.739296793882501504e+02 9.183086663877676870e+01
1.738880121173512237e+02 9.173996098143996392e+01
1.738463448464522969e+02 9.164905532410315914e+01
1.738046775755533702e+02 9.155814966676635436e+01
1.737630103046544434e+02 9.146724400942954958e+01
1.737213430337555167e+02 9.137633835209274480e+01
1.736796757628565899e+02 9.128543269475594002e+01
1.736380084919576632e+02 9.119452703741913524e+01
1.735963412210587364e+02 9.110362138008233046e+01
1.735546739501598097e+02 9.101271572274552568e+01
1.735130066792608829e+02 9.092181006540872090e+01
1.734713394083619562e+02 9.083090440807191612e+01
1.734296721374630295e+02 9.073999875073511134e+01
1.733880048665641027e+02 9.064909309339830656e+01
1.733463375956651760e+02 9.055818743606150178e+01
1.733046703247662492e+02 9.046728177872469701e+01
1.732630030538673225e+02 9.037637612138789223e+01
1.732213357829683957e+02 9.028547046405108745e+01
1.731796685120694690e+02 9.019456480671428267e+01
1.731380012411705422e+02 9.010365914937747789e+01
1.730963339702716155e+02 9.001275349204067311e+01
1.730546666993726888e+02 8.992184783470386833e+01
1.730129994284737620e+02 8.983094217736706355e+01
1.729713321575748353e+02 8.974003652003025877e+01
1.729296648866759085e+02 8.964913086269345399e+01
1.728879976157769818e+02 8.955822520535664921e+01
1.728463303448780550e+02 8.946731954801984443e+01
1.728046630739791283e+02 8.937641389068303965e+01
1.727629958030802015e+02 8.928550823334623487e+01
1.727213285321812748e+02 8.919460257600943009e+01
1.726796612612823481e+02 8.910369691867262532e+01
1.726379939903834213e+02 8.901279126133582054e+01
1.725963267194844946e+02 8.892188560399901576e+01
1.725546594485855678e+02 8.883097994666221098e+01
1.725129921776866411e+02 8.874007428932540620e+01
1.724713249067877143e+02 8.864916863198860142e+01
1.724296576358887876e+02 8.855826297465179664e+01
1.723879903649898608e+02 8.846735731731499186e+01
1.723463230940909341e+02 8.837645165997818708e+01
1.723046558231920073e+02 8.828554600264138230e+01
1.722629885522930806e+02 8.819464034530457752e+01
1.722213212813941539e+02 8.810373468796777274e+01
1.721796540104952271e+02 8.801282903063096796e+01
1.721379867395963004e+02 8.792192337329416318e+01
1.720963194686973736e+02 8.783101771595735840e+01
1.720546521977984469e+02 8.774011205862055363e+01
1.720129849268995201e+02 8.764920640128374885e+01
1.719713176560005934e+02 8.755830074394694407e+01
1.719296503851016666e+02 8.746739508661013929e+01
1.718879831142027399e+02 8.737648942927333451e+01
1.718463158433038132e+02 8.728558377193652973e+01
1.718046485724048864e+02 8.719467811459972495e+01
1.717629813015059597e+02 8.710377245726292017e+01
1.717213140306070329e+02 8.701286679992611539e+01
1.716796467597081062e+02 8.692196114258931061e+01
1.716379794888091794e+02 8.683105548525250583e+01
1.715963122179102527e+02 8.674014982791570105e+01
1.715546449470113259e+02 8.664924417057889627e+01
1.715129776761123992e+02 8.655833851324209149e+01
1.714713104052134724e+02 8.646743285590528671e+01
1.714296431343145457e+02 8.637652719856848194e+01
1.713879758634156190e+02 8.628562154123167716e+01
1.713463085925166922e+02 8.619471588389487238e+01
1.713046413216177655e+02 8.610381022655806760e+01
1.712629740507188387e+02 8.601290456922126282e+01
1.712213067798199120e+02 8.592199891188445804e+01
1.711796395089209852e+02 8.583109325454765326e+01
1.711379722380220585e+02 8.574018759721084848e+01
1.710963049671231317e+02 8.564928193987404370e+01
1.710546376962242050e+02 8.555837628253723892e+01
1.710129704253252783e+02 8.546747062520043414e+01
1.709713031544263515e+02 8.537656496786362936e+01
1.709296358835274248e+02 8.528565931052682458e+01
1.708879686126284980e+02 8.519475365319001980e+01
1.708463013417295713e+02 8.510384799585321502e+01
1.708046340708306445e+02 8.501294233851641025e+01
1.707629667999317178e+02 8.492203668117960547e+01
1.707212995290327910e+02 8.483113102384280069e+01
1.706796322581338643e+02 8.474022536650599591e+01
1.706379649872349376e+02 8.464931970916919113e+01
1.705962977163360108e+02 8.455841405183238635e+01
1.705546304454370841e+02 8.446750839449558157e+01
1.705129631745381573e+02 8.437660273715877679e+01
1.704712959036392306e+02 8.428569707982197201e+01
1.704296286327403038e+02 8.419479142248516723e+01
1.703879613618413771e+02 8.410388576514836245e+01
1.703462940909424503e+02 8.401298010781155767e+01
1.703046268200435236e+02 8.392207445047475289e+01
1.702629595491445968e+02 8.383116879313794811e+01
1.702212922782456701e+02 8.374026313580114333e+01
1.701796250073467434e+02 8.364935747846433856e+01
1.701379577364478166e+02 8.355845182112753378e+01
1.700962904655488899e+02 8.346754616379072900e+01
1.700546231946499631e+02 8.337664050645392422e+01
1.700129559237510364e+02 8.328573484911711944e+01
1.699712886528521096e+02 8.319482919178031466e+01
1.699296213819531829e+02 8.310392353444350988e+01
1.698879541110542561e+02 8.301301787710670510e+01
1.698462868401553294e+02 8.292211221976990032e+01
1.698046195692564027e+02 8.283120656243309554e+01
1.697629522983574759e+02 8.274030090509629076e+01
1.697212850274585492e+02 8.264939524775948598e+01
1.696796177565596224e+02 8.255848959042268120e+01
1.696379504856606957e+02 8.246758393308587642e+01
1.695962832147617689e+02 8.237667827574907164e+01
1.695546159438628422e+02 8.228577261841226687e+01
1.695129486729639154e+02 8.219486696107546209e+01
1.694712814020649887e+02 8.210396130373865731e+01
1.694296141311660620e+02 8.201305564640185253e+01
1.693879468602671352e+02 8.192214998906504775e+01
1.693462795893682085e+02 8.183124433172824297e+01
1.693046123184692817e+02 8.174033867439143819e+01
1.692629450475703550e+02 8.164943301705463341e+01
1.692212777766714282e+02 8.155852735971782863e+01
1.691796105057725015e+02 8.146762170238102385e+01
1.691379432348735747e+02 8.137671604504421907e+01
1.690962759639746480e+02 8.128581038770741429e+01
1.690546086930757212e+02 8.119490473037060951e+01
1.690129414221767945e+02 8.110399907303380473e+01
1.689712741512778678e+02 8.101309341569699995e+01
1.689296068803789410e+02 8.092218775836019518e+01
1.688879396094800143e+02 8.083128210102339040e+01
1.688462723385810875e+02 8.074037644368658562e+01
1.688046050676821608e+02 8.064947078634978084e+01
1.687629377967832340e+02 8.055856512901297606e+01
1.687212705258843073e+02 8.046765947167617128e+01
1.686796032549853805e+02 8.037675381433936650e+01
1.686379359840864538e+02 8.028584815700256172e+01
1.685962687131875271e+02 8.019494249966575694e+01
1.685546014422886003e+02 8.010403684232895216e+01
1.685129341713896736e+02 8.001313118499214738e+01
1.684712669004907468e+02 7.992222552765534260e+01
1.684295996295918201e+02 7.983131987031853782e+01
1.683879323586928933e+02 7.974041421298173304e+01
1.683462650877939666e+02 7.964950855564492826e+01
1.683045978168950398e+02 7.955860289830812349e+01
1.682629305459961131e+02 7.946769724097131871e+01
1.682212632750971864e+02 7.937679158363451393e+01
1.681795960041982596e+02 7.928588592629770915e+01
1.681379287332993329e+02 7.919498026896090437e+01
1.680962614624004061e+02 7.910407461162409959e+01
1.680545941915014794e+02 7.901316895428729481e+01
1.680129269206025526e+02 7.892226329695049003e+01
1.679712596497036259e+02 7.883135763961368525e+01
1.679295923788046991e+02 7.874045198227688047e+01
1.678879251079057724e+02 7.864954632494007569e+01
1.678462578370068456e+02 7.855864066760327091e+01
1.678045905661079189e+02 7.846773501026646613e+01
1.677629232952089922e+02 7.837682935292966135e+01
1.677212560243100654e+02 7.828592369559285657e+01
1.676795887534111387e+02 7.819501803825605180e+01
1.676379214825122119e+02 7.810411238091924702e+01
1.675962542116132852e+02 7.801320672358244224e+01
1.675545869407143584e+02 7.792230106624563746e+01
1.675129196698154317e+02 7.783139540890883268e+01
1.674712523989165049e+02 7.774048975157202790e+01
1.674295851280175782e+02 7.764958409423522312e+01
1.673879178571186515e+02 7.755867843689841834e+01
1.673462505862197247e+02 7.746777277956161356e+01
1.673045833153207980e+02 7.737686712222480878e+01
1.672629160444218712e+02 7.728596146488800400e+01
1.672212487735229445e+02 7.719505580755119922e+01
1.671795815026240177e+02 7.710415015021439444e+01
1.671379142317250910e+02 7.701324449287758966e+01
1.670962469608261642e+02 7.692233883554078488e+01
1.670545796899272375e+02 7.683143317820398011e+01
1.670129124190283108e+02 7.674052752086717533e+01
1.669712451481293840e+02 7.664962186353037055e+01
1.669295778772304573e+02 7.655871620619356577e+01
1.668879106063315305e+02 7.646781054885676099e+01
1.668462433354326038e+02 7.637690489151995621e+01
1.668045760645336770e+02 7.628599923418315143e+01
1.667629087936347503e+02 7.619509357684634665e+01
1.667212415227358235e+02 7.610418791950954187e+01
1.666795742518368968e+02 7.601328226217273709e+01
1.666379069809379700e+02 7.592237660483593231e+01
1.665962397100390433e+02 7.583147094749912753e+01
1.665545724391401166e+02 7.574056529016232275e+01
1.665129051682411898e+02 7.564965963282551797e+01
1.664712378973422631e+02 7.555875397548871319e+01
1.664295706264433363e+02 7.546784831815190842e+01
1.663879033555444096e+02 7.537694266081510364e+01
1.663462360846454828e+02 7.528603700347829886e+01
1.663045688137465561e+02 7.519513134614149408e+01
1.662629015428476293e+02 7.510422568880468930e+01
1.662212342719487026e+02 7.501332003146788452e+01
1.661795670010497759e+02 7.492241437413107974e+01
1.661378997301508491e+02 7.483150871679427496e+01
1.660962324592519224e+02 7.474060305945747018e+01
1.660545651883529956e+02 7.464969740212066540e+01
1.660128979174540689e+02 7.455879174478386062e+01
1.659712306465551421e+02 7.446788608744705584e+01
1.659295633756562154e+02 7.437698043011025106e+01
1.658878961047572886e+02 7.428607477277344628e+01
1.658462288338583619e+02 7.419516911543664150e+01
1.658045615629594352e+02 7.410426345809983673e+01
1.657628942920605084e+02 7.401335780076303195e+01
1.657212270211615817e+02 7.392245214342622717e+01
1.656795597502626549e+02 7.383154648608942239e+01
1.656378924793637282e+02 7.374064082875261761e+01
1.655962252084648014e+02 7.364973517141581283e+01
1.655545579375658747e+02 7.355882951407900805e+01
1.655128906666669479e+02 7.346792385674220327e+01
1.654712233957680212e+02 7.337701819940539849e+01
1.654295561248690944e+02 7.328611254206859371e+01
1.653878888539701677e+02 7.319520688473178893e+01
1.653462215830712410e+02 7.310430122739498415e+01
1.653045543121723142e+02 7.301339557005817937e+01
1.652628870412733875e+02 7.292248991272137459e+01
1.652212197703744607e+02 7.283158425538456981e+01
1.651795524994755340e+02 7.274067859804776504e+01
1.651378852285766072e+02 7.264977294071096026e+01
1.650962179576776805e+02 7.255886728337415548e+01
1.650545506867787537e+02 7.246796162603735070e+01
1.650128834158798270e+02 7.237705596870054592e+01
1.649712161449809003e+02 7.228615031136374114e+01
1.649295488740819735e+02 7.219524465402693636e+01
1.648878816031830468e+02 7.210433899669013158e+01
1.648462143322841200e+02 7.201343333935332680e+01
1.648045470613851933e+02 7.192252768201652202e+01
1.647628797904862665e+02 7.183162202467971724e+01
1.647212125195873398e+02 7.174071636734291246e+01
1.646795452486884130e+02 7.164981071000610768e+01
1.646378779777894863e+02 7.155890505266930290e+01
1.645962107068905595e+02 7.146799939533249812e+01
1.645545434359916328e+02 7.137709373799569335e+01
1.645128761650927061e+02 7.128618808065888857e+01
1.644712088941937793e+02 7.119528242332208379e+01
1.644295416232948526e+02 7.110437676598527901e+01
1.643878743523959258e+02 7.101347110864847423e+01
1.643462070814969991e+02 7.092256545131166945e+01
1.643045398105980723e+02 7.083165979397486467e+01
1.642628725396991456e+02 7.074075413663805989e+01
1.642212052688002188e+02 7.064984847930125511e+01
1.641795379979012921e+02 7.055894282196445033e+01
1.641378707270023654e+02 7.046803716462764555e+01
1.640962034561034386e+02 7.037713150729084077e+01
1.640545361852045119e+02 7.028622584995403599e+01
1.640128689143055851e+02 7.019532019261723121e+01
1.639712016434066584e+02 7.010441453528042643e+01
1.639295343725077316e+02 7.001350887794362166e+01
1.638878671016088049e+02 6.992260322060681688e+01
1.638461998307098781e+02 6.983169756327001210e+01
1.638045325598109514e+02 6.974079190593320732e+01
1.637628652889120247e+02 6.964988624859640254e+01
1.637211980180130979e+02 6.955898059125959776e+01
1.636795307471141712e+02 6.946807493392279298e+01
1.636378634762152444e+02 6.937716927658598820e+01
1.635961962053163177e+02 6.928626361924918342e+01
1.635545289344173909e+02 6.919535796191237864e+01
1.635128616635184642e+02 6.910445230457557386e+01
1.634711943926195374e+02 6.901354664723876908e+01
1.634295271217206107e+02 6.892264098990196430e+01
1.633878598508216839e+02 6.883173533256515952e+01
1.633461925799227572e+02 6.874082967522835474e+01
1.633045253090238305e+02 6.864992401789154997e+01
1.632628580381249037e+02 6.855901836055474519e+01
1.632211907672259770e+02 6.846811270321794041e+01
1.631795234963270502e+02 6.837720704588113563e+01
1.631378562254281235e+02 6.828630138854433085e+01
1.630961889545291967e+02 6.819539573120752607e+01
1.630545216836302700e+02 6.810449007387072129e+01
1.630128544127313432e+02 6.801358441653391651e+01
1.629711871418324165e+02 6.792267875919711173e+01
1.629295198709334898e+02 6.783177310186030695e+01
1.628878526000345630e+02 6.774086744452350217e+01
1.628461853291356363e+02 6.764996178718669739e+01
1.628045180582367095e+02 6.755905612984989261e+01
1.627628507873377828e+02 6.746815047251308783e+01
1.627211835164388560e+02 6.737724481517628305e+01
1.626795162455399293e+02 6.728633915783947828e+01
1.626378489746410025e+02 6.719543350050267350e+01
1.625961817037420758e+02 6.710452784316586872e+01
1.625545144328431491e+02 6.701362218582906394e+01
1.625128471619442223e+02 6.692271652849225916e+01
1.624711798910452956e+02 6.683181087115545438e+01
1.624295126201463688e+02 6.674090521381864960e+01
1.623878453492474421e+02 6.664999955648184482e+01
1.623461780783485153e+02 6.655909389914504004e+01
1.623045108074495886e+02 6.646818824180823526e+01
1.622628435365506618e+02 6.637728258447143048e+01
1.622211762656517351e+02 6.628637692713462570e+01
1.621795089947528083e+02 6.619547126979782092e+01
1.621378417238538816e+02 6.610456561246101614e+01
1.620961744529549549e+02 6.601365995512421136e+01
1.620545071820560281e+02 6.592275429778740659e+01
1.620128399111571014e+02 6.583184864045060181e+01
1.619711726402581746e+02 6.574094298311379703e+01
1.619295053693592479e+02 6.565003732577699225e+01
1.618878380984603211e+02 6.555913166844018747e+01
1.618461708275613944e+02 6.546822601110338269e+01
1.618045035566624676e+02 6.537732035376657791e+01
1.617628362857635409e+02 6.528641469642977313e+01
1.617211690148646142e+02 6.519550903909296835e+01
1.616795017439656874e+02 6.510460338175616357e+01
1.616378344730667607e+02 6.501369772441935879e+01
1.615961672021678339e+02 6.492279206708255401e+01
1.615544999312689072e+02 6.483188640974574923e+01
1.615128326603699804e+02 6.474098075240894445e+01
1.614711653894710537e+02 6.465007509507213967e+01
1.614294981185721269e+02 6.455916943773533490e+01
1.613878308476732002e+02 6.446826378039853012e+01
1.613461635767742735e+02 6.437735812306172534e+01
1.613044963058753467e+02 6.428645246572492056e+01
1.612628290349764200e+02 6.419554680838811578e+01
1.612211617640774932e+02 6.410464115105131100e+01
1.611794944931785665e+02 6.401373549371450622e+01
1.611378272222796397e+02 6.392282983637770144e+01
1.610961599513807130e+02 6.383192417904089666e+01
1.610544926804817862e+02 6.374101852170409188e+01
1.610128254095828595e+02 6.365011286436728710e+01
1.609711581386839327e+02 6.355920720703048232e+01
1.609294908677850060e+02 6.346830154969367754e+01
1.608878235968860793e+02 6.337739589235687276e+01
1.608461563259871525e+02 6.328649023502006798e+01
1.608044890550882258e+02 6.319558457768326321e+01
1.607628217841892990e+02 6.310467892034645843e+01
1.607211545132903723e+02 6.301377326300965365e+01
1.606794872423914455e+02 6.292286760567284887e+01
1.606378199714925188e+02 6.283196194833604409e+01
1.605961527005935920e+02 6.274105629099923931e+01
1.605544854296946653e+02 6.265015063366243453e+01
1.605128181587957386e+02 6.255924497632562975e+01
1.604711508878968118e+02 6.246833931898882497e+01
1.604294836169978851e+02 6.237743366165202019e+01
1.603878163460989583e+02 6.228652800431521541e+01
1.603461490752000316e+02 6.219562234697841063e+01
1.603044818043011048e+02 6.210471668964160585e+01
1.602628145334021781e+02 6.201381103230480107e+01
1.602211472625032513e+02 6.192290537496799629e+01
1.601794799916043246e+02 6.183199971763119152e+01
1.601378127207053979e+02 6.174109406029438674e+01
1.600961454498064711e+02 6.165018840295758196e+01
1.600544781789075444e+02 6.155928274562077718e+01
1.600128109080086176e+02 6.146837708828397240e+01
1.599711436371096909e+02 6.137747143094716762e+01
1.599294763662107641e+02 6.128656577361036284e+01
1.598878090953118374e+02 6.119566011627355806e+01
1.598461418244129106e+02 6.110475445893675328e+01
1.598044745535139839e+02 6.101384880159994850e+01
1.597628072826150571e+02 6.092294314426314372e+01
1.597211400117161304e+02 6.083203748692633894e+01
1.596794727408172037e+02 6.074113182958953416e+01
1.596378054699182769e+02 6.065022617225272938e+01
1.595961381990193502e+02 6.055932051491592460e+01
1.595544709281204234e+02 6.046841485757911983e+01
1.595128036572214967e+02 6.037750920024231505e+01
1.594711363863225699e+02 6.028660354290551027e+01
1.594294691154236432e+02 6.019569788556870549e+01
1.593878018445247164e+02 6.010479222823190071e+01
1.593461345736257897e+02 6.001388657089509593e+01
1.593044673027268630e+02 5.992298091355829115e+01
1.592628000318279362e+02 5.983207525622148637e+01
1.592211327609290095e+02 5.974116959888468159e+01
1.591794654900300827e+02 5.965026394154787681e+01
1.591377982191311560e+02 5.955935828421107203e+01
1.590961309482322292e+02 5.946845262687426725e+01
1.590544636773333025e+02 5.937754696953746247e+01
1.590127964064343757e+02 5.928664131220065769e+01
1.589711291355354490e+02 5.919573565486385291e+01
1.589294618646365223e+02 5.910482999752704814e+01
1.588877945937375955e+02 5.901392434019024336e+01
1.588461273228386688e+02 5.892301868285343858e+01
1.588044600519397420e+02 5.883211302551663380e+01
1.587627927810408153e+02 5.874120736817982902e+01
1.587211255101418885e+02 5.865030171084302424e+01
1.586794582392429618e+02 5.855939605350621946e+01
1.586377909683440350e+02 5.846849039616941468e+01
1.585961236974451083e+02 5.837758473883260990e+01
1.585544564265461815e+02 5.828667908149580512e+01
1.585127891556472548e+02 5.819577342415900034e+01
1.584711218847483281e+02 5.810486776682219556e+01
1.584294546138494013e+02 5.801396210948539078e+01
1.583877873429504746e+02 5.792305645214858600e+01
1.583461200720515478e+02 5.783215079481178122e+01
1.583044528011526211e+02 5.774124513747497645e+01
1.582627855302536943e+02 5.765033948013817167e+01
1.582211182593547676e+02 5.755943382280136689e+01
1.581794509884558408e+02 5.746852816546456211e+01
1.581377837175569141e+02 5.737762250812775733e+01
1.580961164466579874e+02 5.728671685079095255e+01
1.580544491757590606e+02 5.719581119345414777e+01
1.580127819048601339e+02 5.710490553611734299e+01
1.579711146339612071e+02 5.701399987878053821e+01
1.579294473630622804e+02 5.692309422144373343e+01
1.578877800921633536e+02 5.683218856410692865e+01
1.578461128212644269e+02 5.674128290677012387e+01
1.578044455503655001e+02 5.665037724943331909e+01
1.577627782794665734e+02 5.655947159209651431e+01
1.577211110085676466e+02 5.646856593475970953e+01
1.576794437376687199e+02 5.637766027742290476e+01
1.576377764667697932e+02 5.628675462008609998e+01
1.575961091958708664e+02 5.619584896274929520e+01
1.575544419249719397e+02 5.610494330541249042e+01
1.575127746540730129e+02 5.601403764807568564e+01
1.574711073831740862e+02 5.592313199073888086e+01
1.574294401122751594e+02 5.583222633340207608e+01
1.573877728413762327e+02 5.574132067606527130e+01
1.573461055704773059e+02 5.565041501872846652e+01
1.573044382995783792e+02 5.555950936139166174e+01
1.572627710286794525e+02 5.546860370405485696e+01
1.572211037577805257e+02 5.537769804671805218e+01
1.571794364868815990e+02 5.528679238938124740e+01
1.571377692159826722e+02 5.519588673204444262e+01
1.570961019450837455e+02 5.510498107470763784e+01
1.570544346741848187e+02 5.501407541737083307e+01
1.570127674032858920e+02 5.492316976003402829e+01
1.569711001323869652e+02 5.483226410269722351e+01
1.569294328614880385e+02 5.474135844536041873e+01
1.568877655905891118e+02 5.465045278802361395e+01
1.568460983196901850e+02 5.455954713068680917e+01
1.568044310487912583e+02 5.446864147335000439e+01
1.567627637778923315e+02 5.437773581601319961e+01
1.567210965069934048e+02 5.428683015867639483e+01
1.566794292360944780e+02 5.419592450133959005e+01
1.566377619651955513e+02 5.410501884400278527e+01
1.565960946942966245e+02 5.401411318666598049e+01
1.565544274233976978e+02 5.392320752932917571e+01
1.565127601524987710e+02 5.383230187199237093e+01
1.564710928815998443e+02 5.374139621465556615e+01
1.564294256107009176e+02 5.365049055731876138e+01
1.563877583398019908e+02 5.355958489998195660e+01
1.563460910689030641e+02 5.346867924264515182e+01
1.563044237980041373e+02 5.337777358530834704e+01
1.562627565271052106e+02 5.328686792797154226e+01
1.562210892562062838e+02 5.319596227063473748e+01
1.561794219853073571e+02 5.310505661329793270e+01
1.561377547144084303e+02 5.301415095596112792e+01
1.560960874435095036e+02 5.292324529862432314e+01
1.560544201726105769e+02 5.283233964128751836e+01
1.560127529017116501e+02 5.274143398395071358e+01
1.559710856308127234e+02 5.265052832661390880e+01
1.559294183599137966e+02 5.255962266927710402e+01
1.558877510890148699e+02 5.246871701194029924e+01
1.558460838181159431e+02 5.237781135460349446e+01
1.558044165472170164e+02 5.228690569726668969e+01
1.557627492763180896e+02 5.219600003992988491e+01
1.557210820054191629e+02 5.210509438259308013e+01
1.556794147345202362e+02 5.201418872525627535e+01
1.556377474636213094e+02 5.192328306791947057e+01
1.555960801927223827e+02 5.183237741058266579e+01
1.555544129218234559e+02 5.174147175324586101e+01
1.555127456509245292e+02 5.165056609590905623e+01
1.554710783800256024e+02 5.155966043857225145e+01
1.554294111091266757e+02 5.146875478123544667e+01
1.553877438382277489e+02 5.137784912389864189e+01
1.553460765673288222e+02 5.128694346656183711e+01
1.553044092964298954e+02 5.119603780922503233e+01
1.552627420255309687e+02 5.110513215188822755e+01
1.552210747546320420e+02 5.101422649455142277e+01
1.551794074837331152e+02 5.092332083721461800e+01
1.551064445558064904e+02 5.076413731543454588e+01
1.552027095022538674e+02 5.079121239780710795e+01
1.552989744487012445e+02 5.081828748017967001e+01
1.553952393951486215e+02 5.084536256255223208e+01
1.554915043415959985e+02 5.087243764492479414e+01
1.555877692880433756e+02 5.089951272729735621e+01
1.556840342344907526e+02 5.092658780966991827e+01
1.557802991809381297e+02 5.095366289204248034e+01
1.558765641273855067e+02 5.098073797441504240e+01
1.559728290738328838e+02 5.100781305678760447e+01
1.560690940202802608e+02 5.103488813916016653e+01
1.561653589667276378e+02 5.106196322153272860e+01
1.562616239131750149e+02 5.108903830390529066e+01
1.563578888596223919e+02 5.111611338627785273e+01
1.564541538060697690e+02 5.114318846865041479e+01
1.565504187525171460e+02 5.117026355102297686e+01
1.566466836989645230e+02 5.119733863339553892e+01
1.567429486454119001e+02 5.122441371576810099e+01
1.568392135918592771e+02 5.125148879814066305e+01
1.569354785383066542e+02 5.127856388051322512e+01
1.570317434847540312e+02 5.130563896288578718e+01
1.571280084312014083e+02 5.133271404525834924e+01
1.572242733776487853e+02 5.135978912763091131e+01
1.573205383240961623e+02 5.138686421000347337e+01
1.574168032705435394e+02 5.141393929237603544e+01
1.575130682169909164e+02 5.144101437474859750e+01
1.576093331634382935e+02 5.146808945712115957e+01
1.577055981098856705e+02 5.149516453949372163e+01
1.578018630563330476e+02 5.152223962186628370e+01
1.578981280027804246e+02 5.154931470423884576e+01
1.579943929492278016e+02 5.157638978661140783e+01
1.580906578956751787e+02 5.160346486898396989e+01
1.581869228421225557e+02 5.163053995135653196e+01
1.582831877885699328e+02 5.165761503372909402e+01
1.583794527350173098e+02 5.168469011610165609e+01
1.584757176814646868e+02 5.171176519847421815e+01
1.585719826279120639e+02 5.173884028084678022e+01
1.586682475743594409e+02 5.176591536321934228e+01
1.587645125208068180e+02 5.179299044559190435e+01
1.588607774672541950e+02 5.182006552796446641e+01
1.589570424137015721e+02 5.184714061033702848e+01
1.590533073601489491e+02 5.187421569270959054e+01
1.591495723065963261e+02 5.190129077508215261e+01
1.592458372530437032e+02 5.192836585745471467e+01
1.593421021994910802e+02 5.195544093982727674e+01
1.594383671459384573e+02 5.198251602219983880e+01
1.595346320923858343e+02 5.200959110457240087e+01
1.596308970388332114e+02 5.203666618694496293e+01
1.597271619852805884e+02 5.206374126931752500e+01
1.598234269317279654e+02 5.209081635169008706e+01
1.599196918781753425e+02 5.211789143406264913e+01
1.600159568246227195e+02 5.214496651643521119e+01
1.601122217710700966e+02 5.217204159880777325e+01
1.602084867175174736e+02 5.219911668118033532e+01
1.603047516639648506e+02 5.222619176355289738e+01
1.604010166104122277e+02 5.225326684592545945e+01
1.604972815568596047e+02 5.228034192829802151e+01
1.605935465033069818e+02 5.230741701067058358e+01
1.606898114497543588e+02 5.233449209304314564e+01
1.607860763962017359e+02 5.236156717541570771e+01
1.608823413426491129e+02 5.238864225778826977e+01
1.609786062890964899e+02 5.241571734016083184e+01
1.610748712355438670e+02 5.244279242253339390e+01
1.611711361819912440e+02 5.246986750490595597e+01
1.612674011284386211e+02 5.249694258727851803e+01
1.613636660748859981e+02 5.252401766965108010e+01
1.614599310213333752e+02 5.255109275202364216e+01
1.615561959677807522e+02 5.257816783439620423e+01
1.616524609142281292e+02 5.260524291676876629e+01
1.617487258606755063e+02 5.263231799914132836e+01
1.618449908071228833e+02 5.265939308151389042e+01
1.619412557535702604e+02 5.268646816388645249e+01
1.620375207000176374e+02 5.271354324625901455e+01
1.621337856464650145e+02 5.274061832863157662e+01
1.622300505929123915e+02 5.276769341100413868e+01
1.623263155393597685e+02 5.279476849337670075e+01
1.624225804858071456e+02 5.282184357574926281e+01
1.625188454322545226e+02 5.284891865812182488e+01
1.626151103787018997e+02 5.287599374049438694e+01
1.627113753251492767e+02 5.290306882286694901e+01
1.628076402715966537e+02 5.293014390523951107e+01
1.629039052180440308e+02 5.295721898761207314e+01
1.630001701644914078e+02 5.298429406998463520e+01
1.630964351109387849e+02 5.301136915235719727e+01
1.631927000573861619e+02 5.303844423472975933e+01
1.632889650038335390e+02 5.306551931710232139e+01
1.633852299502809160e+02 5.309259439947488346e+01
1.634814948967282930e+02 5.311966948184744552e+01
1.635777598431756701e+02 5.314674456422000759e+01
1.636740247896230471e+02 5.317381964659256965e+01
1.637702897360704242e+02 5.320089472896513172e+01
1.638665546825178012e+02 5.322796981133769378e+01
1.639628196289651783e+02 5.325504489371025585e+01
1.640590845754125553e+02 5.328211997608281791e+01
1.641553495218599323e+02 5.330919505845537998e+01
1.642516144683073094e+02 5.333627014082794204e+01
1.643478794147546864e+02 5.336334522320050411e+01
1.644441443612020635e+02 5.339042030557306617e+01
1.645404093076494405e+02 5.341749538794562824e+01
1.646366742540968175e+02 5.344457047031819030e+01
1.647329392005441946e+02 5.347164555269075237e+01
1.648292041469915716e+02 5.349872063506331443e+01
1.649254690934389487e+02 5.352579571743587650e+01
1.650217340398863257e+02 5.355287079980843856e+01
1.651179989863337028e+02 5.357994588218100063e+01
1.652142639327810798e+02 5.360702096455356269e+01
1.653105288792284568e+02 5.363409604692612476e+01
1.654067938256758339e+02 5.366117112929868682e+01
1.655030587721232109e+02 5.368824621167124889e+01
1.655993237185705880e+02 5.371532129404381095e+01
1.656955886650179650e+02 5.374239637641637302e+01
1.657918536114653421e+02 5.376947145878893508e+01
1.658881185579127191e+02 5.379654654116149715e+01
1.659843835043600961e+02 5.382362162353405921e+01
1.660806484508074732e+02 5.385069670590662128e+01
1.661769133972548502e+02 5.387777178827918334e+01
1.662731783437022273e+02 5.390484687065174541e+01
1.663694432901496043e+02 5.393192195302430747e+01
1.664657082365969814e+02 5.395899703539686953e+01
1.665619731830443584e+02 5.398607211776943160e+01
1.666582381294917354e+02 5.401314720014199366e+01
1.667545030759391125e+02 5.404022228251455573e+01
1.668507680223864895e+02 5.406729736488711779e+01
1.669470329688338666e+02 5.409437244725967986e+01
1.670432979152812436e+02 5.412144752963224192e+01
1.671395628617286206e+02 5.414852261200480399e+01
1.672358278081759977e+02 5.417559769437736605e+01
1.673320927546233747e+02 5.420267277674992812e+01
1.674283577010707518e+02 5.422974785912249018e+01
1.675246226475181288e+02 5.425682294149505225e+01
1.676208875939655059e+02 5.428389802386761431e+01
1.677171525404128829e+02 5.431097310624017638e+01
1.678134174868602599e+02 5.433804818861273844e+01
1.679096824333076370e+02 5.436512327098530051e+01
1.680059473797550140e+02 5.439219835335786257e+01
1.681022123262023911e+02 5.441927343573042464e+01
1.681984772726497681e+02 5.444634851810298670e+01
1.682947422190971452e+02 5.447342360047554877e+01
1.683910071655445222e+02 5.450049868284811083e+01
1.684872721119918992e+02 5.452757376522067290e+01
1.685835370584392763e+02 5.455464884759323496e+01
1.686798020048866533e+02 5.458172392996579703e+01
1.687760669513340304e+02 5.460879901233835909e+01
1.688723318977814074e+02 5.463587409471092116e+01
1.689685968442287844e+02 5.466294917708348322e+01
1.690648617906761615e+02 5.469002425945604529e+01
1.691611267371235385e+02 5.471709934182860735e+01
1.692573916835709156e+02 5.474417442420116942e+01
1.693536566300182926e+02 5.477124950657373148e+01
1.694499215764656697e+02 5.479832458894629355e+01
1.695461865229130467e+02 5.482539967131885561e+01
1.696424514693604237e+02 5.485247475369141767e+01
1.697387164158078008e+02 5.487954983606397974e+01
1.698349813622551778e+02 5.490662491843654180e+01
1.699312463087025549e+02 5.493370000080910387e+01
1.700275112551499319e+02 5.496077508318166593e+01
1.701237762015973090e+02 5.498785016555422800e+01
1.702200411480446860e+02 5.501492524792679006e+01
1.703163060944920630e+02 5.504200033029935213e+01
1.704125710409394401e+02 5.506907541267191419e+01
1.705088359873868171e+02 5.509615049504447626e+01
1.706051009338341942e+02 5.512322557741703832e+01
1.707013658802815712e+02 5.515030065978960039e+01
1.707976308267289483e+02 5.517737574216216245e+01
1.708938957731763253e+02 5.520445082453472452e+01
1.709901607196237023e+02 5.523152590690728658e+01
1.710864256660710794e+02 5.525860098927984865e+01
1.711826906125184564e+02 5.528567607165241071e+01
1.712789555589658335e+02 5.531275115402497278e+01
1.713752205054132105e+02 5.533982623639753484e+01
1.714714854518605875e+02 5.536690131877009691e+01
1.715677503983079646e+02 5.539397640114265897e+01
1.716640153447553416e+02 5.542105148351522104e+01
1.717602802912027187e+02 5.544812656588778310e+01
1.718565452376500957e+02 5.547520164826034517e+01
1.719528101840974728e+02 5.550227673063290723e+01
1.720490751305448498e+02 5.552935181300546930e+01
1.721453400769922268e+02 5.555642689537803136e+01
1.722416050234396039e+02 5.558350197775059343e+01
1.723378699698869809e+02 5.561057706012315549e+01
1.724341349163343580e+02 5.563765214249571756e+01
1.725303998627817350e+02 5.566472722486827962e+01
1.726266648092291121e+02 5.569180230724084169e+01
1.727229297556764891e+02 5.571887738961340375e+01
1.728191947021238661e+02 5.574595247198596581e+01
1.729154596485712432e+02 5.577302755435852788e+01
1.730117245950186202e+02 5.580010263673108994e+01
1.731079895414659973e+02 5.582717771910365201e+01
1.732042544879133743e+02 5.585425280147621407e+01
1.733005194343607513e+02 5.588132788384877614e+01
1.733967843808081284e+02 5.590840296622133820e+01
1.734930493272555054e+02 5.593547804859390027e+01
1.735893142737028825e+02 5.596255313096646233e+01
1.736855792201502595e+02 5.598962821333902440e+01
1.737818441665976366e+02 5.601670329571158646e+01
1.738781091130450136e+02 5.604377837808414853e+01
1.739743740594923906e+02 5.607085346045671059e+01
1.740706390059397677e+02 5.609792854282927266e+01
1.741669039523871447e+02 5.612500362520183472e+01
1.742631688988345218e+02 5.615207870757439679e+01
1.743594338452818988e+02 5.617915378994695885e+01
1.744556987917292759e+02 5.620622887231952092e+01
1.745519637381766529e+02 5.623330395469208298e+01
1.746482286846240299e+02 5.626037903706464505e+01
1.747444936310714070e+02 5.628745411943720711e+01
1.748407585775187840e+02 5.631452920180976918e+01
1.749370235239661611e+02 5.634160428418233124e+01
1.750332884704135381e+02 5.636867936655489331e+01
1.751295534168609151e+02 5.639575444892745537e+01
1.752258183633082922e+02 5.642282953130001744e+01
1.753220833097556692e+02 5.644990461367257950e+01
1.754183482562030463e+02 5.647697969604514157e+01
1.755146132026504233e+02 5.650405477841770363e+01
1.756108781490978004e+02 5.653112986079026570e+01
1.757071430955451774e+02 5.655820494316282776e+01
1.758034080419925544e+02 5.658528002553538983e+01
1.758996729884399315e+02 5.661235510790795189e+01
1.759959379348873085e+02 5.663943019028051395e+01
1.760922028813346856e+02 5.666650527265307602e+01
1.761884678277820626e+02 5.669358035502563808e+01
1.762847327742294397e+02 5.672065543739820015e+01
1.763809977206768167e+02 5.674773051977076221e+01
1.764772626671241937e+02 5.677480560214332428e+01
1.765735276135715708e+02 5.680188068451588634e+01
1.766697925600189478e+02 5.682895576688844841e+01
1.767660575064663249e+02 5.685603084926101047e+01
1.768623224529137019e+02 5.688310593163357254e+01
1.769585873993610790e+02 5.691018101400613460e+01
1.770548523458084560e+02 5.693725609637869667e+01
1.771511172922558330e+02 5.696433117875125873e+01
1.772473822387032101e+02 5.699140626112382080e+01
1.773436471851505871e+02 5.701848134349638286e+01
1.774399121315979642e+02 5.704555642586894493e+01
1.775361770780453412e+02 5.707263150824150699e+01
1.776324420244927182e+02 5.709970659061406906e+01
1.777287069709400953e+02 5.712678167298663112e+01
1.778249719173874723e+02 5.715385675535919319e+01
1.779212368638348494e+02 5.718093183773175525e+01
1.780175018102822264e+02 5.720800692010431732e+01
1.781137667567296035e+02 5.723508200247687938e+01
1.782100317031769805e+02 5.726215708484944145e+01
1.783062966496243575e+02 5.728923216722200351e+01
1.784025615960717346e+02 5.731630724959456558e+01
1.784988265425191116e+02 5.734338233196712764e+01
1.785950914889664887e+02 5.737045741433968971e+01
1.786913564354138657e+02 5.739753249671225177e+01
1.787876213818612428e+02 5.742460757908481384e+01
1.788838863283086198e+02 5.745168266145737590e+01
1.789801512747559968e+02 5.747875774382993797e+01
1.790764162212033739e+02 5.750583282620250003e+01
1.791726811676507509e+02 5.753290790857506209e+01
1.792689461140981280e+02 5.755998299094762416e+01
1.793652110605455050e+02 5.758705807332018622e+01
1.794614760069928820e+02 5.761413315569274829e+01
1.795577409534402591e+02 5.764120823806531035e+01
1.796540058998876361e+02 5.766828332043787242e+01
1.797502708463350132e+02 5.769535840281043448e+01
1.798465357927823902e+02 5.772243348518299655e+01
1.799428007392297673e+02 5.774950856755555861e+01
1.800390656856771443e+02 5.777658364992812068e+01
1.801353306321245213e+02 5.780365873230068274e+01
1.802315955785718984e+02 5.783073381467324481e+01
1.803278605250192754e+02 5.785780889704580687e+01
1.804241254714666525e+02 5.788488397941836894e+01
1.805203904179140295e+02 5.791195906179093100e+01
1.806166553643614066e+02 5.793903414416349307e+01
1.807129203108087836e+02 5.796610922653605513e+01
1.808091852572561606e+02 5.799318430890861720e+01
1.809054502037035377e+02 5.802025939128117926e+01
1.810017151501509147e+02 5.804733447365374133e+01
1.810979800965982918e+02 5.807440955602630339e+01
1.811942450430456688e+02 5.810148463839886546e+01
1.812905099894930459e+02 5.812855972077142752e+01
1.813867749359404229e+02 5.815563480314398959e+01
1.814830398823877999e+02 5.818270988551655165e+01
1.815793048288351770e+02 5.820978496788911372e+01
1.816755697752825540e+02 5.823686005026167578e+01
1.817718347217299311e+02 5.826393513263423785e+01
1.818680996681773081e+02 5.829101021500679991e+01
1.819643646146246851e+02 5.831808529737936198e+01
1.820606295610720622e+02 5.834516037975192404e+01
1.821568945075194392e+02 5.837223546212448611e+01
1.822531594539668163e+02 5.839931054449704817e+01
1.823494244004141933e+02 5.842638562686961023e+01
1.824456893468615704e+02 5.845346070924217230e+01
1.825419542933089474e+02 5.848053579161473436e+01
1.826382192397563244e+02 5.850761087398729643e+01
1.827344841862037015e+02 5.853468595635985849e+01
1.828307491326510785e+02 5.856176103873242056e+01
1.829270140790984556e+02 5.858883612110498262e+01
1.830232790255458326e+02 5.861591120347754469e+01
1.831195439719932097e+02 5.864298628585010675e+01
1.832158089184405867e+02 5.867006136822266882e+01
1.833120738648879637e+02 5.869713645059523088e+01
1.834083388113353408e+02 5.872421153296779295e+01
1.835046037577827178e+02 5.875128661534035501e+01
1.836008687042300949e+02 5.877836169771291708e+01
1.836971336506774719e+02 5.880543678008547914e+01
1.837933985971248489e+02 5.883251186245804121e+01
1.838896635435722260e+02 5.885958694483060327e+01
1.839859284900196030e+02 5.888666202720316534e+01
1.840821934364669801e+02 5.891373710957572740e+01
1.841784583829143571e+02 5.894081219194828947e+01
1.842747233293617342e+02 5.896788727432085153e+01
1.843709882758091112e+02 5.899496235669341360e+01
1.844672532222564882e+02 5.902203743906597566e+01
1.845635181687038653e+02 5.904911252143853773e+01
1.846597831151512423e+02 5.907618760381109979e+01
1.847560480615986194e+02 5.910326268618366186e+01
1.848523130080459964e+02 5.913033776855622392e+01
1.849485779544933735e+02 5.915741285092878599e+01
1.850448429009407505e+02 5.918448793330134805e+01
1.851411078473881275e+02 5.921156301567391012e+01
1.852373727938355046e+02 5.923863809804647218e+01
1.853336377402828816e+02 5.926571318041903425e+01
1.854299026867302587e+02 5.929278826279159631e+01
1.855261676331776357e+02 5.931986334516415837e+01
1.856224325796250127e+02 5.934693842753672044e+01
1.857186975260723898e+02 5.937401350990928250e+01
1.858149624725197668e+02 5.940108859228184457e+01
1.859112274189671439e+02 5.942816367465440663e+01
1.860074923654145209e+02 5.945523875702696870e+01
1.861037573118618980e+02 5.948231383939953076e+01
1.862000222583092750e+02 5.950938892177209283e+01
1.862962872047566520e+02 5.953646400414465489e+01
1.863925521512040291e+02 5.956353908651721696e+01
1.864888170976514061e+02 5.959061416888977902e+01
1.865850820440987832e+02 5.961768925126234109e+01
1.866813469905461602e+02 5.964476433363490315e+01
1.867776119369935373e+02 5.967183941600746522e+01
1.868738768834409143e+02 5.969891449838002728e+01
1.869701418298882913e+02 5.972598958075258935e+01
1.870664067763356684e+02 5.975306466312515141e+01
1.871626717227830454e+02 5.978013974549771348e+01
1.872589366692304225e+02 5.980721482787027554e+01
1.873552016156777995e+02 5.983428991024283761e+01
1.874514665621251766e+02 5.986136499261539967e+01
1.875477315085725536e+02 5.988844007498796174e+01
1.876439964550199306e+02 5.991551515736052380e+01
1.877402614014673077e+02 5.994259023973308587e+01
1.878365263479146847e+02 5.996966532210564793e+01
1.879327912943620618e+02 5.999674040447821000e+01
1.880290562408094388e+02 6.002381548685077206e+01
1.881253211872568158e+02 6.005089056922333413e+01
1.882215861337041929e+02 6.007796565159589619e+01
1.883178510801515699e+02 6.010504073396845826e+01
1.884141160265989470e+02 6.013211581634102032e+01
1.885103809730463240e+02 6.015919089871358238e+01
1.886066459194937011e+02 6.018626598108614445e+01
1.887029108659410781e+02 6.021334106345870651e+01
1.887991758123884551e+02 6.024041614583126858e+01
1.888954407588358322e+02 6.026749122820383064e+01
1.889917057052832092e+02 6.029456631057639271e+01
1.890879706517305863e+02 6.032164139294895477e+01
1.891842355981779633e+02 6.034871647532151684e+01
1.892805005446253404e+02 6.037579155769407890e+01
1.893767654910727174e+02 6.040286664006664097e+01
1.894730304375200944e+02 6.042994172243920303e+01
1.895692953839674715e+02 6.045701680481176510e+01
1.896655603304148485e+02 6.048409188718432716e+01
1.897618252768622256e+02 6.051116696955688923e+01
1.898580902233096026e+02 6.053824205192945129e+01
1.899543551697569796e+02 6.056531713430201336e+01
1.900506201162043567e+02 6.059239221667457542e+01
1.901468850626517337e+02 6.061946729904713749e+01
1.902431500090991108e+02 6.064654238141969955e+01
1.903394149555464878e+02 6.067361746379226162e+01
1.904356799019938649e+02 6.070069254616482368e+01
1.905319448484412419e+02 6.072776762853738575e+01
1.906282097948886189e+02 6.075484271090994781e+01
1.907244747413359960e+02 6.078191779328250988e+01
1.908207396877833730e+02 6.080899287565507194e+01
1.909170046342307501e+02 6.083606795802763401e+01
1.910132695806781271e+02 6.086314304040019607e+01
1.911095345271255042e+02 6.089021812277275814e+01
1.912057994735728812e+02 6.091729320514532020e+01
1.913020644200202582e+02 6.094436828751788227e+01
1.913983293664676353e+02 6.097144336989044433e+01
1.914945943129150123e+02 6.099851845226300640e+01
1.915908592593623894e+02 6.102559353463556846e+01
1.916871242058097664e+02 6.105266861700813052e+01
1.917833891522571435e+02 6.107974369938069259e+01
1.918796540987045205e+02 6.110681878175325465e+01
1.919759190451518975e+02 6.113389386412581672e+01
1.920721839915992746e+02 6.116096894649837878e+01
1.921684489380466516e+02 6.118804402887094085e+01
1.922647138844940287e+02 6.121511911124350291e+01
1.923609788309414057e+02 6.124219419361606498e+01
1.924572437773887827e+02 6.126926927598862704e+01
1.925535087238361598e+02 6.129634435836118911e+01
1.926497736702835368e+02 6.132341944073375117e+01
1.927460386167309139e+02 6.135049452310631324e+01
1.928423035631782909e+02 6.137756960547887530e+01
1.929385685096256680e+02 6.140464468785143737e+01
1.930348334560730450e+02 6.143171977022399943e+01
1.931310984025204220e+02 6.145879485259656150e+01
1.932273633489677991e+02 6.148586993496912356e+01
1.933236282954151761e+02 6.151294501734168563e+01
1.934198932418625532e+02 6.154002009971424769e+01
1.935161581883099302e+02 6.156709518208680976e+01
1.936124231347573073e+02 6.159417026445937182e+01
1.937086880812046843e+02 6.162124534683193389e+01
1.938049530276520613e+02 6.164832042920449595e+01
1.939012179740994384e+02 6.167539551157705802e+01
1.939974829205468154e+02 6.170247059394962008e+01
1.940937478669941925e+02 6.172954567632218215e+01
1.941900128134415695e+02 6.175662075869474421e+01
1.942862777598889465e+02 6.178369584106730628e+01
1.943825427063363236e+02 6.181077092343986834e+01
1.944788076527837006e+02 6.183784600581243041e+01
1.945750725992310777e+02 6.186492108818499247e+01
1.946713375456784547e+02 6.189199617055755454e+01
1.947676024921258318e+02 6.191907125293011660e+01
1.948638674385732088e+02 6.194614633530267866e+01
1.949601323850205858e+02 6.197322141767524073e+01
1.950563973314679629e+02 6.200029650004780279e+01
1.951526622779153399e+02 6.202737158242036486e+01
1.952489272243627170e+02 6.205444666479292692e+01
1.953451921708100940e+02 6.208152174716548899e+01
1.954414571172574711e+02 6.210859682953805105e+01
1.955377220637048481e+02 6.213567191191061312e+01
1.956339870101522251e+02 6.216274699428317518e+01
1.957302519565996022e+02 6.218982207665573725e+01
1.958265169030469792e+02 6.221689715902829931e+01
1.959227818494943563e+02 6.224397224140086138e+01
1.960190467959417333e+02 6.227104732377342344e+01
1.961153117423891103e+02 6.229812240614598551e+01
1.962115766888364874e+02 6.232519748851854757e+01
1.963078416352838644e+02 6.235227257089110964e+01
1.964041065817312415e+02 6.237934765326367170e+01
1.965003715281786185e+02 6.240642273563623377e+01
1.965966364746259956e+02 6.243349781800879583e+01
1.966929014210733726e+02 6.246057290038135790e+01
1.967891663675207496e+02 6.248764798275391996e+01
1.968854313139681267e+02 6.251472306512648203e+01
1.969816962604155037e+02 6.254179814749904409e+01
1.970779612068628808e+02 6.256887322987160616e+01
1.971742261533102578e+02 6.259594831224416822e+01
1.972704910997576349e+02 6.262302339461673029e+01
1.973667560462050119e+02 6.265009847698929235e+01
1.974630209926523889e+02 6.267717355936185442e+01
1.975592859390997660e+02 6.270424864173441648e+01
1.976555508855471430e+02 6.273132372410697855e+01
1.977518158319945201e+02 6.275839880647954061e+01
1.978480807784418971e+02 6.278547388885210268e+01
1.979443457248892742e+02 6.281254897122466474e+01
1.980406106713366512e+02 6.283962405359722680e+01
1.981368756177840282e+02 6.286669913596978887e+01
1.982331405642314053e+02 6.289377421834235093e+01
1.983294055106787823e+02 6.292084930071491300e+01
1.984256704571261594e+02 6.294792438308747506e+01
1.985219354035735364e+02 6.297499946546003713e+01
1.986182003500209134e+02 6.300207454783259919e+01
1.987144652964682905e+02 6.302914963020516126e+01
1.988107302429156675e+02 6.305622471257772332e+01
1.989670637647182616e+02 6.310019443506168102e+01
1.989125395821965583e+02 6.318402231539001690e+01
1.988580153996748550e+02 6.326785019571835278e+01
1.988034912171531516e+02 6.335167807604668866e+01
1.987489670346314483e+02 6.343550595637502454e+01
1.986944428521097450e+02 6.351933383670336042e+01
1.986399186695880417e+02 6.360316171703169630e+01
1.985853944870663383e+02 6.368698959736003218e+01
1.985308703045446350e+02 6.377081747768836806e+01
1.984763461220229317e+02 6.385464535801670394e+01
1.984218219395012284e+02 6.393847323834503982e+01
1.983672977569795250e+02 6.402230111867336859e+01
1.983127735744578217e+02 6.410612899900169737e+01
1.982582493919361184e+02 6.418995687933002614e+01
1.982037252094144151e+02 6.427378475965835491e+01
1.981492010268927118e+02 6.435761263998668369e+01
1.980946768443710084e+02 6.444144052031501246e+01
1.980401526618493051e+02 6.452526840064334124e+01
1.979856284793276018e+02 6.460909628097167001e+01
1.979311042968058985e+02 6.469292416129999879e+01
1.978765801142841951e+02 6.477675204162832756e+01
1.978220559317624918e+02 6.486057992195665634e+01
1.977675317492407885e+02 6.494440780228498511e+01
1.977130075667190852e+02 6.502823568261331388e+01
1.976584833841973818e+02 6.511206356294164266e+01
1.976039592016756785e+02 6.519589144326997143e+01
1.975494350191539752e+02 6.527971932359830021e+01
1.974949108366322719e+02 6.536354720392662898e+01
1.974403866541105685e+02 6.544737508425495776e+01
1.973858624715888652e+02 6.553120296458328653e+01
1.973313382890671619e+02 6.561503084491161530e+01
1.972768141065454586e+02 6.569885872523994408e+01
1.972222899240237552e+02 6.578268660556827285e+01
1.971677657415020519e+02 6.586651448589660163e+01
1.971132415589803486e+02 6.595034236622493040e+01
1.970587173764586453e+02 6.603417024655325918e+01
1.970041931939369420e+02 6.611799812688158795e+01
1.969496690114152386e+02 6.620182600720991672e+01
1.968951448288935353e+02 6.628565388753824550e+01
1.968406206463718320e+02 6.636948176786657427e+01
1.967860964638501287e+02 6.645330964819490305e+01
1.967315722813284253e+02 6.653713752852323182e+01
1.966770480988067220e+02 6.662096540885156060e+01
1.966225239162850187e+02 6.670479328917988937e+01
1.965679997337633154e+02 6.678862116950821814e+01
1.965134755512416120e+02 6.687244904983654692e+01
1.964589513687199087e+02 6.695627693016487569e+01
1.964044271861982054e+02 6.704010481049320447e+01
1.963499030036765021e+02 6.712393269082153324e+01
1.962953788211547987e+02 6.720776057114986202e+01
1.962408546386330954e+02 6.729158845147819079e+01
1.961863304561113921e+02 6.737541633180651957e+01
1.961318062735896888e+02 6.745924421213484834e+01
1.960772820910679854e+02 6.754307209246317711e+01
1.960227579085462821e+02 6.762689997279150589e+01
1.959682337260245788e+02 6.771072785311983466e+01
1.959137095435028755e+02 6.779455573344816344e+01
1.958591853609811722e+02 6.787838361377649221e+01
1.958046611784594688e+02 6.796221149410482099e+01
1.957501369959377655e+02 6.804603937443314976e+01
1.956956128134160622e+02 6.812986725476147853e+01
1.956410886308943589e+02 6.821369513508980731e+01
1.955865644483726555e+02 6.829752301541813608e+01
1.955320402658509522e+02 6.838135089574646486e+01
1.954775160833292489e+02 6.846517877607479363e+01
1.954229919008075456e+02 6.854900665640312241e+01
1.953684677182858422e+02 6.863283453673145118e+01
1.953139435357641389e+02 6.871666241705977995e+01
1.952594193532424356e+02 6.880049029738810873e+01
1.952048951707207323e+02 6.888431817771643750e+01
1.951503709881990289e+02 6.896814605804476628e+01
1.950958468056773256e+02 6.905197393837309505e+01
1.950413226231556223e+02 6.913580181870142383e+01
1.949867984406339190e+02 6.921962969902975260e+01
1.949322742581122156e+02 6.930345757935808138e+01
1.948777500755905123e+02 6.938728545968641015e+01
1.948232258930688090e+02 6.947111334001473892e+01
1.947687017105471057e+02 6.955494122034306770e+01
1.947141775280254024e+02 6.963876910067139647e+01
1.946596533455036990e+02 6.972259698099972525e+01
1.946051291629819957e+02 6.980642486132805402e+01
1.945506049804602924e+02 6.989025274165638280e+01
1.944960807979385891e+02 6.997408062198471157e+01
1.944415566154168857e+02 7.005790850231304034e+01
1.943870324328951824e+02 7.014173638264136912e+01
1.943325082503734791e+02 7.022556426296969789e+01
1.942779840678517758e+02 7.030939214329802667e+01
1.942234598853300724e+02 7.039322002362635544e+01
1.941689357028083691e+02 7.047704790395468422e+01
1.941144115202866658e+02 7.056087578428301299e+01
1.940598873377649625e+02 7.064470366461134176e+01
1.940053631552432591e+02 7.072853154493967054e+01
1.939508389727215558e+02 7.081235942526799931e+01
1.938963147901998525e+02 7.089618730559632809e+01
1.938417906076781492e+02 7.098001518592465686e+01
1.937872664251564458e+02 7.106384306625298564e+01
1.937327422426347425e+02 7.114767094658131441e+01
1.936782180601130392e+02 7.123149882690964318e+01
1.936236938775913359e+02 7.131532670723797196e+01
1.935691696950696326e+02 7.139915458756630073e+01
1.935146455125479292e+02 7.148298246789462951e+01
1.934601213300262259e+02 7.156681034822295828e+01
1.934055971475045226e+02 7.165063822855128706e+01
1.933510729649828193e+02 7.173446610887961583e+01
1.932965487824611159e+02 7.181829398920794461e+01
1.932420245999394126e+02 7.190212186953627338e+01
1.931875004174177093e+02 7.198594974986460215e+01
1.931329762348960060e+02 7.206977763019293093e+01
1.930784520523743026e+02 7.215360551052125970e+01
1.930239278698525993e+02 7.223743339084958848e+01
1.929694036873308960e+02 7.232126127117791725e+01
1.929148795048091927e+02 7.240508915150624603e+01
1.928603553222874893e+02 7.248891703183457480e+01
1.928058311397657860e+02 7.257274491216290357e+01
1.927513069572440827e+02 7.265657279249123235e+01
1.926967827747223794e+02 7.274040067281956112e+01
1.926422585922006760e+02 7.282422855314788990e+01
1.925877344096789727e+02 7.290805643347621867e+01
1.925332102271572694e+02 7.299188431380454745e+01
1.924786860446355661e+02 7.307571219413287622e+01
1.924241618621138628e+02 7.315954007446120499e+01
1.923696376795921594e+02 7.324336795478953377e+01
1.923151134970704561e+02 7.332719583511786254e+01
1.922605893145487528e+02 7.341102371544619132e+01
1.922060651320270495e+02 7.349485159577452009e+01
1.921515409495053461e+02 7.357867947610284887e+01
1.920970167669836428e+02 7.366250735643117764e+01
1.920424925844619395e+02 7.374633523675950642e+01
1.919879684019402362e+02 7.383016311708783519e+01
1.919334442194185328e+02 7.391399099741616396e+01
1.918789200368968295e+02 7.399781887774449274e+01
1.918243958543751262e+02 7.408164675807282151e+01
1.917698716718534229e+02 7.416547463840115029e+01
1.917153474893317195e+02 7.424930251872947906e+01
1.916608233068100162e+02 7.433313039905780784e+01
1.916062991242883129e+02 7.441695827938613661e+01
1.915517749417666096e+02 7.450078615971446538e+01
1.914972507592449062e+02 7.458461404004279416e+01
1.914427265767232029e+02 7.466844192037112293e+01
1.913882023942014996e+02 7.475226980069945171e+01
1.913336782116797963e+02 7.483609768102778048e+01
1.912791540291580930e+02 7.491992556135610926e+01
1.912246298466363896e+02 7.500375344168443803e+01
1.911701056641146863e+02 7.508758132201276680e+01
1.911155814815929830e+02 7.517140920234109558e+01
1.910610572990712797e+02 7.525523708266942435e+01
1.910065331165495763e+02 7.533906496299775313e+01
1.909520089340278730e+02 7.542289284332608190e+01
1.908974847515061697e+02 7.550672072365441068e+01
1.908429605689844664e+02 7.559054860398273945e+01
1.907884363864627630e+02 7.567437648431106822e+01
1.907339122039410597e+02 7.575820436463939700e+01
1.906793880214193564e+02 7.584203224496772577e+01
1.906248638388976531e+02 7.592586012529605455e+01
1.905703396563759497e+02 7.600968800562438332e+01
1.905158154738542464e+02 7.609351588595271210e+01
1.904612912913325431e+02 7.617734376628104087e+01
1.904067671088108398e+02 7.626117164660936965e+01
1.903522429262891364e+02 7.634499952693769842e+01
1.902977187437674331e+02 7.642882740726602719e+01
1.902431945612457298e+02 7.651265528759435597e+01
1.901886703787240265e+02 7.659648316792268474e+01
1.901341461962023232e+02 7.668031104825101352e+01
1.900796220136806198e+02 7.676413892857934229e+01
1.900250978311589165e+02 7.684796680890767107e+01
1.899705736486372132e+02 7.693179468923599984e+01
1.899160494661155099e+02 7.701562256956432861e+01
1.898615252835938065e+02 7.709945044989265739e+01
1.898070011010721032e+02 7.718327833022098616e+01
1.897524769185503999e+02 7.726710621054931494e+01
1.896979527360286966e+02 7.735093409087764371e+01
1.896434285535069932e+02 7.743476197120597249e+01
1.895889043709852899e+02 7.751858985153430126e+01
1.895343801884635866e+02 7.760241773186263003e+01
1.894798560059418833e+02 7.768624561219095881e+01
1.894253318234201799e+02 7.777007349251928758e+01
1.893708076408984766e+02 7.785390137284761636e+01
1.893162834583767733e+02 7.793772925317594513e+01
1.892617592758550700e+02 7.802155713350427391e+01
1.892072350933333666e+02 7.810538501383260268e+01
1.891527109108116633e+02 7.818921289416093146e+01
1.890981867282899600e+02 7.827304077448926023e+01
1.890436625457682567e+02 7.835686865481758900e+01
1.889891383632465534e+02 7.844069653514591778e+01
1.889346141807248500e+02 7.852452441547424655e+01
1.888800899982031467e+02 7.860835229580257533e+01
1.888255658156814434e+02 7.869218017613090410e+01
1.887710416331597401e+02 7.877600805645923288e+01
1.887165174506380367e+02 7.885983593678756165e+01
1.886619932681163334e+02 7.894366381711589042e+01
1.886074690855946301e+02 7.902749169744421920e+01
1.885529449030729268e+02 7.911131957777254797e+01
1.884984207205512234e+02 7.919514745810087675e+01
1.884438965380295201e+02 7.927897533842920552e+01
1.883893723555078168e+02 7.936280321875753430e+01
1.883348481729861135e+02 7.944663109908586307e+01
1.882803239904644101e+02 7.953045897941419184e+01
1.882257998079427068e+02 7.961428685974252062e+01
1.881712756254210035e+02 7.969811474007084939e+01
1.881167514428993002e+02 7.978194262039917817e+01
1.880622272603775968e+02 7.986577050072750694e+01
1.880077030778558935e+02 7.994959838105583572e+01
1.879531788953341902e+02 8.003342626138416449e+01
1.878986547128124869e+02 8.011725414171249327e+01
1.878441305302907836e+02 8.020108202204082204e+01
1.877896063477690802e+02 8.028490990236915081e+01
1.877350821652473769e+02 8.036873778269747959e+01
1.876805579827256736e+02 8.045256566302580836e+01
1.876260338002039703e+02 8.053639354335413714e+01
1.875715096176822669e+02 8.062022142368246591e+01
1.875169854351605636e+02 8.070404930401079469e+01
1.874624612526388603e+02 8.078787718433912346e+01
1.874079370701171570e+02 8.087170506466745223e+01
1.873534128875954536e+02 8.095553294499578101e+01
1.872988887050737503e+02 8.103936082532410978e+01
1.872443645225520470e+02 8.112318870565243856e+01
1.871898403400303437e+02 8.120701658598076733e+01
1.871353161575086403e+02 8.129084446630909611e+01
1.870807919749869370e+02 8.137467234663742488e+01
1.870262677924652337e+02 8.145850022696575365e+01
1.869717436099435304e+02 8.154232810729408243e+01
1.869172194274218270e+02 8.162615598762241120e+01
1.868626952449001237e+02 8.170998386795073998e+01
1.868081710623784204e+02 8.179381174827906875e+01
1.867536468798567171e+02 8.187763962860739753e+01
1.866991226973350138e+02 8.196146750893572630e+01
1.866445985148133104e+02 8.204529538926405507e+01
1.865900743322916071e+02 8.212912326959238385e+01
1.865355501497699038e+02 8.221295114992071262e+01
1.864810259672482005e+02 8.229677903024904140e+01
1.864265017847264971e+02 8.238060691057737017e+01
1.863719776022047938e+02 8.246443479090569895e+01
1.863174534196830905e+02 8.254826267123402772e+01
1.862629292371613872e+02 8.263209055156235650e+01
1.862084050546396838e+02 8.271591843189068527e+01
1.861538808721179805e+02 8.279974631221901404e+01
1.860993566895962772e+02 8.288357419254734282e+01
1.860448325070745739e+02 8.296740207287567159e+01
1.859903083245528705e+02 8.305122995320400037e+01
1.859357841420311672e+02 8.313505783353232914e+01
1.858812599595094639e+02 8.321888571386065792e+01
1.858267357769877606e+02 8.330271359418898669e+01
1.857722115944660572e+02 8.338654147451731546e+01
1.857176874119443539e+02 8.347036935484564424e+01
1.856631632294226506e+02 8.355419723517397301e+01
1.856086390469009473e+02 8.363802511550230179e+01
1.855541148643792440e+02 8.372185299583063056e+01
1.854995906818575406e+02 8.380568087615895934e+01
1.854450664993358373e+02 8.388950875648728811e+01
1.853905423168141340e+02 8.397333663681561688e+01
1.853360181342924307e+02 8.405716451714394566e+01
1.852814939517707273e+02 8.414099239747227443e+01
1.852269697692490240e+02 8.422482027780060321e+01
1.851724455867273207e+02 8.430864815812893198e+01
1.851179214042056174e+02 8.439247603845726076e+01
1.850633972216839140e+02 8.447630391878558953e+01
1.850088730391622107e+02 8.456013179911391831e+01
1.849543488566405074e+02 8.464395967944224708e+01
1.848998246741188041e+02 8.472778755977057585e+01
1.848453004915971007e+02 8.481161544009890463e+01
1.847907763090753974e+02 8.489544332042723340e+01
1.847362521265536941e+02 8.497927120075556218e+01
1.846817279440319908e+02 8.506309908108389095e+01
1.846272037615102874e+02 8.514692696141221973e+01
1.845726795789885841e+02 8.523075484174054850e+01
1.845181553964668808e+02 8.531458272206887727e+01
1.844636312139451775e+02 8.539841060239720605e+01
1.844091070314234742e+02 8.548223848272553482e+01
1.843545828489017708e+02 8.556606636305386360e+01
1.843000586663800675e+02 8.564989424338219237e+01
1.842455344838583642e+02 8.573372212371052115e+01
1.841910103013366609e+02 8.581755000403884992e+01
1.841364861188149575e+02 8.590137788436717869e+01
1.840819619362932542e+02 8.598520576469550747e+01
1.840274377537715509e+02 8.606903364502383624e+01
1.839729135712498476e+02 8.615286152535216502e+01
1.839183893887281442e+02 8.623668940568049379e+01
1.838638652062064409e+02 8.632051728600882257e+01
1.838093410236847376e+02 8.640434516633715134e+01
1.837548168411630343e+02 8.648817304666548011e+01
1.837002926586413309e+02 8.657200092699380889e+01
1.836457684761196276e+02 8.665582880732213766e+01
1.835912442935979243e+02 8.673965668765046644e+01
1.835367201110762210e+02 8.682348456797879521e+01
1.834821959285545176e+02 8.690731244830712399e+01
1.834276717460328143e+02 8.699114032863545276e+01
1.833731475635111110e+02 8.707496820896378154e+01
1.833186233809894077e+02 8.715879608929211031e+01
1.832640991984677044e+02 8.724262396962043908e+01
1.832095750159460010e+02 8.732645184994876786e+01
1.831550508334242977e+02 8.741027973027709663e+01
1.831005266509025944e+02 8.749410761060542541e+01
1.830460024683808911e+02 8.757793549093375418e+01
1.829914782858591877e+02 8.766176337126208296e+01
1.829369541033374844e+02 8.774559125159041173e+01
1.828824299208157811e+02 8.782941913191874050e+01
1.828279057382940778e+02 8.791324701224706928e+01
1.827733815557723744e+02 8.799707489257539805e+01
1.827188573732506711e+02 8.808090277290372683e+01
1.826643331907289678e+02 8.816473065323205560e+01
1.826098090082072645e+02 8.824855853356038438e+01
1.825552848256855611e+02 8.833238641388871315e+01
1.825007606431638578e+02 8.841621429421704192e+01
1.824462364606421545e+02 8.850004217454537070e+01
1.823917122781204512e+02 8.858387005487369947e+01
1.823371880955987479e+02 8.866769793520202825e+01
1.822826639130770445e+02 8.875152581553035702e+01
1.822281397305553412e+02 8.883535369585868580e+01
1.821736155480336379e+02 8.891918157618701457e+01
1.821190913655119346e+02 8.900300945651534335e+01
1.820645671829902312e+02 8.908683733684367212e+01
1.820100430004685279e+02 8.917066521717200089e+01
1.819555188179468246e+02 8.925449309750032967e+01
1.819009946354251213e+02 8.933832097782865844e+01
1.818464704529034179e+02 8.942214885815698722e+01
1.817919462703817146e+02 8.950597673848531599e+01
1.817374220878600113e+02 8.958980461881364477e+01
1.816828979053383080e+02 8.967363249914197354e+01
1.816283737228166046e+02 8.975746037947030231e+01
1.815738495402949013e+02 8.984128825979863109e+01
1.815193253577731980e+02 8.992511614012695986e+01
1.814648011752514947e+02 9.000894402045528864e+01
1.814102769927297913e+02 9.009277190078361741e+01
1.813557528102080880e+02 9.017659978111194619e+01
1.813012286276863847e+02 9.026042766144027496e+01
1.812467044451646814e+02 9.034425554176860373e+01
1.811921802626429781e+02 9.042808342209693251e+01
1.811376560801212747e+02 9.051191130242526128e+01
1.810831318975995714e+02 9.059573918275359006e+01
1.810286077150778681e+02 9.067956706308191883e+01
1.809740835325561648e+02 9.076339494341024761e+01
1.809195593500344614e+02 9.084722282373857638e+01
1.808650351675127581e+02 9.093105070406690515e+01
1.808105109849910548e+02 9.101487858439523393e+01
1.807559868024693515e+02 9.109870646472356270e+01
1.807014626199476481e+02 9.118253434505189148e+01
1.806469384374259448e+02 9.126636222538022025e+01
1.805924142549042415e+02 9.135019010570854903e+01
1.805378900723825382e+02 9.143401798603687780e+01
1.804833658898608348e+02 9.151784586636520658e+01
1.804288417073391315e+02 9.160167374669353535e+01
1.803743175248174282e+02 9.168550162702186412e+01
1.803197933422957249e+02 9.176932950735019290e+01
1.802652691597740215e+02 9.185315738767852167e+01
1.802107449772523182e+02 9.193698526800685045e+01
1.801562207947306149e+02 9.202081314833517922e+01
1.801016966122089116e+02 9.210464102866350800e+01
1.800471724296872083e+02 9.218846890899183677e+01
1.799926482471655049e+02 9.227229678932016554e+01
1.799381240646438016e+02 9.235612466964849432e+01
1.798835998821220983e+02 9.243995254997682309e+01
1.798290756996003950e+02 9.252378043030515187e+01
1.797745515170786916e+02 9.260760831063348064e+01
1.797200273345569883e+02 9.269143619096180942e+01
1.796655031520352850e+02 9.277526407129013819e+01
1.796109789695135817e+02 9.285909195161846696e+01
1.795564547869918783e+02 9.294291983194679574e+01
1.795019306044701750e+02 9.302674771227512451e+01
1.794474064219484717e+02 9.311057559260345329e+01
1.793928822394267684e+02 9.319440347293178206e+01
1.793383580569050650e+02 9.327823135326011084e+01
1.792838338743833617e+02 9.336205923358843961e+01
1.792293096918616584e+02 9.344588711391676839e+01
1.791747855093399551e+02 9.352971499424509716e+01
1.791202613268182517e+02 9.361354287457342593e+01
1.790657371442965484e+02 9.369737075490175471e+01
1.790112129617748451e+02 9.378119863523008348e+01
1.789566887792531418e+02 9.386502651555841226e+01
1.789021645967314385e+02 9.394885439588674103e+01
1.788476404142097351e+02 9.403268227621506981e+01
1.787931162316880318e+02 9.411651015654339858e+01
1.787385920491663285e+02 9.420033803687172735e+01
1.786840678666446252e+02 9.428416591720005613e+01
1.786295436841229218e+02 9.436799379752838490e+01
1.785750195016012185e+02 9.445182167785671368e+01
1.785204953190795152e+02 9.453564955818504245e+01
1.784659711365578119e+02 9.461947743851337123e+01
1.784114469540361085e+02 9.470330531884170000e+01
1.783569227715144052e+02 9.478713319917002877e+01
1.783023985889927019e+02 9.487096107949835755e+01
1.782478744064709986e+02 9.495478895982668632e+01
1.781933502239492952e+02 9.503861684015501510e+01
1.781388260414275919e+02 9.512244472048334387e+01
1.780843018589058886e+02 9.520627260081167265e+01
1.780297776763841853e+02 9.529010048114000142e+01
1.779752534938624819e+02 9.537392836146833019e+01
1.779207293113407786e+02 9.545775624179665897e+01
1.778662051288190753e+02 9.554158412212498774e+01
1.778116809462973720e+02 9.562541200245331652e+01
1.777571567637756687e+02 9.570923988278164529e+01
1.777026325812539653e+02 9.579306776310997407e+01
1.776481083987322620e+02 9.587689564343830284e+01
1.775935842162105587e+02 9.596072352376663162e+01
1.775390600336888554e+02 9.604455140409496039e+01
1.774845358511671520e+02 9.612837928442328916e+01
1.774300116686454487e+02 9.621220716475161794e+01
1.773754874861237454e+02 9.629603504507994671e+01
1.773209633036020421e+02 9.637986292540827549e+01
1.772664391210803387e+02 9.646369080573660426e+01
1.772119149385586354e+02 9.654751868606493304e+01
1.771573907560369321e+02 9.663134656639326181e+01
1.771028665735152288e+02 9.671517444672159058e+01
1.770483423909935254e+02 9.679900232704991936e+01
1.769938182084718221e+02 9.688283020737824813e+01
1.769392940259501188e+02 9.696665808770657691e+01
1.768847698434284155e+02 9.705048596803490568e+01
1.768302456609067121e+02 9.713431384836323446e+01
1.767757214783850088e+02 9.721814172869156323e+01
1.767211972958633055e+02 9.730196960901989200e+01
1.766666731133416022e+02 9.738579748934822078e+01
1.766121489308198989e+02 9.746962536967654955e+01
1.765547174548825353e+02 9.755792305099546979e+01
