1.764973758871797145e+02 1.332705380673647255e+02
1.765969355118044746e+02 1.332611635730010562e+02
1.766964951364292347e+02 1.332517890786373869e+02
1.767960547610539948e+02 1.332424145842737175e+02
1.768956143856787548e+02 1.332330400899100482e+02
1.769951740103035149e+02 1.332236655955463789e+02
1.770947336349282750e+02 1.332142911011827096e+02
1.771942932595530351e+02 1.332049166068190402e+02
1.772938528841777952e+02 1.331955421124553709e+02
1.773934125088025553e+02 1.331861676180917016e+02
1.774929721334273154e+02 1.331767931237280322e+02
1.775925317580520755e+02 1.331674186293643629e+02
1.776920913826768356e+02 1.331580441350006936e+02
1.777916510073015957e+02 1.331486696406370243e+02
1.778912106319263557e+02 1.331392951462733549e+02
1.779907702565511158e+02 1.331299206519096856e+02
1.780903298811758759e+02 1.331205461575460163e+02
1.781898895058006360e+02 1.331111716631823469e+02
1.782894491304253961e+02 1.331017971688186776e+02
1.783890087550501562e+02 1.330924226744550083e+02
1.784885683796749163e+02 1.330830481800913390e+02
1.785881280042996764e+02 1.330736736857276696e+02
1.786876876289244365e+02 1.330642991913640003e+02
1.787872472535491966e+02 1.330549246970003310e+02
1.788868068781739566e+02 1.330455502026366617e+02
1.789863665027987167e+02 1.330361757082729923e+02
1.790859261274234768e+02 1.330268012139093230e+02
1.791854857520482369e+02 1.330174267195456537e+02
1.792850453766729970e+02 1.330080522251819843e+02
1.793846050012977571e+02 1.329986777308183150e+02
1.794841646259225172e+02 1.329893032364546457e+02
1.795837242505472773e+02 1.329799287420909764e+02
1.796832838751720374e+02 1.329705542477273070e+02
1.797828434997967975e+02 1.329611797533636377e+02
1.798824031244215575e+02 1.329518052589999684e+02
1.799819627490463176e+02 1.329424307646362990e+02
1.800815223736710777e+02 1.329330562702726297e+02
1.801810819982958378e+02 1.329236817759089604e+02
1.802806416229205979e+02 1.329143072815452911e+02
1.803802012475453580e+02 1.329049327871816217e+02
1.804797608721701181e+02 1.328955582928179524e+02
1.805793204967948782e+02 1.328861837984542831e+02
1.806788801214196383e+02 1.328768093040906138e+02
1.807784397460443984e+02 1.328674348097269444e+02
1.808779993706691585e+02 1.328580603153632751e+02
1.809775589952939185e+02 1.328486858209996058e+02
1.810771186199186786e+02 1.328393113266359364e+02
1.811766782445434387e+02 1.328299368322722671e+02
1.812762378691681988e+02 1.328205623379085978e+02
1.813757974937929589e+02 1.328111878435449285e+02
1.814753571184177190e+02 1.328018133491812591e+02
1.815749167430424791e+02 1.327924388548175898e+02
1.816744763676672392e+02 1.327830643604539205e+02
1.817740359922919993e+02 1.327736898660902511e+02
1.818735956169167594e+02 1.327643153717265818e+02
1.819731552415415194e+02 1.327549408773629125e+02
1.820727148661662795e+02 1.327455663829992432e+02
1.821722744907910396e+02 1.327361918886355738e+02
1.822718341154157997e+02 1.327268173942719045e+02
1.823713937400405598e+02 1.327174428999082352e+02
1.824709533646653199e+02 1.327080684055445658e+02
1.825705129892900800e+02 1.326986939111808965e+02
1.826700726139148401e+02 1.326893194168172272e+02
1.827696322385396002e+02 1.326799449224535579e+02
1.828691918631643603e+02 1.326705704280898885e+02
1.829687514877891203e+02 1.326611959337262192e+02
1.830683111124138804e+02 1.326518214393625499e+02
1.831678707370386405e+02 1.326424469449988806e+02
1.832674303616634006e+02 1.326330724506352112e+02
1.833669899862881607e+02 1.326236979562715419e+02
1.834665496109129208e+02 1.326143234619078726e+02
1.835661092355376809e+02 1.326049489675442032e+02
1.836656688601624410e+02 1.325955744731805339e+02
1.837652284847872011e+02 1.325861999788168646e+02
1.838647881094119612e+02 1.325768254844531953e+02
1.839643477340367212e+02 1.325674509900895259e+02
1.840639073586614813e+02 1.325580764957258566e+02
1.841634669832862414e+02 1.325487020013621873e+02
1.842630266079110015e+02 1.325393275069985179e+02
1.843625862325357616e+02 1.325299530126348486e+02
1.844621458571605217e+02 1.325205785182711793e+02
1.845617054817852818e+02 1.325112040239075100e+02
1.846612651064100419e+02 1.325018295295438406e+02
1.847608247310348020e+02 1.324924550351801713e+02
1.848603843556595621e+02 1.324830805408165020e+02
1.849599439802843222e+02 1.324737060464528327e+02
1.850595036049090822e+02 1.324643315520891633e+02
1.851590632295338423e+02 1.324549570577254940e+02
1.852586228541586024e+02 1.324455825633618247e+02
1.853581824787833625e+02 1.324362080689981553e+02
1.854577421034081226e+02 1.324268335746344860e+02
1.855573017280328827e+02 1.324174590802708167e+02
1.856568613526576428e+02 1.324080845859071474e+02
1.857564209772824029e+02 1.323987100915434780e+02
1.858559806019071630e+02 1.323893355971798087e+02
1.859555402265319231e+02 1.323799611028161394e+02
1.860550998511566831e+02 1.323705866084524700e+02
1.861546594757814432e+02 1.323612121140888007e+02
1.862542191004062033e+02 1.323518376197251314e+02
1.863537787250309634e+02 1.323424631253614621e+02
1.864533383496557235e+02 1.323330886309977927e+02
1.865528979742804836e+02 1.323237141366341234e+02
1.866524575989052437e+02 1.323143396422704541e+02
1.867520172235300038e+02 1.323049651479067848e+02
1.868515768481547639e+02 1.322955906535431154e+02
1.869511364727795240e+02 1.322862161591794461e+02
1.870506960974042840e+02 1.322768416648157768e+02
1.871502557220290441e+02 1.322674671704521074e+02
1.872498153466538042e+02 1.322580926760884381e+02
1.873493749712785643e+02 1.322487181817247688e+02
1.874489345959033244e+02 1.322393436873610995e+02
1.875484942205280845e+02 1.322299691929974301e+02
1.876480538451528446e+02 1.322205946986337608e+02
1.877476134697776047e+02 1.322112202042700915e+02
1.878471730944023648e+02 1.322018457099064221e+02
1.879467327190271249e+02 1.321924712155427528e+02
1.880462923436518849e+02 1.321830967211790835e+02
1.881458519682766450e+02 1.321737222268154142e+02
1.882454115929014051e+02 1.321643477324517448e+02
1.883449712175261652e+02 1.321549732380880755e+02
1.884445308421509253e+02 1.321455987437244062e+02
1.885440904667756854e+02 1.321362242493607368e+02
1.886436500914004455e+02 1.321268497549970675e+02
1.887432097160252056e+02 1.321174752606333982e+02
1.888427693406499657e+02 1.321081007662697289e+02
1.889423289652747258e+02 1.320987262719060595e+02
1.890418885898994859e+02 1.320893517775423902e+02
1.891414482145242459e+02 1.320799772831787209e+02
1.892410078391490060e+02 1.320706027888150516e+02
1.893405674637737661e+02 1.320612282944513822e+02
1.894401270883985262e+02 1.320518538000877129e+02
1.895396867130232863e+02 1.320424793057240436e+02
1.896392463376480464e+02 1.320331048113603742e+02
1.897388059622728065e+02 1.320237303169967049e+02
1.898383655868975666e+02 1.320143558226330356e+02
1.899379252115223267e+02 1.320049813282693663e+02
1.900374848361470868e+02 1.319956068339056969e+02
1.901370444607718468e+02 1.319862323395420276e+02
1.902366040853966069e+02 1.319768578451783583e+02
1.903361637100213670e+02 1.319674833508146889e+02
1.904357233346461271e+02 1.319581088564510196e+02
1.905352829592708872e+02 1.319487343620873503e+02
1.906348425838956473e+02 1.319393598677236810e+02
1.907344022085204074e+02 1.319299853733600116e+02
1.908339618331451675e+02 1.319206108789963423e+02
1.909335214577699276e+02 1.319112363846326730e+02
1.910330810823946877e+02 1.319018618902690037e+02
1.911326407070194477e+02 1.318924873959053343e+02
1.912322003316442078e+02 1.318831129015416650e+02
1.913317599562689679e+02 1.318737384071779957e+02
1.914313195808937280e+02 1.318643639128143263e+02
1.915308792055184881e+02 1.318549894184506570e+02
1.916304388301432482e+02 1.318456149240869877e+02
1.917299984547680083e+02 1.318362404297233184e+02
1.918295580793927684e+02 1.318268659353596490e+02
1.919291177040175285e+02 1.318174914409959797e+02
1.920286773286422886e+02 1.318081169466323104e+02
1.921282369532670486e+02 1.317987424522686410e+02
1.922277965778918087e+02 1.317893679579049717e+02
1.923273562025165688e+02 1.317799934635413024e+02
1.924269158271413289e+02 1.317706189691776331e+02
1.925264754517660890e+02 1.317612444748139637e+02
1.926260350763908491e+02 1.317518699804502944e+02
1.927255947010156092e+02 1.317424954860866251e+02
1.928251543256403693e+02 1.317331209917229558e+02
1.929247139502651294e+02 1.317237464973592864e+02
1.930242735748898895e+02 1.317143720029956171e+02
1.931238331995146496e+02 1.317049975086319478e+02
1.932233928241394096e+02 1.316956230142682784e+02
1.933229524487641697e+02 1.316862485199046091e+02
1.934225120733889298e+02 1.316768740255409398e+02
1.935220716980136899e+02 1.316674995311772705e+02
1.936216313226384500e+02 1.316581250368136011e+02
1.937211909472632101e+02 1.316487505424499318e+02
1.938207505718879702e+02 1.316393760480862625e+02
1.939203101965127303e+02 1.316300015537225931e+02
1.940198698211374904e+02 1.316206270593589238e+02
1.941194294457622505e+02 1.316112525649952545e+02
1.942189890703870105e+02 1.316018780706315852e+02
1.943185486950117706e+02 1.315925035762679158e+02
1.944181083196365307e+02 1.315831290819042465e+02
1.945176679442612908e+02 1.315737545875405772e+02
1.946172275688860509e+02 1.315643800931769078e+02
1.947167871935108110e+02 1.315550055988132385e+02
1.948163468181355711e+02 1.315456311044495692e+02
1.949159064427603312e+02 1.315362566100858999e+02
1.950154660673850913e+02 1.315268821157222305e+02
1.951150256920098514e+02 1.315175076213585612e+02
1.952145853166346114e+02 1.315081331269948919e+02
1.953141449412593715e+02 1.314987586326312226e+02
1.954137045658841316e+02 1.314893841382675532e+02
1.955132641905088917e+02 1.314800096439038839e+02
1.956128238151336518e+02 1.314706351495402146e+02
1.957123834397584119e+02 1.314612606551765452e+02
1.958119430643831720e+02 1.314518861608128759e+02
1.959115026890079321e+02 1.314425116664492066e+02
1.960110623136326922e+02 1.314331371720855373e+02
1.961106219382574523e+02 1.314237626777218679e+02
1.962101815628822123e+02 1.314143881833581986e+02
1.963097411875069724e+02 1.314050136889945293e+02
1.964093008121317325e+02 1.313956391946308599e+02
1.965088604367564926e+02 1.313862647002671906e+02
1.966084200613812527e+02 1.313768902059035213e+02
1.967079796860060128e+02 1.313675157115398520e+02
1.968075393106307729e+02 1.313581412171761826e+02
1.969070989352555330e+02 1.313487667228125133e+02
1.970066585598802931e+02 1.313393922284488440e+02
1.971062181845050532e+02 1.313300177340851747e+02
1.972057778091298132e+02 1.313206432397215053e+02
1.973053374337545733e+02 1.313112687453578360e+02
1.974048970583793334e+02 1.313018942509941667e+02
1.975044566830040935e+02 1.312925197566304973e+02
1.976040163076288536e+02 1.312831452622668280e+02
1.977035759322536137e+02 1.312737707679031587e+02
1.978031355568783738e+02 1.312643962735394894e+02
1.979026951815031339e+02 1.312550217791758200e+02
1.980022548061278940e+02 1.312456472848121507e+02
1.981018144307526541e+02 1.312362727904484814e+02
1.982013740553774142e+02 1.312268982960848120e+02
1.983009336800021742e+02 1.312175238017211427e+02
1.984004933046269343e+02 1.312081493073574734e+02
1.985000529292516944e+02 1.311987748129938041e+02
1.985996125538764545e+02 1.311894003186301347e+02
1.986991721785012146e+02 1.311800258242664654e+02
1.987987318031259747e+02 1.311706513299027961e+02
1.988982914277507348e+02 1.311612768355391268e+02
1.989978510523754949e+02 1.311519023411754574e+02
1.990974106770002550e+02 1.311425278468117881e+02
1.991969703016250151e+02 1.311331533524481188e+02
1.992965299262497751e+02 1.311237788580844494e+02
1.993960895508745352e+02 1.311144043637207801e+02
1.994956491754992953e+02 1.311050298693571108e+02
1.995952088001240554e+02 1.310956553749934415e+02
1.996947684247488155e+02 1.310862808806297721e+02
1.997943280493735756e+02 1.310769063862661028e+02
1.998938876739983357e+02 1.310675318919024335e+02
1.999934472986230958e+02 1.310581573975387641e+02
2.000930069232478559e+02 1.310487829031750948e+02
2.001925665478726160e+02 1.310394084088114255e+02
2.002921261724973760e+02 1.310300339144477562e+02
2.003916857971221361e+02 1.310206594200840868e+02
2.004912454217468962e+02 1.310112849257204175e+02
2.005908050463716563e+02 1.310019104313567482e+02
2.006903646709964164e+02 1.309925359369930788e+02
2.007899242956211765e+02 1.309831614426294095e+02
2.008894839202459366e+02 1.309737869482657402e+02
2.009890435448706967e+02 1.309644124539020709e+02
2.010886031694954568e+02 1.309550379595384015e+02
2.011881627941202169e+02 1.309456634651747322e+02
2.012877224187449769e+02 1.309362889708110629e+02
2.013872820433697370e+02 1.309269144764473936e+02
2.014868416679944971e+02 1.309175399820837242e+02
2.015864012926192572e+02 1.309081654877200549e+02
2.016859609172440173e+02 1.308987909933563856e+02
2.017855205418687774e+02 1.308894164989927162e+02
2.018850801664935375e+02 1.308800420046290469e+02
2.019846397911182976e+02 1.308706675102653776e+02
2.020841994157430577e+02 1.308612930159017083e+02
2.021837590403678178e+02 1.308519185215380389e+02
2.022833186649925779e+02 1.308425440271743696e+02
2.023828782896173379e+02 1.308331695328107003e+02
2.024824379142420980e+02 1.308237950384470309e+02
2.025819975388668581e+02 1.308144205440833616e+02
2.026815571634916182e+02 1.308050460497196923e+02
2.027811167881163783e+02 1.307956715553560230e+02
2.028806764127411384e+02 1.307862970609923536e+02
2.029802360373658985e+02 1.307769225666286843e+02
2.030797956619906586e+02 1.307675480722650150e+02
2.031793552866154187e+02 1.307581735779013457e+02
2.032789149112401788e+02 1.307487990835376763e+02
2.033784745358649388e+02 1.307394245891740070e+02
2.034780341604896989e+02 1.307300500948103377e+02
2.035775937851144590e+02 1.307206756004466683e+02
2.036771534097392191e+02 1.307113011060829990e+02
2.037767130343639792e+02 1.307019266117193297e+02
2.038762726589887393e+02 1.306925521173556604e+02
2.039758322836134994e+02 1.306831776229919910e+02
2.040753919082382595e+02 1.306738031286283217e+02
2.041749515328630196e+02 1.306644286342646524e+02
2.042745111574877797e+02 1.306550541399009830e+02
2.043740707821125397e+02 1.306456796455373137e+02
2.044736304067372998e+02 1.306363051511736444e+02
2.045731900313620599e+02 1.306269306568099751e+02
2.046727496559868200e+02 1.306175561624463057e+02
2.047723092806115801e+02 1.306081816680826364e+02
2.048718689052363402e+02 1.305988071737189671e+02
2.049714285298611003e+02 1.305894326793552978e+02
2.050709881544858604e+02 1.305800581849916284e+02
2.051705477791106205e+02 1.305706836906279591e+02
2.052701074037353806e+02 1.305613091962642898e+02
2.053696670283601406e+02 1.305519347019006204e+02
2.054692266529849007e+02 1.305425602075369511e+02
2.055687862776096608e+02 1.305331857131732818e+02
2.056683459022344209e+02 1.305238112188096125e+02
2.057679055268591810e+02 1.305144367244459431e+02
2.058674651514839411e+02 1.305050622300822738e+02
2.059670247761087012e+02 1.304956877357186045e+02
2.060665844007334613e+02 1.304863132413549351e+02
2.061661440253582214e+02 1.304769387469912658e+02
2.062657036499829815e+02 1.304675642526275965e+02
2.063652632746077416e+02 1.304581897582639272e+02
2.064648228992325016e+02 1.304488152639002578e+02
2.066497708015018304e+02 1.304314006435309352e+02
2.066591452958654997e+02 1.305309602681556953e+02
2.066685197902291691e+02 1.306305198927804554e+02
2.066778942845928384e+02 1.307300795174052155e+02
2.066872687789565077e+02 1.308296391420299756e+02
2.066966432733201771e+02 1.309291987666547357e+02
2.067060177676838464e+02 1.310287583912794958e+02
2.067153922620475157e+02 1.311283180159042558e+02
2.067247667564111850e+02 1.312278776405290159e+02
2.067341412507748544e+02 1.313274372651537760e+02
2.067435157451385237e+02 1.314269968897785361e+02
2.067528902395021930e+02 1.315265565144032962e+02
2.067622647338658624e+02 1.316261161390280563e+02
2.067716392282295317e+02 1.317256757636528164e+02
2.067810137225932010e+02 1.318252353882775765e+02
2.067903882169568703e+02 1.319247950129023366e+02
2.067997627113205397e+02 1.320243546375270967e+02
2.068091372056842090e+02 1.321239142621518567e+02
2.068185117000478783e+02 1.322234738867766168e+02
2.068278861944115476e+02 1.323230335114013769e+02
2.068372606887752170e+02 1.324225931360261370e+02
2.068466351831388863e+02 1.325221527606508971e+02
2.068560096775025556e+02 1.326217123852756572e+02
2.068653841718662250e+02 1.327212720099004173e+02
2.068747586662298943e+02 1.328208316345251774e+02
2.068841331605935636e+02 1.329203912591499375e+02
2.068935076549572329e+02 1.330199508837746976e+02
2.069028821493209023e+02 1.331195105083994576e+02
2.069122566436845716e+02 1.332190701330242177e+02
2.069216311380482409e+02 1.333186297576489778e+02
2.069310056324119103e+02 1.334181893822737379e+02
2.069403801267755796e+02 1.335177490068984980e+02
2.069497546211392489e+02 1.336173086315232581e+02
2.069591291155029182e+02 1.337168682561480182e+02
2.069685036098665876e+02 1.338164278807727783e+02
2.069778781042302569e+02 1.339159875053975384e+02
2.069872525985939262e+02 1.340155471300222985e+02
2.069966270929575956e+02 1.341151067546470586e+02
2.070060015873212649e+02 1.342146663792718186e+02
2.070153760816849342e+02 1.343142260038965787e+02
2.070247505760486035e+02 1.344137856285213388e+02
2.070341250704122729e+02 1.345133452531460989e+02
2.070434995647759422e+02 1.346129048777708590e+02
2.070528740591396115e+02 1.347124645023956191e+02
2.070622485535032808e+02 1.348120241270203792e+02
2.070716230478669502e+02 1.349115837516451393e+02
2.070809975422306195e+02 1.350111433762698994e+02
2.070903720365942888e+02 1.351107030008946595e+02
2.070997465309579582e+02 1.352102626255194195e+02
2.071091210253216275e+02 1.353098222501441796e+02
2.071184955196852968e+02 1.354093818747689397e+02
2.071278700140489661e+02 1.355089414993936998e+02
2.071372445084126355e+02 1.356085011240184599e+02
2.071466190027763048e+02 1.357080607486432200e+02
2.071559934971399741e+02 1.358076203732679801e+02
2.071653679915036435e+02 1.359071799978927402e+02
2.071747424858673128e+02 1.360067396225175003e+02
2.071841169802309821e+02 1.361062992471422604e+02
2.071934914745946514e+02 1.362058588717670204e+02
2.072028659689583208e+02 1.363054184963917805e+02
2.072122404633219901e+02 1.364049781210165406e+02
2.072216149576856594e+02 1.365045377456413007e+02
2.072309894520493287e+02 1.366040973702660608e+02
2.072403639464129981e+02 1.367036569948908209e+02
2.072497384407766674e+02 1.368032166195155810e+02
2.072591129351403367e+02 1.369027762441403411e+02
2.072684874295040061e+02 1.370023358687651012e+02
2.072778619238676754e+02 1.371018954933898613e+02
2.072872364182313447e+02 1.372014551180146213e+02
2.072966109125950140e+02 1.373010147426393814e+02
2.073059854069586834e+02 1.374005743672641415e+02
2.073153599013223527e+02 1.375001339918889016e+02
2.073247343956860220e+02 1.375996936165136617e+02
2.073341088900496914e+02 1.376992532411384218e+02
2.073434833844133607e+02 1.377988128657631819e+02
2.073528578787770300e+02 1.378983724903879420e+02
2.073622323731406993e+02 1.379979321150127021e+02
2.073716068675043687e+02 1.380974917396374622e+02
2.073809813618680380e+02 1.381970513642622223e+02
2.073903558562317073e+02 1.382966109888869823e+02
2.073997303505953766e+02 1.383961706135117424e+02
2.074091048449590460e+02 1.384957302381365025e+02
2.074184793393227153e+02 1.385952898627612626e+02
2.074278538336863846e+02 1.386948494873860227e+02
2.074372283280500540e+02 1.387944091120107828e+02
2.074466028224137233e+02 1.388939687366355429e+02
2.074559773167773926e+02 1.389935283612603030e+02
2.074653518111410619e+02 1.390930879858850631e+02
2.074747263055047313e+02 1.391926476105098232e+02
2.074841007998684006e+02 1.392922072351345832e+02
2.074934752942320699e+02 1.393917668597593433e+02
2.075028497885957393e+02 1.394913264843841034e+02
2.075122242829594086e+02 1.395908861090088635e+02
2.075215987773230779e+02 1.396904457336336236e+02
2.075309732716867472e+02 1.397900053582583837e+02
2.075403477660504166e+02 1.398895649828831438e+02
2.075497222604140859e+02 1.399891246075079039e+02
2.075590967547777552e+02 1.400886842321326640e+02
2.075684712491414246e+02 1.401882438567574241e+02
2.075778457435050939e+02 1.402878034813821841e+02
2.075872202378687632e+02 1.403873631060069442e+02
2.075965947322324325e+02 1.404869227306317043e+02
2.076059692265961019e+02 1.405864823552564644e+02
2.076153437209597712e+02 1.406860419798812245e+02
2.076247182153234405e+02 1.407856016045059846e+02
2.076340927096871098e+02 1.408851612291307447e+02
2.076434672040507792e+02 1.409847208537555048e+02
2.076528416984144485e+02 1.410842804783802649e+02
2.076622161927781178e+02 1.411838401030050250e+02
2.076715906871417872e+02 1.412833997276297850e+02
2.076809651815054565e+02 1.413829593522545451e+02
2.076903396758691258e+02 1.414825189768793052e+02
2.076997141702327951e+02 1.415820786015040653e+02
2.077090886645964645e+02 1.416816382261288254e+02
2.077184631589601338e+02 1.417811978507535855e+02
2.077278376533238031e+02 1.418807574753783456e+02
2.077372121476874725e+02 1.419803171000031057e+02
2.077465866420511418e+02 1.420798767246278658e+02
2.077559611364148111e+02 1.421794363492526259e+02
2.077653356307784804e+02 1.422789959738773859e+02
2.077747101251421498e+02 1.423785555985021460e+02
2.077840846195058191e+02 1.424781152231269061e+02
2.077934591138694884e+02 1.425776748477516662e+02
2.078028336082331577e+02 1.426772344723764263e+02
2.078122081025968271e+02 1.427767940970011864e+02
2.078215825969604964e+02 1.428763537216259465e+02
2.078309570913241657e+02 1.429759133462507066e+02
2.078403315856878351e+02 1.430754729708754667e+02
2.078497060800515044e+02 1.431750325955002268e+02
2.078590805744151737e+02 1.432745922201249869e+02
2.078684550687788430e+02 1.433741518447497469e+02
2.078778295631425124e+02 1.434737114693745070e+02
2.078872040575061817e+02 1.435732710939992671e+02
2.078965785518698510e+02 1.436728307186240272e+02
2.079059530462335204e+02 1.437723903432487873e+02
2.079153275405971897e+02 1.438719499678735474e+02
2.079247020349608590e+02 1.439715095924983075e+02
2.079340765293245283e+02 1.440710692171230676e+02
2.079434510236881977e+02 1.441706288417478277e+02
2.079528255180518670e+02 1.442701884663725878e+02
2.079622000124155363e+02 1.443697480909973478e+02
2.079715745067792056e+02 1.444693077156221079e+02
2.079809490011428750e+02 1.445688673402468680e+02
2.079903234955065443e+02 1.446684269648716281e+02
2.079996979898702136e+02 1.447679865894963882e+02
2.080090724842338830e+02 1.448675462141211483e+02
2.080184469785975523e+02 1.449671058387459084e+02
2.080278214729612216e+02 1.450666654633706685e+02
2.080371959673248909e+02 1.451662250879954286e+02
2.080465704616885603e+02 1.452657847126201887e+02
2.080559449560522296e+02 1.453653443372449487e+02
2.080653194504158989e+02 1.454649039618697088e+02
2.080746939447795683e+02 1.455644635864944689e+02
2.080840684391432376e+02 1.456640232111192290e+02
2.080934429335069069e+02 1.457635828357439891e+02
2.081028174278705762e+02 1.458631424603687492e+02
2.081121919222342456e+02 1.459627020849935093e+02
2.081215664165979149e+02 1.460622617096182694e+02
2.081309409109615842e+02 1.461618213342430295e+02
2.081403154053252536e+02 1.462613809588677896e+02
2.081496898996889229e+02 1.463609405834925496e+02
2.081590643940525922e+02 1.464605002081173097e+02
2.081684388884162615e+02 1.465600598327420698e+02
2.081778133827799309e+02 1.466596194573668299e+02
2.081871878771436002e+02 1.467591790819915900e+02
2.081965623715072695e+02 1.468587387066163501e+02
2.082059368658709388e+02 1.469582983312411102e+02
2.082153113602346082e+02 1.470578579558658703e+02
2.082246858545982775e+02 1.471574175804906304e+02
2.082340603489619468e+02 1.472569772051153905e+02
2.082434348433256162e+02 1.473565368297401506e+02
2.082528093376892855e+02 1.474560964543649106e+02
2.082621838320529548e+02 1.475556560789896707e+02
2.082715583264166241e+02 1.476552157036144308e+02
2.082809328207802935e+02 1.477547753282391909e+02
2.082903073151439628e+02 1.478543349528639510e+02
2.082996818095076321e+02 1.479538945774887111e+02
2.083090563038713015e+02 1.480534542021134712e+02
2.083184307982349708e+02 1.481530138267382313e+02
2.083278052925986401e+02 1.482525734513629914e+02
2.083371797869623094e+02 1.483521330759877515e+02
2.083465542813259788e+02 1.484516927006125115e+02
2.083559287756896481e+02 1.485512523252372716e+02
2.083653032700533174e+02 1.486508119498620317e+02
2.083746777644169867e+02 1.487503715744867918e+02
2.083840522587806561e+02 1.488499311991115519e+02
2.083934267531443254e+02 1.489494908237363120e+02
2.084028012475079947e+02 1.490490504483610721e+02
2.084121757418716641e+02 1.491486100729858322e+02
2.084215502362353334e+02 1.492481696976105923e+02
2.084309247305990027e+02 1.493477293222353524e+02
2.084402992249626720e+02 1.494472889468601124e+02
2.084496737193263414e+02 1.495468485714848725e+02
2.084590482136900107e+02 1.496464081961096326e+02
2.084684227080536800e+02 1.497459678207343927e+02
2.084777972024173494e+02 1.498455274453591528e+02
2.084871716967810187e+02 1.499450870699839129e+02
2.084965461911446880e+02 1.500446466946086730e+02
2.085059206855083573e+02 1.501442063192334331e+02
2.085152951798720267e+02 1.502437659438581932e+02
2.085246696742356960e+02 1.503433255684829533e+02
2.085340441685993653e+02 1.504428851931077133e+02
2.085434186629630346e+02 1.505424448177324734e+02
2.085527931573267040e+02 1.506420044423572335e+02
2.085621676516903733e+02 1.507415640669819936e+02
2.085715421460540426e+02 1.508411236916067537e+02
2.085809166404177120e+02 1.509406833162315138e+02
2.085902911347813813e+02 1.510402429408562739e+02
2.085996656291450506e+02 1.511398025654810340e+02
2.086090401235087199e+02 1.512393621901057941e+02
2.086184146178723893e+02 1.513389218147305542e+02
2.086277891122360586e+02 1.514384814393553143e+02
2.086371636065997279e+02 1.515380410639800743e+02
2.086465381009633973e+02 1.516376006886048344e+02
2.086559125953270666e+02 1.517371603132295945e+02
2.086652870896907359e+02 1.518367199378543546e+02
2.086746615840544052e+02 1.519362795624791147e+02
2.086840360784180746e+02 1.520358391871038748e+02
2.086934105727817439e+02 1.521353988117286349e+02
2.087027850671454132e+02 1.522349584363533950e+02
2.087121595615090826e+02 1.523345180609781551e+02
2.087215340558727519e+02 1.524340776856029152e+02
2.087309085502364212e+02 1.525336373102276752e+02
2.087402830446000905e+02 1.526331969348524353e+02
2.087496575389637599e+02 1.527327565594771954e+02
2.087590320333274292e+02 1.528323161841019555e+02
2.087684065276910985e+02 1.529318758087267156e+02
2.087777810220547678e+02 1.530314354333514757e+02
2.087871555164184372e+02 1.531309950579762358e+02
2.087965300107821065e+02 1.532305546826009959e+02
2.088059045051457758e+02 1.533301143072257560e+02
2.088152789995094452e+02 1.534296739318505161e+02
2.088246534938731145e+02 1.535292335564752761e+02
2.088340279882367838e+02 1.536287931811000362e+02
2.088434024826004531e+02 1.537283528057247963e+02
2.088527769769641225e+02 1.538279124303495564e+02
2.088621514713277918e+02 1.539274720549743165e+02
2.088715259656914611e+02 1.540270316795990766e+02
2.088809004600551305e+02 1.541265913042238367e+02
2.088902749544187998e+02 1.542261509288485968e+02
2.088996494487824691e+02 1.543257105534733569e+02
2.089090239431461384e+02 1.544252701780981170e+02
2.089183984375098078e+02 1.545248298027228770e+02
2.089277729318734771e+02 1.546243894273476371e+02
2.089371474262371464e+02 1.547239490519723972e+02
2.089465219206008157e+02 1.548235086765971573e+02
2.089558964149644851e+02 1.549230683012219174e+02
2.089652709093281544e+02 1.550226279258466775e+02
2.089746454036918237e+02 1.551221875504714376e+02
2.089840198980554931e+02 1.552217471750961977e+02
2.089933943924191624e+02 1.553213067997209578e+02
2.090027688867828317e+02 1.554208664243457179e+02
2.090121433811465010e+02 1.555204260489704780e+02
2.090215178755101704e+02 1.556199856735952380e+02
2.090308923698738397e+02 1.557195452982199981e+02
2.090402668642375090e+02 1.558191049228447582e+02
2.090496413586011784e+02 1.559186645474695183e+02
2.090590158529648477e+02 1.560182241720942784e+02
2.090683903473285170e+02 1.561177837967190385e+02
2.090777648416921863e+02 1.562173434213437986e+02
2.090871393360558557e+02 1.563169030459685587e+02
2.090965138304195250e+02 1.564164626705933188e+02
2.091058883247831943e+02 1.565160222952180789e+02
2.091152628191468636e+02 1.566155819198428389e+02
2.091246373135105330e+02 1.567151415444675990e+02
2.091340118078742023e+02 1.568147011690923591e+02
2.091433863022378716e+02 1.569142607937171192e+02
2.091527607966015410e+02 1.570138204183418793e+02
2.091621352909652103e+02 1.571133800429666394e+02
2.091715097853288796e+02 1.572129396675913995e+02
2.091808842796925489e+02 1.573124992922161596e+02
2.091902587740562183e+02 1.574120589168409197e+02
2.091996332684198876e+02 1.575116185414656798e+02
2.092090077627835569e+02 1.576111781660904398e+02
2.092183822571472263e+02 1.577107377907151999e+02
2.092277567515108956e+02 1.578102974153399600e+02
2.092371312458745649e+02 1.579098570399647201e+02
2.092465057402382342e+02 1.580094166645894802e+02
2.092558802346019036e+02 1.581089762892142403e+02
2.092652547289655729e+02 1.582085359138390004e+02
2.092746292233292422e+02 1.583080955384637605e+02
2.092840037176929116e+02 1.584076551630885206e+02
2.092933782120565809e+02 1.585072147877132807e+02
2.093027527064202502e+02 1.586067744123380407e+02
2.093121272007839195e+02 1.587063340369628008e+02
2.093215016951475889e+02 1.588058936615875609e+02
2.093308761895112582e+02 1.589054532862123210e+02
2.093402506838749275e+02 1.590050129108370811e+02
2.093496251782385968e+02 1.591045725354618412e+02
2.093589996726022662e+02 1.592041321600866013e+02
2.093683741669659355e+02 1.593036917847113614e+02
2.093777486613296048e+02 1.594032514093361215e+02
2.093871231556932742e+02 1.595028110339608816e+02
2.093964976500569435e+02 1.596023706585856416e+02
2.094058721444206128e+02 1.597019302832104017e+02
2.094152466387842821e+02 1.598014899078351618e+02
2.094246211331479515e+02 1.599010495324599219e+02
2.094339956275116208e+02 1.600006091570846820e+02
2.094433701218752901e+02 1.601001687817094421e+02
2.094527446162389595e+02 1.601997284063342022e+02
2.094621191106026288e+02 1.602992880309589623e+02
2.094714936049662981e+02 1.603988476555837224e+02
2.094808680993299674e+02 1.604984072802084825e+02
2.094902425936936368e+02 1.605979669048332426e+02
2.095026241128202855e+02 1.607294619326352745e+02
2.094030644881955254e+02 1.607388364269989438e+02
2.093035048635707653e+02 1.607482109213626131e+02
2.092039452389460052e+02 1.607575854157262825e+02
2.091043856143212452e+02 1.607669599100899518e+02
2.090048259896964851e+02 1.607763344044536211e+02
2.089052663650717250e+02 1.607857088988172904e+02
2.088057067404469649e+02 1.607950833931809598e+02
2.087061471158222048e+02 1.608044578875446291e+02
2.086065874911974447e+02 1.608138323819082984e+02
2.085070278665726846e+02 1.608232068762719678e+02
2.084074682419479245e+02 1.608325813706356371e+02
2.083079086173231644e+02 1.608419558649993064e+02
2.082083489926984043e+02 1.608513303593629757e+02
2.081087893680736443e+02 1.608607048537266451e+02
2.080092297434488842e+02 1.608700793480903144e+02
2.079096701188241241e+02 1.608794538424539837e+02
2.078101104941993640e+02 1.608888283368176531e+02
2.077105508695746039e+02 1.608982028311813224e+02
2.076109912449498438e+02 1.609075773255449917e+02
2.075114316203250837e+02 1.609169518199086610e+02
2.074118719957003236e+02 1.609263263142723304e+02
2.073123123710755635e+02 1.609357008086359997e+02
2.072127527464508034e+02 1.609450753029996690e+02
2.071131931218260434e+02 1.609544497973633383e+02
2.070136334972012833e+02 1.609638242917270077e+02
2.069140738725765232e+02 1.609731987860906770e+02
2.068145142479517631e+02 1.609825732804543463e+02
2.067149546233270030e+02 1.609919477748180157e+02
2.066153949987022429e+02 1.610013222691816850e+02
2.065158353740774828e+02 1.610106967635453543e+02
2.064162757494527227e+02 1.610200712579090236e+02
2.063167161248279626e+02 1.610294457522726930e+02
2.062171565002032025e+02 1.610388202466363623e+02
2.061175968755784425e+02 1.610481947410000316e+02
2.060180372509536824e+02 1.610575692353637010e+02
2.059184776263289223e+02 1.610669437297273703e+02
2.058189180017041622e+02 1.610763182240910396e+02
2.057193583770794021e+02 1.610856927184547089e+02
2.056197987524546420e+02 1.610950672128183783e+02
2.055202391278298819e+02 1.611044417071820476e+02
2.054206795032051218e+02 1.611138162015457169e+02
2.053211198785803617e+02 1.611231906959093862e+02
2.052215602539556016e+02 1.611325651902730556e+02
2.051220006293308415e+02 1.611419396846367249e+02
2.050224410047060815e+02 1.611513141790003942e+02
2.049228813800813214e+02 1.611606886733640636e+02
2.048233217554565613e+02 1.611700631677277329e+02
2.047237621308318012e+02 1.611794376620914022e+02
2.046242025062070411e+02 1.611888121564550715e+02
2.045246428815822810e+02 1.611981866508187409e+02
2.044250832569575209e+02 1.612075611451824102e+02
2.043255236323327608e+02 1.612169356395460795e+02
2.042259640077080007e+02 1.612263101339097489e+02
2.041264043830832406e+02 1.612356846282734182e+02
2.040268447584584806e+02 1.612450591226370875e+02
2.039272851338337205e+02 1.612544336170007568e+02
2.038277255092089604e+02 1.612638081113644262e+02
2.037281658845842003e+02 1.612731826057280955e+02
2.036286062599594402e+02 1.612825571000917648e+02
2.035290466353346801e+02 1.612919315944554342e+02
2.034294870107099200e+02 1.613013060888191035e+02
2.033299273860851599e+02 1.613106805831827728e+02
2.032303677614603998e+02 1.613200550775464421e+02
2.031308081368356397e+02 1.613294295719101115e+02
2.030312485122108797e+02 1.613388040662737808e+02
2.029316888875861196e+02 1.613481785606374501e+02
2.028321292629613595e+02 1.613575530550011194e+02
2.027325696383365994e+02 1.613669275493647888e+02
2.026330100137118393e+02 1.613763020437284581e+02
2.025334503890870792e+02 1.613856765380921274e+02
2.024338907644623191e+02 1.613950510324557968e+02
2.023343311398375590e+02 1.614044255268194661e+02
2.022347715152127989e+02 1.614138000211831354e+02
2.021352118905880388e+02 1.614231745155468047e+02
2.020356522659632788e+02 1.614325490099104741e+02
2.019360926413385187e+02 1.614419235042741434e+02
2.018365330167137586e+02 1.614512979986378127e+02
2.017369733920889985e+02 1.614606724930014821e+02
2.016374137674642384e+02 1.614700469873651514e+02
2.015378541428394783e+02 1.614794214817288207e+02
2.014382945182147182e+02 1.614887959760924900e+02
2.013387348935899581e+02 1.614981704704561594e+02
2.012391752689651980e+02 1.615075449648198287e+02
2.011396156443404379e+02 1.615169194591834980e+02
2.010400560197156778e+02 1.615262939535471673e+02
2.009404963950909178e+02 1.615356684479108367e+02
2.008409367704661577e+02 1.615450429422745060e+02
2.007413771458413976e+02 1.615544174366381753e+02
2.006418175212166375e+02 1.615637919310018447e+02
2.005422578965918774e+02 1.615731664253655140e+02
2.004426982719671173e+02 1.615825409197291833e+02
2.003431386473423572e+02 1.615919154140928526e+02
2.002435790227175971e+02 1.616012899084565220e+02
2.001440193980928370e+02 1.616106644028201913e+02
2.000444597734680769e+02 1.616200388971838606e+02
1.999449001488433169e+02 1.616294133915475300e+02
1.998453405242185568e+02 1.616387878859111993e+02
1.997457808995937967e+02 1.616481623802748686e+02
1.996462212749690366e+02 1.616575368746385379e+02
1.995466616503442765e+02 1.616669113690022073e+02
1.994471020257195164e+02 1.616762858633658766e+02
1.993475424010947563e+02 1.616856603577295459e+02
1.992479827764699962e+02 1.616950348520932152e+02
1.991484231518452361e+02 1.617044093464568846e+02
1.990488635272204760e+02 1.617137838408205539e+02
1.989493039025957160e+02 1.617231583351842232e+02
1.988497442779709559e+02 1.617325328295478926e+02
1.987501846533461958e+02 1.617419073239115619e+02
1.986506250287214357e+02 1.617512818182752312e+02
1.985510654040966756e+02 1.617606563126389005e+02
1.984515057794719155e+02 1.617700308070025699e+02
1.983519461548471554e+02 1.617794053013662392e+02
1.982523865302223953e+02 1.617887797957299085e+02
1.981528269055976352e+02 1.617981542900935779e+02
1.980532672809728751e+02 1.618075287844572472e+02
1.979537076563481151e+02 1.618169032788209165e+02
1.978541480317233550e+02 1.618262777731845858e+02
1.977545884070985949e+02 1.618356522675482552e+02
1.976550287824738348e+02 1.618450267619119245e+02
1.975554691578490747e+02 1.618544012562755938e+02
1.974559095332243146e+02 1.618637757506392632e+02
1.973563499085995545e+02 1.618731502450029325e+02
1.972567902839747944e+02 1.618825247393666018e+02
1.971572306593500343e+02 1.618918992337302711e+02
1.970576710347252742e+02 1.619012737280939405e+02
1.969581114101005141e+02 1.619106482224576098e+02
1.968585517854757541e+02 1.619200227168212791e+02
1.967589921608509940e+02 1.619293972111849484e+02
1.966594325362262339e+02 1.619387717055486178e+02
1.965598729116014738e+02 1.619481461999122871e+02
1.964603132869767137e+02 1.619575206942759564e+02
1.963607536623519536e+02 1.619668951886396258e+02
1.962611940377271935e+02 1.619762696830032951e+02
1.961616344131024334e+02 1.619856441773669644e+02
1.960620747884776733e+02 1.619950186717306337e+02
1.959625151638529132e+02 1.620043931660943031e+02
1.958629555392281532e+02 1.620137676604579724e+02
1.957633959146033931e+02 1.620231421548216417e+02
1.956638362899786330e+02 1.620325166491853111e+02
1.955642766653538729e+02 1.620418911435489804e+02
1.954647170407291128e+02 1.620512656379126497e+02
1.953651574161043527e+02 1.620606401322763190e+02
1.952655977914795926e+02 1.620700146266399884e+02
1.951660381668548325e+02 1.620793891210036577e+02
1.950664785422300724e+02 1.620887636153673270e+02
1.949669189176053123e+02 1.620981381097309963e+02
1.948673592929805523e+02 1.621075126040946657e+02
1.947677996683557922e+02 1.621168870984583350e+02
1.946682400437310321e+02 1.621262615928220043e+02
1.945686804191062720e+02 1.621356360871856737e+02
1.944691207944815119e+02 1.621450105815493430e+02
1.943695611698567518e+02 1.621543850759130123e+02
1.942700015452319917e+02 1.621637595702766816e+02
1.941704419206072316e+02 1.621731340646403510e+02
1.940708822959824715e+02 1.621825085590040203e+02
1.939713226713577114e+02 1.621918830533676896e+02
1.938717630467329514e+02 1.622012575477313590e+02
1.937722034221081913e+02 1.622106320420950283e+02
1.936726437974834312e+02 1.622200065364586976e+02
1.935730841728586711e+02 1.622293810308223669e+02
1.934735245482339110e+02 1.622387555251860363e+02
1.933739649236091509e+02 1.622481300195497056e+02
1.932744052989843908e+02 1.622575045139133749e+02
1.931748456743596307e+02 1.622668790082770442e+02
1.930752860497348706e+02 1.622762535026407136e+02
1.929757264251101105e+02 1.622856279970043829e+02
1.928761668004853504e+02 1.622950024913680522e+02
1.927766071758605904e+02 1.623043769857317216e+02
1.926770475512358303e+02 1.623137514800953909e+02
1.925774879266110702e+02 1.623231259744590602e+02
1.924779283019863101e+02 1.623325004688227295e+02
1.923783686773615500e+02 1.623418749631863989e+02
1.922788090527367899e+02 1.623512494575500682e+02
1.921792494281120298e+02 1.623606239519137375e+02
1.920796898034872697e+02 1.623699984462774069e+02
1.919801301788625096e+02 1.623793729406410762e+02
1.918805705542377495e+02 1.623887474350047455e+02
1.917810109296129895e+02 1.623981219293684148e+02
1.916814513049882294e+02 1.624074964237320842e+02
1.915818916803634693e+02 1.624168709180957535e+02
1.914823320557387092e+02 1.624262454124594228e+02
1.913827724311139491e+02 1.624356199068230922e+02
1.912832128064891890e+02 1.624449944011867615e+02
1.911836531818644289e+02 1.624543688955504308e+02
1.910840935572396688e+02 1.624637433899141001e+02
1.909845339326149087e+02 1.624731178842777695e+02
1.908849743079901486e+02 1.624824923786414388e+02
1.907854146833653886e+02 1.624918668730051081e+02
1.906858550587406285e+02 1.625012413673687774e+02
1.905862954341158684e+02 1.625106158617324468e+02
1.904867358094911083e+02 1.625199903560961161e+02
1.903871761848663482e+02 1.625293648504597854e+02
1.902876165602415881e+02 1.625387393448234548e+02
1.901880569356168280e+02 1.625481138391871241e+02
1.900884973109920679e+02 1.625574883335507934e+02
1.899889376863673078e+02 1.625668628279144627e+02
1.898893780617425477e+02 1.625762373222781321e+02
1.897898184371177877e+02 1.625856118166418014e+02
1.896902588124930276e+02 1.625949863110054707e+02
1.895906991878682675e+02 1.626043608053691401e+02
1.894911395632435074e+02 1.626137352997328094e+02
1.893915799386187473e+02 1.626231097940964787e+02
1.892920203139939872e+02 1.626324842884601480e+02
1.891924606893692271e+02 1.626418587828238174e+02
1.890929010647444670e+02 1.626512332771874867e+02
1.889933414401197069e+02 1.626606077715511560e+02
1.888937818154949468e+02 1.626699822659148253e+02
1.887942221908701868e+02 1.626793567602784947e+02
1.886946625662454267e+02 1.626887312546421640e+02
1.885951029416206666e+02 1.626981057490058333e+02
1.884955433169959065e+02 1.627074802433695027e+02
1.883959836923711464e+02 1.627168547377331720e+02
1.882964240677463863e+02 1.627262292320968413e+02
1.881968644431216262e+02 1.627356037264605106e+02
1.880973048184968661e+02 1.627449782208241800e+02
1.879977451938721060e+02 1.627543527151878493e+02
1.878981855692473459e+02 1.627637272095515186e+02
1.877986259446225858e+02 1.627731017039151880e+02
1.876990663199978258e+02 1.627824761982788573e+02
1.875995066953730657e+02 1.627918506926425266e+02
1.874999470707483056e+02 1.628012251870061959e+02
1.874003874461235455e+02 1.628105996813698653e+02
1.873008278214987854e+02 1.628199741757335346e+02
1.872012681968740253e+02 1.628293486700972039e+02
1.871017085722492652e+02 1.628387231644608732e+02
1.870021489476245051e+02 1.628480976588245426e+02
1.869025893229997450e+02 1.628574721531882119e+02
1.868030296983749849e+02 1.628668466475518812e+02
1.867034700737502249e+02 1.628762211419155506e+02
1.866039104491254648e+02 1.628855956362792199e+02
1.865043508245007047e+02 1.628949701306428892e+02
1.864047911998759446e+02 1.629043446250065585e+02
1.863052315752511845e+02 1.629137191193702279e+02
1.862056719506264244e+02 1.629230936137338972e+02
1.861061123260016643e+02 1.629324681080975665e+02
1.860065527013769042e+02 1.629418426024612359e+02
1.859069930767521441e+02 1.629512170968249052e+02
1.858074334521273840e+02 1.629605915911885745e+02
1.857078738275026240e+02 1.629699660855522438e+02
1.856083142028778639e+02 1.629793405799159132e+02
1.855087545782531038e+02 1.629887150742795825e+02
1.854091949536283437e+02 1.629980895686432518e+02
1.853096353290035836e+02 1.630074640630069212e+02
1.852100757043788235e+02 1.630168385573705905e+02
1.851105160797540634e+02 1.630262130517342598e+02
1.850109564551293033e+02 1.630355875460979291e+02
1.849113968305045432e+02 1.630449620404615985e+02
1.848118372058797831e+02 1.630543365348252678e+02
1.847122775812550231e+02 1.630637110291889371e+02
1.846127179566302630e+02 1.630730855235526064e+02
1.845131583320055029e+02 1.630824600179162758e+02
1.844135987073807428e+02 1.630918345122799451e+02
1.843140390827559827e+02 1.631012090066436144e+02
1.842144794581312226e+02 1.631105835010072838e+02
1.841149198335064625e+02 1.631199579953709531e+02
1.840153602088817024e+02 1.631293324897346224e+02
1.839158005842569423e+02 1.631387069840982917e+02
1.838162409596321822e+02 1.631480814784619611e+02
1.837166813350074221e+02 1.631574559728256304e+02
1.836171217103826621e+02 1.631668304671892997e+02
1.835175620857579020e+02 1.631762049615529691e+02
1.834180024611331419e+02 1.631855794559166384e+02
1.833184428365083818e+02 1.631949539502803077e+02
1.832188832118836217e+02 1.632043284446439770e+02
1.831193235872588616e+02 1.632137029390076464e+02
1.830197639626341015e+02 1.632230774333713157e+02
1.829202043380093414e+02 1.632324519277349850e+02
1.828206447133845813e+02 1.632418264220986543e+02
1.827210850887598212e+02 1.632512009164623237e+02
1.826215254641350612e+02 1.632605754108259930e+02
1.825219658395103011e+02 1.632699499051896623e+02
1.824224062148855410e+02 1.632793243995533317e+02
1.823228465902607809e+02 1.632886988939170010e+02
1.822232869656360208e+02 1.632980733882806703e+02
1.821237273410112607e+02 1.633074478826443396e+02
1.820241677163865006e+02 1.633168223770080090e+02
1.819246080917617405e+02 1.633261968713716783e+02
1.818250484671369804e+02 1.633355713657353476e+02
1.817254888425122203e+02 1.633449458600990170e+02
1.816259292178874603e+02 1.633543203544626863e+02
1.815263695932627002e+02 1.633636948488263556e+02
1.814268099686379401e+02 1.633730693431900249e+02
1.813272503440131800e+02 1.633824438375536943e+02
1.812276907193884199e+02 1.633918183319173636e+02
1.811281310947636598e+02 1.634011928262810329e+02
1.810285714701388997e+02 1.634105673206447022e+02
1.809290118455141396e+02 1.634199418150083716e+02
1.808294522208893795e+02 1.634293163093720409e+02
1.807298925962646194e+02 1.634386908037357102e+02
1.806303329716398594e+02 1.634480652980993796e+02
1.805307733470150993e+02 1.634574397924630489e+02
1.804312137223903392e+02 1.634668142868267182e+02
1.803316540977655791e+02 1.634761887811903875e+02
1.802320944731408190e+02 1.634855632755540569e+02
1.801325348485160589e+02 1.634949377699177262e+02
1.800329752238912988e+02 1.635043122642813955e+02
1.799334155992665387e+02 1.635136867586450649e+02
1.798338559746417786e+02 1.635230612530087342e+02
1.797342963500170185e+02 1.635324357473724035e+02
1.796347367253922584e+02 1.635418102417360728e+02
1.795351771007674984e+02 1.635511847360997422e+02
1.793502291984981696e+02 1.635685993564690648e+02
1.793408547041345003e+02 1.634690397318443047e+02
1.793314802097708309e+02 1.633694801072195446e+02
1.793221057154071616e+02 1.632699204825947845e+02
1.793127312210434923e+02 1.631703608579700244e+02
1.793033567266798229e+02 1.630708012333452643e+02
1.792939822323161536e+02 1.629712416087205042e+02
1.792846077379524843e+02 1.628716819840957442e+02
1.792752332435888150e+02 1.627721223594709841e+02
1.792658587492251456e+02 1.626725627348462240e+02
1.792564842548614763e+02 1.625730031102214639e+02
1.792471097604978070e+02 1.624734434855967038e+02
1.792377352661341376e+02 1.623738838609719437e+02
1.792283607717704683e+02 1.622743242363471836e+02
1.792189862774067990e+02 1.621747646117224235e+02
1.792096117830431297e+02 1.620752049870976634e+02
1.792002372886794603e+02 1.619756453624729033e+02
1.791908627943157910e+02 1.618760857378481433e+02
1.791814882999521217e+02 1.617765261132233832e+02
1.791721138055884524e+02 1.616769664885986231e+02
1.791627393112247830e+02 1.615774068639738630e+02
1.791533648168611137e+02 1.614778472393491029e+02
1.791439903224974444e+02 1.613782876147243428e+02
1.791346158281337750e+02 1.612787279900995827e+02
1.791252413337701057e+02 1.611791683654748226e+02
1.791158668394064364e+02 1.610796087408500625e+02
1.791064923450427671e+02 1.609800491162253024e+02
1.790971178506790977e+02 1.608804894916005424e+02
1.790877433563154284e+02 1.607809298669757823e+02
1.790783688619517591e+02 1.606813702423510222e+02
1.790689943675880897e+02 1.605818106177262621e+02
1.790596198732244204e+02 1.604822509931015020e+02
1.790502453788607511e+02 1.603826913684767419e+02
1.790408708844970818e+02 1.602831317438519818e+02
1.790314963901334124e+02 1.601835721192272217e+02
1.790221218957697431e+02 1.600840124946024616e+02
1.790127474014060738e+02 1.599844528699777015e+02
1.790033729070424044e+02 1.598848932453529414e+02
1.789939984126787351e+02 1.597853336207281814e+02
1.789846239183150658e+02 1.596857739961034213e+02
1.789752494239513965e+02 1.595862143714786612e+02
1.789658749295877271e+02 1.594866547468539011e+02
1.789565004352240578e+02 1.593870951222291410e+02
1.789471259408603885e+02 1.592875354976043809e+02
1.789377514464967192e+02 1.591879758729796208e+02
1.789283769521330498e+02 1.590884162483548607e+02
1.789190024577693805e+02 1.589888566237301006e+02
1.789096279634057112e+02 1.588892969991053405e+02
1.789002534690420418e+02 1.587897373744805805e+02
1.788908789746783725e+02 1.586901777498558204e+02
1.788815044803147032e+02 1.585906181252310603e+02
1.788721299859510339e+02 1.584910585006063002e+02
1.788627554915873645e+02 1.583914988759815401e+02
1.788533809972236952e+02 1.582919392513567800e+02
1.788440065028600259e+02 1.581923796267320199e+02
1.788346320084963565e+02 1.580928200021072598e+02
1.788252575141326872e+02 1.579932603774824997e+02
1.788158830197690179e+02 1.578937007528577396e+02
1.788065085254053486e+02 1.577941411282329796e+02
1.787971340310416792e+02 1.576945815036082195e+02
1.787877595366780099e+02 1.575950218789834594e+02
1.787783850423143406e+02 1.574954622543586993e+02
1.787690105479506713e+02 1.573959026297339392e+02
1.787596360535870019e+02 1.572963430051091791e+02
1.787502615592233326e+02 1.571967833804844190e+02
1.787408870648596633e+02 1.570972237558596589e+02
1.787315125704959939e+02 1.569976641312348988e+02
1.787221380761323246e+02 1.568981045066101387e+02
1.787127635817686553e+02 1.567985448819853787e+02
1.787033890874049860e+02 1.566989852573606186e+02
1.786940145930413166e+02 1.565994256327358585e+02
1.786846400986776473e+02 1.564998660081110984e+02
1.786752656043139780e+02 1.564003063834863383e+02
1.786658911099503086e+02 1.563007467588615782e+02
1.786565166155866393e+02 1.562011871342368181e+02
1.786471421212229700e+02 1.561016275096120580e+02
1.786377676268593007e+02 1.560020678849872979e+02
1.786283931324956313e+02 1.559025082603625378e+02
1.786190186381319620e+02 1.558029486357377777e+02
1.786096441437682927e+02 1.557033890111130177e+02
1.786002696494046234e+02 1.556038293864882576e+02
1.785908951550409540e+02 1.555042697618634975e+02
1.785815206606772847e+02 1.554047101372387374e+02
1.785721461663136154e+02 1.553051505126139773e+02
1.785627716719499460e+02 1.552055908879892172e+02
1.785533971775862767e+02 1.551060312633644571e+02
1.785440226832226074e+02 1.550064716387396970e+02
1.785346481888589381e+02 1.549069120141149369e+02
1.785252736944952687e+02 1.548073523894901768e+02
1.785158992001315994e+02 1.547077927648654168e+02
1.785065247057679301e+02 1.546082331402406567e+02
1.784971502114042607e+02 1.545086735156158966e+02
1.784877757170405914e+02 1.544091138909911365e+02
1.784784012226769221e+02 1.543095542663663764e+02
1.784690267283132528e+02 1.542099946417416163e+02
1.784596522339495834e+02 1.541104350171168562e+02
1.784502777395859141e+02 1.540108753924920961e+02
1.784409032452222448e+02 1.539113157678673360e+02
1.784315287508585754e+02 1.538117561432425759e+02
1.784221542564949061e+02 1.537121965186178159e+02
1.784127797621312368e+02 1.536126368939930558e+02
1.784034052677675675e+02 1.535130772693682957e+02
1.783940307734038981e+02 1.534135176447435356e+02
1.783846562790402288e+02 1.533139580201187755e+02
1.783752817846765595e+02 1.532143983954940154e+02
1.783659072903128902e+02 1.531148387708692553e+02
1.783565327959492208e+02 1.530152791462444952e+02
1.783471583015855515e+02 1.529157195216197351e+02
1.783377838072218822e+02 1.528161598969949750e+02
1.783284093128582128e+02 1.527166002723702150e+02
1.783190348184945435e+02 1.526170406477454549e+02
1.783096603241308742e+02 1.525174810231206948e+02
1.783002858297672049e+02 1.524179213984959347e+02
1.782909113354035355e+02 1.523183617738711746e+02
1.782815368410398662e+02 1.522188021492464145e+02
1.782721623466761969e+02 1.521192425246216544e+02
1.782627878523125275e+02 1.520196828999968943e+02
1.782534133579488582e+02 1.519201232753721342e+02
1.782440388635851889e+02 1.518205636507473741e+02
1.782346643692215196e+02 1.517210040261226141e+02
1.782252898748578502e+02 1.516214444014978540e+02
1.782159153804941809e+02 1.515218847768730939e+02
1.782065408861305116e+02 1.514223251522483338e+02
1.781971663917668423e+02 1.513227655276235737e+02
1.781877918974031729e+02 1.512232059029988136e+02
1.781784174030395036e+02 1.511236462783740535e+02
1.781690429086758343e+02 1.510240866537492934e+02
1.781596684143121649e+02 1.509245270291245333e+02
1.781502939199484956e+02 1.508249674044997732e+02
1.781409194255848263e+02 1.507254077798750131e+02
1.781315449312211570e+02 1.506258481552502531e+02
1.781221704368574876e+02 1.505262885306254930e+02
1.781127959424938183e+02 1.504267289060007329e+02
1.781034214481301490e+02 1.503271692813759728e+02
1.780940469537664796e+02 1.502276096567512127e+02
1.780846724594028103e+02 1.501280500321264526e+02
1.780752979650391410e+02 1.500284904075016925e+02
1.780659234706754717e+02 1.499289307828769324e+02
1.780565489763118023e+02 1.498293711582521723e+02
1.780471744819481330e+02 1.497298115336274122e+02
1.780377999875844637e+02 1.496302519090026522e+02
1.780284254932207944e+02 1.495306922843778921e+02
1.780190509988571250e+02 1.494311326597531320e+02
1.780096765044934557e+02 1.493315730351283719e+02
1.780003020101297864e+02 1.492320134105036118e+02
1.779909275157661170e+02 1.491324537858788517e+02
1.779815530214024477e+02 1.490328941612540916e+02
1.779721785270387784e+02 1.489333345366293315e+02
1.779628040326751091e+02 1.488337749120045714e+02
1.779534295383114397e+02 1.487342152873798113e+02
1.779440550439477704e+02 1.486346556627550513e+02
1.779346805495841011e+02 1.485350960381302912e+02
1.779253060552204317e+02 1.484355364135055311e+02
1.779159315608567624e+02 1.483359767888807710e+02
1.779065570664930931e+02 1.482364171642560109e+02
1.778971825721294238e+02 1.481368575396312508e+02
1.778878080777657544e+02 1.480372979150064907e+02
1.778784335834020851e+02 1.479377382903817306e+02
1.778690590890384158e+02 1.478381786657569705e+02
1.778596845946747464e+02 1.477386190411322104e+02
1.778503101003110771e+02 1.476390594165074504e+02
1.778409356059474078e+02 1.475394997918826903e+02
1.778315611115837385e+02 1.474399401672579302e+02
1.778221866172200691e+02 1.473403805426331701e+02
1.778128121228563998e+02 1.472408209180084100e+02
1.778034376284927305e+02 1.471412612933836499e+02
1.777940631341290612e+02 1.470417016687588898e+02
1.777846886397653918e+02 1.469421420441341297e+02
1.777753141454017225e+02 1.468425824195093696e+02
1.777659396510380532e+02 1.467430227948846095e+02
1.777565651566743838e+02 1.466434631702598494e+02
1.777471906623107145e+02 1.465439035456350894e+02
1.777378161679470452e+02 1.464443439210103293e+02
1.777284416735833759e+02 1.463447842963855692e+02
1.777190671792197065e+02 1.462452246717608091e+02
1.777096926848560372e+02 1.461456650471360490e+02
1.777003181904923679e+02 1.460461054225112889e+02
1.776909436961286985e+02 1.459465457978865288e+02
1.776815692017650292e+02 1.458469861732617687e+02
1.776721947074013599e+02 1.457474265486370086e+02
1.776628202130376906e+02 1.456478669240122485e+02
1.776534457186740212e+02 1.455483072993874885e+02
1.776440712243103519e+02 1.454487476747627284e+02
1.776346967299466826e+02 1.453491880501379683e+02
1.776253222355830133e+02 1.452496284255132082e+02
1.776159477412193439e+02 1.451500688008884481e+02
1.776065732468556746e+02 1.450505091762636880e+02
1.775971987524920053e+02 1.449509495516389279e+02
1.775878242581283359e+02 1.448513899270141678e+02
1.775784497637646666e+02 1.447518303023894077e+02
1.775690752694009973e+02 1.446522706777646476e+02
1.775597007750373280e+02 1.445527110531398876e+02
1.775503262806736586e+02 1.444531514285151275e+02
1.775409517863099893e+02 1.443535918038903674e+02
1.775315772919463200e+02 1.442540321792656073e+02
1.775222027975826506e+02 1.441544725546408472e+02
1.775128283032189813e+02 1.440549129300160871e+02
1.775034538088553120e+02 1.439553533053913270e+02
1.774940793144916427e+02 1.438557936807665669e+02
1.774847048201279733e+02 1.437562340561418068e+02
1.774753303257643040e+02 1.436566744315170467e+02
1.774659558314006347e+02 1.435571148068922867e+02
1.774565813370369654e+02 1.434575551822675266e+02
1.774472068426732960e+02 1.433579955576427665e+02
1.774378323483096267e+02 1.432584359330180064e+02
1.774284578539459574e+02 1.431588763083932463e+02
1.774190833595822880e+02 1.430593166837684862e+02
1.774097088652186187e+02 1.429597570591437261e+02
1.774003343708549494e+02 1.428601974345189660e+02
1.773909598764912801e+02 1.427606378098942059e+02
1.773815853821276107e+02 1.426610781852694458e+02
1.773722108877639414e+02 1.425615185606446857e+02
1.773628363934002721e+02 1.424619589360199257e+02
1.773534618990366027e+02 1.423623993113951656e+02
1.773440874046729334e+02 1.422628396867704055e+02
1.773347129103092641e+02 1.421632800621456454e+02
1.773253384159455948e+02 1.420637204375208853e+02
1.773159639215819254e+02 1.419641608128961252e+02
1.773065894272182561e+02 1.418646011882713651e+02
1.772972149328545868e+02 1.417650415636466050e+02
1.772878404384909174e+02 1.416654819390218449e+02
1.772784659441272481e+02 1.415659223143970848e+02
1.772690914497635788e+02 1.414663626897723248e+02
1.772597169553999095e+02 1.413668030651475647e+02
1.772503424610362401e+02 1.412672434405228046e+02
1.772409679666725708e+02 1.411676838158980445e+02
1.772315934723089015e+02 1.410681241912732844e+02
1.772222189779452322e+02 1.409685645666485243e+02
1.772128444835815628e+02 1.408690049420237642e+02
1.772034699892178935e+02 1.407694453173990041e+02
1.771940954948542242e+02 1.406698856927742440e+02
1.771847210004905548e+02 1.405703260681494839e+02
1.771753465061268855e+02 1.404707664435247239e+02
1.771659720117632162e+02 1.403712068188999638e+02
1.771565975173995469e+02 1.402716471942752037e+02
1.771472230230358775e+02 1.401720875696504436e+02
1.771378485286722082e+02 1.400725279450256835e+02
1.771284740343085389e+02 1.399729683204009234e+02
1.771190995399448695e+02 1.398734086957761633e+02
1.771097250455812002e+02 1.397738490711514032e+02
1.771003505512175309e+02 1.396742894465266431e+02
1.770909760568538616e+02 1.395747298219018830e+02
1.770816015624901922e+02 1.394751701972771230e+02
1.770722270681265229e+02 1.393756105726523629e+02
1.770628525737628536e+02 1.392760509480276028e+02
1.770534780793991843e+02 1.391764913234028427e+02
1.770441035850355149e+02 1.390769316987780826e+02
1.770347290906718456e+02 1.389773720741533225e+02
1.770253545963081763e+02 1.388778124495285624e+02
1.770159801019445069e+02 1.387782528249038023e+02
1.770066056075808376e+02 1.386786932002790422e+02
1.769972311132171683e+02 1.385791335756542821e+02
1.769878566188534990e+02 1.384795739510295220e+02
1.769784821244898296e+02 1.383800143264047620e+02
1.769691076301261603e+02 1.382804547017800019e+02
1.769597331357624910e+02 1.381808950771552418e+02
1.769503586413988216e+02 1.380813354525304817e+02
1.769409841470351523e+02 1.379817758279057216e+02
1.769316096526714830e+02 1.378822162032809615e+02
1.769222351583078137e+02 1.377826565786562014e+02
1.769128606639441443e+02 1.376830969540314413e+02
1.769034861695804750e+02 1.375835373294066812e+02
1.768941116752168057e+02 1.374839777047819211e+02
1.768847371808531364e+02 1.373844180801571611e+02
1.768753626864894670e+02 1.372848584555324010e+02
1.768659881921257977e+02 1.371852988309076409e+02
1.768566136977621284e+02 1.370857392062828808e+02
1.768472392033984590e+02 1.369861795816581207e+02
1.768378647090347897e+02 1.368866199570333606e+02
1.768284902146711204e+02 1.367870603324086005e+02
1.768191157203074511e+02 1.366875007077838404e+02
1.768097412259437817e+02 1.365879410831590803e+02
1.768003667315801124e+02 1.364883814585343202e+02
1.767909922372164431e+02 1.363888218339095602e+02
1.767816177428527737e+02 1.362892622092848001e+02
1.767722432484891044e+02 1.361897025846600400e+02
1.767628687541254351e+02 1.360901429600352799e+02
1.767534942597617658e+02 1.359905833354105198e+02
1.767441197653980964e+02 1.358910237107857597e+02
1.767347452710344271e+02 1.357914640861609996e+02
1.767253707766707578e+02 1.356919044615362395e+02
1.767159962823070884e+02 1.355923448369114794e+02
1.767066217879434191e+02 1.354927852122867193e+02
1.766972472935797498e+02 1.353932255876619593e+02
1.766878727992160805e+02 1.352936659630371992e+02
1.766784983048524111e+02 1.351941063384124391e+02
1.766691238104887418e+02 1.350945467137876790e+02
1.766597493161250725e+02 1.349949870891629189e+02
1.766503748217614032e+02 1.348954274645381588e+02
1.766410003273977338e+02 1.347958678399133987e+02
1.766316258330340645e+02 1.346963082152886386e+02
1.766222513386703952e+02 1.345967485906638785e+02
1.766128768443067258e+02 1.344971889660391184e+02
1.766035023499430565e+02 1.343976293414143584e+02
1.765941278555793872e+02 1.342980697167895983e+02
1.765847533612157179e+02 1.341985100921648382e+02
1.765753788668520485e+02 1.340989504675400781e+02
1.765660043724883792e+02 1.339993908429153180e+02
1.765566298781247099e+02 1.338998312182905579e+02
1.765472553837610405e+02 1.338002715936657978e+02
1.765378808893973712e+02 1.337007119690410377e+02
1.765285063950337019e+02 1.336011523444162776e+02
1.765191319006700326e+02 1.335015927197915175e+02
1.765097574063063632e+02 1.334020330951667574e+02
1.764973758871797145e+02 1.332705380673647255e+02
