1.417563186201088570e+02 4.043231488061975654e+01
1.416583553061350926e+02 4.045239445021874047e+01
1.415603919921613283e+02 4.047247401981772441e+01
1.414624286781875639e+02 4.049255358941670835e+01
1.413644653642137996e+02 4.051263315901569229e+01
1.412665020502400353e+02 4.053271272861467622e+01
1.411685387362662709e+02 4.055279229821366016e+01
1.410705754222925066e+02 4.057287186781264410e+01
1.409726121083187422e+02 4.059295143741162804e+01
1.408746487943449779e+02 4.061303100701061197e+01
1.407766854803712135e+02 4.063311057660959591e+01
1.406787221663974492e+02 4.065319014620857985e+01
1.405807588524236849e+02 4.067326971580756378e+01
1.404827955384499205e+02 4.069334928540654772e+01
1.403848322244761562e+02 4.071342885500553166e+01
1.402868689105023918e+02 4.073350842460451560e+01
1.401889055965286275e+02 4.075358799420349953e+01
1.400909422825548631e+02 4.077366756380248347e+01
1.399929789685810988e+02 4.079374713340146741e+01
1.398950156546073345e+02 4.081382670300045135e+01
1.397970523406335701e+02 4.083390627259943528e+01
1.396990890266598058e+02 4.085398584219841922e+01
1.396011257126860414e+02 4.087406541179740316e+01
1.395031623987122771e+02 4.089414498139638710e+01
1.394051990847385127e+02 4.091422455099537103e+01
1.393072357707647484e+02 4.093430412059435497e+01
1.392092724567909841e+02 4.095438369019333891e+01
1.391113091428172197e+02 4.097446325979232284e+01
1.390133458288434554e+02 4.099454282939130678e+01
1.389153825148696910e+02 4.101462239899029072e+01
1.388174192008959267e+02 4.103470196858927466e+01
1.387194558869221623e+02 4.105478153818825859e+01
1.386214925729483980e+02 4.107486110778724253e+01
1.385235292589746336e+02 4.109494067738622647e+01
1.384255659450008693e+02 4.111502024698521041e+01
1.383276026310271050e+02 4.113509981658419434e+01
1.382296393170533406e+02 4.115517938618317828e+01
1.381316760030795763e+02 4.117525895578216222e+01
1.380337126891058119e+02 4.119533852538114616e+01
1.379357493751320476e+02 4.121541809498013009e+01
1.378377860611582832e+02 4.123549766457911403e+01
1.377398227471845189e+02 4.125557723417809797e+01
1.376418594332107546e+02 4.127565680377708190e+01
1.375438961192369902e+02 4.129573637337606584e+01
1.374459328052632259e+02 4.131581594297504978e+01
1.373479694912894615e+02 4.133589551257403372e+01
1.372500061773156972e+02 4.135597508217301765e+01
1.371520428633419328e+02 4.137605465177200159e+01
1.370540795493681685e+02 4.139613422137098553e+01
1.369561162353944042e+02 4.141621379096996947e+01
1.368581529214206398e+02 4.143629336056895340e+01
1.367601896074468755e+02 4.145637293016793734e+01
1.366622262934731111e+02 4.147645249976692128e+01
1.365642629794993468e+02 4.149653206936590522e+01
1.364662996655255824e+02 4.151661163896488915e+01
1.363683363515518181e+02 4.153669120856387309e+01
1.362703730375780538e+02 4.155677077816285703e+01
1.361724097236042894e+02 4.157685034776184096e+01
1.360744464096305251e+02 4.159692991736082490e+01
1.359764830956567607e+02 4.161700948695980884e+01
1.358785197816829964e+02 4.163708905655879278e+01
1.357805564677092320e+02 4.165716862615777671e+01
1.356825931537354677e+02 4.167724819575676065e+01
1.355846298397617034e+02 4.169732776535574459e+01
1.354866665257879390e+02 4.171740733495472853e+01
1.353887032118141747e+02 4.173748690455371246e+01
1.352907398978404103e+02 4.175756647415269640e+01
1.351927765838666460e+02 4.177764604375168034e+01
1.350948132698928816e+02 4.179772561335066428e+01
1.349968499559191173e+02 4.181780518294964821e+01
1.348988866419453529e+02 4.183788475254863215e+01
1.348009233279715886e+02 4.185796432214761609e+01
1.347029600139978243e+02 4.187804389174660002e+01
1.346049967000240599e+02 4.189812346134558396e+01
1.345070333860502956e+02 4.191820303094456790e+01
1.344090700720765312e+02 4.193828260054355184e+01
1.343111067581027669e+02 4.195836217014253577e+01
1.342131434441290025e+02 4.197844173974151971e+01
1.341151801301552382e+02 4.199852130934050365e+01
1.340172168161814739e+02 4.201860087893948759e+01
1.339192535022077095e+02 4.203868044853847152e+01
1.338212901882339452e+02 4.205876001813745546e+01
1.337233268742601808e+02 4.207883958773643940e+01
1.336253635602864165e+02 4.209891915733542334e+01
1.335274002463126521e+02 4.211899872693440727e+01
1.334294369323388878e+02 4.213907829653339121e+01
1.333314736183651235e+02 4.215915786613237515e+01
1.332335103043913591e+02 4.217923743573135908e+01
1.331355469904175948e+02 4.219931700533034302e+01
1.330375836764438304e+02 4.221939657492932696e+01
1.329396203624700661e+02 4.223947614452831090e+01
1.328416570484963017e+02 4.225955571412729483e+01
1.327436937345225374e+02 4.227963528372627877e+01
1.326457304205487731e+02 4.229971485332526271e+01
1.325477671065750087e+02 4.231979442292424665e+01
1.324498037926012444e+02 4.233987399252323058e+01
1.323518404786274800e+02 4.235995356212221452e+01
1.322538771646537157e+02 4.238003313172119846e+01
1.321559138506799513e+02 4.240011270132018240e+01
1.320579505367061870e+02 4.242019227091916633e+01
1.319599872227324227e+02 4.244027184051815027e+01
1.318620239087586583e+02 4.246035141011713421e+01
1.317640605947848940e+02 4.248043097971611815e+01
1.316660972808111296e+02 4.250051054931510208e+01
1.315681339668373653e+02 4.252059011891408602e+01
1.314701706528636009e+02 4.254066968851306996e+01
1.313722073388898366e+02 4.256074925811205389e+01
1.312742440249160722e+02 4.258082882771103783e+01
1.311762807109423079e+02 4.260090839731002177e+01
1.310783173969685436e+02 4.262098796690900571e+01
1.309803540829947792e+02 4.264106753650798964e+01
1.308823907690210149e+02 4.266114710610697358e+01
1.307844274550472505e+02 4.268122667570595752e+01
1.306864641410734862e+02 4.270130624530494146e+01
1.305885008270997218e+02 4.272138581490392539e+01
1.304905375131259575e+02 4.274146538450290933e+01
1.303925741991521932e+02 4.276154495410189327e+01
1.302946108851784288e+02 4.278162452370087721e+01
1.301966475712046645e+02 4.280170409329986114e+01
1.300986842572309001e+02 4.282178366289884508e+01
1.300007209432571358e+02 4.284186323249782902e+01
1.299027576292833714e+02 4.286194280209681295e+01
1.298047943153096071e+02 4.288202237169579689e+01
1.297068310013358428e+02 4.290210194129478083e+01
1.296088676873620784e+02 4.292218151089376477e+01
1.295109043733883141e+02 4.294226108049274870e+01
1.294129410594145497e+02 4.296234065009173264e+01
1.293149777454407854e+02 4.298242021969071658e+01
1.292170144314670210e+02 4.300249978928970052e+01
1.291190511174932567e+02 4.302257935888868445e+01
1.290210878035194924e+02 4.304265892848766839e+01
1.289231244895457280e+02 4.306273849808665233e+01
1.288251611755719637e+02 4.308281806768563627e+01
1.287271978615981993e+02 4.310289763728462020e+01
1.286292345476244350e+02 4.312297720688360414e+01
1.285312712336506706e+02 4.314305677648258808e+01
1.284333079196769063e+02 4.316313634608157201e+01
1.283353446057031420e+02 4.318321591568055595e+01
1.282373812917293776e+02 4.320329548527953989e+01
1.281394179777556133e+02 4.322337505487852383e+01
1.280414546637818489e+02 4.324345462447750776e+01
1.279434913498080988e+02 4.326353419407649170e+01
1.278455280358343487e+02 4.328361376367547564e+01
1.277475647218605985e+02 4.330369333327445958e+01
1.276496014078868484e+02 4.332377290287344351e+01
1.275516380939130983e+02 4.334385247247242745e+01
1.274536747799393481e+02 4.336393204207141139e+01
1.273557114659655980e+02 4.338401161167039533e+01
1.272577481519918479e+02 4.340409118126937926e+01
1.271597848380180977e+02 4.342417075086836320e+01
1.270618215240443476e+02 4.344425032046734714e+01
1.269638582100705975e+02 4.346432989006633107e+01
1.268658948960968473e+02 4.348440945966531501e+01
1.267679315821230972e+02 4.350448902926429895e+01
1.266699682681493471e+02 4.352456859886328289e+01
1.265720049541755969e+02 4.354464816846226682e+01
1.264740416402018468e+02 4.356472773806125076e+01
1.263760783262280967e+02 4.358480730766023470e+01
1.262781150122543465e+02 4.360488687725921864e+01
1.261801516982805964e+02 4.362496644685820257e+01
1.260821883843068463e+02 4.364504601645718651e+01
1.259842250703330961e+02 4.366512558605617045e+01
1.258862617563593460e+02 4.368520515565515439e+01
1.257882984423855959e+02 4.370528472525413832e+01
1.256903351284118457e+02 4.372536429485312226e+01
1.255923718144380956e+02 4.374544386445210620e+01
1.254944085004643455e+02 4.376552343405109013e+01
1.253964451864905953e+02 4.378560300365007407e+01
1.252984818725168452e+02 4.380568257324905801e+01
1.252005185585430951e+02 4.382576214284804195e+01
1.251025552445693449e+02 4.384584171244702588e+01
1.250045919305955948e+02 4.386592128204600982e+01
1.249066286166218447e+02 4.388600085164499376e+01
1.248086653026480946e+02 4.390608042124397770e+01
1.247107019886743444e+02 4.392615999084296163e+01
1.246127386747005943e+02 4.394623956044194557e+01
1.245147753607268442e+02 4.396631913004092951e+01
1.244168120467530940e+02 4.398639869963991345e+01
1.243188487327793439e+02 4.400647826923889738e+01
1.242208854188055938e+02 4.402655783883788132e+01
1.241229221048318436e+02 4.404663740843686526e+01
1.240249587908580935e+02 4.406671697803584919e+01
1.239269954768843434e+02 4.408679654763483313e+01
1.238290321629105932e+02 4.410687611723381707e+01
1.237310688489368431e+02 4.412695568683280101e+01
1.236331055349630930e+02 4.414703525643178494e+01
1.235351422209893428e+02 4.416711482603076888e+01
1.234371789070155927e+02 4.418719439562975282e+01
1.233392155930418426e+02 4.420727396522873676e+01
1.232412522790680924e+02 4.422735353482772069e+01
1.231432889650943423e+02 4.424743310442670463e+01
1.230453256511205922e+02 4.426751267402568857e+01
1.229473623371468420e+02 4.428759224362467251e+01
1.228493990231730919e+02 4.430767181322365644e+01
1.227514357091993418e+02 4.432775138282264038e+01
1.226534723952255916e+02 4.434783095242162432e+01
1.225555090812518415e+02 4.436791052202060825e+01
1.224575457672780914e+02 4.438799009161959219e+01
1.223595824533043412e+02 4.440806966121857613e+01
1.222616191393305911e+02 4.442814923081756007e+01
1.221636558253568410e+02 4.444822880041654400e+01
1.220656925113830908e+02 4.446830837001552794e+01
1.219677291974093407e+02 4.448838793961451188e+01
1.218697658834355906e+02 4.450846750921349582e+01
1.217718025694618404e+02 4.452854707881247975e+01
1.216738392554880903e+02 4.454862664841146369e+01
1.215758759415143402e+02 4.456870621801044763e+01
1.214779126275405901e+02 4.458878578760943157e+01
1.213799493135668399e+02 4.460886535720841550e+01
1.212819859995930898e+02 4.462894492680739944e+01
1.211840226856193397e+02 4.464902449640638338e+01
1.210860593716455895e+02 4.466910406600536732e+01
1.209880960576718394e+02 4.468918363560435125e+01
1.208901327436980893e+02 4.470926320520333519e+01
1.207921694297243391e+02 4.472934277480231913e+01
1.206942061157505890e+02 4.474942234440130306e+01
1.205962428017768389e+02 4.476950191400028700e+01
1.204982794878030887e+02 4.478958148359927094e+01
1.204003161738293386e+02 4.480966105319825488e+01
1.203023528598555885e+02 4.482974062279723881e+01
1.202043895458818383e+02 4.484982019239622275e+01
1.201064262319080882e+02 4.486989976199520669e+01
1.200084629179343381e+02 4.488997933159419063e+01
1.199104996039605879e+02 4.491005890119317456e+01
1.198125362899868378e+02 4.493013847079215850e+01
1.197145729760130877e+02 4.495021804039114244e+01
1.196166096620393375e+02 4.497029760999012638e+01
1.195186463480655874e+02 4.499037717958911031e+01
1.194206830340918373e+02 4.501045674918809425e+01
1.193227197201180871e+02 4.503053631878707819e+01
1.192247564061443370e+02 4.505061588838606212e+01
1.191267930921705869e+02 4.507069545798504606e+01
1.190288297781968367e+02 4.509077502758403000e+01
1.189308664642230866e+02 4.511085459718301394e+01
1.188329031502493365e+02 4.513093416678199787e+01
1.187349398362755863e+02 4.515101373638098181e+01
1.186369765223018362e+02 4.517109330597996575e+01
1.185390132083280861e+02 4.519117287557894969e+01
1.184410498943543359e+02 4.521125244517793362e+01
1.183430865803805858e+02 4.523133201477691756e+01
1.182451232664068357e+02 4.525141158437590150e+01
1.181471599524330856e+02 4.527149115397488544e+01
1.180491966384593354e+02 4.529157072357386937e+01
1.179512333244855853e+02 4.531165029317285331e+01
1.178532700105118352e+02 4.533172986277183725e+01
1.177553066965380850e+02 4.535180943237082118e+01
1.176573433825643349e+02 4.537188900196980512e+01
1.175593800685905848e+02 4.539196857156878906e+01
1.174614167546168346e+02 4.541204814116777300e+01
1.173634534406430845e+02 4.543212771076675693e+01
1.172654901266693344e+02 4.545220728036574087e+01
1.171675268126955842e+02 4.547228684996472481e+01
1.170695634987218341e+02 4.549236641956370875e+01
1.169716001847480840e+02 4.551244598916269268e+01
1.168736368707743338e+02 4.553252555876167662e+01
1.167756735568005837e+02 4.555260512836066056e+01
1.166777102428268336e+02 4.557268469795964450e+01
1.165797469288530834e+02 4.559276426755862843e+01
1.164817836148793333e+02 4.561284383715761237e+01
1.163838203009055832e+02 4.563292340675659631e+01
1.162858569869318330e+02 4.565300297635558024e+01
1.161878936729580829e+02 4.567308254595456418e+01
1.160899303589843328e+02 4.569316211555354812e+01
1.159919670450105826e+02 4.571324168515253206e+01
1.158940037310368325e+02 4.573332125475151599e+01
1.157960404170630824e+02 4.575340082435049993e+01
1.156980771030893322e+02 4.577348039394948387e+01
1.156001137891155821e+02 4.579355996354846781e+01
1.155021504751418320e+02 4.581363953314745174e+01
1.154041871611680818e+02 4.583371910274643568e+01
1.153062238471943317e+02 4.585379867234541962e+01
1.152082605332205816e+02 4.587387824194440356e+01
1.151102972192468314e+02 4.589395781154338749e+01
1.150123339052730813e+02 4.591403738114237143e+01
1.149143705912993312e+02 4.593411695074135537e+01
1.148164072773255810e+02 4.595419652034033930e+01
1.147184439633518309e+02 4.597427608993932324e+01
1.146204806493780808e+02 4.599435565953830718e+01
1.145225173354043307e+02 4.601443522913729112e+01
1.144245540214305805e+02 4.603451479873627505e+01
1.143265907074568304e+02 4.605459436833525899e+01
1.142286273934830803e+02 4.607467393793424293e+01
1.141306640795093301e+02 4.609475350753322687e+01
1.140327007655355800e+02 4.611483307713221080e+01
1.139347374515618299e+02 4.613491264673119474e+01
1.138367741375880797e+02 4.615499221633017868e+01
1.137388108236143296e+02 4.617507178592916262e+01
1.136408475096405795e+02 4.619515135552814655e+01
1.135428841956668293e+02 4.621523092512713049e+01
1.134449208816930792e+02 4.623531049472611443e+01
1.133469575677193291e+02 4.625539006432509836e+01
1.132489942537455789e+02 4.627546963392408230e+01
1.131510309397718288e+02 4.629554920352306624e+01
1.130530676257980787e+02 4.631562877312205018e+01
1.129551043118243285e+02 4.633570834272103411e+01
1.128571409978505784e+02 4.635578791232001805e+01
1.127591776838768283e+02 4.637586748191900199e+01
1.126612143699030781e+02 4.639594705151798593e+01
1.125632510559293280e+02 4.641602662111696986e+01
1.124652877419555779e+02 4.643610619071595380e+01
1.123673244279818277e+02 4.645618576031493774e+01
1.122693611140080776e+02 4.647626532991392168e+01
1.121713978000343275e+02 4.649634489951290561e+01
1.120734344860605773e+02 4.651642446911188955e+01
1.119754711720868272e+02 4.653650403871087349e+01
1.118775078581130771e+02 4.655658360830985742e+01
1.117795445441393269e+02 4.657666317790884136e+01
1.116815812301655768e+02 4.659674274750782530e+01
1.115836179161918267e+02 4.661682231710680924e+01
1.114856546022180765e+02 4.663690188670579317e+01
1.113876912882443264e+02 4.665698145630477711e+01
1.112897279742705763e+02 4.667706102590376105e+01
1.111917646602968262e+02 4.669714059550274499e+01
1.110938013463230760e+02 4.671722016510172892e+01
1.109958380323493259e+02 4.673729973470071286e+01
1.108978747183755758e+02 4.675737930429969680e+01
1.107999114044018256e+02 4.677745887389868074e+01
1.107019480904280755e+02 4.679753844349766467e+01
1.106039847764543254e+02 4.681761801309664861e+01
1.105060214624805752e+02 4.683769758269563255e+01
1.104080581485068251e+02 4.685777715229461649e+01
1.103100948345330750e+02 4.687785672189360042e+01
1.102121315205593248e+02 4.689793629149258436e+01
1.101141682065855747e+02 4.691801586109156830e+01
1.100162048926118246e+02 4.693809543069055223e+01
1.099182415786380744e+02 4.695817500028953617e+01
1.098202782646643243e+02 4.697825456988852011e+01
1.097223149506905742e+02 4.699833413948750405e+01
1.096243516367168240e+02 4.701841370908648798e+01
1.095263883227430739e+02 4.703849327868547192e+01
1.094284250087693238e+02 4.705857284828445586e+01
1.093304616947955736e+02 4.707865241788343980e+01
1.092324983808218235e+02 4.709873198748242373e+01
1.091345350668480734e+02 4.711881155708140767e+01
1.090365717528743232e+02 4.713889112668039161e+01
1.089386084389005731e+02 4.715897069627937555e+01
1.088406451249268230e+02 4.717905026587835948e+01
1.087426818109530728e+02 4.719912983547734342e+01
1.086447184969793227e+02 4.721920940507632736e+01
1.085467551830055726e+02 4.723928897467531129e+01
1.084487918690318224e+02 4.725936854427429523e+01
1.083508285550580723e+02 4.727944811387327917e+01
1.082528652410843222e+02 4.729952768347226311e+01
1.081549019271105720e+02 4.731960725307124704e+01
1.080569386131368219e+02 4.733968682267023098e+01
1.079589752991630718e+02 4.735976639226921492e+01
1.078610119851893216e+02 4.737984596186819886e+01
1.077630486712155715e+02 4.739992553146718279e+01
1.076650853572418214e+02 4.742000510106616673e+01
1.075671220432680713e+02 4.744008467066515067e+01
1.074691587292943211e+02 4.746016424026413461e+01
1.073711954153205710e+02 4.748024380986311854e+01
1.072732321013468209e+02 4.750032337946210248e+01
1.071752687873730707e+02 4.752040294906108642e+01
1.070773054733993206e+02 4.754048251866007035e+01
1.069793421594255705e+02 4.756056208825905429e+01
1.068813788454518203e+02 4.758064165785803823e+01
1.067834155314780702e+02 4.760072122745702217e+01
1.066854522175043201e+02 4.762080079705600610e+01
1.065874889035305699e+02 4.764088036665499004e+01
1.064895255895568198e+02 4.766095993625397398e+01
1.063915622755830697e+02 4.768103950585295792e+01
1.062935989616093195e+02 4.770111907545194185e+01
1.061956356476355694e+02 4.772119864505092579e+01
1.060976723336618193e+02 4.774127821464990973e+01
1.059997090196880691e+02 4.776135778424889367e+01
1.059017457057143190e+02 4.778143735384787760e+01
1.058037823917405689e+02 4.780151692344686154e+01
1.057058190777668187e+02 4.782159649304584548e+01
1.056078557637930686e+02 4.784167606264482941e+01
1.055098924498193185e+02 4.786175563224381335e+01
1.054119291358455683e+02 4.788183520184279729e+01
1.053139658218718182e+02 4.790191477144178123e+01
1.052160025078980681e+02 4.792199434104076516e+01
1.051180391939243179e+02 4.794207391063974910e+01
1.050200758799505678e+02 4.796215348023873304e+01
1.049221125659768177e+02 4.798223304983771698e+01
1.048241492520030675e+02 4.800231261943670091e+01
1.047261859380293174e+02 4.802239218903568485e+01
1.046282226240555673e+02 4.804247175863466879e+01
1.045302593100818171e+02 4.806255132823365273e+01
1.044322959961080670e+02 4.808263089783263666e+01
1.043343326821343169e+02 4.810271046743162060e+01
1.042363693681605668e+02 4.812279003703060454e+01
1.041384060541868166e+02 4.814286960662958847e+01
1.040404427402130665e+02 4.816294917622857241e+01
1.039424794262393164e+02 4.818302874582755635e+01
1.038445161122655662e+02 4.820310831542654029e+01
1.037465527982918161e+02 4.822318788502552422e+01
1.036485894843180660e+02 4.824326745462450816e+01
1.035506261703443158e+02 4.826334702422349210e+01
1.034526628563705657e+02 4.828342659382247604e+01
1.033546995423968156e+02 4.830350616342145997e+01
1.032567362284230654e+02 4.832358573302044391e+01
1.031587729144493153e+02 4.834366530261942785e+01
1.030608096004755652e+02 4.836374487221841179e+01
1.029628462865018150e+02 4.838382444181739572e+01
1.028648829725280649e+02 4.840390401141637966e+01
1.027669196585543148e+02 4.842398358101536360e+01
1.026689563445805646e+02 4.844406315061434753e+01
1.025709930306068145e+02 4.846414272021333147e+01
1.024730297166330644e+02 4.848422228981231541e+01
1.023750664026593142e+02 4.850430185941129935e+01
1.022771030886855641e+02 4.852438142901028328e+01
1.021791397747118140e+02 4.854446099860926722e+01
1.020811764607380638e+02 4.856454056820825116e+01
1.019832131467643137e+02 4.858462013780723510e+01
1.018852498327905636e+02 4.860469970740621903e+01
1.017872865188168134e+02 4.862477927700520297e+01
1.016893232048430633e+02 4.864485884660418691e+01
1.015913598908693132e+02 4.866493841620317085e+01
1.014933965768955630e+02 4.868501798580215478e+01
1.013954332629218129e+02 4.870509755540113872e+01
1.012974699489480628e+02 4.872517712500012266e+01
1.011995066349743126e+02 4.874525669459910659e+01
1.011015433210005625e+02 4.876533626419809053e+01
1.010035800070268124e+02 4.878541583379707447e+01
1.009056166930530622e+02 4.880549540339605841e+01
1.008076533790793121e+02 4.882557497299504234e+01
1.007096900651055620e+02 4.884565454259402628e+01
1.006117267511318119e+02 4.886573411219301022e+01
1.005137634371580617e+02 4.888581368179199416e+01
1.004158001231843116e+02 4.890589325139097809e+01
1.003178368092105615e+02 4.892597282098996203e+01
1.002198734952368113e+02 4.894605239058894597e+01
1.001219101812630612e+02 4.896613196018792991e+01
1.000239468672893111e+02 4.898621152978691384e+01
9.992598355331556093e+01 4.900629109938589778e+01
9.982802023934181079e+01 4.902637066898488172e+01
9.973005692536806066e+01 4.904645023858386566e+01
9.963209361139431053e+01 4.906652980818284959e+01
9.953413029742056040e+01 4.908660937778183353e+01
9.943616698344681026e+01 4.910668894738081747e+01
9.933820366947306013e+01 4.912676851697980140e+01
9.924024035549931000e+01 4.914684808657878534e+01
9.914227704152555987e+01 4.916692765617776928e+01
9.904431372755180973e+01 4.918700722577675322e+01
9.894635041357805960e+01 4.920708679537573715e+01
9.884838709960430947e+01 4.922716636497472109e+01
9.875042378563055934e+01 4.924724593457370503e+01
9.865246047165680920e+01 4.926732550417268897e+01
9.855449715768305907e+01 4.928740507377167290e+01
9.845653384370930894e+01 4.930748464337065684e+01
9.835857052973555881e+01 4.932756421296964078e+01
9.826060721576180867e+01 4.934764378256862472e+01
9.816264390178805854e+01 4.936772335216760865e+01
9.806468058781430841e+01 4.938780292176659259e+01
9.796671727384055828e+01 4.940788249136557653e+01
9.786875395986680815e+01 4.942796206096456046e+01
9.777079064589305801e+01 4.944804163056354440e+01
9.767282733191930788e+01 4.946812120016252834e+01
9.757486401794555775e+01 4.948820076976151228e+01
9.747690070397180762e+01 4.950828033936049621e+01
9.737893738999805748e+01 4.952835990895948015e+01
9.728097407602430735e+01 4.954843947855846409e+01
9.718301076205055722e+01 4.956851904815744803e+01
9.708504744807680709e+01 4.958859861775643196e+01
9.698708413410305695e+01 4.960867818735541590e+01
9.688912082012930682e+01 4.962875775695439984e+01
9.679115750615555669e+01 4.964883732655338378e+01
9.669319419218180656e+01 4.966891689615236771e+01
9.659523087820805642e+01 4.968899646575135165e+01
9.649726756423430629e+01 4.970907603535033559e+01
9.639930425026055616e+01 4.972915560494931952e+01
9.630134093628680603e+01 4.974923517454830346e+01
9.620337762231305589e+01 4.976931474414728740e+01
9.610541430833930576e+01 4.978939431374627134e+01
9.600745099436555563e+01 4.980947388334525527e+01
9.590948768039180550e+01 4.982955345294423921e+01
9.581152436641805537e+01 4.984963302254322315e+01
9.571356105244430523e+01 4.986971259214220709e+01
9.561559773847055510e+01 4.988979216174119102e+01
9.551763442449680497e+01 4.990987173134017496e+01
9.541967111052305484e+01 4.992995130093915890e+01
9.532170779654930470e+01 4.995003087053814284e+01
9.522374448257555457e+01 4.997011044013712677e+01
9.512578116860180444e+01 4.999019000973611071e+01
9.502781785462805431e+01 5.001026957933509465e+01
9.492985454065430417e+01 5.003034914893407858e+01
9.483189122668055404e+01 5.005042871853306252e+01
9.473392791270680391e+01 5.007050828813204646e+01
9.463596459873305378e+01 5.009058785773103040e+01
9.453800128475930364e+01 5.011066742733001433e+01
9.444003797078555351e+01 5.013074699692899827e+01
9.434207465681180338e+01 5.015082656652798221e+01
9.424411134283805325e+01 5.017090613612696615e+01
9.414614802886430311e+01 5.019098570572595008e+01
9.404818471489055298e+01 5.021106527532493402e+01
9.395022140091680285e+01 5.023114484492391796e+01
9.385225808694305272e+01 5.025122441452290190e+01
9.375429477296930258e+01 5.027130398412188583e+01
9.365633145899555245e+01 5.029138355372086977e+01
9.355836814502180232e+01 5.031146312331985371e+01
9.346040483104805219e+01 5.033154269291883764e+01
9.336244151707430206e+01 5.035162226251782158e+01
9.326447820310055192e+01 5.037170183211680552e+01
9.316651488912680179e+01 5.039178140171578946e+01
9.306855157515305166e+01 5.041186097131477339e+01
9.297058826117930153e+01 5.043194054091375733e+01
9.287262494720555139e+01 5.045202011051274127e+01
9.277466163323180126e+01 5.047209968011172521e+01
9.258609081556708986e+01 5.051075109668737184e+01
9.256601124596811303e+01 5.041278778271362171e+01
9.254593167636913620e+01 5.031482446873987158e+01
9.252585210677015937e+01 5.021686115476612144e+01
9.250577253717118253e+01 5.011889784079237131e+01
9.248569296757220570e+01 5.002093452681862118e+01
9.246561339797322887e+01 4.992297121284487105e+01
9.244553382837425204e+01 4.982500789887112091e+01
9.242545425877527521e+01 4.972704458489737078e+01
9.240537468917629838e+01 4.962908127092362065e+01
9.238529511957732154e+01 4.953111795694987052e+01
9.236521554997834471e+01 4.943315464297612039e+01
9.234513598037936788e+01 4.933519132900237025e+01
9.232505641078039105e+01 4.923722801502862012e+01
9.230497684118141422e+01 4.913926470105486999e+01
9.228489727158243738e+01 4.904130138708111986e+01
9.226481770198346055e+01 4.894333807310736972e+01
9.224473813238448372e+01 4.884537475913361959e+01
9.222465856278550689e+01 4.874741144515986946e+01
9.220457899318653006e+01 4.864944813118611933e+01
9.218449942358755322e+01 4.855148481721236919e+01
9.216441985398857639e+01 4.845352150323861906e+01
9.214434028438959956e+01 4.835555818926486893e+01
9.212426071479062273e+01 4.825759487529111880e+01
9.210418114519164590e+01 4.815963156131736866e+01
9.208410157559266906e+01 4.806166824734361853e+01
9.206402200599369223e+01 4.796370493336986840e+01
9.204394243639471540e+01 4.786574161939611827e+01
9.202386286679573857e+01 4.776777830542236813e+01
9.200378329719676174e+01 4.766981499144861800e+01
9.198370372759778490e+01 4.757185167747486787e+01
9.196362415799880807e+01 4.747388836350111774e+01
9.194354458839983124e+01 4.737592504952736761e+01
9.192346501880085441e+01 4.727796173555361747e+01
9.190338544920187758e+01 4.717999842157986734e+01
9.188330587960290075e+01 4.708203510760611721e+01
9.186322631000392391e+01 4.698407179363236708e+01
9.184314674040494708e+01 4.688610847965861694e+01
9.182306717080597025e+01 4.678814516568486681e+01
9.180298760120699342e+01 4.669018185171111668e+01
9.178290803160801659e+01 4.659221853773736655e+01
9.176282846200903975e+01 4.649425522376361641e+01
9.174274889241006292e+01 4.639629190978986628e+01
9.172266932281108609e+01 4.629832859581611615e+01
9.170258975321210926e+01 4.620036528184236602e+01
9.168251018361313243e+01 4.610240196786861588e+01
9.166243061401415559e+01 4.600443865389486575e+01
9.164235104441517876e+01 4.590647533992111562e+01
9.162227147481620193e+01 4.580851202594736549e+01
9.160219190521722510e+01 4.571054871197361535e+01
9.158211233561824827e+01 4.561258539799986522e+01
9.156203276601927143e+01 4.551462208402611509e+01
9.154195319642029460e+01 4.541665877005236496e+01
9.152187362682131777e+01 4.531869545607861482e+01
9.150179405722234094e+01 4.522073214210486469e+01
9.148171448762336411e+01 4.512276882813111456e+01
9.146163491802438728e+01 4.502480551415736443e+01
9.144155534842541044e+01 4.492684220018361430e+01
9.142147577882643361e+01 4.482887888620986416e+01
9.140139620922745678e+01 4.473091557223611403e+01
9.138131663962847995e+01 4.463295225826236390e+01
9.136123707002950312e+01 4.453498894428861377e+01
9.134115750043052628e+01 4.443702563031486363e+01
9.132107793083154945e+01 4.433906231634111350e+01
9.130099836123257262e+01 4.424109900236736337e+01
9.128091879163359579e+01 4.414313568839361324e+01
9.126083922203461896e+01 4.404517237441986310e+01
9.124075965243564212e+01 4.394720906044611297e+01
9.122068008283666529e+01 4.384924574647236284e+01
9.120060051323768846e+01 4.375128243249861271e+01
9.118052094363871163e+01 4.365331911852486257e+01
9.116044137403973480e+01 4.355535580455111244e+01
9.114036180444075796e+01 4.345739249057736231e+01
9.112028223484178113e+01 4.335942917660361218e+01
9.110020266524280430e+01 4.326146586262986204e+01
9.108012309564382747e+01 4.316350254865611191e+01
9.106004352604485064e+01 4.306553923468236178e+01
9.103996395644587381e+01 4.296757592070861165e+01
9.101988438684689697e+01 4.286961260673486152e+01
9.099980481724792014e+01 4.277164929276111138e+01
9.097972524764894331e+01 4.267368597878736125e+01
9.095964567804996648e+01 4.257572266481361112e+01
9.093956610845098965e+01 4.247775935083986099e+01
9.091948653885201281e+01 4.237979603686611085e+01
9.089940696925303598e+01 4.228183272289236072e+01
9.087932739965405915e+01 4.218386940891861059e+01
9.085924783005508232e+01 4.208590609494486046e+01
9.083916826045610549e+01 4.198794278097111032e+01
9.081908869085712865e+01 4.188997946699736019e+01
9.079900912125815182e+01 4.179201615302361006e+01
9.077892955165917499e+01 4.169405283904985993e+01
9.075884998206019816e+01 4.159608952507610979e+01
9.073877041246122133e+01 4.149812621110235966e+01
9.071869084286224449e+01 4.140016289712860953e+01
9.069861127326326766e+01 4.130219958315485940e+01
9.067853170366429083e+01 4.120423626918110926e+01
9.065845213406531400e+01 4.110627295520735913e+01
9.063837256446633717e+01 4.100830964123360900e+01
9.061829299486736033e+01 4.091034632725985887e+01
9.059821342526838350e+01 4.081238301328610873e+01
9.057813385566940667e+01 4.071441969931235860e+01
9.055805428607042984e+01 4.061645638533860847e+01
9.053797471647145301e+01 4.051849307136485834e+01
9.051789514687247618e+01 4.042052975739110821e+01
9.049781557727349934e+01 4.032256644341735807e+01
9.047773600767452251e+01 4.022460312944360794e+01
9.045765643807554568e+01 4.012663981546985781e+01
9.043757686847656885e+01 4.002867650149610768e+01
9.041749729887759202e+01 3.993071318752235754e+01
9.039741772927861518e+01 3.983274987354860741e+01
9.037733815967963835e+01 3.973478655957485728e+01
9.035725859008066152e+01 3.963682324560110715e+01
9.033717902048168469e+01 3.953885993162735701e+01
9.031709945088270786e+01 3.944089661765360688e+01
9.029701988128373102e+01 3.934293330367985675e+01
9.027694031168475419e+01 3.924496998970610662e+01
9.025686074208577736e+01 3.914700667573235648e+01
9.023678117248680053e+01 3.904904336175860635e+01
9.021670160288782370e+01 3.895108004778485622e+01
9.019662203328884686e+01 3.885311673381110609e+01
9.017654246368987003e+01 3.875515341983735595e+01
9.015646289409089320e+01 3.865719010586360582e+01
9.013638332449191637e+01 3.855922679188985569e+01
9.011630375489293954e+01 3.846126347791610556e+01
9.009622418529396271e+01 3.836330016394235543e+01
9.007614461569498587e+01 3.826533684996860529e+01
9.005606504609600904e+01 3.816737353599485516e+01
9.003598547649703221e+01 3.806941022202110503e+01
9.001590590689805538e+01 3.797144690804735490e+01
8.999582633729907855e+01 3.787348359407360476e+01
8.997574676770010171e+01 3.777552028009985463e+01
8.995566719810112488e+01 3.767755696612610450e+01
8.993558762850214805e+01 3.757959365215235437e+01
8.991550805890317122e+01 3.748163033817860423e+01
8.989542848930419439e+01 3.738366702420485410e+01
8.987534891970521755e+01 3.728570371023110397e+01
8.985526935010624072e+01 3.718774039625735384e+01
8.983518978050726389e+01 3.708977708228360370e+01
8.981511021090828706e+01 3.699181376830985357e+01
8.979503064130931023e+01 3.689385045433610344e+01
8.977495107171033339e+01 3.679588714036235331e+01
8.975487150211135656e+01 3.669792382638860317e+01
8.973479193251237973e+01 3.659996051241485304e+01
8.971471236291340290e+01 3.650199719844110291e+01
8.969463279331442607e+01 3.640403388446735278e+01
8.967455322371544923e+01 3.630607057049360265e+01
8.965447365411647240e+01 3.620810725651985251e+01
8.963439408451749557e+01 3.611014394254610238e+01
8.961431451491851874e+01 3.601218062857235225e+01
8.959423494531954191e+01 3.591421731459860212e+01
8.957415537572056508e+01 3.581625400062485198e+01
8.955407580612158824e+01 3.571829068665110185e+01
8.953399623652261141e+01 3.562032737267735172e+01
8.951391666692363458e+01 3.552236405870360159e+01
8.949383709732465775e+01 3.542440074472985145e+01
8.947375752772568092e+01 3.532643743075610132e+01
8.945367795812670408e+01 3.522847411678235119e+01
8.943359838852772725e+01 3.513051080280860106e+01
8.941351881892875042e+01 3.503254748883485092e+01
8.939343924932977359e+01 3.493458417486110079e+01
8.937335967973079676e+01 3.483662086088735066e+01
8.935328011013181992e+01 3.473865754691360053e+01
8.933320054053284309e+01 3.464069423293985039e+01
8.931312097093386626e+01 3.454273091896610026e+01
8.929304140133488943e+01 3.444476760499235013e+01
8.927296183173591260e+01 3.434680429101860000e+01
8.925288226213693576e+01 3.424884097704484986e+01
8.923280269253795893e+01 3.415087766307109973e+01
8.921272312293898210e+01 3.405291434909734960e+01
8.919264355334000527e+01 3.395495103512359947e+01
8.917256398374102844e+01 3.385698772114984934e+01
8.915248441414205161e+01 3.375902440717609920e+01
8.913240484454307477e+01 3.366106109320234907e+01
8.911232527494409794e+01 3.356309777922859894e+01
8.909224570534512111e+01 3.346513446525484881e+01
8.907216613574614428e+01 3.336717115128109867e+01
8.905208656614716745e+01 3.326920783730734854e+01
8.903200699654819061e+01 3.317124452333359841e+01
8.901192742694921378e+01 3.307328120935984828e+01
8.899184785735023695e+01 3.297531789538609814e+01
8.897176828775126012e+01 3.287735458141234801e+01
8.895168871815228329e+01 3.277939126743859788e+01
8.893160914855330645e+01 3.268142795346484775e+01
8.891152957895432962e+01 3.258346463949109761e+01
8.889145000935535279e+01 3.248550132551734748e+01
8.887137043975637596e+01 3.238753801154359735e+01
8.885129087015739913e+01 3.228957469756984722e+01
8.883121130055842229e+01 3.219161138359609708e+01
8.881113173095944546e+01 3.209364806962234695e+01
8.879105216136046863e+01 3.199568475564859682e+01
8.877097259176149180e+01 3.189772144167484669e+01
8.875089302216251497e+01 3.179975812770109656e+01
8.873081345256353814e+01 3.170179481372734642e+01
8.871073388296456130e+01 3.160383149975359629e+01
8.869065431336558447e+01 3.150586818577984616e+01
8.867057474376660764e+01 3.140790487180609603e+01
8.865049517416763081e+01 3.130994155783234589e+01
8.863041560456865398e+01 3.121197824385859576e+01
8.861033603496967714e+01 3.111401492988484563e+01
8.859025646537070031e+01 3.101605161591109550e+01
8.857017689577172348e+01 3.091808830193734536e+01
8.855009732617274665e+01 3.082012498796359523e+01
8.853001775657376982e+01 3.072216167398984510e+01
8.850993818697479298e+01 3.062419836001609497e+01
8.848985861737581615e+01 3.052623504604234483e+01
8.846977904777683932e+01 3.042827173206859470e+01
8.844969947817786249e+01 3.033030841809484457e+01
8.842961990857888566e+01 3.023234510412109444e+01
8.840954033897990882e+01 3.013438179014734430e+01
8.838946076938093199e+01 3.003641847617359417e+01
8.836938119978195516e+01 2.993845516219984404e+01
8.834930163018297833e+01 2.984049184822609391e+01
8.832922206058400150e+01 2.974252853425234377e+01
8.830914249098502466e+01 2.964456522027859364e+01
8.828906292138604783e+01 2.954660190630484351e+01
8.826898335178707100e+01 2.944863859233109338e+01
8.824890378218809417e+01 2.935067527835734325e+01
8.822882421258911734e+01 2.925271196438359311e+01
8.820874464299014051e+01 2.915474865040984298e+01
8.818866507339116367e+01 2.905678533643609285e+01
8.816858550379218684e+01 2.895882202246234272e+01
8.814850593419321001e+01 2.886085870848859258e+01
8.812842636459423318e+01 2.876289539451484245e+01
8.810834679499525635e+01 2.866493208054109232e+01
8.808826722539627951e+01 2.856696876656734219e+01
8.806818765579730268e+01 2.846900545259359205e+01
8.804810808619832585e+01 2.837104213861984192e+01
8.802802851659934902e+01 2.827307882464609179e+01
8.800794894700037219e+01 2.817511551067234166e+01
8.798786937740139535e+01 2.807715219669859152e+01
8.796778980780241852e+01 2.797918888272484139e+01
8.794771023820344169e+01 2.788122556875109126e+01
8.792763066860446486e+01 2.778326225477734113e+01
8.790755109900548803e+01 2.768529894080359099e+01
8.788747152940651119e+01 2.758733562682984086e+01
8.786739195980753436e+01 2.748937231285609073e+01
8.784731239020855753e+01 2.739140899888234060e+01
8.782723282060958070e+01 2.729344568490859047e+01
8.780715325101060387e+01 2.719548237093484033e+01
8.778707368141162704e+01 2.709751905696109020e+01
8.776699411181265020e+01 2.699955574298734007e+01
8.774691454221367337e+01 2.690159242901358994e+01
8.772683497261469654e+01 2.680362911503983980e+01
8.770675540301571971e+01 2.670566580106608967e+01
8.768667583341674288e+01 2.660770248709233954e+01
8.766659626381776604e+01 2.650973917311858941e+01
8.764651669421878921e+01 2.641177585914483927e+01
8.762643712461981238e+01 2.631381254517108914e+01
8.760635755502083555e+01 2.621584923119733901e+01
8.758627798542185872e+01 2.611788591722358888e+01
8.756619841582288188e+01 2.601992260324983874e+01
8.754611884622390505e+01 2.592195928927608861e+01
8.752603927662492822e+01 2.582399597530233848e+01
8.750595970702595139e+01 2.572603266132858835e+01
8.748588013742697456e+01 2.562806934735483821e+01
8.746580056782799772e+01 2.553010603338108808e+01
8.744572099822902089e+01 2.543214271940733795e+01
8.742564142863004406e+01 2.533417940543358782e+01
8.740556185903106723e+01 2.523621609145983768e+01
8.738548228943209040e+01 2.513825277748608755e+01
8.736540271983311357e+01 2.504028946351233742e+01
8.734532315023413673e+01 2.494232614953858729e+01
8.732524358063515990e+01 2.484436283556483716e+01
8.730516401103618307e+01 2.474639952159108702e+01
8.728508444143720624e+01 2.464843620761733689e+01
8.726500487183822941e+01 2.455047289364358676e+01
8.724492530223925257e+01 2.445250957966983663e+01
8.722484573264027574e+01 2.435454626569608649e+01
8.720476616304129891e+01 2.425658295172233636e+01
8.718468659344232208e+01 2.415861963774858623e+01
8.716460702384334525e+01 2.406065632377483610e+01
8.714452745424436841e+01 2.396269300980108596e+01
8.712444788464539158e+01 2.386472969582733583e+01
8.710436831504641475e+01 2.376676638185358570e+01
8.708428874544743792e+01 2.366880306787983557e+01
8.706420917584846109e+01 2.357083975390608543e+01
8.704412960624948425e+01 2.347287643993233530e+01
8.702405003665050742e+01 2.337491312595858517e+01
8.700397046705153059e+01 2.327694981198483504e+01
8.698389089745255376e+01 2.317898649801108490e+01
8.696381132785357693e+01 2.308102318403733477e+01
8.694373175825460009e+01 2.298305987006358464e+01
8.692365218865562326e+01 2.288509655608983451e+01
8.690357261905664643e+01 2.278713324211608438e+01
8.688349304945766960e+01 2.268916992814233424e+01
8.686341347985869277e+01 2.259120661416858411e+01
8.684333391025971594e+01 2.249324330019483398e+01
8.682325434066073910e+01 2.239527998622108385e+01
8.680317477106176227e+01 2.229731667224733371e+01
8.678309520146278544e+01 2.219935335827358358e+01
8.676301563186380861e+01 2.210139004429983345e+01
8.674293606226483178e+01 2.200342673032608332e+01
8.672285649266585494e+01 2.190546341635233318e+01
8.670277692306687811e+01 2.180750010237858305e+01
8.668269735346790128e+01 2.170953678840483292e+01
8.666261778386892445e+01 2.161157347443108279e+01
8.664253821426994762e+01 2.151361016045733265e+01
8.662245864467097078e+01 2.141564684648358252e+01
8.660237907507199395e+01 2.131768353250983239e+01
8.658229950547301712e+01 2.121972021853608226e+01
8.656221993587404029e+01 2.112175690456233212e+01
8.654214036627506346e+01 2.102379359058858199e+01
8.652206079667608662e+01 2.092583027661483186e+01
8.650198122707710979e+01 2.082786696264108173e+01
8.648190165747813296e+01 2.072990364866733159e+01
8.646182208787915613e+01 2.063194033469358146e+01
8.644174251828017930e+01 2.053397702071983133e+01
8.642166294868120247e+01 2.043601370674608120e+01
8.640158337908222563e+01 2.033805039277233107e+01
8.638150380948324880e+01 2.024008707879858093e+01
8.636142423988427197e+01 2.014212376482483080e+01
8.634134467028529514e+01 2.004416045085108067e+01
8.632126510068631831e+01 1.994619713687733054e+01
8.630118553108734147e+01 1.984823382290358040e+01
8.628110596148836464e+01 1.975027050892983027e+01
8.624368137989114302e+01 1.956768511938024346e+01
8.634164469386489316e+01 1.954760554978126308e+01
8.643960800783864329e+01 1.952752598018228269e+01
8.653757132181239342e+01 1.950744641058330231e+01
8.663553463578614355e+01 1.948736684098432193e+01
8.673349794975989369e+01 1.946728727138534154e+01
8.683146126373364382e+01 1.944720770178636116e+01
8.692942457770739395e+01 1.942712813218738077e+01
8.702738789168114408e+01 1.940704856258840039e+01
8.712535120565489422e+01 1.938696899298942000e+01
8.722331451962864435e+01 1.936688942339043962e+01
8.732127783360239448e+01 1.934680985379145923e+01
8.741924114757614461e+01 1.932673028419247885e+01
8.751720446154989475e+01 1.930665071459349846e+01
8.761516777552364488e+01 1.928657114499451808e+01
8.771313108949739501e+01 1.926649157539553769e+01
8.781109440347114514e+01 1.924641200579655731e+01
8.790905771744489527e+01 1.922633243619757692e+01
8.800702103141864541e+01 1.920625286659859654e+01
8.810498434539239554e+01 1.918617329699961616e+01
8.820294765936614567e+01 1.916609372740063577e+01
8.830091097333989580e+01 1.914601415780165539e+01
8.839887428731364594e+01 1.912593458820267500e+01
8.849683760128739607e+01 1.910585501860369462e+01
8.859480091526114620e+01 1.908577544900471423e+01
8.869276422923489633e+01 1.906569587940573385e+01
8.879072754320864647e+01 1.904561630980675346e+01
8.888869085718239660e+01 1.902553674020777308e+01
8.898665417115614673e+01 1.900545717060879269e+01
8.908461748512989686e+01 1.898537760100981231e+01
8.918258079910364700e+01 1.896529803141083192e+01
8.928054411307739713e+01 1.894521846181185154e+01
8.937850742705114726e+01 1.892513889221287116e+01
8.947647074102489739e+01 1.890505932261389077e+01
8.957443405499864753e+01 1.888497975301491039e+01
8.967239736897239766e+01 1.886490018341593000e+01
8.977036068294614779e+01 1.884482061381694962e+01
8.986832399691989792e+01 1.882474104421796923e+01
8.996628731089364805e+01 1.880466147461898885e+01
9.006425062486739819e+01 1.878458190502000846e+01
9.016221393884114832e+01 1.876450233542102808e+01
9.026017725281489845e+01 1.874442276582204769e+01
9.035814056678864858e+01 1.872434319622306731e+01
9.045610388076239872e+01 1.870426362662408692e+01
9.055406719473614885e+01 1.868418405702510654e+01
9.065203050870989898e+01 1.866410448742612616e+01
9.074999382268364911e+01 1.864402491782714577e+01
9.084795713665739925e+01 1.862394534822816539e+01
9.094592045063114938e+01 1.860386577862918500e+01
9.104388376460489951e+01 1.858378620903020462e+01
9.114184707857864964e+01 1.856370663943122423e+01
9.123981039255239978e+01 1.854362706983224385e+01
9.133777370652614991e+01 1.852354750023326346e+01
9.143573702049990004e+01 1.850346793063428308e+01
9.153370033447365017e+01 1.848338836103530269e+01
9.163166364844740031e+01 1.846330879143632231e+01
9.172962696242115044e+01 1.844322922183734192e+01
9.182759027639490057e+01 1.842314965223836154e+01
9.192555359036865070e+01 1.840307008263938116e+01
9.202351690434240084e+01 1.838299051304040077e+01
9.212148021831615097e+01 1.836291094344142039e+01
9.221944353228990110e+01 1.834283137384244000e+01
9.231740684626365123e+01 1.832275180424345962e+01
9.241537016023740136e+01 1.830267223464447923e+01
9.251333347421115150e+01 1.828259266504549885e+01
9.261129678818490163e+01 1.826251309544651846e+01
9.270926010215865176e+01 1.824243352584753808e+01
9.280722341613240189e+01 1.822235395624855769e+01
9.290518673010615203e+01 1.820227438664957731e+01
9.300315004407990216e+01 1.818219481705059692e+01
9.310111335805365229e+01 1.816211524745161654e+01
9.319907667202740242e+01 1.814203567785263616e+01
9.329703998600115256e+01 1.812195610825365577e+01
9.339500329997490269e+01 1.810187653865467539e+01
9.349296661394865282e+01 1.808179696905569500e+01
9.359092992792240295e+01 1.806171739945671462e+01
9.368889324189615309e+01 1.804163782985773423e+01
9.378685655586990322e+01 1.802155826025875385e+01
9.388481986984365335e+01 1.800147869065977346e+01
9.398278318381740348e+01 1.798139912106079308e+01
9.408074649779115362e+01 1.796131955146181269e+01
9.417870981176490375e+01 1.794123998186283231e+01
9.427667312573865388e+01 1.792116041226385192e+01
9.437463643971240401e+01 1.790108084266487154e+01
9.447259975368615414e+01 1.788100127306589116e+01
9.457056306765990428e+01 1.786092170346691077e+01
9.466852638163365441e+01 1.784084213386793039e+01
9.476648969560740454e+01 1.782076256426895000e+01
9.486445300958115467e+01 1.780068299466996962e+01
9.496241632355490481e+01 1.778060342507098923e+01
9.506037963752865494e+01 1.776052385547200885e+01
9.515834295150240507e+01 1.774044428587302846e+01
9.525630626547615520e+01 1.772036471627404808e+01
9.535426957944990534e+01 1.770028514667506769e+01
9.545223289342365547e+01 1.768020557707608731e+01
9.555019620739740560e+01 1.766012600747710692e+01
9.564815952137115573e+01 1.764004643787812654e+01
9.574612283534490587e+01 1.761996686827914615e+01
9.584408614931865600e+01 1.759988729868016577e+01
9.594204946329240613e+01 1.757980772908118539e+01
9.604001277726615626e+01 1.755972815948220500e+01
9.613797609123990640e+01 1.753964858988322462e+01
9.623593940521365653e+01 1.751956902028424423e+01
9.633390271918740666e+01 1.749948945068526385e+01
9.643186603316115679e+01 1.747940988108628346e+01
9.652982934713490693e+01 1.745933031148730308e+01
9.662779266110865706e+01 1.743925074188832269e+01
9.672575597508240719e+01 1.741917117228934231e+01
9.682371928905615732e+01 1.739909160269036192e+01
9.692168260302990745e+01 1.737901203309138154e+01
9.701964591700365759e+01 1.735893246349240115e+01
9.711760923097740772e+01 1.733885289389342077e+01
9.721557254495115785e+01 1.731877332429444039e+01
9.731353585892490798e+01 1.729869375469546000e+01
9.741149917289865812e+01 1.727861418509647962e+01
9.750946248687240825e+01 1.725853461549749923e+01
9.760742580084615838e+01 1.723845504589851885e+01
9.770538911481990851e+01 1.721837547629953846e+01
9.780335242879365865e+01 1.719829590670055808e+01
9.790131574276740878e+01 1.717821633710157769e+01
9.799927905674115891e+01 1.715813676750259731e+01
9.809724237071490904e+01 1.713805719790361692e+01
9.819520568468865918e+01 1.711797762830463654e+01
9.829316899866240931e+01 1.709789805870565615e+01
9.839113231263615944e+01 1.707781848910667577e+01
9.848909562660990957e+01 1.705773891950769539e+01
9.858705894058365971e+01 1.703765934990871500e+01
9.868502225455740984e+01 1.701757978030973462e+01
9.878298556853115997e+01 1.699750021071075423e+01
9.888094888250491010e+01 1.697742064111177385e+01
9.897891219647866023e+01 1.695734107151279346e+01
9.907687551045241037e+01 1.693726150191381308e+01
9.917483882442616050e+01 1.691718193231483269e+01
9.927280213839991063e+01 1.689710236271585231e+01
9.937076545237366076e+01 1.687702279311687192e+01
9.946872876634741090e+01 1.685694322351789154e+01
9.956669208032116103e+01 1.683686365391891115e+01
9.966465539429491116e+01 1.681678408431993077e+01
9.976261870826866129e+01 1.679670451472095039e+01
9.986058202224241143e+01 1.677662494512197000e+01
9.995854533621616156e+01 1.675654537552298962e+01
1.000565086501899117e+02 1.673646580592400923e+01
1.001544719641636618e+02 1.671638623632502885e+01
1.002524352781374120e+02 1.669630666672604846e+01
1.003503985921111621e+02 1.667622709712706808e+01
1.004483619060849122e+02 1.665614752752808769e+01
1.005463252200586624e+02 1.663606795792910731e+01
1.006442885340324125e+02 1.661598838833012692e+01
1.007422518480061626e+02 1.659590881873114654e+01
1.008402151619799128e+02 1.657582924913216615e+01
1.009381784759536629e+02 1.655574967953318577e+01
1.010361417899274130e+02 1.653567010993420539e+01
1.011341051039011631e+02 1.651559054033522500e+01
1.012320684178749133e+02 1.649551097073624462e+01
1.013300317318486634e+02 1.647543140113726423e+01
1.014279950458224135e+02 1.645535183153828385e+01
1.015259583597961637e+02 1.643527226193930346e+01
1.016239216737699138e+02 1.641519269234032308e+01
1.017218849877436639e+02 1.639511312274134269e+01
1.018198483017174141e+02 1.637503355314236231e+01
1.019178116156911642e+02 1.635495398354338192e+01
1.020157749296649143e+02 1.633487441394440154e+01
1.021137382436386645e+02 1.631479484434542115e+01
1.022117015576124146e+02 1.629471527474644077e+01
1.023096648715861647e+02 1.627463570514746038e+01
1.024076281855599149e+02 1.625455613554848000e+01
1.025055914995336650e+02 1.623447656594949962e+01
1.026035548135074151e+02 1.621439699635051923e+01
1.027015181274811653e+02 1.619431742675153885e+01
1.027994814414549154e+02 1.617423785715255846e+01
1.028974447554286655e+02 1.615415828755357808e+01
1.029954080694024157e+02 1.613407871795459769e+01
1.030933713833761658e+02 1.611399914835561731e+01
1.031913346973499159e+02 1.609391957875663692e+01
1.032892980113236661e+02 1.607384000915765654e+01
1.033872613252974162e+02 1.605376043955867615e+01
1.034852246392711663e+02 1.603368086995969577e+01
1.035831879532449165e+02 1.601360130036071538e+01
1.036811512672186666e+02 1.599352173076173500e+01
1.037791145811924167e+02 1.597344216116275462e+01
1.038770778951661669e+02 1.595336259156377423e+01
1.039750412091399170e+02 1.593328302196479385e+01
1.040730045231136671e+02 1.591320345236581346e+01
1.041709678370874173e+02 1.589312388276683308e+01
1.042689311510611674e+02 1.587304431316785269e+01
1.043668944650349175e+02 1.585296474356887231e+01
1.044648577790086676e+02 1.583288517396989192e+01
1.045628210929824178e+02 1.581280560437091154e+01
1.046607844069561679e+02 1.579272603477193115e+01
1.047587477209299180e+02 1.577264646517295077e+01
1.048567110349036682e+02 1.575256689557397038e+01
1.049546743488774183e+02 1.573248732597499000e+01
1.050526376628511684e+02 1.571240775637600962e+01
1.051506009768249186e+02 1.569232818677702923e+01
1.052485642907986687e+02 1.567224861717804885e+01
1.053465276047724188e+02 1.565216904757906846e+01
1.054444909187461690e+02 1.563208947798008808e+01
1.055424542327199191e+02 1.561200990838110769e+01
1.056404175466936692e+02 1.559193033878212731e+01
1.057383808606674194e+02 1.557185076918314692e+01
1.058363441746411695e+02 1.555177119958416654e+01
1.059343074886149196e+02 1.553169162998518615e+01
1.060322708025886698e+02 1.551161206038620577e+01
1.061302341165624199e+02 1.549153249078722538e+01
1.062281974305361700e+02 1.547145292118824500e+01
1.063261607445099202e+02 1.545137335158926462e+01
1.064241240584836703e+02 1.543129378199028423e+01
1.065220873724574204e+02 1.541121421239130385e+01
1.066200506864311706e+02 1.539113464279232346e+01
1.067180140004049207e+02 1.537105507319334308e+01
1.068159773143786708e+02 1.535097550359436269e+01
1.069139406283524210e+02 1.533089593399538231e+01
1.070119039423261711e+02 1.531081636439640192e+01
1.071098672562999212e+02 1.529073679479742154e+01
1.072078305702736714e+02 1.527065722519844115e+01
1.073057938842474215e+02 1.525057765559946077e+01
1.074037571982211716e+02 1.523049808600048038e+01
1.075017205121949218e+02 1.521041851640150000e+01
1.075996838261686719e+02 1.519033894680251962e+01
1.076976471401424220e+02 1.517025937720353923e+01
1.077956104541161721e+02 1.515017980760455885e+01
1.078935737680899223e+02 1.513010023800557846e+01
1.079915370820636724e+02 1.511002066840659808e+01
1.080895003960374225e+02 1.508994109880761769e+01
1.081874637100111727e+02 1.506986152920863731e+01
1.082854270239849228e+02 1.504978195960965692e+01
1.083833903379586729e+02 1.502970239001067654e+01
1.084813536519324231e+02 1.500962282041169615e+01
1.085793169659061732e+02 1.498954325081271577e+01
1.086772802798799233e+02 1.496946368121373538e+01
1.087752435938536735e+02 1.494938411161475500e+01
1.088732069078274236e+02 1.492930454201577462e+01
1.089711702218011737e+02 1.490922497241679423e+01
1.090691335357749239e+02 1.488914540281781385e+01
1.091670968497486740e+02 1.486906583321883346e+01
1.092650601637224241e+02 1.484898626361985308e+01
1.093630234776961743e+02 1.482890669402087269e+01
1.094609867916699244e+02 1.480882712442189231e+01
1.095589501056436745e+02 1.478874755482291192e+01
1.096569134196174247e+02 1.476866798522393154e+01
1.097548767335911748e+02 1.474858841562495115e+01
1.098528400475649249e+02 1.472850884602597077e+01
1.099508033615386751e+02 1.470842927642699038e+01
1.100487666755124252e+02 1.468834970682801000e+01
1.101467299894861753e+02 1.466827013722902961e+01
1.102446933034599255e+02 1.464819056763004923e+01
1.103426566174336756e+02 1.462811099803106885e+01
1.104406199314074257e+02 1.460803142843208846e+01
1.105385832453811759e+02 1.458795185883310808e+01
1.106365465593549260e+02 1.456787228923412769e+01
1.107345098733286761e+02 1.454779271963514731e+01
1.108324731873024263e+02 1.452771315003616692e+01
1.109304365012761764e+02 1.450763358043718654e+01
1.110283998152499265e+02 1.448755401083820615e+01
1.111263631292236767e+02 1.446747444123922577e+01
1.112243264431974268e+02 1.444739487164024538e+01
1.113222897571711769e+02 1.442731530204126500e+01
1.114202530711449270e+02 1.440723573244228461e+01
1.115182163851186772e+02 1.438715616284330423e+01
1.116161796990924273e+02 1.436707659324432385e+01
1.117141430130661774e+02 1.434699702364534346e+01
1.118121063270399276e+02 1.432691745404636308e+01
1.119100696410136777e+02 1.430683788444738269e+01
1.120080329549874278e+02 1.428675831484840231e+01
1.121059962689611780e+02 1.426667874524942192e+01
1.122039595829349281e+02 1.424659917565044154e+01
1.123019228969086782e+02 1.422651960605146115e+01
1.123998862108824284e+02 1.420644003645248077e+01
1.124978495248561785e+02 1.418636046685350038e+01
1.125958128388299286e+02 1.416628089725452000e+01
1.126937761528036788e+02 1.414620132765553961e+01
1.127917394667774289e+02 1.412612175805655923e+01
1.128897027807511790e+02 1.410604218845757885e+01
1.129876660947249292e+02 1.408596261885859846e+01
1.130856294086986793e+02 1.406588304925961808e+01
1.131835927226724294e+02 1.404580347966063769e+01
1.132815560366461796e+02 1.402572391006165731e+01
1.133795193506199297e+02 1.400564434046267692e+01
1.134774826645936798e+02 1.398556477086369654e+01
1.135754459785674300e+02 1.396548520126471615e+01
1.136734092925411801e+02 1.394540563166573577e+01
1.137713726065149302e+02 1.392532606206675538e+01
1.138693359204886804e+02 1.390524649246777500e+01
1.139672992344624305e+02 1.388516692286879461e+01
1.140652625484361806e+02 1.386508735326981423e+01
1.141632258624099308e+02 1.384500778367083385e+01
1.142611891763836809e+02 1.382492821407185346e+01
1.143591524903574310e+02 1.380484864447287308e+01
1.144571158043311812e+02 1.378476907487389269e+01
1.145550791183049313e+02 1.376468950527491231e+01
1.146530424322786814e+02 1.374460993567593192e+01
1.147510057462524315e+02 1.372453036607695154e+01
1.148489690602261817e+02 1.370445079647797115e+01
1.149469323741999318e+02 1.368437122687899077e+01
1.150448956881736819e+02 1.366429165728001038e+01
1.151428590021474321e+02 1.364421208768103000e+01
1.152408223161211822e+02 1.362413251808204961e+01
1.153387856300949323e+02 1.360405294848306923e+01
1.154367489440686825e+02 1.358397337888408885e+01
1.155347122580424326e+02 1.356389380928510846e+01
1.156326755720161827e+02 1.354381423968612808e+01
1.157306388859899329e+02 1.352373467008714769e+01
1.158286021999636830e+02 1.350365510048816731e+01
1.159265655139374331e+02 1.348357553088918692e+01
1.160245288279111833e+02 1.346349596129020654e+01
1.161224921418849334e+02 1.344341639169122615e+01
1.162204554558586835e+02 1.342333682209224577e+01
1.163184187698324337e+02 1.340325725249326538e+01
1.164163820838061838e+02 1.338317768289428500e+01
1.165143453977799339e+02 1.336309811329530461e+01
1.166123087117536841e+02 1.334301854369632423e+01
1.167102720257274342e+02 1.332293897409734384e+01
1.168082353397011843e+02 1.330285940449836346e+01
1.169061986536749345e+02 1.328277983489938308e+01
1.170041619676486846e+02 1.326270026530040269e+01
1.171021252816224347e+02 1.324262069570142231e+01
1.172000885955961849e+02 1.322254112610244192e+01
1.172980519095699350e+02 1.320246155650346154e+01
1.173960152235436851e+02 1.318238198690448115e+01
1.174939785375174353e+02 1.316230241730550077e+01
1.175919418514911854e+02 1.314222284770652038e+01
1.176899051654649355e+02 1.312214327810754000e+01
1.177878684794386857e+02 1.310206370850855961e+01
1.178858317934124358e+02 1.308198413890957923e+01
1.179837951073861859e+02 1.306190456931059884e+01
1.180817584213599361e+02 1.304182499971161846e+01
1.181797217353336862e+02 1.302174543011263808e+01
1.182776850493074363e+02 1.300166586051365769e+01
1.183756483632811864e+02 1.298158629091467731e+01
1.184736116772549366e+02 1.296150672131569692e+01
1.185715749912286867e+02 1.294142715171671654e+01
1.186695383052024368e+02 1.292134758211773615e+01
1.187675016191761870e+02 1.290126801251875577e+01
1.188654649331499371e+02 1.288118844291977538e+01
1.189634282471236872e+02 1.286110887332079500e+01
1.190613915610974374e+02 1.284102930372181461e+01
1.191593548750711875e+02 1.282094973412283423e+01
1.192573181890449376e+02 1.280087016452385384e+01
1.193552815030186878e+02 1.278079059492487346e+01
1.194532448169924379e+02 1.276071102532589308e+01
1.195512081309661880e+02 1.274063145572691269e+01
1.196491714449399382e+02 1.272055188612793231e+01
1.197471347589136883e+02 1.270047231652895192e+01
1.198450980728874384e+02 1.268039274692997154e+01
1.199430613868611886e+02 1.266031317733099115e+01
1.200410247008349387e+02 1.264023360773201077e+01
1.201389880148086888e+02 1.262015403813303038e+01
1.202369513287824390e+02 1.260007446853405000e+01
1.203349146427561891e+02 1.257999489893506961e+01
1.204328779567299392e+02 1.255991532933608923e+01
1.205308412707036894e+02 1.253983575973710884e+01
1.206288045846774395e+02 1.251975619013812846e+01
1.207267678986511896e+02 1.249967662053914808e+01
1.208247312126249398e+02 1.247959705094016769e+01
1.209226945265986899e+02 1.245951748134118731e+01
1.210206578405724400e+02 1.243943791174220692e+01
1.211186211545461902e+02 1.241935834214322654e+01
1.212165844685199403e+02 1.239927877254424615e+01
1.213145477824936904e+02 1.237919920294526577e+01
1.214125110964674406e+02 1.235911963334628538e+01
1.215104744104411907e+02 1.233904006374730500e+01
1.216084377244149408e+02 1.231896049414832461e+01
1.217064010383886909e+02 1.229888092454934423e+01
1.218043643523624411e+02 1.227880135495036384e+01
1.219023276663361912e+02 1.225872178535138346e+01
1.220002909803099413e+02 1.223864221575240308e+01
1.220982542942836915e+02 1.221856264615342269e+01
1.221962176082574416e+02 1.219848307655444231e+01
1.222941809222311917e+02 1.217840350695546192e+01
1.223921442362049419e+02 1.215832393735648154e+01
1.224901075501786920e+02 1.213824436775750115e+01
1.225880708641524421e+02 1.211816479815852077e+01
1.226860341781261923e+02 1.209808522855954038e+01
1.227839974920999424e+02 1.207800565896056000e+01
1.228819608060736925e+02 1.205792608936157961e+01
1.229799241200474427e+02 1.203784651976259923e+01
1.230778874340211928e+02 1.201776695016361884e+01
1.231758507479949429e+02 1.199768738056463846e+01
1.232738140619686931e+02 1.197760781096565808e+01
1.233717773759424432e+02 1.195752824136667769e+01
1.234697406899161933e+02 1.193744867176769731e+01
1.235677040038899435e+02 1.191736910216871692e+01
1.236656673178636936e+02 1.189728953256973654e+01
1.237636306318374437e+02 1.187720996297075615e+01
1.238615939458111939e+02 1.185713039337177577e+01
1.239595572597849440e+02 1.183705082377279538e+01
1.240575205737586941e+02 1.181697125417381500e+01
1.241554838877324443e+02 1.179689168457483461e+01
1.242534472017061944e+02 1.177681211497585423e+01
1.243514105156799445e+02 1.175673254537687384e+01
1.244493738296536947e+02 1.173665297577789346e+01
1.245473371436274448e+02 1.171657340617891307e+01
1.246453004576011949e+02 1.169649383657993269e+01
1.247432637715749451e+02 1.167641426698095231e+01
1.248412270855486952e+02 1.165633469738197192e+01
1.249391903995224453e+02 1.163625512778299154e+01
1.250371537134961955e+02 1.161617555818401115e+01
1.251351170274699456e+02 1.159609598858503077e+01
1.252330803414436957e+02 1.157601641898605038e+01
1.253310436554174458e+02 1.155593684938707000e+01
1.254290069693911960e+02 1.153585727978808961e+01
1.255269702833649461e+02 1.151577771018910923e+01
1.256249335973386962e+02 1.149569814059012884e+01
1.257228969113124464e+02 1.147561857099114846e+01
1.258208602252861965e+02 1.145553900139216807e+01
1.259188235392599466e+02 1.143545943179318769e+01
1.260167868532336968e+02 1.141537986219420731e+01
1.261147501672074469e+02 1.139530029259522692e+01
1.262127134811811970e+02 1.137522072299624654e+01
1.263106767951549472e+02 1.135514115339726615e+01
1.264086401091286973e+02 1.133506158379828577e+01
1.265066034231024474e+02 1.131498201419930538e+01
1.266045667370761976e+02 1.129490244460032500e+01
1.267025300510499477e+02 1.127482287500134461e+01
1.268004933650236978e+02 1.125474330540236423e+01
1.268984566789974480e+02 1.123466373580338384e+01
1.269964199929711981e+02 1.121458416620440346e+01
1.270943833069449482e+02 1.119450459660542307e+01
1.271923466209186984e+02 1.117442502700644269e+01
1.272903099348924485e+02 1.115434545740746231e+01
1.273882732488661986e+02 1.113426588780848192e+01
1.274862365628399488e+02 1.111418631820950154e+01
1.275841998768136989e+02 1.109410674861052115e+01
1.276821631907874490e+02 1.107402717901154077e+01
1.277801265047611992e+02 1.105394760941256038e+01
1.278780898187349493e+02 1.103386803981358000e+01
1.279760531327086994e+02 1.101378847021459961e+01
1.280740164466824638e+02 1.099370890061561923e+01
1.281719797606562281e+02 1.097362933101663884e+01
1.282699430746299925e+02 1.095354976141765846e+01
1.283679063886037568e+02 1.093347019181867807e+01
1.284658697025775211e+02 1.091339062221969769e+01
1.285638330165512855e+02 1.089331105262071731e+01
1.286617963305250498e+02 1.087323148302173692e+01
1.287597596444988142e+02 1.085315191342275654e+01
1.288577229584725785e+02 1.083307234382377615e+01
1.289556862724463429e+02 1.081299277422479577e+01
1.290536495864201072e+02 1.079291320462581538e+01
1.291516129003938715e+02 1.077283363502683500e+01
1.292495762143676359e+02 1.075275406542785461e+01
1.293475395283414002e+02 1.073267449582887423e+01
1.294455028423151646e+02 1.071259492622989384e+01
1.295434661562889289e+02 1.069251535663091346e+01
1.296414294702626933e+02 1.067243578703193307e+01
1.297393927842364576e+02 1.065235621743295269e+01
1.298373560982102219e+02 1.063227664783397231e+01
1.299353194121839863e+02 1.061219707823499192e+01
1.300332827261577506e+02 1.059211750863601154e+01
1.301312460401315150e+02 1.057203793903703115e+01
1.302292093541052793e+02 1.055195836943805077e+01
1.303271726680790437e+02 1.053187879983907038e+01
1.304251359820528080e+02 1.051179923024009000e+01
1.305230992960265723e+02 1.049171966064110961e+01
1.306210626100003367e+02 1.047164009104212923e+01
1.307190259239741010e+02 1.045156052144314884e+01
1.308169892379478654e+02 1.043148095184416846e+01
1.309149525519216297e+02 1.041140138224518807e+01
1.310129158658953941e+02 1.039132181264620769e+01
1.311108791798691584e+02 1.037124224304722730e+01
1.312088424938429227e+02 1.035116267344824692e+01
1.313068058078166871e+02 1.033108310384926654e+01
1.314047691217904514e+02 1.031100353425028615e+01
1.315027324357642158e+02 1.029092396465130577e+01
1.316006957497379801e+02 1.027084439505232538e+01
1.316986590637117445e+02 1.025076482545334500e+01
1.317966223776855088e+02 1.023068525585436461e+01
1.318945856916592732e+02 1.021060568625538423e+01
1.319925490056330375e+02 1.019052611665640384e+01
1.320905123196068018e+02 1.017044654705742346e+01
1.321884756335805662e+02 1.015036697745844307e+01
1.322864389475543305e+02 1.013028740785946269e+01
1.323844022615280949e+02 1.011020783826048230e+01
1.324823655755018592e+02 1.009012826866150192e+01
1.325803288894756236e+02 1.007004869906252154e+01
1.326782922034493879e+02 1.004996912946354115e+01
1.327762555174231522e+02 1.002988955986456077e+01
1.328742188313969166e+02 1.000980999026558038e+01
1.329721821453706809e+02 9.989730420666599997e+00
1.330701454593444453e+02 9.969650851067619612e+00
1.331681087733182096e+02 9.949571281468639228e+00
1.332660720872919740e+02 9.929491711869658843e+00
1.333640354012657383e+02 9.909412142270678459e+00
1.334619987152395026e+02 9.889332572671698074e+00
1.335599620292132670e+02 9.869253003072717689e+00
1.336579253431870313e+02 9.849173433473737305e+00
1.337558886571607957e+02 9.829093863874756920e+00
1.338538519711345600e+02 9.809014294275776535e+00
1.339518152851083244e+02 9.788934724676796151e+00
1.340497785990820887e+02 9.768855155077815766e+00
1.341477419130558530e+02 9.748775585478835382e+00
1.342457052270296174e+02 9.728696015879854997e+00
1.343436685410033817e+02 9.708616446280874612e+00
1.344416318549771461e+02 9.688536876681894228e+00
1.345395951689509104e+02 9.668457307082913843e+00
1.346375584829246748e+02 9.648377737483933458e+00
1.347355217968984391e+02 9.628298167884953074e+00
1.348334851108722034e+02 9.608218598285972689e+00
1.349314484248459678e+02 9.588139028686992305e+00
1.350294117388197321e+02 9.568059459088011920e+00
1.351273750527934965e+02 9.547979889489031535e+00
1.352253383667672608e+02 9.527900319890051151e+00
1.354139091844329243e+02 9.489248903312628158e+00
1.354339887540319012e+02 9.587212217286378291e+00
1.354540683236308780e+02 9.685175531260128423e+00
1.354741478932298548e+02 9.783138845233878556e+00
1.354942274628288317e+02 9.881102159207628688e+00
1.355143070324278085e+02 9.979065473181378820e+00
1.355343866020267853e+02 1.007702878715512895e+01
1.355544661716257622e+02 1.017499210112887909e+01
1.355745457412247390e+02 1.027295541510262922e+01
1.355946253108237158e+02 1.037091872907637935e+01
1.356147048804226927e+02 1.046888204305012948e+01
1.356347844500216695e+02 1.056684535702387961e+01
1.356548640196206463e+02 1.066480867099762975e+01
1.356749435892196232e+02 1.076277198497137988e+01
1.356950231588186000e+02 1.086073529894513001e+01
1.357151027284175768e+02 1.095869861291888014e+01
1.357351822980165537e+02 1.105666192689263028e+01
1.357552618676155305e+02 1.115462524086638041e+01
1.357753414372145073e+02 1.125258855484013054e+01
1.357954210068134842e+02 1.135055186881388067e+01
1.358155005764124610e+02 1.144851518278763081e+01
1.358355801460114378e+02 1.154647849676138094e+01
1.358556597156104147e+02 1.164444181073513107e+01
1.358757392852093915e+02 1.174240512470888120e+01
1.358958188548083683e+02 1.184036843868263134e+01
1.359158984244073451e+02 1.193833175265638147e+01
1.359359779940063220e+02 1.203629506663013160e+01
1.359560575636052988e+02 1.213425838060388173e+01
1.359761371332042756e+02 1.223222169457763187e+01
1.359962167028032525e+02 1.233018500855138200e+01
1.360162962724022293e+02 1.242814832252513213e+01
1.360363758420012061e+02 1.252611163649888226e+01
1.360564554116001830e+02 1.262407495047263239e+01
1.360765349811991598e+02 1.272203826444638253e+01
1.360966145507981366e+02 1.282000157842013266e+01
1.361166941203971135e+02 1.291796489239388279e+01
1.361367736899960903e+02 1.301592820636763292e+01
1.361568532595950671e+02 1.311389152034138306e+01
1.361769328291940440e+02 1.321185483431513319e+01
1.361970123987930208e+02 1.330981814828888332e+01
1.362170919683919976e+02 1.340778146226263345e+01
1.362371715379909745e+02 1.350574477623638359e+01
1.362572511075899513e+02 1.360370809021013372e+01
1.362773306771889281e+02 1.370167140418388385e+01
1.362974102467879050e+02 1.379963471815763398e+01
1.363174898163868818e+02 1.389759803213138412e+01
1.363375693859858586e+02 1.399556134610513425e+01
1.363576489555848354e+02 1.409352466007888438e+01
1.363777285251838123e+02 1.419148797405263451e+01
1.363978080947827891e+02 1.428945128802638465e+01
1.364178876643817659e+02 1.438741460200013478e+01
1.364379672339807428e+02 1.448537791597388491e+01
1.364580468035797196e+02 1.458334122994763504e+01
1.364781263731786964e+02 1.468130454392138518e+01
1.364982059427776733e+02 1.477926785789513531e+01
1.365182855123766501e+02 1.487723117186888544e+01
1.365383650819756269e+02 1.497519448584263557e+01
1.365584446515746038e+02 1.507315779981638570e+01
1.365785242211735806e+02 1.517112111379013584e+01
1.365986037907725574e+02 1.526908442776388597e+01
1.366186833603715343e+02 1.536704774173763610e+01
1.366387629299705111e+02 1.546501105571138623e+01
1.366588424995694879e+02 1.556297436968513637e+01
1.366789220691684648e+02 1.566093768365888650e+01
1.366990016387674416e+02 1.575890099763263663e+01
1.367190812083664184e+02 1.585686431160638676e+01
1.367391607779653953e+02 1.595482762558013690e+01
1.367592403475643721e+02 1.605279093955388703e+01
1.367793199171633489e+02 1.615075425352763716e+01
1.367993994867623258e+02 1.624871756750138729e+01
1.368194790563613026e+02 1.634668088147513743e+01
1.368395586259602794e+02 1.644464419544888756e+01
1.368596381955592562e+02 1.654260750942263769e+01
1.368797177651582331e+02 1.664057082339638782e+01
1.368997973347572099e+02 1.673853413737013796e+01
1.369198769043561867e+02 1.683649745134388809e+01
1.369399564739551636e+02 1.693446076531763822e+01
1.369600360435541404e+02 1.703242407929138835e+01
1.369801156131531172e+02 1.713038739326513848e+01
1.370001951827520941e+02 1.722835070723888862e+01
1.370202747523510709e+02 1.732631402121263875e+01
1.370403543219500477e+02 1.742427733518638888e+01
1.370604338915490246e+02 1.752224064916013901e+01
1.370805134611480014e+02 1.762020396313388915e+01
1.371005930307469782e+02 1.771816727710763928e+01
1.371206726003459551e+02 1.781613059108138941e+01
1.371407521699449319e+02 1.791409390505513954e+01
1.371608317395439087e+02 1.801205721902888968e+01
1.371809113091428856e+02 1.811002053300263981e+01
1.372009908787418624e+02 1.820798384697638994e+01
1.372210704483408392e+02 1.830594716095014007e+01
1.372411500179398161e+02 1.840391047492389021e+01
1.372612295875387929e+02 1.850187378889764034e+01
1.372813091571377697e+02 1.859983710287139047e+01
1.373013887267367465e+02 1.869780041684514060e+01
1.373214682963357234e+02 1.879576373081889074e+01
1.373415478659347002e+02 1.889372704479264087e+01
1.373616274355336770e+02 1.899169035876639100e+01
1.373817070051326539e+02 1.908965367274014113e+01
1.374017865747316307e+02 1.918761698671389127e+01
1.374218661443306075e+02 1.928558030068764140e+01
1.374419457139295844e+02 1.938354361466139153e+01
1.374620252835285612e+02 1.948150692863514166e+01
1.374821048531275380e+02 1.957947024260889179e+01
1.375021844227265149e+02 1.967743355658264193e+01
1.375222639923254917e+02 1.977539687055639206e+01
1.375423435619244685e+02 1.987336018453014219e+01
1.375624231315234454e+02 1.997132349850389232e+01
1.375825027011224222e+02 2.006928681247764246e+01
1.376025822707213990e+02 2.016725012645139259e+01
1.376226618403203759e+02 2.026521344042514272e+01
1.376427414099193527e+02 2.036317675439889285e+01
1.376628209795183295e+02 2.046114006837264299e+01
1.376829005491173064e+02 2.055910338234639312e+01
1.377029801187162832e+02 2.065706669632014325e+01
1.377230596883152600e+02 2.075503001029389338e+01
1.377431392579142369e+02 2.085299332426764352e+01
1.377632188275132137e+02 2.095095663824139365e+01
1.377832983971121905e+02 2.104891995221514378e+01
1.378033779667111673e+02 2.114688326618889391e+01
1.378234575363101442e+02 2.124484658016264405e+01
1.378435371059091210e+02 2.134280989413639418e+01
1.378636166755080978e+02 2.144077320811014431e+01
1.378836962451070747e+02 2.153873652208389444e+01
1.379037758147060515e+02 2.163669983605764457e+01
1.379238553843050283e+02 2.173466315003139471e+01
1.379439349539040052e+02 2.183262646400514484e+01
1.379640145235029820e+02 2.193058977797889497e+01
1.379840940931019588e+02 2.202855309195264510e+01
1.380041736627009357e+02 2.212651640592639524e+01
1.380242532322999125e+02 2.222447971990014537e+01
1.380443328018988893e+02 2.232244303387389550e+01
1.380644123714978662e+02 2.242040634784764563e+01
1.380844919410968430e+02 2.251836966182139577e+01
1.381045715106958198e+02 2.261633297579514590e+01
1.381246510802947967e+02 2.271429628976889603e+01
1.381447306498937735e+02 2.281225960374264616e+01
1.381648102194927503e+02 2.291022291771639630e+01
1.381848897890917272e+02 2.300818623169014643e+01
1.382049693586907040e+02 2.310614954566389656e+01
1.382250489282896808e+02 2.320411285963764669e+01
1.382451284978886576e+02 2.330207617361139683e+01
1.382652080674876345e+02 2.340003948758514696e+01
1.382852876370866113e+02 2.349800280155889709e+01
1.383053672066855881e+02 2.359596611553264722e+01
1.383254467762845650e+02 2.369392942950639735e+01
1.383455263458835418e+02 2.379189274348014749e+01
1.383656059154825186e+02 2.388985605745389762e+01
1.383856854850814955e+02 2.398781937142764775e+01
1.384057650546804723e+02 2.408578268540139788e+01
1.384258446242794491e+02 2.418374599937514802e+01
1.384459241938784260e+02 2.428170931334889815e+01
1.384660037634774028e+02 2.437967262732264828e+01
1.384860833330763796e+02 2.447763594129639841e+01
1.385061629026753565e+02 2.457559925527014855e+01
1.385262424722743333e+02 2.467356256924389868e+01
1.385463220418733101e+02 2.477152588321764881e+01
1.385664016114722870e+02 2.486948919719139894e+01
1.385864811810712638e+02 2.496745251116514908e+01
1.386065607506702406e+02 2.506541582513889921e+01
1.386266403202692175e+02 2.516337913911264934e+01
1.386467198898681943e+02 2.526134245308639947e+01
1.386667994594671711e+02 2.535930576706014961e+01
1.386868790290661480e+02 2.545726908103389974e+01
1.387069585986651248e+02 2.555523239500764987e+01
1.387270381682641016e+02 2.565319570898140000e+01
1.387471177378630784e+02 2.575115902295515014e+01
1.387671973074620553e+02 2.584912233692890027e+01
1.387872768770610321e+02 2.594708565090265040e+01
1.388073564466600089e+02 2.604504896487640053e+01
1.388274360162589858e+02 2.614301227885015066e+01
1.388475155858579626e+02 2.624097559282390080e+01
1.388675951554569394e+02 2.633893890679765093e+01
1.388876747250559163e+02 2.643690222077140106e+01
1.389077542946548931e+02 2.653486553474515119e+01
1.389278338642538699e+02 2.663282884871890133e+01
1.389479134338528468e+02 2.673079216269265146e+01
1.389679930034518236e+02 2.682875547666640159e+01
1.389880725730508004e+02 2.692671879064015172e+01
1.390081521426497773e+02 2.702468210461390186e+01
1.390282317122487541e+02 2.712264541858765199e+01
1.390483112818477309e+02 2.722060873256140212e+01
1.390683908514467078e+02 2.731857204653515225e+01
1.390884704210456846e+02 2.741653536050890239e+01
1.391085499906446614e+02 2.751449867448265252e+01
1.391286295602436383e+02 2.761246198845640265e+01
1.391487091298426151e+02 2.771042530243015278e+01
1.391687886994415919e+02 2.780838861640390292e+01
1.391888682690405687e+02 2.790635193037765305e+01
1.392089478386395456e+02 2.800431524435140318e+01
1.392290274082385224e+02 2.810227855832515331e+01
1.392491069778374992e+02 2.820024187229890344e+01
1.392691865474364761e+02 2.829820518627265358e+01
1.392892661170354529e+02 2.839616850024640371e+01
1.393093456866344297e+02 2.849413181422015384e+01
1.393294252562334066e+02 2.859209512819390397e+01
1.393495048258323834e+02 2.869005844216765411e+01
1.393695843954313602e+02 2.878802175614140424e+01
1.393896639650303371e+02 2.888598507011515437e+01
1.394097435346293139e+02 2.898394838408890450e+01
1.394298231042282907e+02 2.908191169806265464e+01
1.394499026738272676e+02 2.917987501203640477e+01
1.394699822434262444e+02 2.927783832601015490e+01
1.394900618130252212e+02 2.937580163998390503e+01
1.395101413826241981e+02 2.947376495395765517e+01
1.395302209522231749e+02 2.957172826793140530e+01
1.395503005218221517e+02 2.966969158190515543e+01
1.395703800914211286e+02 2.976765489587890556e+01
1.395904596610201054e+02 2.986561820985265570e+01
1.396105392306190822e+02 2.996358152382640583e+01
1.396306188002180591e+02 3.006154483780015596e+01
1.396506983698170359e+02 3.015950815177390609e+01
1.396707779394160127e+02 3.025747146574765623e+01
1.396908575090149895e+02 3.035543477972140636e+01
1.397109370786139664e+02 3.045339809369515649e+01
1.397310166482129432e+02 3.055136140766890662e+01
1.397510962178119200e+02 3.064932472164265675e+01
1.397711757874108969e+02 3.074728803561640689e+01
1.397912553570098737e+02 3.084525134959015702e+01
1.398113349266088505e+02 3.094321466356390715e+01
1.398314144962078274e+02 3.104117797753765728e+01
1.398514940658068042e+02 3.113914129151140742e+01
1.398715736354057810e+02 3.123710460548515755e+01
1.398916532050047579e+02 3.133506791945890768e+01
1.399117327746037347e+02 3.143303123343265781e+01
1.399318123442027115e+02 3.153099454740640795e+01
1.399518919138016884e+02 3.162895786138015808e+01
1.399719714834006652e+02 3.172692117535390821e+01
1.399920510529996420e+02 3.182488448932765834e+01
1.400121306225986189e+02 3.192284780330140848e+01
1.400322101921975957e+02 3.202081111727515861e+01
1.400522897617965725e+02 3.211877443124890874e+01
1.400723693313955494e+02 3.221673774522265887e+01
1.400924489009945262e+02 3.231470105919640901e+01
1.401125284705935030e+02 3.241266437317015914e+01
1.401326080401924798e+02 3.251062768714390927e+01
1.401526876097914567e+02 3.260859100111765940e+01
1.401727671793904335e+02 3.270655431509140953e+01
1.401928467489894103e+02 3.280451762906515967e+01
1.402129263185883872e+02 3.290248094303890980e+01
1.402330058881873640e+02 3.300044425701265993e+01
1.402530854577863408e+02 3.309840757098641006e+01
1.402731650273853177e+02 3.319637088496016020e+01
1.402932445969842945e+02 3.329433419893391033e+01
1.403133241665832713e+02 3.339229751290766046e+01
1.403334037361822482e+02 3.349026082688141059e+01
1.403534833057812250e+02 3.358822414085516073e+01
1.403735628753802018e+02 3.368618745482891086e+01
1.403936424449791787e+02 3.378415076880266099e+01
1.404137220145781555e+02 3.388211408277641112e+01
1.404338015841771323e+02 3.398007739675016126e+01
1.404538811537761092e+02 3.407804071072391139e+01
1.404739607233750860e+02 3.417600402469766152e+01
1.404940402929740628e+02 3.427396733867141165e+01
1.405141198625730397e+02 3.437193065264516179e+01
1.405341994321720165e+02 3.446989396661891192e+01
1.405542790017709933e+02 3.456785728059266205e+01
1.405743585713699702e+02 3.466582059456641218e+01
1.405944381409689470e+02 3.476378390854016232e+01
1.406145177105679238e+02 3.486174722251391245e+01
1.406345972801669006e+02 3.495971053648766258e+01
1.406546768497658775e+02 3.505767385046141271e+01
1.406747564193648543e+02 3.515563716443516284e+01
1.406948359889638311e+02 3.525360047840891298e+01
1.407149155585628080e+02 3.535156379238266311e+01
1.407349951281617848e+02 3.544952710635641324e+01
1.407550746977607616e+02 3.554749042033016337e+01
1.407751542673597385e+02 3.564545373430391351e+01
1.407952338369587153e+02 3.574341704827766364e+01
1.408153134065576921e+02 3.584138036225141377e+01
1.408353929761566690e+02 3.593934367622516390e+01
1.408554725457556458e+02 3.603730699019891404e+01
1.408755521153546226e+02 3.613527030417266417e+01
1.408956316849535995e+02 3.623323361814641430e+01
1.409157112545525763e+02 3.633119693212016443e+01
1.409357908241515531e+02 3.642916024609391457e+01
1.409558703937505300e+02 3.652712356006766470e+01
1.409759499633495068e+02 3.662508687404141483e+01
1.409960295329484836e+02 3.672305018801516496e+01
1.410161091025474605e+02 3.682101350198891510e+01
1.410361886721464373e+02 3.691897681596266523e+01
1.410562682417454141e+02 3.701694012993641536e+01
1.410763478113443909e+02 3.711490344391016549e+01
1.410964273809433678e+02 3.721286675788391562e+01
1.411165069505423446e+02 3.731083007185766576e+01
1.411365865201413214e+02 3.740879338583141589e+01
1.411566660897402983e+02 3.750675669980516602e+01
1.411767456593392751e+02 3.760472001377891615e+01
1.411968252289382519e+02 3.770268332775266629e+01
1.412169047985372288e+02 3.780064664172641642e+01
1.412369843681362056e+02 3.789860995570016655e+01
1.412570639377351824e+02 3.799657326967391668e+01
1.412771435073341593e+02 3.809453658364766682e+01
1.412972230769331361e+02 3.819249989762141695e+01
1.413173026465321129e+02 3.829046321159516708e+01
1.413373822161310898e+02 3.838842652556891721e+01
1.413574617857300666e+02 3.848638983954266735e+01
1.413775413553290434e+02 3.858435315351641748e+01
1.413976209249280203e+02 3.868231646749016761e+01
1.414177004945269971e+02 3.878027978146391774e+01
1.414377800641259739e+02 3.887824309543766788e+01
1.414578596337249508e+02 3.897620640941141801e+01
1.414779392033239276e+02 3.907416972338516814e+01
1.414980187729229044e+02 3.917213303735891827e+01
1.415180983425218812e+02 3.927009635133266841e+01
1.415381779121208581e+02 3.936805966530641854e+01
1.415582574817198349e+02 3.946602297928016867e+01
1.415783370513188117e+02 3.956398629325391880e+01
1.415984166209177886e+02 3.966194960722766893e+01
1.416184961905167654e+02 3.975991292120141907e+01
1.416385757601157422e+02 3.985787623517516920e+01
1.416586553297147191e+02 3.995583954914891933e+01
1.416787348993136959e+02 4.005380286312266946e+01
1.416988144689126727e+02 4.015176617709641960e+01
1.417188940385116496e+02 4.024972949107016973e+01
1.417563186201088570e+02 4.043231488061975654e+01
