6.104163647521990299e+01 1.838554760195236213e+02
6.094327376651614259e+01 1.838374544342310060e+02
6.084491105781238218e+01 1.838194328489383906e+02
6.074654834910862178e+01 1.838014112636457753e+02
6.064818564040486137e+01 1.837833896783531600e+02
6.054982293170110097e+01 1.837653680930605447e+02
6.045146022299734057e+01 1.837473465077679293e+02
6.035309751429358016e+01 1.837293249224753140e+02
6.025473480558981976e+01 1.837113033371826987e+02
6.015637209688605935e+01 1.836932817518900833e+02
6.005800938818229895e+01 1.836752601665974680e+02
5.995964667947853854e+01 1.836572385813048527e+02
5.986128397077477814e+01 1.836392169960122374e+02
5.976292126207101774e+01 1.836211954107196220e+02
5.966455855336725733e+01 1.836031738254270067e+02
5.956619584466349693e+01 1.835851522401343914e+02
5.946783313595973652e+01 1.835671306548417760e+02
5.936947042725597612e+01 1.835491090695491607e+02
5.927110771855221572e+01 1.835310874842565454e+02
5.917274500984845531e+01 1.835130658989639301e+02
5.907438230114469491e+01 1.834950443136713147e+02
5.897601959244093450e+01 1.834770227283786994e+02
5.887765688373717410e+01 1.834590011430860841e+02
5.877929417503341369e+01 1.834409795577934688e+02
5.868093146632965329e+01 1.834229579725008534e+02
5.858256875762589289e+01 1.834049363872082381e+02
5.848420604892213248e+01 1.833869148019156228e+02
5.838584334021837208e+01 1.833688932166230074e+02
5.828748063151461167e+01 1.833508716313303921e+02
5.818911792281085127e+01 1.833328500460377768e+02
5.809075521410709086e+01 1.833148284607451615e+02
5.799239250540333046e+01 1.832968068754525461e+02
5.789402979669957006e+01 1.832787852901599308e+02
5.779566708799580965e+01 1.832607637048673155e+02
5.769730437929204925e+01 1.832427421195747002e+02
5.759894167058828884e+01 1.832247205342820848e+02
5.750057896188452844e+01 1.832066989489894695e+02
5.740221625318076804e+01 1.831886773636968542e+02
5.730385354447700763e+01 1.831706557784042388e+02
5.720549083577324723e+01 1.831526341931116235e+02
5.710712812706948682e+01 1.831346126078190082e+02
5.700876541836572642e+01 1.831165910225263929e+02
5.691040270966196601e+01 1.830985694372337775e+02
5.681204000095820561e+01 1.830805478519411622e+02
5.671367729225444521e+01 1.830625262666485469e+02
5.661531458355068480e+01 1.830445046813559316e+02
5.651695187484692440e+01 1.830264830960633162e+02
5.641858916614316399e+01 1.830084615107707009e+02
5.632022645743940359e+01 1.829904399254780856e+02
5.622186374873564318e+01 1.829724183401854702e+02
5.612350104003188278e+01 1.829543967548928549e+02
5.602513833132812238e+01 1.829363751696002396e+02
5.592677562262436197e+01 1.829183535843076243e+02
5.582841291392060157e+01 1.829003319990150089e+02
5.573005020521684116e+01 1.828823104137223936e+02
5.563168749651308076e+01 1.828642888284297783e+02
5.553332478780932036e+01 1.828462672431371630e+02
5.543496207910555995e+01 1.828282456578445476e+02
5.533659937040179955e+01 1.828102240725519323e+02
5.523823666169803914e+01 1.827922024872593170e+02
5.513987395299427874e+01 1.827741809019667016e+02
5.504151124429051833e+01 1.827561593166740863e+02
5.494314853558675793e+01 1.827381377313814710e+02
5.484478582688299753e+01 1.827201161460888557e+02
5.474642311817923712e+01 1.827020945607962403e+02
5.464806040947547672e+01 1.826840729755036250e+02
5.454969770077171631e+01 1.826660513902110097e+02
5.445133499206795591e+01 1.826480298049183943e+02
5.435297228336419550e+01 1.826300082196257790e+02
5.425460957466043510e+01 1.826119866343331637e+02
5.415624686595667470e+01 1.825939650490405484e+02
5.405788415725291429e+01 1.825759434637479330e+02
5.395952144854915389e+01 1.825579218784553177e+02
5.386115873984539348e+01 1.825399002931627024e+02
5.376279603114163308e+01 1.825218787078700871e+02
5.366443332243787268e+01 1.825038571225774717e+02
5.356607061373411227e+01 1.824858355372848564e+02
5.346770790503035187e+01 1.824678139519922411e+02
5.336934519632659146e+01 1.824497923666996257e+02
5.327098248762283106e+01 1.824317707814070104e+02
5.317261977891907065e+01 1.824137491961143951e+02
5.307425707021531025e+01 1.823957276108217798e+02
5.297589436151154985e+01 1.823777060255291644e+02
5.287753165280778944e+01 1.823596844402365491e+02
5.277916894410402904e+01 1.823416628549439338e+02
5.268080623540026863e+01 1.823236412696513185e+02
5.258244352669650823e+01 1.823056196843587031e+02
5.248408081799274782e+01 1.822875980990660878e+02
5.238571810928898742e+01 1.822695765137734725e+02
5.228735540058522702e+01 1.822515549284808571e+02
5.218899269188146661e+01 1.822335333431882418e+02
5.209062998317770621e+01 1.822155117578956265e+02
5.199226727447394580e+01 1.821974901726030112e+02
5.189390456577018540e+01 1.821794685873103958e+02
5.179554185706642500e+01 1.821614470020177805e+02
5.169717914836266459e+01 1.821434254167251652e+02
5.159881643965890419e+01 1.821254038314325499e+02
5.150045373095514378e+01 1.821073822461399345e+02
5.140209102225138338e+01 1.820893606608473192e+02
5.130372831354762297e+01 1.820713390755547039e+02
5.120536560484386257e+01 1.820533174902620885e+02
5.110700289614010217e+01 1.820352959049694732e+02
5.100864018743634176e+01 1.820172743196768579e+02
5.091027747873258136e+01 1.819992527343842426e+02
5.081191477002882095e+01 1.819812311490916272e+02
5.071355206132506055e+01 1.819632095637990119e+02
5.061518935262130015e+01 1.819451879785063966e+02
5.051682664391753974e+01 1.819271663932137812e+02
5.041846393521377934e+01 1.819091448079211659e+02
5.032010122651001893e+01 1.818911232226285506e+02
5.022173851780625853e+01 1.818731016373359353e+02
5.012337580910249812e+01 1.818550800520433199e+02
5.002501310039873772e+01 1.818370584667507046e+02
4.992665039169497732e+01 1.818190368814580893e+02
4.982828768299121691e+01 1.818010152961654740e+02
4.972992497428745651e+01 1.817829937108728586e+02
4.963156226558369610e+01 1.817649721255802433e+02
4.953319955687993570e+01 1.817469505402876280e+02
4.943483684817617529e+01 1.817289289549950126e+02
4.933647413947241489e+01 1.817109073697023973e+02
4.923811143076865449e+01 1.816928857844097820e+02
4.913974872206489408e+01 1.816748641991171667e+02
4.904138601336113368e+01 1.816568426138245513e+02
4.894302330465737327e+01 1.816388210285319360e+02
4.884466059595361287e+01 1.816207994432393207e+02
4.874629788724985247e+01 1.816027778579467054e+02
4.864793517854609206e+01 1.815847562726540900e+02
4.854957246984233166e+01 1.815667346873614747e+02
4.845120976113857125e+01 1.815487131020688594e+02
4.835284705243481085e+01 1.815306915167762440e+02
4.825448434373105044e+01 1.815126699314836287e+02
4.815612163502729004e+01 1.814946483461910134e+02
4.805775892632352964e+01 1.814766267608983981e+02
4.795939621761976923e+01 1.814586051756057827e+02
4.786103350891600883e+01 1.814405835903131674e+02
4.776267080021224842e+01 1.814225620050205521e+02
4.766430809150848802e+01 1.814045404197279368e+02
4.756594538280472761e+01 1.813865188344353214e+02
4.746758267410096721e+01 1.813684972491427061e+02
4.736921996539720681e+01 1.813504756638500908e+02
4.727085725669344640e+01 1.813324540785574754e+02
4.717249454798968600e+01 1.813144324932648601e+02
4.707413183928592559e+01 1.812964109079722448e+02
4.697576913058216519e+01 1.812783893226796295e+02
4.687740642187840479e+01 1.812603677373870141e+02
4.677904371317464438e+01 1.812423461520943988e+02
4.668068100447088398e+01 1.812243245668017835e+02
4.658231829576712357e+01 1.812063029815091681e+02
4.648395558706336317e+01 1.811882813962165528e+02
4.638559287835960276e+01 1.811702598109239375e+02
4.628723016965584236e+01 1.811522382256313222e+02
4.618886746095208196e+01 1.811342166403387068e+02
4.609050475224832155e+01 1.811161950550460915e+02
4.599214204354456115e+01 1.810981734697534762e+02
4.589377933484080074e+01 1.810801518844608609e+02
4.579541662613704034e+01 1.810621302991682455e+02
4.569705391743327993e+01 1.810441087138756302e+02
4.559869120872951953e+01 1.810260871285830149e+02
4.550032850002575913e+01 1.810080655432903995e+02
4.540196579132199872e+01 1.809900439579977842e+02
4.530360308261823832e+01 1.809720223727051689e+02
4.520524037391447791e+01 1.809540007874125536e+02
4.510687766521071751e+01 1.809359792021199382e+02
4.500851495650695711e+01 1.809179576168273229e+02
4.491015224780319670e+01 1.808999360315347076e+02
4.481178953909943630e+01 1.808819144462420923e+02
4.471342683039567589e+01 1.808638928609494769e+02
4.461506412169191549e+01 1.808458712756568616e+02
4.451670141298815508e+01 1.808278496903642463e+02
4.441833870428439468e+01 1.808098281050716309e+02
4.431997599558063428e+01 1.807918065197790156e+02
4.422161328687687387e+01 1.807737849344864003e+02
4.412325057817311347e+01 1.807557633491937850e+02
4.402488786946935306e+01 1.807377417639011696e+02
4.392652516076559266e+01 1.807197201786085543e+02
4.382816245206183225e+01 1.807016985933159390e+02
4.372979974335807185e+01 1.806836770080233237e+02
4.363143703465431145e+01 1.806656554227307083e+02
4.353307432595055104e+01 1.806476338374380930e+02
4.343471161724679064e+01 1.806296122521454777e+02
4.333634890854303023e+01 1.806115906668528623e+02
4.323798619983926983e+01 1.805935690815602470e+02
4.313962349113550943e+01 1.805755474962676317e+02
4.304126078243174902e+01 1.805575259109750164e+02
4.294289807372798862e+01 1.805395043256824010e+02
4.284453536502422821e+01 1.805214827403897857e+02
4.274617265632046781e+01 1.805034611550971704e+02
4.264780994761670740e+01 1.804854395698045550e+02
4.254944723891294700e+01 1.804674179845119397e+02
4.245108453020918660e+01 1.804493963992193244e+02
4.235272182150542619e+01 1.804313748139267091e+02
4.225435911280166579e+01 1.804133532286340937e+02
4.215599640409790538e+01 1.803953316433414784e+02
4.205763369539414498e+01 1.803773100580488631e+02
4.195927098669038458e+01 1.803592884727562478e+02
4.186090827798662417e+01 1.803412668874636324e+02
4.176254556928286377e+01 1.803232453021710171e+02
4.166418286057910336e+01 1.803052237168784018e+02
4.156582015187534296e+01 1.802872021315857864e+02
4.146745744317158255e+01 1.802691805462931711e+02
4.136909473446782215e+01 1.802511589610005558e+02
4.127073202576406175e+01 1.802331373757079405e+02
4.117236931706030134e+01 1.802151157904153251e+02
4.107400660835654094e+01 1.801970942051227098e+02
4.097564389965278053e+01 1.801790726198300945e+02
4.087728119094902013e+01 1.801610510345374792e+02
4.077891848224525972e+01 1.801430294492448638e+02
4.068055577354149932e+01 1.801250078639522485e+02
4.058219306483773892e+01 1.801069862786596332e+02
4.048383035613397851e+01 1.800889646933670178e+02
4.038546764743021811e+01 1.800709431080744025e+02
4.028710493872645770e+01 1.800529215227817872e+02
4.018874223002269730e+01 1.800348999374891719e+02
4.009037952131893690e+01 1.800168783521965565e+02
3.999201681261517649e+01 1.799988567669039412e+02
3.989365410391141609e+01 1.799808351816113259e+02
3.979529139520765568e+01 1.799628135963187106e+02
3.969692868650389528e+01 1.799447920110260952e+02
3.959856597780013487e+01 1.799267704257334799e+02
3.950020326909637447e+01 1.799087488404408646e+02
3.940184056039261407e+01 1.798907272551482492e+02
3.930347785168885366e+01 1.798727056698556339e+02
3.920511514298509326e+01 1.798546840845630186e+02
3.910675243428133285e+01 1.798366624992704033e+02
3.900838972557757245e+01 1.798186409139777879e+02
3.891002701687381204e+01 1.798006193286851726e+02
3.881166430817005164e+01 1.797825977433925573e+02
3.871330159946629124e+01 1.797645761580999419e+02
3.861493889076253083e+01 1.797465545728073266e+02
3.851657618205877043e+01 1.797285329875147113e+02
3.841821347335501002e+01 1.797105114022220960e+02
3.831985076465124962e+01 1.796924898169294806e+02
3.822148805594748922e+01 1.796744682316368653e+02
3.812312534724372881e+01 1.796564466463442500e+02
3.802476263853996841e+01 1.796384250610516347e+02
3.792639992983620800e+01 1.796204034757590193e+02
3.782803722113244760e+01 1.796023818904664040e+02
3.772967451242868719e+01 1.795843603051737887e+02
3.763131180372492679e+01 1.795663387198811733e+02
3.753294909502116639e+01 1.795483171345885580e+02
3.743458638631740598e+01 1.795302955492959427e+02
3.733622367761364558e+01 1.795122739640033274e+02
3.723786096890988517e+01 1.794942523787107120e+02
3.713949826020612477e+01 1.794762307934180967e+02
3.704113555150236436e+01 1.794582092081254814e+02
3.694277284279860396e+01 1.794401876228328661e+02
3.684441013409484356e+01 1.794221660375402507e+02
3.674604742539108315e+01 1.794041444522476354e+02
3.664768471668732275e+01 1.793861228669550201e+02
3.654932200798356234e+01 1.793681012816624047e+02
3.645095929927980194e+01 1.793500796963697894e+02
3.635259659057604154e+01 1.793320581110771741e+02
3.625423388187228113e+01 1.793140365257845588e+02
3.615587117316852073e+01 1.792960149404919434e+02
3.605750846446476032e+01 1.792779933551993281e+02
3.595914575576099992e+01 1.792599717699067128e+02
3.586078304705723951e+01 1.792419501846140975e+02
3.576242033835347911e+01 1.792239285993214821e+02
3.566405762964971871e+01 1.792059070140288668e+02
3.556569492094595830e+01 1.791878854287362515e+02
3.546733221224219790e+01 1.791698638434436361e+02
3.536896950353843749e+01 1.791518422581510208e+02
3.527060679483467709e+01 1.791338206728584055e+02
3.517224408613091668e+01 1.791157990875657902e+02
3.507388137742715628e+01 1.790977775022731748e+02
3.497551866872339588e+01 1.790797559169805595e+02
3.487715596001963547e+01 1.790617343316879442e+02
3.477879325131587507e+01 1.790437127463953288e+02
3.468043054261211466e+01 1.790256911611027135e+02
3.458206783390835426e+01 1.790076695758100982e+02
3.448370512520459386e+01 1.789896479905174829e+02
3.438534241650083345e+01 1.789716264052248675e+02
3.428697970779707305e+01 1.789536048199322522e+02
3.418861699909331264e+01 1.789355832346396369e+02
3.409025429038955224e+01 1.789175616493470216e+02
3.399189158168579183e+01 1.788995400640544062e+02
3.389352887298203143e+01 1.788815184787617909e+02
3.379516616427827103e+01 1.788634968934691756e+02
3.369680345557451062e+01 1.788454753081765602e+02
3.359844074687075022e+01 1.788274537228839449e+02
3.350007803816698981e+01 1.788094321375913296e+02
3.340171532946322941e+01 1.787914105522987143e+02
3.330335262075946900e+01 1.787733889670060989e+02
3.320498991205570860e+01 1.787553673817134836e+02
3.310662720335194820e+01 1.787373457964208683e+02
3.300826449464818779e+01 1.787193242111282530e+02
3.290990178594442739e+01 1.787013026258356376e+02
3.281153907724066698e+01 1.786832810405430223e+02
3.271317636853690658e+01 1.786652594552504070e+02
3.261481365983314618e+01 1.786472378699577916e+02
3.251645095112938577e+01 1.786292162846651763e+02
3.241808824242562537e+01 1.786111946993725610e+02
3.231972553372186496e+01 1.785931731140799457e+02
3.222136282501810456e+01 1.785751515287873303e+02
3.212300011631434415e+01 1.785571299434947150e+02
3.202463740761058375e+01 1.785391083582020997e+02
3.192627469890682335e+01 1.785210867729094844e+02
3.182791199020306294e+01 1.785030651876168690e+02
3.172954928149930254e+01 1.784850436023242537e+02
3.163118657279554213e+01 1.784670220170316384e+02
3.153282386409178173e+01 1.784490004317390230e+02
3.143446115538802133e+01 1.784309788464464077e+02
3.133609844668426092e+01 1.784129572611537924e+02
3.123773573798050052e+01 1.783949356758611771e+02
3.113937302927674011e+01 1.783769140905685617e+02
3.104101032057297971e+01 1.783588925052759464e+02
3.094264761186921930e+01 1.783408709199833311e+02
3.084428490316545890e+01 1.783228493346907158e+02
3.074592219446169850e+01 1.783048277493981004e+02
3.064755948575793809e+01 1.782868061641054851e+02
3.054919677705417769e+01 1.782687845788128698e+02
3.045083406835041728e+01 1.782507629935202544e+02
3.035247135964665688e+01 1.782327414082276391e+02
3.025410865094289647e+01 1.782147198229350238e+02
3.015574594223913607e+01 1.781966982376424085e+02
3.005738323353537567e+01 1.781786766523497931e+02
2.995902052483161526e+01 1.781606550670571778e+02
2.986065781612785486e+01 1.781426334817645625e+02
2.976229510742409445e+01 1.781246118964719471e+02
2.966393239872033405e+01 1.781065903111793318e+02
2.956556969001657365e+01 1.780885687258867165e+02
2.946720698131281324e+01 1.780705471405941012e+02
2.936884427260905284e+01 1.780525255553014858e+02
2.927048156390529243e+01 1.780345039700088705e+02
2.917211885520153203e+01 1.780164823847162552e+02
2.907375614649777162e+01 1.779984607994236399e+02
2.897539343779401122e+01 1.779804392141310245e+02
2.887703072909025082e+01 1.779624176288384092e+02
2.877866802038649041e+01 1.779443960435457939e+02
2.868030531168273001e+01 1.779263744582531785e+02
2.858194260297896960e+01 1.779083528729605632e+02
2.848357989427520920e+01 1.778903312876679479e+02
2.838521718557144879e+01 1.778723097023753326e+02
2.828685447686768839e+01 1.778542881170827172e+02
2.818849176816392799e+01 1.778362665317901019e+02
2.809012905946016758e+01 1.778182449464974866e+02
2.799176635075640718e+01 1.778002233612048713e+02
2.789340364205264677e+01 1.777822017759122559e+02
2.779504093334888637e+01 1.777641801906196406e+02
2.769667822464512597e+01 1.777461586053270253e+02
2.759831551594136556e+01 1.777281370200344099e+02
2.749995280723760516e+01 1.777101154347417946e+02
2.740159009853384475e+01 1.776920938494491793e+02
2.730322738983008435e+01 1.776740722641565640e+02
2.720486468112632394e+01 1.776560506788639486e+02
2.710650197242256354e+01 1.776380290935713333e+02
2.700813926371880314e+01 1.776200075082787180e+02
2.690977655501504273e+01 1.776019859229861027e+02
2.681141384631128233e+01 1.775839643376934873e+02
2.671305113760752192e+01 1.775659427524008720e+02
2.661468842890376152e+01 1.775479211671082567e+02
2.651632572020000111e+01 1.775298995818156413e+02
2.641796301149624071e+01 1.775118779965230260e+02
2.631960030279248031e+01 1.774938564112304107e+02
2.622123759408871990e+01 1.774758348259377954e+02
2.612287488538495950e+01 1.774578132406451800e+02
2.602451217668119909e+01 1.774397916553525647e+02
2.592614946797743869e+01 1.774217700700599494e+02
2.582778675927367829e+01 1.774037484847673340e+02
2.572942405056991788e+01 1.773857268994747187e+02
2.563106134186615748e+01 1.773677053141821034e+02
2.553269863316239707e+01 1.773496837288894881e+02
2.543433592445863667e+01 1.773316621435968727e+02
2.533597321575487626e+01 1.773136405583042574e+02
2.523761050705111586e+01 1.772956189730116421e+02
2.513924779834735546e+01 1.772775973877190268e+02
2.504088508964359505e+01 1.772595758024264114e+02
2.494252238093983465e+01 1.772415542171337961e+02
2.484415967223607424e+01 1.772235326318411808e+02
2.474579696353231384e+01 1.772055110465485654e+02
2.464743425482855343e+01 1.771874894612559501e+02
2.454907154612479303e+01 1.771694678759633348e+02
2.445070883742103263e+01 1.771514462906707195e+02
2.435234612871727222e+01 1.771334247053781041e+02
2.425398342001351182e+01 1.771154031200854888e+02
2.415562071130975141e+01 1.770973815347928735e+02
2.405725800260599101e+01 1.770793599495002582e+02
2.395889529390223061e+01 1.770613383642076428e+02
2.386053258519847020e+01 1.770433167789150275e+02
2.376216987649470980e+01 1.770252951936224122e+02
2.366380716779094939e+01 1.770072736083297968e+02
2.356544445908718899e+01 1.769892520230371815e+02
2.346708175038342858e+01 1.769712304377445662e+02
2.336871904167966818e+01 1.769532088524519509e+02
2.327035633297590778e+01 1.769351872671593355e+02
2.317199362427214737e+01 1.769171656818667202e+02
2.307363091556838697e+01 1.768991440965741049e+02
2.297526820686462656e+01 1.768811225112814896e+02
2.287690549816086616e+01 1.768631009259888742e+02
2.277854278945710575e+01 1.768450793406962589e+02
2.268018008075334535e+01 1.768270577554036436e+02
2.258181737204958495e+01 1.768090361701110282e+02
2.248345466334582454e+01 1.767910145848184129e+02
2.238509195464206414e+01 1.767729929995257976e+02
2.228672924593830373e+01 1.767549714142331823e+02
2.218836653723454333e+01 1.767369498289405669e+02
2.209000382853078293e+01 1.767189282436479516e+02
2.199164111982702252e+01 1.767009066583553363e+02
2.189327841112326212e+01 1.766828850730627209e+02
2.179491570241950171e+01 1.766648634877701056e+02
2.169655299371574131e+01 1.766468419024774903e+02
2.159819028501198090e+01 1.766288203171848750e+02
2.149982757630822050e+01 1.766107987318922596e+02
2.140146486760446010e+01 1.765927771465996443e+02
2.130310215890069969e+01 1.765747555613070290e+02
2.120473945019693929e+01 1.765567339760144137e+02
2.110637674149317888e+01 1.765387123907217983e+02
2.100801403278941848e+01 1.765206908054291830e+02
2.090965132408565808e+01 1.765026692201365677e+02
2.081128861538189767e+01 1.764846476348439523e+02
2.071292590667813727e+01 1.764666260495513370e+02
2.061456319797437686e+01 1.764486044642587217e+02
2.051620048927061646e+01 1.764305828789661064e+02
2.041783778056685605e+01 1.764125612936734910e+02
2.031947507186309565e+01 1.763945397083808757e+02
2.022111236315933525e+01 1.763765181230882604e+02
2.012274965445557484e+01 1.763584965377956451e+02
2.002438694575181444e+01 1.763404749525030297e+02
1.992602423704805403e+01 1.763224533672104144e+02
1.977946478591973190e+01 1.762956013855640833e+02
1.984295420542657951e+01 1.762183414760981464e+02
1.990644362493342712e+01 1.761410815666322094e+02
1.996993304444027473e+01 1.760638216571662724e+02
2.003342246394712234e+01 1.759865617477003354e+02
2.009691188345396995e+01 1.759093018382343985e+02
2.016040130296081756e+01 1.758320419287684615e+02
2.022389072246766517e+01 1.757547820193025245e+02
2.028738014197451278e+01 1.756775221098365876e+02
2.035086956148136039e+01 1.756002622003706506e+02
2.041435898098820800e+01 1.755230022909047136e+02
2.047784840049505561e+01 1.754457423814387766e+02
2.054133782000190322e+01 1.753684824719728397e+02
2.060482723950875084e+01 1.752912225625069027e+02
2.066831665901559845e+01 1.752139626530409657e+02
2.073180607852244606e+01 1.751367027435750288e+02
2.079529549802929367e+01 1.750594428341090918e+02
2.085878491753614128e+01 1.749821829246431548e+02
2.092227433704298889e+01 1.749049230151772178e+02
2.098576375654983650e+01 1.748276631057112809e+02
2.104925317605668411e+01 1.747504031962453439e+02
2.111274259556353172e+01 1.746731432867794069e+02
2.117623201507037933e+01 1.745958833773134700e+02
2.123972143457722694e+01 1.745186234678475330e+02
2.130321085408407455e+01 1.744413635583815960e+02
2.136670027359092217e+01 1.743641036489156591e+02
2.143018969309776978e+01 1.742868437394497221e+02
2.149367911260461739e+01 1.742095838299837851e+02
2.155716853211146500e+01 1.741323239205178481e+02
2.162065795161831261e+01 1.740550640110519112e+02
2.168414737112516022e+01 1.739778041015859742e+02
2.174763679063200783e+01 1.739005441921200372e+02
2.181112621013885544e+01 1.738232842826541003e+02
2.187461562964570305e+01 1.737460243731881633e+02
2.193810504915255066e+01 1.736687644637222263e+02
2.200159446865939827e+01 1.735915045542562893e+02
2.206508388816624588e+01 1.735142446447903524e+02
2.212857330767309350e+01 1.734369847353244154e+02
2.219206272717994111e+01 1.733597248258584784e+02
2.225555214668678872e+01 1.732824649163925415e+02
2.231904156619363633e+01 1.732052050069266045e+02
2.238253098570048394e+01 1.731279450974606675e+02
2.244602040520733155e+01 1.730506851879947305e+02
2.250950982471417916e+01 1.729734252785287936e+02
2.257299924422102677e+01 1.728961653690628566e+02
2.263648866372787438e+01 1.728189054595969196e+02
2.269997808323472199e+01 1.727416455501309827e+02
2.276346750274156960e+01 1.726643856406650457e+02
2.282695692224841721e+01 1.725871257311991087e+02
2.289044634175526483e+01 1.725098658217331717e+02
2.295393576126211244e+01 1.724326059122672348e+02
2.301742518076896005e+01 1.723553460028012978e+02
2.308091460027580766e+01 1.722780860933353608e+02
2.314440401978265527e+01 1.722008261838694239e+02
2.320789343928950288e+01 1.721235662744034869e+02
2.327138285879635049e+01 1.720463063649375499e+02
2.333487227830319810e+01 1.719690464554716129e+02
2.339836169781004571e+01 1.718917865460056760e+02
2.346185111731689332e+01 1.718145266365397390e+02
2.352534053682374093e+01 1.717372667270738020e+02
2.358882995633058854e+01 1.716600068176078651e+02
2.365231937583743616e+01 1.715827469081419281e+02
2.371580879534428377e+01 1.715054869986759911e+02
2.377929821485113138e+01 1.714282270892100541e+02
2.384278763435797899e+01 1.713509671797441172e+02
2.390627705386482660e+01 1.712737072702781802e+02
2.396976647337167421e+01 1.711964473608122432e+02
2.403325589287852182e+01 1.711191874513463063e+02
2.409674531238536943e+01 1.710419275418803693e+02
2.416023473189221704e+01 1.709646676324144323e+02
2.422372415139906465e+01 1.708874077229484953e+02
2.428721357090591226e+01 1.708101478134825584e+02
2.435070299041275987e+01 1.707328879040166214e+02
2.441419240991960748e+01 1.706556279945506844e+02
2.447768182942645510e+01 1.705783680850847475e+02
2.454117124893330271e+01 1.705011081756188105e+02
2.460466066844015032e+01 1.704238482661528735e+02
2.466815008794699793e+01 1.703465883566869365e+02
2.473163950745384554e+01 1.702693284472209996e+02
2.479512892696069315e+01 1.701920685377550626e+02
2.485861834646754076e+01 1.701148086282891256e+02
2.492210776597438837e+01 1.700375487188231887e+02
2.498559718548123598e+01 1.699602888093572517e+02
2.504908660498808359e+01 1.698830288998913147e+02
2.511257602449493120e+01 1.698057689904253778e+02
2.517606544400177881e+01 1.697285090809594408e+02
2.523955486350862643e+01 1.696512491714935038e+02
2.530304428301547404e+01 1.695739892620275668e+02
2.536653370252232165e+01 1.694967293525616299e+02
2.543002312202916926e+01 1.694194694430956929e+02
2.549351254153601687e+01 1.693422095336297559e+02
2.555700196104286448e+01 1.692649496241638190e+02
2.562049138054971209e+01 1.691876897146978820e+02
2.568398080005655970e+01 1.691104298052319450e+02
2.574747021956340731e+01 1.690331698957660080e+02
2.581095963907025492e+01 1.689559099863000711e+02
2.587444905857710253e+01 1.688786500768341341e+02
2.593793847808395014e+01 1.688013901673681971e+02
2.600142789759079776e+01 1.687241302579022602e+02
2.606491731709764537e+01 1.686468703484363232e+02
2.612840673660449298e+01 1.685696104389703862e+02
2.619189615611134059e+01 1.684923505295044492e+02
2.625538557561818820e+01 1.684150906200385123e+02
2.631887499512503581e+01 1.683378307105725753e+02
2.638236441463188342e+01 1.682605708011066383e+02
2.644585383413873103e+01 1.681833108916407014e+02
2.650934325364557864e+01 1.681060509821747644e+02
2.657283267315242625e+01 1.680287910727088274e+02
2.663632209265927386e+01 1.679515311632428904e+02
2.669981151216612147e+01 1.678742712537769535e+02
2.676330093167296909e+01 1.677970113443110165e+02
2.682679035117981670e+01 1.677197514348450795e+02
2.689027977068666431e+01 1.676424915253791426e+02
2.695376919019351192e+01 1.675652316159132056e+02
2.701725860970035953e+01 1.674879717064472686e+02
2.708074802920720714e+01 1.674107117969813316e+02
2.714423744871405475e+01 1.673334518875153947e+02
2.720772686822090236e+01 1.672561919780494577e+02
2.727121628772774997e+01 1.671789320685835207e+02
2.733470570723459758e+01 1.671016721591175838e+02
2.739819512674144519e+01 1.670244122496516468e+02
2.746168454624829280e+01 1.669471523401857098e+02
2.752517396575514042e+01 1.668698924307197728e+02
2.758866338526198803e+01 1.667926325212538359e+02
2.765215280476883564e+01 1.667153726117878989e+02
2.771564222427568325e+01 1.666381127023219619e+02
2.777913164378253086e+01 1.665608527928560250e+02
2.784262106328937847e+01 1.664835928833900880e+02
2.790611048279622608e+01 1.664063329739241510e+02
2.796959990230307369e+01 1.663290730644582140e+02
2.803308932180992130e+01 1.662518131549922771e+02
2.809657874131676891e+01 1.661745532455263401e+02
2.816006816082361652e+01 1.660972933360604031e+02
2.822355758033046413e+01 1.660200334265944662e+02
2.828704699983731174e+01 1.659427735171285292e+02
2.835053641934415936e+01 1.658655136076625922e+02
2.841402583885100697e+01 1.657882536981966553e+02
2.847751525835785458e+01 1.657109937887307183e+02
2.854100467786470219e+01 1.656337338792647813e+02
2.860449409737154980e+01 1.655564739697988443e+02
2.866798351687839741e+01 1.654792140603329074e+02
2.873147293638524502e+01 1.654019541508669704e+02
2.879496235589209263e+01 1.653246942414010334e+02
2.885845177539894024e+01 1.652474343319350965e+02
2.892194119490578785e+01 1.651701744224691595e+02
2.898543061441263546e+01 1.650929145130032225e+02
2.904892003391948307e+01 1.650156546035372855e+02
2.911240945342633069e+01 1.649383946940713486e+02
2.917589887293317830e+01 1.648611347846054116e+02
2.923938829244002591e+01 1.647838748751394746e+02
2.930287771194687352e+01 1.647066149656735377e+02
2.936636713145372113e+01 1.646293550562076007e+02
2.942985655096056874e+01 1.645520951467416637e+02
2.949334597046741635e+01 1.644748352372757267e+02
2.955683538997426396e+01 1.643975753278097898e+02
2.962032480948111157e+01 1.643203154183438528e+02
2.968381422898795918e+01 1.642430555088779158e+02
2.974730364849480679e+01 1.641657955994119789e+02
2.981079306800165440e+01 1.640885356899460419e+02
2.987428248750850202e+01 1.640112757804801049e+02
2.993777190701534963e+01 1.639340158710141679e+02
3.000126132652219724e+01 1.638567559615482310e+02
3.006475074602904485e+01 1.637794960520822940e+02
3.012824016553589246e+01 1.637022361426163570e+02
3.019172958504274007e+01 1.636249762331504201e+02
3.025521900454958768e+01 1.635477163236844831e+02
3.031870842405643529e+01 1.634704564142185461e+02
3.038219784356328290e+01 1.633931965047526091e+02
3.044568726307013051e+01 1.633159365952866722e+02
3.050917668257697812e+01 1.632386766858207352e+02
3.057266610208382573e+01 1.631614167763547982e+02
3.063615552159067335e+01 1.630841568668888613e+02
3.069964494109752096e+01 1.630068969574229243e+02
3.076313436060436857e+01 1.629296370479569873e+02
3.082662378011121618e+01 1.628523771384910503e+02
3.089011319961806379e+01 1.627751172290251134e+02
3.095360261912491140e+01 1.626978573195591764e+02
3.101709203863175901e+01 1.626205974100932394e+02
3.108058145813860662e+01 1.625433375006273025e+02
3.114407087764545423e+01 1.624660775911613655e+02
3.120756029715230184e+01 1.623888176816954285e+02
3.127104971665914945e+01 1.623115577722294915e+02
3.133453913616599706e+01 1.622342978627635546e+02
3.139802855567284467e+01 1.621570379532976176e+02
3.146151797517969229e+01 1.620797780438316806e+02
3.152500739468653990e+01 1.620025181343657437e+02
3.158849681419338751e+01 1.619252582248998067e+02
3.165198623370023512e+01 1.618479983154338697e+02
3.171547565320708273e+01 1.617707384059679327e+02
3.177896507271393034e+01 1.616934784965019958e+02
3.184245449222077795e+01 1.616162185870360588e+02
3.190594391172762556e+01 1.615389586775701218e+02
3.196943333123447317e+01 1.614616987681041849e+02
3.203292275074132078e+01 1.613844388586382479e+02
3.209641217024817195e+01 1.613071789491723109e+02
3.215990158975502311e+01 1.612299190397063740e+02
3.222339100926187427e+01 1.611526591302404370e+02
3.228688042876872544e+01 1.610753992207745000e+02
3.235036984827557660e+01 1.609981393113085630e+02
3.241385926778242776e+01 1.609208794018426261e+02
3.247734868728927893e+01 1.608436194923766891e+02
3.254083810679613009e+01 1.607663595829107521e+02
3.260432752630298125e+01 1.606890996734448152e+02
3.266781694580983242e+01 1.606118397639788782e+02
3.273130636531668358e+01 1.605345798545129412e+02
3.279479578482353475e+01 1.604573199450470042e+02
3.285828520433038591e+01 1.603800600355810673e+02
3.292177462383723707e+01 1.603028001261151303e+02
3.298526404334408824e+01 1.602255402166491933e+02
3.304875346285093940e+01 1.601482803071832564e+02
3.311224288235779056e+01 1.600710203977173194e+02
3.317573230186464173e+01 1.599937604882513824e+02
3.323922172137149289e+01 1.599165005787854454e+02
3.330271114087834405e+01 1.598392406693195085e+02
3.336620056038519522e+01 1.597619807598535715e+02
3.342968997989204638e+01 1.596847208503876345e+02
3.349317939939889754e+01 1.596074609409216976e+02
3.355666881890574871e+01 1.595302010314557606e+02
3.362015823841259987e+01 1.594529411219898236e+02
3.368364765791945104e+01 1.593756812125238866e+02
3.374713707742630220e+01 1.592984213030579497e+02
3.381062649693315336e+01 1.592211613935920127e+02
3.387411591644000453e+01 1.591439014841260757e+02
3.393760533594685569e+01 1.590666415746601388e+02
3.400109475545370685e+01 1.589893816651942018e+02
3.406458417496055802e+01 1.589121217557282648e+02
3.412807359446740918e+01 1.588348618462623278e+02
3.419156301397426034e+01 1.587576019367963909e+02
3.425505243348111151e+01 1.586803420273304539e+02
3.431854185298796267e+01 1.586030821178645169e+02
3.438203127249481383e+01 1.585258222083985800e+02
3.444552069200166500e+01 1.584485622989326430e+02
3.450901011150851616e+01 1.583713023894667060e+02
3.457249953101536732e+01 1.582940424800007690e+02
3.463598895052221849e+01 1.582167825705348321e+02
3.469947837002906965e+01 1.581395226610688951e+02
3.476296778953592082e+01 1.580622627516029581e+02
3.482645720904277198e+01 1.579850028421370212e+02
3.488994662854962314e+01 1.579077429326710842e+02
3.495343604805647431e+01 1.578304830232051472e+02
3.501692546756332547e+01 1.577532231137392102e+02
3.508041488707017663e+01 1.576759632042732733e+02
3.514390430657702780e+01 1.575987032948073363e+02
3.520739372608387896e+01 1.575214433853413993e+02
3.527088314559073012e+01 1.574441834758754624e+02
3.533437256509758129e+01 1.573669235664095254e+02
3.539786198460443245e+01 1.572896636569435884e+02
3.546135140411128361e+01 1.572124037474776515e+02
3.552484082361813478e+01 1.571351438380117145e+02
3.558833024312498594e+01 1.570578839285457775e+02
3.565181966263183710e+01 1.569806240190798405e+02
3.571530908213868827e+01 1.569033641096139036e+02
3.577879850164553943e+01 1.568261042001479666e+02
3.584228792115239060e+01 1.567488442906820296e+02
3.590577734065924176e+01 1.566715843812160927e+02
3.596926676016609292e+01 1.565943244717501557e+02
3.603275617967294409e+01 1.565170645622842187e+02
3.609624559917979525e+01 1.564398046528182817e+02
3.615973501868664641e+01 1.563625447433523448e+02
3.622322443819349758e+01 1.562852848338864078e+02
3.628671385770034874e+01 1.562080249244204708e+02
3.635020327720719990e+01 1.561307650149545339e+02
3.641369269671405107e+01 1.560535051054885969e+02
3.647718211622090223e+01 1.559762451960226599e+02
3.654067153572775339e+01 1.558989852865567229e+02
3.660416095523460456e+01 1.558217253770907860e+02
3.666765037474145572e+01 1.557444654676248490e+02
3.673113979424830688e+01 1.556672055581589120e+02
3.679462921375515805e+01 1.555899456486929751e+02
3.685811863326200921e+01 1.555126857392270381e+02
3.692160805276886038e+01 1.554354258297611011e+02
3.698509747227571154e+01 1.553581659202951641e+02
3.704858689178256270e+01 1.552809060108292272e+02
3.711207631128941387e+01 1.552036461013632902e+02
3.717556573079626503e+01 1.551263861918973532e+02
3.723905515030311619e+01 1.550491262824314163e+02
3.730254456980996736e+01 1.549718663729654793e+02
3.736603398931681852e+01 1.548946064634995423e+02
3.742952340882366968e+01 1.548173465540336053e+02
3.749301282833052085e+01 1.547400866445676684e+02
3.755650224783737201e+01 1.546628267351017314e+02
3.761999166734422317e+01 1.545855668256357944e+02
3.768348108685107434e+01 1.545083069161698575e+02
3.774697050635792550e+01 1.544310470067039205e+02
3.781045992586477666e+01 1.543537870972379835e+02
3.787394934537162783e+01 1.542765271877720465e+02
3.793743876487847899e+01 1.541992672783061096e+02
3.800092818438533016e+01 1.541220073688401726e+02
3.806441760389218132e+01 1.540447474593742356e+02
3.812790702339903248e+01 1.539674875499082987e+02
3.819139644290588365e+01 1.538902276404423617e+02
3.825488586241273481e+01 1.538129677309764247e+02
3.831837528191958597e+01 1.537357078215104877e+02
3.838186470142643714e+01 1.536584479120445508e+02
3.844535412093328830e+01 1.535811880025786138e+02
3.850884354044013946e+01 1.535039280931126768e+02
3.857233295994699063e+01 1.534266681836467399e+02
3.863582237945384179e+01 1.533494082741808029e+02
3.869931179896069295e+01 1.532721483647148659e+02
3.876280121846754412e+01 1.531948884552489289e+02
3.882629063797439528e+01 1.531176285457829920e+02
3.888978005748124644e+01 1.530403686363170550e+02
3.895326947698809761e+01 1.529631087268511180e+02
3.901675889649494877e+01 1.528858488173851811e+02
3.908024831600179994e+01 1.528085889079192441e+02
3.914373773550865110e+01 1.527313289984533071e+02
3.920722715501550226e+01 1.526540690889873702e+02
3.927071657452235343e+01 1.525768091795214332e+02
3.933420599402920459e+01 1.524995492700554962e+02
3.939769541353605575e+01 1.524222893605895592e+02
3.946118483304290692e+01 1.523450294511236223e+02
3.952467425254975808e+01 1.522677695416576853e+02
3.958816367205660924e+01 1.521905096321917483e+02
3.965165309156346041e+01 1.521132497227258114e+02
3.971514251107031157e+01 1.520359898132598744e+02
3.977863193057716273e+01 1.519587299037939374e+02
3.984212135008401390e+01 1.518814699943280004e+02
3.990561076959086506e+01 1.518042100848620635e+02
3.996910018909771622e+01 1.517269501753961265e+02
4.003258960860456739e+01 1.516496902659301895e+02
4.009607902811141855e+01 1.515724303564642526e+02
4.015956844761826972e+01 1.514951704469983156e+02
4.022305786712512088e+01 1.514179105375323786e+02
4.028654728663197204e+01 1.513406506280664416e+02
4.035003670613882321e+01 1.512633907186005047e+02
4.041352612564567437e+01 1.511861308091345677e+02
4.047701554515252553e+01 1.511088708996686307e+02
4.054050496465937670e+01 1.510316109902026938e+02
4.060399438416622786e+01 1.509543510807367568e+02
4.066748380367307902e+01 1.508770911712708198e+02
4.073097322317993019e+01 1.507998312618048828e+02
4.079446264268678135e+01 1.507225713523389459e+02
4.085795206219363251e+01 1.506453114428730089e+02
4.092144148170048368e+01 1.505680515334070719e+02
4.098493090120733484e+01 1.504907916239411350e+02
4.104842032071418600e+01 1.504135317144751980e+02
4.111190974022103717e+01 1.503362718050092610e+02
4.117539915972788833e+01 1.502590118955433240e+02
4.123888857923473950e+01 1.501817519860773871e+02
4.130237799874159066e+01 1.501044920766114501e+02
4.136586741824844182e+01 1.500272321671455131e+02
4.142935683775529299e+01 1.499499722576795762e+02
4.149284625726214415e+01 1.498727123482136392e+02
4.155633567676899531e+01 1.497954524387477022e+02
4.161982509627584648e+01 1.497181925292817652e+02
4.168331451578269764e+01 1.496409326198158283e+02
4.174680393528954880e+01 1.495636727103498913e+02
4.181029335479639997e+01 1.494864128008839543e+02
4.187378277430325113e+01 1.494091528914180174e+02
4.193727219381010229e+01 1.493318929819520804e+02
4.200076161331695346e+01 1.492546330724861434e+02
4.206425103282380462e+01 1.491773731630202064e+02
4.212774045233065578e+01 1.491001132535542695e+02
4.219122987183750695e+01 1.490228533440883325e+02
4.225471929134435811e+01 1.489455934346223955e+02
4.231820871085120928e+01 1.488683335251564586e+02
4.238169813035806044e+01 1.487910736156905216e+02
4.244518754986491160e+01 1.487138137062245846e+02
4.250867696937176277e+01 1.486365537967586476e+02
4.257216638887861393e+01 1.485592938872927107e+02
4.263565580838546509e+01 1.484820339778267737e+02
4.269914522789231626e+01 1.484047740683608367e+02
4.276263464739916742e+01 1.483275141588948998e+02
4.282612406690601858e+01 1.482502542494289628e+02
4.288961348641286975e+01 1.481729943399630258e+02
4.295310290591972091e+01 1.480957344304970889e+02
4.301659232542657207e+01 1.480184745210311519e+02
4.308008174493342324e+01 1.479412146115652149e+02
4.314357116444027440e+01 1.478639547020992779e+02
4.320706058394712556e+01 1.477866947926333410e+02
4.327055000345397673e+01 1.477094348831674040e+02
4.333403942296082789e+01 1.476321749737014670e+02
4.339752884246767906e+01 1.475549150642355301e+02
4.346101826197453022e+01 1.474776551547695931e+02
4.352450768148138138e+01 1.474003952453036561e+02
4.358799710098823255e+01 1.473231353358377191e+02
4.365148652049508371e+01 1.472458754263717822e+02
4.371497594000193487e+01 1.471686155169058452e+02
4.377846535950878604e+01 1.470913556074399082e+02
4.384195477901563720e+01 1.470140956979739713e+02
4.390544419852248836e+01 1.469368357885080343e+02
4.396893361802933953e+01 1.468595758790420973e+02
4.403242303753619069e+01 1.467823159695761603e+02
4.409591245704304185e+01 1.467050560601102234e+02
4.415940187654989302e+01 1.466277961506442864e+02
4.422289129605674418e+01 1.465505362411783494e+02
4.428638071556359534e+01 1.464732763317124125e+02
4.434987013507044651e+01 1.463960164222464755e+02
4.441335955457729767e+01 1.463187565127805385e+02
4.447684897408414884e+01 1.462414966033146015e+02
4.454033839359100000e+01 1.461642366938486646e+02
4.460382781309785116e+01 1.460869767843827276e+02
4.466731723260470233e+01 1.460097168749167906e+02
4.473080665211155349e+01 1.459324569654508537e+02
4.479429607161840465e+01 1.458551970559849167e+02
4.485778549112525582e+01 1.457779371465189797e+02
4.492127491063210698e+01 1.457006772370530427e+02
4.498476433013895814e+01 1.456234173275871058e+02
4.504825374964580931e+01 1.455461574181211688e+02
4.511174316915266047e+01 1.454688975086552318e+02
4.517523258865951163e+01 1.453916375991892949e+02
4.523872200816636280e+01 1.453143776897233579e+02
4.530221142767321396e+01 1.452371177802574209e+02
4.536570084718006513e+01 1.451598578707914839e+02
4.542919026668691629e+01 1.450825979613255470e+02
4.549267968619376745e+01 1.450053380518596100e+02
4.555616910570061862e+01 1.449280781423936730e+02
4.561965852520746978e+01 1.448508182329277361e+02
4.568314794471432094e+01 1.447735583234617991e+02
4.574663736422117211e+01 1.446962984139958621e+02
4.581012678372802327e+01 1.446190385045299251e+02
4.587361620323487443e+01 1.445417785950639882e+02
4.593710562274172560e+01 1.444645186855980512e+02
4.600059504224857676e+01 1.443872587761321142e+02
4.606408446175542792e+01 1.443099988666661773e+02
4.612757388126227909e+01 1.442327389572002403e+02
4.619106330076913025e+01 1.441554790477343033e+02
4.625455272027598141e+01 1.440782191382683664e+02
4.634456359318673435e+01 1.439686854246855319e+02
4.637913814639060206e+01 1.440625182562039015e+02
4.641371269959446977e+01 1.441563510877222711e+02
4.644828725279833748e+01 1.442501839192406408e+02
4.648286180600220518e+01 1.443440167507590104e+02
4.651743635920607289e+01 1.444378495822773800e+02
4.655201091240994060e+01 1.445316824137957497e+02
4.658658546561380831e+01 1.446255152453141193e+02
4.662116001881767602e+01 1.447193480768324889e+02
4.665573457202154373e+01 1.448131809083508585e+02
4.669030912522541144e+01 1.449070137398692282e+02
4.672488367842927914e+01 1.450008465713875978e+02
4.675945823163314685e+01 1.450946794029059674e+02
4.679403278483701456e+01 1.451885122344243371e+02
4.682860733804088227e+01 1.452823450659427067e+02
4.686318189124474998e+01 1.453761778974610763e+02
4.689775644444861769e+01 1.454700107289794460e+02
4.693233099765248539e+01 1.455638435604978156e+02
4.696690555085635310e+01 1.456576763920161852e+02
4.700148010406022081e+01 1.457515092235345548e+02
4.703605465726408852e+01 1.458453420550529245e+02
4.707062921046795623e+01 1.459391748865712941e+02
4.710520376367182394e+01 1.460330077180896637e+02
4.713977831687569164e+01 1.461268405496080334e+02
4.717435287007955935e+01 1.462206733811264030e+02
4.720892742328342706e+01 1.463145062126447726e+02
4.724350197648729477e+01 1.464083390441631423e+02
4.727807652969116248e+01 1.465021718756815119e+02
4.731265108289503019e+01 1.465960047071998815e+02
4.734722563609889789e+01 1.466898375387182512e+02
4.738180018930276560e+01 1.467836703702366208e+02
4.741637474250663331e+01 1.468775032017549904e+02
4.745094929571050102e+01 1.469713360332733600e+02
4.748552384891436873e+01 1.470651688647917297e+02
4.752009840211823644e+01 1.471590016963100993e+02
4.755467295532210414e+01 1.472528345278284689e+02
4.758924750852597185e+01 1.473466673593468386e+02
4.762382206172983956e+01 1.474405001908652082e+02
4.765839661493370727e+01 1.475343330223835778e+02
4.769297116813757498e+01 1.476281658539019475e+02
4.772754572134144269e+01 1.477219986854203171e+02
4.776212027454531039e+01 1.478158315169386867e+02
4.779669482774917810e+01 1.479096643484570563e+02
4.783126938095304581e+01 1.480034971799754260e+02
4.786584393415691352e+01 1.480973300114937956e+02
4.790041848736078123e+01 1.481911628430121652e+02
4.793499304056464894e+01 1.482849956745305349e+02
4.796956759376851664e+01 1.483788285060489045e+02
4.800414214697238435e+01 1.484726613375672741e+02
4.803871670017625206e+01 1.485664941690856438e+02
4.807329125338011977e+01 1.486603270006040134e+02
4.810786580658398748e+01 1.487541598321223830e+02
4.814244035978785519e+01 1.488479926636407527e+02
4.817701491299172289e+01 1.489418254951591223e+02
4.821158946619559060e+01 1.490356583266774919e+02
4.824616401939945831e+01 1.491294911581958615e+02
4.828073857260332602e+01 1.492233239897142312e+02
4.831531312580719373e+01 1.493171568212326008e+02
4.834988767901106144e+01 1.494109896527509704e+02
4.838446223221492914e+01 1.495048224842693401e+02
4.841903678541879685e+01 1.495986553157877097e+02
4.845361133862266456e+01 1.496924881473060793e+02
4.848818589182653227e+01 1.497863209788244490e+02
4.852276044503039998e+01 1.498801538103428186e+02
4.855733499823426769e+01 1.499739866418611882e+02
4.859190955143813540e+01 1.500678194733795578e+02
4.862648410464200310e+01 1.501616523048979275e+02
4.866105865784587081e+01 1.502554851364162971e+02
4.869563321104973852e+01 1.503493179679346667e+02
4.873020776425360623e+01 1.504431507994530364e+02
4.876478231745747394e+01 1.505369836309714060e+02
4.879935687066134165e+01 1.506308164624897756e+02
4.883393142386520935e+01 1.507246492940081453e+02
4.886850597706907706e+01 1.508184821255265149e+02
4.890308053027294477e+01 1.509123149570448845e+02
4.893765508347681248e+01 1.510061477885632542e+02
4.897222963668068019e+01 1.510999806200816238e+02
4.900680418988454790e+01 1.511938134515999934e+02
4.904137874308841560e+01 1.512876462831183630e+02
4.907595329629228331e+01 1.513814791146367327e+02
4.911052784949615102e+01 1.514753119461551023e+02
4.914510240270001873e+01 1.515691447776734719e+02
4.917967695590388644e+01 1.516629776091918416e+02
4.921425150910775415e+01 1.517568104407102112e+02
4.924882606231162185e+01 1.518506432722285808e+02
4.928340061551548956e+01 1.519444761037469505e+02
4.931797516871935727e+01 1.520383089352653201e+02
4.935254972192322498e+01 1.521321417667836897e+02
4.938712427512709269e+01 1.522259745983020593e+02
4.942169882833096040e+01 1.523198074298204290e+02
4.945627338153482810e+01 1.524136402613387986e+02
4.949084793473869581e+01 1.525074730928571682e+02
4.952542248794256352e+01 1.526013059243755379e+02
4.955999704114643123e+01 1.526951387558939075e+02
4.959457159435029894e+01 1.527889715874122771e+02
4.962914614755416665e+01 1.528828044189306468e+02
4.966372070075803435e+01 1.529766372504490164e+02
4.969829525396190206e+01 1.530704700819673860e+02
4.973286980716576977e+01 1.531643029134857557e+02
4.976744436036963748e+01 1.532581357450041253e+02
4.980201891357350519e+01 1.533519685765224949e+02
4.983659346677737290e+01 1.534458014080408645e+02
4.987116801998124060e+01 1.535396342395592342e+02
4.990574257318510831e+01 1.536334670710776038e+02
4.994031712638897602e+01 1.537272999025959734e+02
4.997489167959284373e+01 1.538211327341143431e+02
5.000946623279671144e+01 1.539149655656327127e+02
5.004404078600057915e+01 1.540087983971510823e+02
5.007861533920444685e+01 1.541026312286694520e+02
5.011318989240831456e+01 1.541964640601878216e+02
5.014776444561218227e+01 1.542902968917061912e+02
5.018233899881604998e+01 1.543841297232245608e+02
5.021691355201991769e+01 1.544779625547429305e+02
5.025148810522378540e+01 1.545717953862613001e+02
5.028606265842765310e+01 1.546656282177796697e+02
5.032063721163152081e+01 1.547594610492980394e+02
5.035521176483538852e+01 1.548532938808164090e+02
5.038978631803925623e+01 1.549471267123347786e+02
5.042436087124312394e+01 1.550409595438531483e+02
5.045893542444699165e+01 1.551347923753715179e+02
5.049350997765085935e+01 1.552286252068898875e+02
5.052808453085472706e+01 1.553224580384082572e+02
5.056265908405859477e+01 1.554162908699266268e+02
5.059723363726246248e+01 1.555101237014449964e+02
5.063180819046633019e+01 1.556039565329633660e+02
5.066638274367019790e+01 1.556977893644817357e+02
5.070095729687406561e+01 1.557916221960001053e+02
5.073553185007793331e+01 1.558854550275184749e+02
5.077010640328180102e+01 1.559792878590368446e+02
5.080468095648566873e+01 1.560731206905552142e+02
5.083925550968953644e+01 1.561669535220735838e+02
5.087383006289340415e+01 1.562607863535919535e+02
5.090840461609727186e+01 1.563546191851103231e+02
5.094297916930113956e+01 1.564484520166286927e+02
5.097755372250500727e+01 1.565422848481470623e+02
5.101212827570887498e+01 1.566361176796654320e+02
5.104670282891274269e+01 1.567299505111838016e+02
5.108127738211661040e+01 1.568237833427021712e+02
5.111585193532047811e+01 1.569176161742205409e+02
5.115042648852434581e+01 1.570114490057389105e+02
5.118500104172821352e+01 1.571052818372572801e+02
5.121957559493208123e+01 1.571991146687756498e+02
5.125415014813594894e+01 1.572929475002940194e+02
5.128872470133981665e+01 1.573867803318123890e+02
5.132329925454368436e+01 1.574806131633307587e+02
5.135787380774755206e+01 1.575744459948491283e+02
5.139244836095141977e+01 1.576682788263674979e+02
5.142702291415528748e+01 1.577621116578858675e+02
5.146159746735915519e+01 1.578559444894042372e+02
5.149617202056302290e+01 1.579497773209226068e+02
5.153074657376689061e+01 1.580436101524409764e+02
5.156532112697075831e+01 1.581374429839593461e+02
5.159989568017462602e+01 1.582312758154777157e+02
5.163447023337849373e+01 1.583251086469960853e+02
5.166904478658236144e+01 1.584189414785144550e+02
5.170361933978622915e+01 1.585127743100328246e+02
5.173819389299009686e+01 1.586066071415511942e+02
5.177276844619396456e+01 1.587004399730695638e+02
5.180734299939783227e+01 1.587942728045879335e+02
5.184191755260169998e+01 1.588881056361063031e+02
5.187649210580556769e+01 1.589819384676246727e+02
5.191106665900943540e+01 1.590757712991430424e+02
5.194564121221330311e+01 1.591696041306614120e+02
5.198021576541717081e+01 1.592634369621797816e+02
5.201479031862103852e+01 1.593572697936981513e+02
5.204936487182490623e+01 1.594511026252165209e+02
5.208393942502877394e+01 1.595449354567348905e+02
5.211851397823264165e+01 1.596387682882532602e+02
5.215308853143650936e+01 1.597326011197716298e+02
5.218766308464037706e+01 1.598264339512899994e+02
5.222223763784424477e+01 1.599202667828083690e+02
5.225681219104811248e+01 1.600140996143267387e+02
5.229138674425198019e+01 1.601079324458451083e+02
5.232596129745584790e+01 1.602017652773634779e+02
5.236053585065971561e+01 1.602955981088818476e+02
5.239511040386358331e+01 1.603894309404002172e+02
5.242968495706745102e+01 1.604832637719185868e+02
5.246425951027131873e+01 1.605770966034369565e+02
5.249883406347518644e+01 1.606709294349553261e+02
5.253340861667905415e+01 1.607647622664736957e+02
5.256798316988292186e+01 1.608585950979920653e+02
5.260255772308678957e+01 1.609524279295104350e+02
5.263713227629065727e+01 1.610462607610288046e+02
5.267170682949452498e+01 1.611400935925471742e+02
5.270628138269839269e+01 1.612339264240655439e+02
5.274085593590226040e+01 1.613277592555839135e+02
5.277543048910612811e+01 1.614215920871022831e+02
5.281000504230999582e+01 1.615154249186206528e+02
5.284457959551386352e+01 1.616092577501390224e+02
5.287915414871773123e+01 1.617030905816573920e+02
5.291372870192159894e+01 1.617969234131757617e+02
5.294830325512546665e+01 1.618907562446941313e+02
5.298287780832933436e+01 1.619845890762125009e+02
5.301745236153320207e+01 1.620784219077308705e+02
5.305202691473706977e+01 1.621722547392492402e+02
5.308660146794093748e+01 1.622660875707676098e+02
5.312117602114480519e+01 1.623599204022859794e+02
5.315575057434867290e+01 1.624537532338043491e+02
5.319032512755254061e+01 1.625475860653227187e+02
5.322489968075640832e+01 1.626414188968410883e+02
5.325947423396027602e+01 1.627352517283594580e+02
5.329404878716414373e+01 1.628290845598778276e+02
5.332862334036801144e+01 1.629229173913961972e+02
5.336319789357187915e+01 1.630167502229145668e+02
5.339777244677574686e+01 1.631105830544329365e+02
5.343234699997961457e+01 1.632044158859513061e+02
5.346692155318348227e+01 1.632982487174696757e+02
5.350149610638734998e+01 1.633920815489880454e+02
5.353607065959121769e+01 1.634859143805064150e+02
5.357064521279508540e+01 1.635797472120247846e+02
5.360521976599895311e+01 1.636735800435431543e+02
5.363979431920282082e+01 1.637674128750615239e+02
5.367436887240668852e+01 1.638612457065798935e+02
5.370894342561055623e+01 1.639550785380982632e+02
5.374351797881442394e+01 1.640489113696166328e+02
5.377809253201829165e+01 1.641427442011350024e+02
5.381266708522215936e+01 1.642365770326533720e+02
5.384724163842602707e+01 1.643304098641717417e+02
5.388181619162989477e+01 1.644242426956901113e+02
5.391639074483376248e+01 1.645180755272084809e+02
5.395096529803763019e+01 1.646119083587268506e+02
5.398553985124149790e+01 1.647057411902452202e+02
5.402011440444536561e+01 1.647995740217635898e+02
5.405468895764923332e+01 1.648934068532819595e+02
5.408926351085310102e+01 1.649872396848003291e+02
5.412383806405696873e+01 1.650810725163186987e+02
5.415841261726083644e+01 1.651749053478370683e+02
5.419298717046470415e+01 1.652687381793554380e+02
5.422756172366857186e+01 1.653625710108738076e+02
5.426213627687243957e+01 1.654564038423921772e+02
5.429671083007630727e+01 1.655502366739105469e+02
5.433128538328017498e+01 1.656440695054289165e+02
5.436585993648404269e+01 1.657379023369472861e+02
5.440043448968791040e+01 1.658317351684656558e+02
5.443500904289177811e+01 1.659255679999840254e+02
5.446958359609564582e+01 1.660194008315023950e+02
5.450415814929951352e+01 1.661132336630207647e+02
5.453873270250338123e+01 1.662070664945391343e+02
5.457330725570724894e+01 1.663008993260575039e+02
5.460788180891111665e+01 1.663947321575758735e+02
5.464245636211498436e+01 1.664885649890942432e+02
5.467703091531885207e+01 1.665823978206126128e+02
5.471160546852271978e+01 1.666762306521309824e+02
5.474618002172658748e+01 1.667700634836493521e+02
5.478075457493045519e+01 1.668638963151677217e+02
5.481532912813432290e+01 1.669577291466860913e+02
5.484990368133819061e+01 1.670515619782044610e+02
5.488447823454205832e+01 1.671453948097228306e+02
5.491905278774592603e+01 1.672392276412412002e+02
5.495362734094979373e+01 1.673330604727595698e+02
5.498820189415366144e+01 1.674268933042779395e+02
5.502277644735752915e+01 1.675207261357963091e+02
5.505735100056139686e+01 1.676145589673146787e+02
5.509192555376526457e+01 1.677083917988330484e+02
5.512650010696913228e+01 1.678022246303514180e+02
5.516107466017299998e+01 1.678960574618697876e+02
5.519564921337686769e+01 1.679898902933881573e+02
5.523022376658073540e+01 1.680837231249065269e+02
5.526479831978460311e+01 1.681775559564248965e+02
5.529937287298847082e+01 1.682713887879432662e+02
5.533394742619233853e+01 1.683652216194616358e+02
5.536852197939620623e+01 1.684590544509800054e+02
5.540309653260007394e+01 1.685528872824983750e+02
5.543767108580394165e+01 1.686467201140167447e+02
5.547224563900780936e+01 1.687405529455351143e+02
5.550682019221167707e+01 1.688343857770534839e+02
5.554139474541554478e+01 1.689282186085718536e+02
5.557596929861941248e+01 1.690220514400902232e+02
5.561054385182328019e+01 1.691158842716085928e+02
5.564511840502714790e+01 1.692097171031269625e+02
5.567969295823101561e+01 1.693035499346453321e+02
5.571426751143488332e+01 1.693973827661637017e+02
5.574884206463875103e+01 1.694912155976820713e+02
5.578341661784261873e+01 1.695850484292004410e+02
5.581799117104648644e+01 1.696788812607188106e+02
5.585256572425035415e+01 1.697727140922371802e+02
5.588714027745422186e+01 1.698665469237555499e+02
5.592171483065808957e+01 1.699603797552739195e+02
5.595628938386195728e+01 1.700542125867922891e+02
5.599086393706582498e+01 1.701480454183106588e+02
5.602543849026969269e+01 1.702418782498290284e+02
5.606001304347356040e+01 1.703357110813473980e+02
5.609458759667742811e+01 1.704295439128657677e+02
5.612916214988129582e+01 1.705233767443841373e+02
5.616373670308516353e+01 1.706172095759025069e+02
5.619831125628903123e+01 1.707110424074208765e+02
5.623288580949289894e+01 1.708048752389392462e+02
5.626746036269676665e+01 1.708987080704576158e+02
5.630203491590063436e+01 1.709925409019759854e+02
5.633660946910450207e+01 1.710863737334943551e+02
5.637118402230836978e+01 1.711802065650127247e+02
5.640575857551223748e+01 1.712740393965310943e+02
5.644033312871610519e+01 1.713678722280494640e+02
5.647490768191997290e+01 1.714617050595678336e+02
5.650948223512384061e+01 1.715555378910862032e+02
5.654405678832770832e+01 1.716493707226045728e+02
5.657863134153157603e+01 1.717432035541229425e+02
5.661320589473544374e+01 1.718370363856413121e+02
5.664778044793931144e+01 1.719308692171596817e+02
5.668235500114317915e+01 1.720247020486780514e+02
5.671692955434704686e+01 1.721185348801964210e+02
5.675150410755091457e+01 1.722123677117147906e+02
5.678607866075478228e+01 1.723062005432331603e+02
5.682065321395864999e+01 1.724000333747515299e+02
5.685522776716251769e+01 1.724938662062698995e+02
5.688980232036638540e+01 1.725876990377882692e+02
5.692437687357025311e+01 1.726815318693066388e+02
5.695895142677412082e+01 1.727753647008250084e+02
5.699352597997798853e+01 1.728691975323433780e+02
5.702810053318185624e+01 1.729630303638617477e+02
5.706267508638572394e+01 1.730568631953801173e+02
5.709724963958959165e+01 1.731506960268984869e+02
5.713182419279345936e+01 1.732445288584168566e+02
5.716639874599732707e+01 1.733383616899352262e+02
5.720097329920119478e+01 1.734321945214535958e+02
5.723554785240506249e+01 1.735260273529719655e+02
5.727012240560893019e+01 1.736198601844903351e+02
5.730469695881279790e+01 1.737136930160087047e+02
5.733927151201666561e+01 1.738075258475270743e+02
5.737384606522053332e+01 1.739013586790454440e+02
5.740842061842440103e+01 1.739951915105638136e+02
5.744299517162826874e+01 1.740890243420821832e+02
5.747756972483213644e+01 1.741828571736005529e+02
5.751214427803600415e+01 1.742766900051189225e+02
5.754671883123987186e+01 1.743705228366372921e+02
5.758129338444373957e+01 1.744643556681556618e+02
5.761586793764760728e+01 1.745581884996740314e+02
5.765044249085147499e+01 1.746520213311924010e+02
5.768501704405534269e+01 1.747458541627107707e+02
5.771959159725921040e+01 1.748396869942291403e+02
5.775416615046307811e+01 1.749335198257475099e+02
5.778874070366694582e+01 1.750273526572658795e+02
5.782331525687081353e+01 1.751211854887842492e+02
5.785788981007468124e+01 1.752150183203026188e+02
5.789246436327854894e+01 1.753088511518209884e+02
5.792703891648241665e+01 1.754026839833393581e+02
5.796161346968628436e+01 1.754965168148577277e+02
5.799618802289015207e+01 1.755903496463760973e+02
5.803076257609401978e+01 1.756841824778944670e+02
5.806533712929788749e+01 1.757780153094128366e+02
5.809991168250175519e+01 1.758718481409312062e+02
5.813448623570562290e+01 1.759656809724495758e+02
5.816906078890949061e+01 1.760595138039679455e+02
5.820363534211335832e+01 1.761533466354863151e+02
5.823820989531722603e+01 1.762471794670046847e+02
5.827278444852109374e+01 1.763410122985230544e+02
5.830735900172496144e+01 1.764348451300414240e+02
5.834193355492882915e+01 1.765286779615597936e+02
5.837650810813269686e+01 1.766225107930781633e+02
5.841108266133656457e+01 1.767163436245965329e+02
5.844565721454043228e+01 1.768101764561149025e+02
5.848023176774429999e+01 1.769040092876332722e+02
5.851480632094816769e+01 1.769978421191516418e+02
5.854938087415203540e+01 1.770916749506700114e+02
5.858395542735590311e+01 1.771855077821883810e+02
5.861852998055977082e+01 1.772793406137067507e+02
5.865310453376363853e+01 1.773731734452251203e+02
5.868767908696750624e+01 1.774670062767434899e+02
5.872225364017137395e+01 1.775608391082618596e+02
5.875682819337524165e+01 1.776546719397802292e+02
5.879140274657910936e+01 1.777485047712985988e+02
5.882597729978297707e+01 1.778423376028169685e+02
5.886055185298684478e+01 1.779361704343353381e+02
5.889512640619071249e+01 1.780300032658537077e+02
5.892970095939458020e+01 1.781238360973720773e+02
5.896427551259844790e+01 1.782176689288904470e+02
5.899885006580231561e+01 1.783115017604088166e+02
5.903342461900618332e+01 1.784053345919271862e+02
5.906799917221005103e+01 1.784991674234455559e+02
5.910257372541391874e+01 1.785930002549639255e+02
5.913714827861778645e+01 1.786868330864822951e+02
5.917172283182165415e+01 1.787806659180006648e+02
5.920629738502552186e+01 1.788744987495190344e+02
5.924087193822938957e+01 1.789683315810374040e+02
5.927544649143325728e+01 1.790621644125557737e+02
5.931002104463712499e+01 1.791559972440741433e+02
5.934459559784099270e+01 1.792498300755925129e+02
5.937917015104486040e+01 1.793436629071108825e+02
5.941374470424872811e+01 1.794374957386292522e+02
5.944831925745259582e+01 1.795313285701476218e+02
5.948289381065646353e+01 1.796251614016659914e+02
5.951746836386033124e+01 1.797189942331843611e+02
5.955204291706419895e+01 1.798128270647027307e+02
5.958661747026806665e+01 1.799066598962211003e+02
5.962119202347193436e+01 1.800004927277394700e+02
5.965576657667580207e+01 1.800943255592578396e+02
5.969034112987966978e+01 1.801881583907762092e+02
5.972491568308353749e+01 1.802819912222945788e+02
5.975949023628740520e+01 1.803758240538129485e+02
5.979406478949127290e+01 1.804696568853313181e+02
5.982863934269514061e+01 1.805634897168496877e+02
5.986321389589900832e+01 1.806573225483680574e+02
5.989778844910287603e+01 1.807511553798864270e+02
5.993236300230674374e+01 1.808449882114047966e+02
5.996693755551061145e+01 1.809388210429231663e+02
6.000151210871447915e+01 1.810326538744415359e+02
6.003608666191834686e+01 1.811264867059599055e+02
6.007066121512221457e+01 1.812203195374782752e+02
6.010523576832608228e+01 1.813141523689966448e+02
6.013981032152994999e+01 1.814079852005150144e+02
6.017438487473381770e+01 1.815018180320333840e+02
6.020895942793768540e+01 1.815956508635517537e+02
6.024353398114155311e+01 1.816894836950701233e+02
6.027810853434542082e+01 1.817833165265884929e+02
6.031268308754928853e+01 1.818771493581068626e+02
6.034725764075315624e+01 1.819709821896252322e+02
6.038183219395702395e+01 1.820648150211436018e+02
6.041640674716089165e+01 1.821586478526619715e+02
6.045098130036475936e+01 1.822524806841803411e+02
6.048555585356862707e+01 1.823463135156987107e+02
6.052013040677249478e+01 1.824401463472170803e+02
6.055470495997636249e+01 1.825339791787354500e+02
6.058927951318023020e+01 1.826278120102538196e+02
6.062385406638409791e+01 1.827216448417721892e+02
6.065842861958796561e+01 1.828154776732905589e+02
6.069300317279183332e+01 1.829093105048089285e+02
6.072757772599570103e+01 1.830031433363272981e+02
6.076215227919956874e+01 1.830969761678456678e+02
6.079672683240343645e+01 1.831908089993640374e+02
6.083130138560730416e+01 1.832846418308824070e+02
6.086587593881117186e+01 1.833784746624007767e+02
6.090045049201503957e+01 1.834723074939191463e+02
6.093502504521890728e+01 1.835661403254375159e+02
6.096959959842277499e+01 1.836599731569558855e+02
6.100417415162664270e+01 1.837538059884742552e+02
6.104163647521990299e+01 1.838554760195236213e+02
