2.137685531961735990e+02 1.040000000000000000e+02
2.137683337210963828e+02 1.040999710546751373e+02
2.137676753000959025e+02 1.041999401820292945e+02
2.137665779458657482e+02 1.042999054547786955e+02
2.137650416795615911e+02 1.043998649457138299e+02
2.137630665308007565e+02 1.044998167277366576e+02
2.137606525376617412e+02 1.045997588738977839e+02
2.137577997466834177e+02 1.046996894574335641e+02
2.137545082128641241e+02 1.047996065518032651e+02
2.137507779996606416e+02 1.048995082307262123e+02
2.137466091789870006e+02 1.049993925682189371e+02
2.137420018312130026e+02 1.050992576386322526e+02
2.137369560451627422e+02 1.051991015166884580e+02
2.137314719181128453e+02 1.052989222775184004e+02
2.137255495557906784e+02 1.053987179966985934e+02
2.137191890723722167e+02 1.054984867502883361e+02
2.137123905904798562e+02 1.055982266148667890e+02
2.137051542411801393e+02 1.056979356675700359e+02
2.136974801639810835e+02 1.057976119861282172e+02
2.136893685068296520e+02 1.058972536489025060e+02
2.136808194261087408e+02 1.059968587349222133e+02
2.136718330866343081e+02 1.060964253239218351e+02
2.136624096616521058e+02 1.061959514963779867e+02
2.136525493328343259e+02 1.062954353335465072e+02
2.136422522902762466e+02 1.063948749174993935e+02
2.136315187324923102e+02 1.064942683311618055e+02
2.136203488664125700e+02 1.065936136583489855e+02
2.136087429073785131e+02 1.066929089838032496e+02
2.135967010791390237e+02 1.067921523932308645e+02
2.135842236138459214e+02 1.068913419733389958e+02
2.135713107520496408e+02 1.069904758118725567e+02
2.135579627426945990e+02 1.070895519976510997e+02
2.135441798431141933e+02 1.071885686206056505e+02
2.135299623190260832e+02 1.072875237718155432e+02
2.135153104445269037e+02 1.073864155435451835e+02
2.135002245020871214e+02 1.074852420292808972e+02
2.134847047825453785e+02 1.075840013237676089e+02
2.134687515851031492e+02 1.076826915230456336e+02
2.134523652173187429e+02 1.077813107244873549e+02
2.134355459951015064e+02 1.078798570268338892e+02
2.134182942427056844e+02 1.079783285302317779e+02
2.134006102927241955e+02 1.080767233362696089e+02
2.133824944860822370e+02 1.081750395480145528e+02
2.133639471720305778e+02 1.082732752700490408e+02
2.133449687081390209e+02 1.083714286085072160e+02
2.133255594602893552e+02 1.084694976711114691e+02
2.133057198026684489e+02 1.085674805672089605e+02
2.132854501177608597e+02 1.086653754078080141e+02
2.132647507963415592e+02 1.087631803056145685e+02
2.132436222374684860e+02 1.088608933750685281e+02
2.132220648484746164e+02 1.089585127323801430e+02
2.132000790449603471e+02 1.090560364955663601e+02
2.131776652507853953e+02 1.091534627844870045e+02
2.131548238980605845e+02 1.092507897208811443e+02
2.131315554271395172e+02 1.093480154284031869e+02
2.131078602866101903e+02 1.094451380326591732e+02
2.130837389332862131e+02 1.095421556612427878e+02
2.130591918321981382e+02 1.096390664437715543e+02
2.130342194565843101e+02 1.097358685119228596e+02
2.130088222878819693e+02 1.098325599994699644e+02
2.129830008157177588e+02 1.099291390423179848e+02
2.129567555378984309e+02 1.100256037785398604e+02
2.129300869604011837e+02 1.101219523484121652e+02
2.129029955973639119e+02 1.102181828944511039e+02
2.128754819710753168e+02 1.103142935614481530e+02
2.128475466119648445e+02 1.104102824965059853e+02
2.128191900585923690e+02 1.105061478490740683e+02
2.127904128576379605e+02 1.106018877709844048e+02
2.127612155638912270e+02 1.106975004164871450e+02
2.127315987402406563e+02 1.107929839422861988e+02
2.127015629576627589e+02 1.108883365075747207e+02
2.126711087952110972e+02 1.109835562740706365e+02
2.126402368400050591e+02 1.110786414060520571e+02
2.126089476872186026e+02 1.111735900703927058e+02
2.125772419400687170e+02 1.112684004365972186e+02
2.125451202098038266e+02 1.113630706768364718e+02
2.125125831156920810e+02 1.114575989659827826e+02
2.124796312850091908e+02 1.115519834816451237e+02
2.124462653530266607e+02 1.116462224042042521e+02
2.124124859629992557e+02 1.117403139168477537e+02
2.123782937661527228e+02 1.118342562056051435e+02
2.123436894216712574e+02 1.119280474593827535e+02
2.123086735966847414e+02 1.120216858699987057e+02
2.122732469662559538e+02 1.121151696322177571e+02
2.122374102133673830e+02 1.122084969437860877e+02
2.122011640289083232e+02 1.123016660054660605e+02
2.121645091116613173e+02 1.123946750210709098e+02
2.121274461682888273e+02 1.124875221974993593e+02
2.120899759133195630e+02 1.125802057447701969e+02
2.120520990691346981e+02 1.126727238760567786e+02
2.120138163659539146e+02 1.127650748077215042e+02
2.119751285418214763e+02 1.128572567593501361e+02
2.119360363425917342e+02 1.129492679537862045e+02
2.118965405219150568e+02 1.130411066171652124e+02
2.118566418412230519e+02 1.131327709789488694e+02
2.118163410697140137e+02 1.132242592719591840e+02
2.117756389843380020e+02 1.133155697324125981e+02
2.117345363697820346e+02 1.134067005999538935e+02
2.116930340184547390e+02 1.134976501176902417e+02
2.116511327304712609e+02 1.135884165322249828e+02
2.116088333136377173e+02 1.136789980936914901e+02
2.115661365834356502e+02 1.137693930557868356e+02
2.115230433630064226e+02 1.138595996758055691e+02
2.114795544831351037e+02 1.139496162146731990e+02
2.114356707822347232e+02 1.140394409369797586e+02
2.113913931063299003e+02 1.141290721110133290e+02
2.113467223090406719e+02 1.142185080087933216e+02
2.113016592515659511e+02 1.143077469061038443e+02
2.112562048026669572e+02 1.143967870825269415e+02
2.112103598386504473e+02 1.144856268214757478e+02
2.111641252433518900e+02 1.145742644102276131e+02
2.111175019081182995e+02 1.146626981399570724e+02
2.110704907317911534e+02 1.147509263057688287e+02
2.110230926206890842e+02 1.148389472067306087e+02
2.109753084885903149e+02 1.149267591459059474e+02
2.109271392567150372e+02 1.150143604303869154e+02
2.108785858537078184e+02 1.151017493713267612e+02
2.108296492156194972e+02 1.151889242839724261e+02
2.107803302858892494e+02 1.152758834876970866e+02
2.107306300153263123e+02 1.153626253060325411e+02
2.106805493620918242e+02 1.154491480667014827e+02
2.106300892916801502e+02 1.155354501016497721e+02
2.105792507769003805e+02 1.156215297470786112e+02
2.105280347978575719e+02 1.157073853434766022e+02
2.104764423419338470e+02 1.157930152356517368e+02
2.104244744037692953e+02 1.158784177727632994e+02
2.103721319852428735e+02 1.159635913083537275e+02
2.103194160954531071e+02 1.160485342003803169e+02
2.102663277506985651e+02 1.161332448112468967e+02
2.102128679744582485e+02 1.162177215078353925e+02
2.101590377973720081e+02 1.163019626615373170e+02
2.101048382572204787e+02 1.163859666482851480e+02
2.100502703989052407e+02 1.164697318485836917e+02
2.099953352744285269e+02 1.165532566475412324e+02
2.099400339428731286e+02 1.166365394349007261e+02
2.098843674703817328e+02 1.167195786050707937e+02
2.098283369301366292e+02 1.168023725571567297e+02
2.097719434023388203e+02 1.168849196949913249e+02
2.097151879741872449e+02 1.169672184271656477e+02
2.096580717398579168e+02 1.170492671670597105e+02
2.096005958004826937e+02 1.171310643328731089e+02
2.095427612641281598e+02 1.172126083476554612e+02
2.094845692457741961e+02 1.172938976393368335e+02
2.094260208672924932e+02 1.173749306407580519e+02
2.093671172574249510e+02 1.174557057897008860e+02
2.093078595517618510e+02 1.175362215289182330e+02
2.092482488927200848e+02 1.176164763061640315e+02
2.091882864295210425e+02 1.176964685742233314e+02
2.091279733181684435e+02 1.177761967909419809e+02
2.090673107214260824e+02 1.178556594192564262e+02
2.090062998087954043e+02 1.179348549272233697e+02
2.089449417564930229e+02 1.180137817880492292e+02
2.088832377474278985e+02 1.180924384801196396e+02
2.088211889711786853e+02 1.181708234870287555e+02
2.087587966239707100e+02 1.182489352976085115e+02
2.086960619086528936e+02 1.183267724059576835e+02
2.086329860346747012e+02 1.184043333114710492e+02
2.085695702180625801e+02 1.184816165188681651e+02
2.085058156813967969e+02 1.185586205382223426e+02
2.084417236537876192e+02 1.186353438849892399e+02
2.083772953708518401e+02 1.187117850800355967e+02
2.083125320746887610e+02 1.187879426496676416e+02
2.082474350138563750e+02 1.188638151256596132e+02
2.081820054433472649e+02 1.189394010452819828e+02
2.081162446245643309e+02 1.190146989513296631e+02
2.080501538252966043e+02 1.190897073921501459e+02
2.079837343196947188e+02 1.191644249216714684e+02
2.079169873882463833e+02 1.192388500994300671e+02
2.078499143177516544e+02 1.193129814905985739e+02
2.077825164012981816e+02 1.193868176660134708e+02
2.077147949382362526e+02 1.194603572022026299e+02
2.076467512341536974e+02 1.195335986814127978e+02
2.075783866008508198e+02 1.196065406916368659e+02
2.075097023563149889e+02 1.196791818266411553e+02
2.074406998246953435e+02 1.197515206859924746e+02
2.073713803362772410e+02 1.198235558750851624e+02
2.073017452274564789e+02 1.198952860051679039e+02
2.072317958407137155e+02 1.199667096933706318e+02
2.071615335245884921e+02 1.200378255627310295e+02
2.070909596336532275e+02 1.201086322422212334e+02
2.070200755284871548e+02 1.201791283667740800e+02
2.069488825756500319e+02 1.202493125773096381e+02
2.068773821476558794e+02 1.203191835207612428e+02
2.068055756229463782e+02 1.203887398501016719e+02
2.067334643858644654e+02 1.204579802243690096e+02
2.066610498266275044e+02 1.205269033086926811e+02
2.065883333413006255e+02 1.205955077743189889e+02
2.065153163317696396e+02 1.206637922986368778e+02
2.064420002057141232e+02 1.207317555652033150e+02
2.063683863765803039e+02 1.207993962637687702e+02
2.062944762635537188e+02 1.208667130903024258e+02
2.062202712915318727e+02 1.209337047470173445e+02
2.061457728910968967e+02 1.210003699423954089e+02
2.060709824984877798e+02 1.210667073912123470e+02
2.059959015555727717e+02 1.211327158145624168e+02
2.059205315098216147e+02 1.211983939398830898e+02
2.058448738142776051e+02 1.212637405009795657e+02
2.057689299275295411e+02 1.213287542380492425e+02
2.056927013136836706e+02 1.213934338977059184e+02
2.056161894423354113e+02 1.214577782330040350e+02
2.055393957885410998e+02 1.215217860034626796e+02
2.054623218327894278e+02 1.215854559750894595e+02
2.053849690609729919e+02 1.216487869204043903e+02
2.053073389643596443e+02 1.217117776184634721e+02
2.052294330395637019e+02 1.217744268548822646e+02
2.051512527885171551e+02 1.218367334218593072e+02
2.050727997184405922e+02 1.218986961181993820e+02
2.049940753418143231e+02 1.219603137493366631e+02
2.049150811763490196e+02 1.220215851273578096e+02
2.048358187449566401e+02 1.220825090710247736e+02
2.047562895757209560e+02 1.221430844057976657e+02
2.046764952018680788e+02 1.222033099638573077e+02
2.045964371617370148e+02 1.222631845841278277e+02
2.045161169987498511e+02 1.223227071122989855e+02
2.044355362613822251e+02 1.223818764008484834e+02
2.043546965031331695e+02 1.224406913090640359e+02
2.042735992824954394e+02 1.224991507030653679e+02
2.041922461629253007e+02 1.225572534558260998e+02
2.041106387128124595e+02 1.226149984471954753e+02
2.040287785054498215e+02 1.226723845639199340e+02
2.039466671190031377e+02 1.227294106996645837e+02
2.038643061364805362e+02 1.227860757550345454e+02
2.037816971457021111e+02 1.228423786375960844e+02
2.036988417392692554e+02 1.228983182618977992e+02
2.036157415145339655e+02 1.229538935494913829e+02
2.035323980735680038e+02 1.230091034289525709e+02
2.034488130231320326e+02 1.230639468359016746e+02
2.033649879746447198e+02 1.231184227130241737e+02
2.032809245441515316e+02 1.231725300100910943e+02
2.031966243522937248e+02 1.232262676839791880e+02
2.031120890242769690e+02 1.232796346986911544e+02
2.030273201898401112e+02 1.233326300253755221e+02
2.029423194832236845e+02 1.233852526423465292e+02
2.028570885431384738e+02 1.234375015351037632e+02
2.027716290127338539e+02 1.234893756963518285e+02
2.026859425395661845e+02 1.235408741260196592e+02
2.026000307755669496e+02 1.235919958312798457e+02
2.025138953770110390e+02 1.236427398265677482e+02
2.024275380044846600e+02 1.236931051336005822e+02
2.023409603228535047e+02 1.237430907813961483e+02
2.022541640012304924e+02 1.237926958062916327e+02
2.021671507129436804e+02 1.238419192519621959e+02
2.020799221355039776e+02 1.238907601694393747e+02
2.019924799505728004e+02 1.239392176171293727e+02
2.019048258439296433e+02 1.239872906608312206e+02
2.018169615054396502e+02 1.240349783737548250e+02
2.017288886290209575e+02 1.240822798365387740e+02
2.016406089126120094e+02 1.241291941372681151e+02
2.015521240581389293e+02 1.241757203714918916e+02
2.014634357714826365e+02 1.242218576422405931e+02
2.013745457624459902e+02 1.242676050600435076e+02
2.012854557447207924e+02 1.243129617429457312e+02
2.011961674358548180e+02 1.243579268165253211e+02
2.011066825572185621e+02 1.244024994139100784e+02
2.010170028339722421e+02 1.244466786757942458e+02
2.009271299950323737e+02 1.244904637504551204e+02
2.008370657730385744e+02 1.245338537937694525e+02
2.007468119043200545e+02 1.245768479692296893e+02
2.006563701288621644e+02 1.246194454479601745e+02
2.005657421902729425e+02 1.246616454087330510e+02
2.004749298357493217e+02 1.247034470379841480e+02
2.003839348160436487e+02 1.247448495298286275e+02
2.002927588854297767e+02 1.247858520860765452e+02
2.002014038016693576e+02 1.248264539162482407e+02
2.001098713259778208e+02 1.248666542375895574e+02
2.000181632229905517e+02 1.249064522750869344e+02
1.999262812607287856e+02 1.249458472614823847e+02
1.998342272105655866e+02 1.249848384372882322e+02
1.997420028471916851e+02 1.250234250508017624e+02
1.996496099485811726e+02 1.250616063581198034e+02
1.995570502959573389e+02 1.250993816231529365e+02
1.994643256737582817e+02 1.251367501176397354e+02
1.993714378696025165e+02 1.251737111211608777e+02
1.992783886742545292e+02 1.252102639211529151e+02
1.991851798815901873e+02 1.252464078129221150e+02
1.990918132885622356e+02 1.252821420996579747e+02
1.989982906951656219e+02 1.253174660924466934e+02
1.989046139044027370e+02 1.253523791102844029e+02
1.988107847222487976e+02 1.253868804800903973e+02
1.987168049576168869e+02 1.254209695367200084e+02
1.986226764223231385e+02 1.254546456229774662e+02
1.985284009310518059e+02 1.254879080896285757e+02
1.984339803013202754e+02 1.255207562954132499e+02
1.983394163534440793e+02 1.255531896070578028e+02
1.982447109105016523e+02 1.255852073992872562e+02
1.981498657982993734e+02 1.256168090548373044e+02
1.980548828453362091e+02 1.256479939644662664e+02
1.979597638827685842e+02 1.256787615269668237e+02
1.978645107443749964e+02 1.257091111491776019e+02
1.977691252665206605e+02 1.257390422459946251e+02
1.976736092881222078e+02 1.257685542403825281e+02
1.975779646506121026e+02 1.257976465633857970e+02
1.974821931979032001e+02 1.258263186541396550e+02
1.973862967763532481e+02 1.258545699598808625e+02
1.972902772347292171e+02 1.258823999359584462e+02
1.971941364241716883e+02 1.259098080458441302e+02
1.970978761981591276e+02 1.259367937611427521e+02
1.970014984124722162e+02 1.259633565616023390e+02
1.969050049251580390e+02 1.259894959351242676e+02
1.968083975964943022e+02 1.260152113777730136e+02
1.967116782889533511e+02 1.260405023937859852e+02
1.966148488671664438e+02 1.260653684955830016e+02
1.965179111978876278e+02 1.260898092037756868e+02
1.964208671499578998e+02 1.261138240471767915e+02
1.963237185942690530e+02 1.261374125628091605e+02
1.962264674037276961e+02 1.261605742959147847e+02
1.961291154532191001e+02 1.261833087999634557e+02
1.960316646195710746e+02 1.262056156366614630e+02
1.959341167815177585e+02 1.262274943759599637e+02
1.958364738196634391e+02 1.262489445960633674e+02
1.957387376164462580e+02 1.262699658834373651e+02
1.956409100561019727e+02 1.262905578328169867e+02
1.955429930246275774e+02 1.263107200472143461e+02
1.954449884097448944e+02 1.263304521379263718e+02
1.953468981008643652e+02 1.263497537245422109e+02
1.952487239890484148e+02 1.263686244349506467e+02
1.951504679669751567e+02 1.263870639053472189e+02
1.950521319289017868e+02 1.264050717802412294e+02
1.949537177706281170e+02 1.264226477124626484e+02
1.948552273894600262e+02 1.264397913631687800e+02
1.947566626841729089e+02 1.264565024018507700e+02
1.946580255549750120e+02 1.264727805063400439e+02
1.945593179034707987e+02 1.264886253628144033e+02
1.944605416326243983e+02 1.265040366658042075e+02
1.943616986467227434e+02 1.265190141181981858e+02
1.942627908513390196e+02 1.265335574312491929e+02
1.941638201532958306e+02 1.265476663245797226e+02
1.940647884606284777e+02 1.265613405261873936e+02
1.939656976825481820e+02 1.265745797724501500e+02
1.938665497294051931e+02 1.265873838081313494e+02
1.937673465126521251e+02 1.265997523863846652e+02
1.936680899448068942e+02 1.266116852687588761e+02
1.935687819394160840e+02 1.266231822252024699e+02
1.934694244110178545e+02 1.266342430340680068e+02
1.933700192751051077e+02 1.266448674821164957e+02
1.932705684480885679e+02 1.266550553645214450e+02
1.931710738472598905e+02 1.266648064848727699e+02
1.930715373907545143e+02 1.266741206551807153e+02
1.929719609975149410e+02 1.266829976958793225e+02
1.928723465872535314e+02 1.266914374358299966e+02
1.927726960804155283e+02 1.266994397123247609e+02
1.926730113981421653e+02 1.267070043710894112e+02
1.925732944622334628e+02 1.267141312662864721e+02
1.924735471951113084e+02 1.267208202605180247e+02
1.923737715197823093e+02 1.267270712248283786e+02
1.922739693598007591e+02 1.267328840387064872e+02
1.921741426392314906e+02 1.267382585900883214e+02
1.920742932826129277e+02 1.267431947753590578e+02
1.919744232149198524e+02 1.267476924993550114e+02
1.918745343615262584e+02 1.267517516753654974e+02
1.917746286481684308e+02 1.267553722251345221e+02
1.916747080009076001e+02 1.267585540788622609e+02
1.915747743460929655e+02 1.267612971752064368e+02
1.914748296103244058e+02 1.267636014612834572e+02
1.913748757204155595e+02 1.267654668926694796e+02
1.912749146033564216e+02 1.267668934334012363e+02
1.911749481862764242e+02 1.267678810559767584e+02
1.910749783964070616e+02 1.267684297413558880e+02
1.909750071610449424e+02 1.267685394789606050e+02
1.908750364075145569e+02 1.267682102666753394e+02
1.907750680631309876e+02 1.267674421108468721e+02
1.906751040551629899e+02 1.267662350262843347e+02
1.905751463107956454e+02 1.267645890362588545e+02
1.904751967570933573e+02 1.267625041725031139e+02
1.903752573209625609e+02 1.267599804752107815e+02
1.902753299291146050e+02 1.267570179930356886e+02
1.901754165080287748e+02 1.267536167830908909e+02
1.900755189839148613e+02 1.267497769109476167e+02
1.899756392826762408e+02 1.267454984506339457e+02
1.898757793298727563e+02 1.267407814846334020e+02
1.897759410506834001e+02 1.267356261038834191e+02
1.896761263698694222e+02 1.267300324077734643e+02
1.895763372117370693e+02 1.267240005041432482e+02
1.894765755001005800e+02 1.267175305092805644e+02
1.893768431582449807e+02 1.267106225479190869e+02
1.892771421088892225e+02 1.267032767532359685e+02
1.891774742741488637e+02 1.266954932668492120e+02
1.890778415754991215e+02 1.266872722388150407e+02
1.889782459337378953e+02 1.266786138276249005e+02
1.888786892689486479e+02 1.266695182002025177e+02
1.887791735004633722e+02 1.266599855319005599e+02
1.886797005468256998e+02 1.266500160064973528e+02
1.885802723257538105e+02 1.266396098161932571e+02
1.884808907541034557e+02 1.266287671616070440e+02
1.883815577478311241e+02 1.266174882517719880e+02
1.882822752219569509e+02 1.266057733041318016e+02
1.881830450905279122e+02 1.265936225445365011e+02
1.880838692665808765e+02 1.265810362072380428e+02
1.879847496621056848e+02 1.265680145348857621e+02
1.878856881880084018e+02 1.265545577785217688e+02
1.877866867540743669e+02 1.265406661975760159e+02
1.876877472689314175e+02 1.265263400598613828e+02
1.875888716400131386e+02 1.265115796415684741e+02
1.874900617735219726e+02 1.264963852272603049e+02
1.873913195743926394e+02 1.264807571098667722e+02
1.872926469462551893e+02 1.264646955906790708e+02
1.871940457913985085e+02 1.264482009793438806e+02
1.870955180107335707e+02 1.264312735938573269e+02
1.869970655037567724e+02 1.264139137605589269e+02
1.868986901685132693e+02 1.263961218141252516e+02
1.868003939015605397e+02 1.263778980975635164e+02
1.867021785979316064e+02 1.263592429622049167e+02
1.866040461510987427e+02 1.263401567676978772e+02
1.865059984529367512e+02 1.263206398820011458e+02
1.864080373936865840e+02 1.263006926813766597e+02
1.863101648619189348e+02 1.262803155503822978e+02
1.862123827444978303e+02 1.262595088818645053e+02
1.861146929265441088e+02 1.262382730769506622e+02
1.860170972913992955e+02 1.262166085450414101e+02
1.859195977205891097e+02 1.261945157038026792e+02
1.858221960937873405e+02 1.261719949791577307e+02
1.857248942887794385e+02 1.261490468052788998e+02
1.856276941814265058e+02 1.261256716245791836e+02
1.855305976456289727e+02 1.261018698877037991e+02
1.854336065532905593e+02 1.260776420535214157e+02
1.853367227742821512e+02 1.260529885891153725e+02
1.852399481764058180e+02 1.260279099697746261e+02
1.851432846253586320e+02 1.260024066789846131e+02
1.850467339846969708e+02 1.259764792084179135e+02
1.849502981158002797e+02 1.259501280579248004e+02
1.848539788778354875e+02 1.259233537355235626e+02
1.847577781277208828e+02 1.258961567573907132e+02
1.846616977200905581e+02 1.258685376478511273e+02
1.845657395072585416e+02 1.258404969393677817e+02
1.844699053391829864e+02 1.258120351725316084e+02
1.843741970634307563e+02 1.257831528960510497e+02
1.842786165251415298e+02 1.257538506667414282e+02
1.841831655669924999e+02 1.257241290495142891e+02
1.840878460291625913e+02 1.256939886173664149e+02
1.839926597492971609e+02 1.256634299513688973e+02
1.838976085624724988e+02 1.256324536406558252e+02
1.838026943011604999e+02 1.256010602824129734e+02
1.837079187951932511e+02 1.255692504818663338e+02
1.836132838717277878e+02 1.255370248522703491e+02
1.835187913552109933e+02 1.255043840148961465e+02
1.834244430673441855e+02 1.254713285990196141e+02
1.833302408270482147e+02 1.254378592419091376e+02
1.832361864504282778e+02 1.254039765888134355e+02
1.831422817507389595e+02 1.253696812929490534e+02
1.830485285383492169e+02 1.253349740154878162e+02
1.829549286207075625e+02 1.252998554255440098e+02
1.828614838023071343e+02 1.252643262001615625e+02
1.827681958846509360e+02 1.252283870243009574e+02
1.826750666662171625e+02 1.251920385908260016e+02
1.825820979424244683e+02 1.251552816004905111e+02
1.824892915055973219e+02 1.251181167619247958e+02
1.823966491449315299e+02 1.250805447916219464e+02
1.823041726464597048e+02 1.250425664139241206e+02
1.822118637930168461e+02 1.250041823610084606e+02
1.821197243642059505e+02 1.249653933728730522e+02
1.820277561363636778e+02 1.249262001973226717e+02
1.819359608825262455e+02 1.248866035899543192e+02
1.818443403723949814e+02 1.248466043141426383e+02
1.817528963723025299e+02 1.248062031410253070e+02
1.816616306451785192e+02 1.247654008494880173e+02
1.815705449505157389e+02 1.247241982261496105e+02
1.814796410443361765e+02 1.246825960653467860e+02
1.813889206791571098e+02 1.246405951691188818e+02
1.812983856039574562e+02 1.245981963471923279e+02
1.812080375641438934e+02 1.245554004169651137e+02
1.811178783015172655e+02 1.245122082034910136e+02
1.810279095542391019e+02 1.244686205394636005e+02
1.809381330567979944e+02 1.244246382652003291e+02
1.808485505399761166e+02 1.243802622286262078e+02
1.807591637308160557e+02 1.243354932852575132e+02
1.806699743525873032e+02 1.242903322981853194e+02
1.805809841247531153e+02 1.242447801380588146e+02
1.804921947629374586e+02 1.241988376830685041e+02
1.804036079788917846e+02 1.241525058189293418e+02
1.803152254804620611e+02 1.241057854388636059e+02
1.802270489715559165e+02 1.240586774435836759e+02
1.801390801521097558e+02 1.240111827412747090e+02
1.800513207180559903e+02 1.239633022475770900e+02
1.799637723612902676e+02 1.239150368855688100e+02
1.798764367696389854e+02 1.238663875857476313e+02
1.797893156268267205e+02 1.238173552860131963e+02
1.797024106124436003e+02 1.237679409316488943e+02
1.796157234019132147e+02 1.237181454753037144e+02
1.795292556664600454e+02 1.236679698769737712e+02
1.794430090730773770e+02 1.236174151039838875e+02
1.793569852844952379e+02 1.235664821309689358e+02
1.792711859591481414e+02 1.235151719398549943e+02
1.791856127511432533e+02 1.234634855198404324e+02
1.791002673102285030e+02 1.234114238673769250e+02
1.790151512817606658e+02 1.233589879861501117e+02
1.789302663066738432e+02 1.233061788870603408e+02
1.788456140214475738e+02 1.232529975882031295e+02
1.787611960580755408e+02 1.231994451148495671e+02
1.786770140440338821e+02 1.231455224994265620e+02
1.785930696022499831e+02 1.230912307814968756e+02
1.785093643510710990e+02 1.230365710077391128e+02
1.784258999042332050e+02 1.229815442319276144e+02
1.783426778708297888e+02 1.229261515149119930e+02
1.782596998552810135e+02 1.228703939245968257e+02
1.781769674573025952e+02 1.228142725359209777e+02
1.780944822718750231e+02 1.227577884308369107e+02
1.780122458892128918e+02 1.227009426982898219e+02
1.779302598947341210e+02 1.226437364341966543e+02
1.778485258690295154e+02 1.225861707414249508e+02
1.777670453878321553e+02 1.225282467297716380e+02
1.776858200219871549e+02 1.224699655159415101e+02
1.776048513374212519e+02 1.224113282235259135e+02
1.775241408951127084e+02 1.223523359829808328e+02
1.774436902510611844e+02 1.222929899316053195e+02
1.773635009562577807e+02 1.222332912135194363e+02
1.772835745566550543e+02 1.221732409796421877e+02
1.772039125931372325e+02 1.221128403876694506e+02
1.771245166014906545e+02 1.220520906020515639e+02
1.770453881123738995e+02 1.219909927939708467e+02
1.769665286512885132e+02 1.219295481413191453e+02
1.768879397385494769e+02 1.218677578286749679e+02
1.768096228892559338e+02 1.218056230472808181e+02
1.767315796132619710e+02 1.217431449950200602e+02
1.766538114151475156e+02 1.216803248763939536e+02
1.765763197941892884e+02 1.216171639024983762e+02
1.764991062443320402e+02 1.215536632910004613e+02
1.764221722541595341e+02 1.214898242661151642e+02
1.763455193068660378e+02 1.214256480585816576e+02
1.762691488802275614e+02 1.213611359056395429e+02
1.761930624465735775e+02 1.212962890510050613e+02
1.761172614727584573e+02 1.212311087448471199e+02
1.760417474201331913e+02 1.211655962437631331e+02
1.759665217445173937e+02 1.210997528107548646e+02
1.758915858961710512e+02 1.210335797152040129e+02
1.758169413197666415e+02 1.209670782328477969e+02
1.757425894543612799e+02 1.209002496457543288e+02
1.756685317333689511e+02 1.208330952422979010e+02
1.755947695845329122e+02 1.207656163171341319e+02
1.755213044298981231e+02 1.206978141711750681e+02
1.754481376857838484e+02 1.206296901115640310e+02
1.753752707627564291e+02 1.205612454516504783e+02
1.753027050656019696e+02 1.204924815109645948e+02
1.752304419932992516e+02 1.204233996151919541e+02
1.751584829389929041e+02 1.203540010961479396e+02
1.750868292899664027e+02 1.202842872917520083e+02
1.750154824276154102e+02 1.202142595460019407e+02
1.749444437274210884e+02 1.201439192089479491e+02
1.748737145589236093e+02 1.200732676366666141e+02
1.748032962856957795e+02 1.200023061912347657e+02
1.747331902653166651e+02 1.199310362407032073e+02
1.746633978493455288e+02 1.198594591590703118e+02
1.745939203832957105e+02 1.197875763262556319e+02
1.745247592066086781e+02 1.197153891280731983e+02
1.744559156526281924e+02 1.196428989562048315e+02
1.743873910485746990e+02 1.195701072081733400e+02
1.743191867155196633e+02 1.194970152873155342e+02
1.742513039683600766e+02 1.194236246027552113e+02
1.741837441157931323e+02 1.193499365693759557e+02
1.741165084602910724e+02 1.192759526077938688e+02
1.740495982980759777e+02 1.192016741443302408e+02
1.739830149190948134e+02 1.191271026109839539e+02
1.739167596069945319e+02 1.190522394454039272e+02
1.738508336390974023e+02 1.189770860908614054e+02
1.737852382863763125e+02 1.189016439962221199e+02
1.737199748134302695e+02 1.188259146159183928e+02
1.736550444784600700e+02 1.187498994099210137e+02
1.735904485332440004e+02 1.186735998437111732e+02
1.735261882231137065e+02 1.185970173882521834e+02
1.734622647869302341e+02 1.185201535199611271e+02
1.733986794570600694e+02 1.184430097206803651e+02
1.733354334593514352e+02 1.183655874776490151e+02
1.732725280131106160e+02 1.182878882834742029e+02
1.732099643310785382e+02 1.182099136361024136e+02
1.731477436194072652e+02 1.181316650387904730e+02
1.730858670776368058e+02 1.180531440000766565e+02
1.730243358986720352e+02 1.179743520337515719e+02
1.729631512687596455e+02 1.178952906588289835e+02
1.729023143674652090e+02 1.178159613995165387e+02
1.728418263676506115e+02 1.177363657851863650e+02
1.727816884354512865e+02 1.176565053503456113e+02
1.727219017302538191e+02 1.175763816346067756e+02
1.726624674046734640e+02 1.174959961826581889e+02
1.726033866045322043e+02 1.174153505442340730e+02
1.725446604688362982e+02 1.173344462740847547e+02
1.724862901297545932e+02 1.172532849319466806e+02
1.724282767125966132e+02 1.171718680825122760e+02
1.723706213357908439e+02 1.170901972953999177e+02
1.723133251108631612e+02 1.170082741451235506e+02
1.722563891424154860e+02 1.169261002110623622e+02
1.721998145281043548e+02 1.168436770774303994e+02
1.721436023586198871e+02 1.167610063332458878e+02
1.720877537176647252e+02 1.166780895723007916e+02
1.720322696819330304e+02 1.165949283931299192e+02
1.719771513210899059e+02 1.165115243989801428e+02
1.719223996977506488e+02 1.164278791977795748e+02
1.718680158674602865e+02 1.163439944021064747e+02
1.718140008786732835e+02 1.162598716291581837e+02
1.717603557727332770e+02 1.161755125007200036e+02
1.717070815838529541e+02 1.160909186431338185e+02
1.716541793390942416e+02 1.160060916872668599e+02
1.716016500583483833e+02 1.159210332684801870e+02
1.715494947543163562e+02 1.158357450265971664e+02
1.714977144324893175e+02 1.157502286058719392e+02
1.714463100911291917e+02 1.156644856549575735e+02
1.713952827212495151e+02 1.155785178268744460e+02
1.713446333065962222e+02 1.154923267789782386e+02
1.712943628236287168e+02 1.154059141729280640e+02
1.712444722415011142e+02 1.153192816746544054e+02
1.711949625220434541e+02 1.152324309543270004e+02
1.711458346197431979e+02 1.151453636863226251e+02
1.710970894817268686e+02 1.150580815491928774e+02
1.710487280477417471e+02 1.149705862256317204e+02
1.710007512501377676e+02 1.148828794024431375e+02
1.709531600138495264e+02 1.147949627705085334e+02
1.709059552563784621e+02 1.147068380247542052e+02
1.708591378877751765e+02 1.146185068641186007e+02
1.708127088106219276e+02 1.145299709915196331e+02
1.707666689200150643e+02 1.144412321138217550e+02
1.707210191035480307e+02 1.143522919418031876e+02
1.706757602412940287e+02 1.142631521901227956e+02
1.706308932057891639e+02 1.141738145772871462e+02
1.705864188620155630e+02 1.140842808256173129e+02
1.705423380673847760e+02 1.139945526612156641e+02
1.704986516717212055e+02 1.139046318139326672e+02
1.704553605172456514e+02 1.138145200173334359e+02
1.704124654385592521e+02 1.137242190086643632e+02
1.703699672626271422e+02 1.136337305288196262e+02
1.703278668087627636e+02 1.135430563223076064e+02
1.702861648886119497e+02 1.134521981372173229e+02
1.702448623061372359e+02 1.133611577251846114e+02
1.702039598576023991e+02 1.132699368413584580e+02
1.701634583315572229e+02 1.131785372443671207e+02
1.701233585088220650e+02 1.130869606962842511e+02
1.700836611624729926e+02 1.129952089625948446e+02
1.700443670578268325e+02 1.129032838121613338e+02
1.700054769524263634e+02 1.128111870171893685e+02
1.699669915960257640e+02 1.127189203531937238e+02
1.699289117305761181e+02 1.126264855989640239e+02
1.698912380902111465e+02 1.125338845365304792e+02
1.698539714012330819e+02 1.124411189511295390e+02
1.698171123820985713e+02 1.123481906311694303e+02
1.697806617434048917e+02 1.122551013681957102e+02
1.697446201878762793e+02 1.121618529568567197e+02
1.697089884103503152e+02 1.120684471948689946e+02
1.696737670977645109e+02 1.119748858829826190e+02
1.696389569291431769e+02 1.118811708249464516e+02
1.696045585755842637e+02 1.117873038274734085e+02
1.695705727002463732e+02 1.116932867002056327e+02
1.695369999583360823e+02 1.115991212556795631e+02
1.695038409970951818e+02 1.115048093092910335e+02
1.694710964557883699e+02 1.114103526792602423e+02
1.694387669656907747e+02 1.113157531865967087e+02
1.694068531500758468e+02 1.112210126550642002e+02
1.693753556242033085e+02 1.111261329111455183e+02
1.693442749953073587e+02 1.110311157840072980e+02
1.693136118625849065e+02 1.109359631054647934e+02
1.692833668171840600e+02 1.108406767099465071e+02
1.692535404421926728e+02 1.107452584344588189e+02
1.692241333126272025e+02 1.106497101185506580e+02
1.691951459954215125e+02 1.105540336042779046e+02
1.691665790494159580e+02 1.104582307361680051e+02
1.691384330253467567e+02 1.103623033611843169e+02
1.691107084658351312e+02 1.102662533286905386e+02
1.690834059053770773e+02 1.101700824904150977e+02
1.690565258703329334e+02 1.100737927004153534e+02
1.690300688789172057e+02 1.099773858150419699e+02
1.690040354411887051e+02 1.098808636929030342e+02
1.689784260590406291e+02 1.097842281948282448e+02
1.689532412261908405e+02 1.096874811838331141e+02
1.689284814281724323e+02 1.095906245250829016e+02
1.689041471423244047e+02 1.094936600858567886e+02
1.688802388377822865e+02 1.093965897355118528e+02
1.688567569754692954e+02 1.092994153454469739e+02
1.688337020080873003e+02 1.092021387890668080e+02
1.688110743801081810e+02 1.091047619417456644e+02
1.687888745277652163e+02 1.090072866807913101e+02
1.687671028790447281e+02 1.089097148854088459e+02
1.687457598536777255e+02 1.088120484366643979e+02
1.687248458631319181e+02 1.087142892174489219e+02
1.687043613106037299e+02 1.086164391124418955e+02
1.686843065910105679e+02 1.085185000080749091e+02
1.686646820909831490e+02 1.084204737924954003e+02
1.686454881888581099e+02 1.083223623555301600e+02
1.686267252546705890e+02 1.082241675886490242e+02
1.686083936501473488e+02 1.081258913849282237e+02
1.685904937286994709e+02 1.080275356390140900e+02
1.685730258354157911e+02 1.079291022470863624e+02
1.685559903070561631e+02 1.078305931068217376e+02
1.685393874720449787e+02 1.077320101173572340e+02
1.685232176504647725e+02 1.076333551792535985e+02
1.685074811540501685e+02 1.075346301944586571e+02
1.684921782861817690e+02 1.074358370662706648e+02
1.684773093418803285e+02 1.073369776993015705e+02
1.684628746078011261e+02 1.072380539994403676e+02
1.684488743622283664e+02 1.071390678738162592e+02
1.684353088750698078e+02 1.070400212307620080e+02
1.684221784078516748e+02 1.069409159797770030e+02
1.684094832137134574e+02 1.068417540314905665e+02
1.683972235374031357e+02 1.067425372976250912e+02
1.683853996152724619e+02 1.066432676909591208e+02
1.683740116752723281e+02 1.065439471252905719e+02
1.683630599369484457e+02 1.064445775153997573e+02
1.683525446114370538e+02 1.063451607770125094e+02
1.683424659014609119e+02 1.062456988267632596e+02
1.683328240013253776e+02 1.061461935821580482e+02
1.683236190969145980e+02 1.060466469615375757e+02
1.683148513656880141e+02 1.059470608840402406e+02
1.683065209766768362e+02 1.058474372695651056e+02
1.682986280904808893e+02 1.057477780387349071e+02
1.682911728592655152e+02 1.056480851128590359e+02
1.682841554267585025e+02 1.055483604138964466e+02
1.682775759282474723e+02 1.054486058644186954e+02
1.682714344905772066e+02 1.053488233875727644e+02
1.682657312321471750e+02 1.052490149070440566e+02
1.682604662629092900e+02 1.051491823470193339e+02
1.682556396843658320e+02 1.050493276321495131e+02
1.682512515895673459e+02 1.049494526875127036e+02
1.682473020631110217e+02 1.048495594385769607e+02
1.682437911811389313e+02 1.047496498111632519e+02
1.682407190113366369e+02 1.046497257314082958e+02
1.682380856129318829e+02 1.045497891257274574e+02
1.682358910366933458e+02 1.044498419207775299e+02
1.682341353249298379e+02 1.043498860434197297e+02
1.682328185114893699e+02 1.042499234206823644e+02
1.682319406217584685e+02 1.041499559797238845e+02
1.682315016726618069e+02 1.040499856477955660e+02
1.682315016726618069e+02 1.039500143522044340e+02
1.682319406217584685e+02 1.038500440202761297e+02
1.682328185114893699e+02 1.037500765793176356e+02
1.682341353249298379e+02 1.036501139565802987e+02
1.682358910366933458e+02 1.035501580792224701e+02
1.682380856129318829e+02 1.034502108742725426e+02
1.682407190113366369e+02 1.033502742685917042e+02
1.682437911811389313e+02 1.032503501888367481e+02
1.682473020631110217e+02 1.031504405614230535e+02
1.682512515895673459e+02 1.030505473124872964e+02
1.682556396843658320e+02 1.029506723678504869e+02
1.682604662629092900e+02 1.028508176529806661e+02
1.682657312321471750e+02 1.027509850929559576e+02
1.682714344905772066e+02 1.026511766124272356e+02
1.682775759282474723e+02 1.025513941355813046e+02
1.682841554267585025e+02 1.024516395861035534e+02
1.682911728592655152e+02 1.023519148871409641e+02
1.682986280904808893e+02 1.022522219612650929e+02
1.683065209766768362e+02 1.021525627304348944e+02
1.683148513656880141e+02 1.020529391159597736e+02
1.683236190969145980e+02 1.019533530384624243e+02
1.683328240013253776e+02 1.018538064178419660e+02
1.683424659014609119e+02 1.017543011732367404e+02
1.683525446114370538e+02 1.016548392229874906e+02
1.683630599369484457e+02 1.015554224846002427e+02
1.683740116752723281e+02 1.014560528747094281e+02
1.683853996152724619e+02 1.013567323090408792e+02
1.683972235374031357e+02 1.012574627023749088e+02
1.684094832137134574e+02 1.011582459685094477e+02
1.684221784078516748e+02 1.010590840202229970e+02
1.684353088750698078e+02 1.009599787692380062e+02
1.684488743622283664e+02 1.008609321261837408e+02
1.684628746078011261e+02 1.007619460005596324e+02
1.684773093418803285e+02 1.006630223006984437e+02
1.684921782861817690e+02 1.005641629337293494e+02
1.685074811540501685e+02 1.004653698055413571e+02
1.685232176504647725e+02 1.003666448207464157e+02
1.685393874720449787e+02 1.002679898826427802e+02
1.685559903070561631e+02 1.001694068931782766e+02
1.685730258354157911e+02 1.000708977529136519e+02
1.685904937286994709e+02 9.997246436098591005e+01
1.686083936501473488e+02 9.987410861507176207e+01
1.686267252546705890e+02 9.977583241135099001e+01
1.686454881888581099e+02 9.967763764446982577e+01
1.686646820909831490e+02 9.957952620750461392e+01
1.686843065910105679e+02 9.948149999192509085e+01
1.687043613106037299e+02 9.938356088755811868e+01
1.687248458631319181e+02 9.928571078255107807e+01
1.687457598536776970e+02 9.918795156333560215e+01
1.687671028790446996e+02 9.909028511459116828e+01
1.687888745277652163e+02 9.899271331920868988e+01
1.688110743801081526e+02 9.889523805825434977e+01
1.688337020080873003e+02 9.879786121093319196e+01
1.688567569754692954e+02 9.870058465455304031e+01
1.688802388377822865e+02 9.860341026448816137e+01
1.689041471423244047e+02 9.850633991414322566e+01
1.689284814281724323e+02 9.840937547491711257e+01
1.689532412261908405e+02 9.831251881616688593e+01
1.689784260590406291e+02 9.821577180517175520e+01
1.690040354411887336e+02 9.811913630709696577e+01
1.690300688789172057e+02 9.802261418495803014e+01
1.690565258703329334e+02 9.792620729958464665e+01
1.690834059053770773e+02 9.782991750958491650e+01
1.691107084658351312e+02 9.773374667130947557e+01
1.691384330253467283e+02 9.763769663881569727e+01
1.691665790494159580e+02 9.754176926383200907e+01
1.691951459954215125e+02 9.744596639572209540e+01
1.692241333126272025e+02 9.735028988144934203e+01
1.692535404421926728e+02 9.725474156554118110e+01
1.692833668171840600e+02 9.715932329005350709e+01
1.693136118625849065e+02 9.706403689453520656e+01
1.693442749953073303e+02 9.696888421599271624e+01
1.693753556242033085e+02 9.687386708885449593e+01
1.694068531500758468e+02 9.677898734493581401e+01
1.694387669656907747e+02 9.668424681340329130e+01
1.694710964557883699e+02 9.658964732073975767e+01
1.695038409970951818e+02 9.649519069070898070e+01
1.695369999583360539e+02 9.640087874432043691e+01
1.695705727002463732e+02 9.630671329979436734e+01
1.696045585755842637e+02 9.621269617252659145e+01
1.696389569291431769e+02 9.611882917505356261e+01
1.696737670977645109e+02 9.602511411701739519e+01
1.697089884103503152e+02 9.593155280513100536e+01
1.697446201878762793e+02 9.583814704314329447e+01
1.697806617434048917e+02 9.574489863180428983e+01
1.698171123820985713e+02 9.565180936883056972e+01
1.698539714012330819e+02 9.555888104887044676e+01
1.698912380902111465e+02 9.546611546346952082e+01
1.699289117305760897e+02 9.537351440103597611e+01
1.699669915960257356e+02 9.528107964680629038e+01
1.700054769524263634e+02 9.518881298281064574e+01
1.700443670578268325e+02 9.509671618783868041e+01
1.700836611624729926e+02 9.500479103740516962e+01
1.701233585088220650e+02 9.491303930371576314e+01
1.701634583315571945e+02 9.482146275563287929e+01
1.702039598576023991e+02 9.473006315864154203e+01
1.702448623061372075e+02 9.463884227481540279e+01
1.702861648886119497e+02 9.454780186278267706e+01
1.703278668087627636e+02 9.445694367769239363e+01
1.703699672626271422e+02 9.436626947118038800e+01
1.704124654385592237e+02 9.427578099133566525e+01
1.704553605172456514e+02 9.418547998266656407e+01
1.704986516717212055e+02 9.409536818606731856e+01
1.705423380673847760e+02 9.400544733878433590e+01
1.705864188620155630e+02 9.391571917438268713e+01
1.706308932057891354e+02 9.382618542271286799e+01
1.706757602412940287e+02 9.373684780987720444e+01
1.707210191035480307e+02 9.364770805819682664e+01
1.707666689200150643e+02 9.355876788617825923e+01
1.708127088106218991e+02 9.347002900848038109e+01
1.708591378877751765e+02 9.338149313588139933e+01
1.709059552563784621e+02 9.329316197524579479e+01
1.709531600138495264e+02 9.320503722949146663e+01
1.710007512501377676e+02 9.311712059755686255e+01
1.710487280477417471e+02 9.302941377436827963e+01
1.710970894817268686e+02 9.294191845080712255e+01
1.711458346197431979e+02 9.285463631367738913e+01
1.711949625220434541e+02 9.276756904567299955e+01
1.712444722415011142e+02 9.268071832534560883e+01
1.712943628236287168e+02 9.259408582707193602e+01
1.713446333065962222e+02 9.250767322102174717e+01
1.713952827212495151e+02 9.242148217312556824e+01
1.714463100911291917e+02 9.233551434504242650e+01
1.714977144324892890e+02 9.224977139412807503e+01
1.715494947543163278e+02 9.216425497340283357e+01
1.716016500583483548e+02 9.207896673151982725e+01
1.716541793390942132e+02 9.199390831273315428e+01
1.717070815838529541e+02 9.190908135686618152e+01
1.717603557727332770e+02 9.182448749927999643e+01
1.718140008786732835e+02 9.174012837084180205e+01
1.718680158674602865e+02 9.165600559789353952e+01
1.719223996977506488e+02 9.157212080222042516e+01
1.719771513210899059e+02 9.148847560101987142e+01
1.720322696819330304e+02 9.140507160687009502e+01
1.720877537176646968e+02 9.132191042769920841e+01
1.721436023586198871e+02 9.123899366675411216e+01
1.721998145281043548e+02 9.115632292256960056e+01
1.722563891424154860e+02 9.107389978893763782e+01
1.723133251108631612e+02 9.099172585487644938e+01
1.723706213357908439e+02 9.090980270460008228e+01
1.724282767125966132e+02 9.082813191748772397e+01
1.724862901297545932e+02 9.074671506805333365e+01
1.725446604688362697e+02 9.066555372591524531e+01
1.726033866045321759e+02 9.058464945576592697e+01
1.726624674046734640e+02 9.050400381734181110e+01
1.727219017302538191e+02 9.042361836539322439e+01
1.727816884354512865e+02 9.034349464965440291e+01
1.728418263676506115e+02 9.026363421481362082e+01
1.729023143674652090e+02 9.018403860048346132e+01
1.729631512687596455e+02 9.010470934117101649e+01
1.730243358986720352e+02 9.002564796624844234e+01
1.730858670776368058e+02 8.994685599992335767e+01
1.731477436194072652e+02 8.986833496120954123e+01
1.732099643310785382e+02 8.979008636389758635e+01
1.732725280131106160e+02 8.971211171652579708e+01
1.733354334593514352e+02 8.963441252235099910e+01
1.733986794570600694e+02 8.955699027931963485e+01
1.734622647869302341e+02 8.947984648003887287e+01
1.735261882231137065e+02 8.940298261174781658e+01
1.735904485332439720e+02 8.932640015628884100e+01
1.736550444784600700e+02 8.925010059007898633e+01
1.737199748134302411e+02 8.917408538408162144e+01
1.737852382863763125e+02 8.909835600377788012e+01
1.738508336390974023e+02 8.902291390913859459e+01
1.739167596069945319e+02 8.894776055459608699e+01
1.739830149190948134e+02 8.887289738901604608e+01
1.740495982980759777e+02 8.879832585566975922e+01
1.741165084602910724e+02 8.872404739220613124e+01
1.741837441157931323e+02 8.865006343062405847e+01
1.742513039683600482e+02 8.857637539724480291e+01
1.743191867155196633e+02 8.850298471268447997e+01
1.743873910485746990e+02 8.842989279182665996e+01
1.744559156526281924e+02 8.835710104379516849e+01
1.745247592066086781e+02 8.828461087192680168e+01
1.745939203832957105e+02 8.821242367374436810e+01
1.746633978493455288e+02 8.814054084092970243e+01
1.747331902653166651e+02 8.806896375929680687e+01
1.748032962856957511e+02 8.799769380876523428e+01
1.748737145589236093e+02 8.792673236333338593e+01
1.749444437274210600e+02 8.785608079105205093e+01
1.750154824276153818e+02 8.778574045399807346e+01
1.750868292899664027e+02 8.771571270824800592e+01
1.751584829389929041e+02 8.764599890385207459e+01
1.752304419932992516e+02 8.757660038480804587e+01
1.753027050656019696e+02 8.750751848903541941e+01
1.753752707627564291e+02 8.743875454834953587e+01
1.754481376857838484e+02 8.737030988843596901e+01
1.755213044298980947e+02 8.730218582882493195e+01
1.755947695845328838e+02 8.723438368286588229e+01
1.756685317333689511e+02 8.716690475770209900e+01
1.757425894543612799e+02 8.709975035424567125e+01
1.758169413197666415e+02 8.703292176715220307e+01
1.758915858961710512e+02 8.696642028479598707e+01
1.759665217445173937e+02 8.690024718924514957e+01
1.760417474201331913e+02 8.683440375623686691e+01
1.761172614727584289e+02 8.676889125515289436e+01
1.761930624465735775e+02 8.670371094899493869e+01
1.762691488802275614e+02 8.663886409436047131e+01
1.763455193068660378e+02 8.657435194141834245e+01
1.764221722541595341e+02 8.651017573388483584e+01
1.764991062443320402e+02 8.644633670899953870e+01
1.765763197941892884e+02 8.638283609750163805e+01
1.766538114151474872e+02 8.631967512360606065e+01
1.767315796132619710e+02 8.625685500497993985e+01
1.768096228892559338e+02 8.619437695271918187e+01
1.768879397385494485e+02 8.613224217132503213e+01
1.769665286512885132e+02 8.607045185868085468e+01
1.770453881123738995e+02 8.600900720602915328e+01
1.771245166014906545e+02 8.594790939794845031e+01
1.772039125931372325e+02 8.588715961233054941e+01
1.772835745566550543e+02 8.582675902035779814e+01
1.773635009562577807e+02 8.576670878648059215e+01
1.774436902510611844e+02 8.570701006839468050e+01
1.775241408951127084e+02 8.564766401701916720e+01
1.776048513374212234e+02 8.558867177647410074e+01
1.776858200219871549e+02 8.553003448405848985e+01
1.777670453878321553e+02 8.547175327022837621e+01
1.778485258690295154e+02 8.541382925857504915e+01
1.779302598947341210e+02 8.535626356580334573e+01
1.780122458892128918e+02 8.529905730171017808e+01
1.780944822718750231e+02 8.524221156916308928e+01
1.781769674573025952e+02 8.518572746407903651e+01
1.782596998552810135e+02 8.512960607540318847e+01
1.783426778708297888e+02 8.507384848508800701e+01
1.784258999042331766e+02 8.501845576807238558e+01
1.785093643510710990e+02 8.496342899226088718e+01
1.785930696022499831e+02 8.490876921850312442e+01
1.786770140440338537e+02 8.485447750057345218e+01
1.787611960580755408e+02 8.480055488515043294e+01
1.788456140214475738e+02 8.474700241179687055e+01
1.789302663066738148e+02 8.469382111293967341e+01
1.790151512817606658e+02 8.464101201384990247e+01
1.791002673102285030e+02 8.458857613262307495e+01
1.791856127511432533e+02 8.453651448015956760e+01
1.792711859591481414e+02 8.448482806014501989e+01
1.793569852844952379e+02 8.443351786903104994e+01
1.794430090730774054e+02 8.438258489601611245e+01
1.795292556664600170e+02 8.433203012302622881e+01
1.796157234019131863e+02 8.428185452469628558e+01
1.797024106124436003e+02 8.423205906835109147e+01
1.797893156268266921e+02 8.418264471398681792e+01
1.798764367696389854e+02 8.413361241425236869e+01
1.799637723612902676e+02 8.408496311443118998e+01
1.800513207180559618e+02 8.403669775242290996e+01
1.801390801521097558e+02 8.398881725872529103e+01
1.802270489715559165e+02 8.394132255641632412e+01
1.803152254804620327e+02 8.389421456113640829e+01
1.804036079788917561e+02 8.384749418107065821e+01
1.804921947629374586e+02 8.380116231693149587e+01
1.805809841247531153e+02 8.375521986194118540e+01
1.806699743525872748e+02 8.370966770181468064e+01
1.807591637308160557e+02 8.366450671474248679e+01
1.808485505399761166e+02 8.361973777137379216e+01
1.809381330567979660e+02 8.357536173479967090e+01
1.810279095542391019e+02 8.353137946053639951e+01
1.811178783015172655e+02 8.348779179650898641e+01
1.812080375641438650e+02 8.344459958303488634e+01
1.812983856039574562e+02 8.340180365280767205e+01
1.813889206791571098e+02 8.335940483088113240e+01
1.814796410443361481e+02 8.331740393465321404e+01
1.815705449505157389e+02 8.327580177385038951e+01
1.816616306451785192e+02 8.323459915051198266e+01
1.817528963723025299e+02 8.319379685897470722e+01
1.818443403723949814e+02 8.315339568585736174e+01
1.819359608825262455e+02 8.311339641004568080e+01
1.820277561363636778e+02 8.307379980267732833e+01
1.821197243642059220e+02 8.303460662712694784e+01
1.822118637930168461e+02 8.299581763899155362e+01
1.823041726464597048e+02 8.295743358607587936e+01
1.823966491449315299e+02 8.291945520837805361e+01
1.824892915055972935e+02 8.288188323807520419e+01
1.825820979424244683e+02 8.284471839950948890e+01
1.826750666662171625e+02 8.280796140917399839e+01
1.827681958846509360e+02 8.277161297569904264e+01
1.828614838023071059e+02 8.273567379983843750e+01
1.829549286207075625e+02 8.270014457445599021e+01
1.830485285383492169e+02 8.266502598451219797e+01
1.831422817507389595e+02 8.263031870705094661e+01
1.832361864504282778e+02 8.259602341118656454e+01
1.833302408270482147e+02 8.256214075809086239e+01
1.834244430673441855e+02 8.252867140098038590e+01
1.835187913552109933e+02 8.249561598510385352e+01
1.836132838717277878e+02 8.246297514772966508e+01
1.837079187951932226e+02 8.243074951813366624e+01
1.838026943011604999e+02 8.239893971758701241e+01
1.838976085624724988e+02 8.236754635934417479e+01
1.839926597492971609e+02 8.233657004863110274e+01
1.840878460291625913e+02 8.230601138263358507e+01
1.841831655669924714e+02 8.227587095048572507e+01
1.842786165251415298e+02 8.224614933325857180e+01
1.843741970634307279e+02 8.221684710394895035e+01
1.844699053391829864e+02 8.218796482746839160e+01
1.845657395072585132e+02 8.215950306063223252e+01
1.846616977200905581e+02 8.213146235214887270e+01
1.847577781277208828e+02 8.210384324260928679e+01
1.848539788778354591e+02 8.207664626447645162e+01
1.849502981158002797e+02 8.204987194207519963e+01
1.850467339846969708e+02 8.202352079158208653e+01
1.851432846253586320e+02 8.199759332101538689e+01
1.852399481764057896e+02 8.197209003022538809e+01
1.853367227742821512e+02 8.194701141088462748e+01
1.854336065532905309e+02 8.192235794647859848e+01
1.855305976456289727e+02 8.189813011229621509e+01
1.856276941814265058e+02 8.187432837542081643e+01
1.857248942887794385e+02 8.185095319472111441e+01
1.858221960937873405e+02 8.182800502084226935e+01
1.859195977205891097e+02 8.180548429619732076e+01
1.860170972913992955e+02 8.178339145495860407e+01
1.861146929265441088e+02 8.176172692304933776e+01
1.862123827444978303e+02 8.174049111813549473e+01
1.863101648619189348e+02 8.171968444961770217e+01
1.864080373936865556e+02 8.169930731862334028e+01
1.865059984529367512e+02 8.167936011799885421e+01
1.866040461510987427e+02 8.165984323230212283e+01
1.867021785979316064e+02 8.164075703779508331e+01
1.868003939015605397e+02 8.162210190243648356e+01
1.868986901685132977e+02 8.160387818587473419e+01
1.869970655037567440e+02 8.158608623944107308e+01
1.870955180107335707e+02 8.156872640614267311e+01
1.871940457913985085e+02 8.155179902065611941e+01
1.872926469462551609e+02 8.153530440932092915e+01
1.873913195743926394e+02 8.151924289013322777e+01
1.874900617735219726e+02 8.150361477273969513e+01
1.875888716400131386e+02 8.148842035843152587e+01
1.876877472689314175e+02 8.147365994013861723e+01
1.877866867540743669e+02 8.145933380242398414e+01
1.878856881880084018e+02 8.144544222147823120e+01
1.879847496621056564e+02 8.143198546511423785e+01
1.880838692665808480e+02 8.141896379276195717e+01
1.881830450905279122e+02 8.140637745546349890e+01
1.882822752219569509e+02 8.139422669586819836e+01
1.883815577478311241e+02 8.138251174822801204e+01
1.884808907541034841e+02 8.137123283839295595e+01
1.885802723257537821e+02 8.136039018380674293e+01
1.886797005468256998e+02 8.134998399350264719e+01
1.887791735004633722e+02 8.134001446809944014e+01
1.888786892689486194e+02 8.133048179979748227e+01
1.889782459337378953e+02 8.132138617237509948e+01
1.890778415754991215e+02 8.131272776118495926e+01
1.891774742741488637e+02 8.130450673315078802e+01
1.892771421088892225e+02 8.129672324676403150e+01
1.893768431582450091e+02 8.128937745208091314e+01
1.894765755001005800e+02 8.128246949071943561e+01
1.895763372117370693e+02 8.127599949585675176e+01
1.896761263698694222e+02 8.126996759222653566e+01
1.897759410506834001e+02 8.126437389611658091e+01
1.898757793298727279e+02 8.125921851536659801e+01
1.899756392826762408e+02 8.125450154936606850e+01
1.900755189839148613e+02 8.125022308905238333e+01
1.901754165080287464e+02 8.124638321690910914e+01
1.902753299291146334e+02 8.124298200696431138e+01
1.903752573209625325e+02 8.124001952478921851e+01
1.904751967570933573e+02 8.123749582749688614e+01
1.905751463107956454e+02 8.123541096374114545e+01
1.906751040551629899e+02 8.123376497371566529e+01
1.907750680631309876e+02 8.123255788915312792e+01
1.908750364075145285e+02 8.123178973332466057e+01
1.909750071610449709e+02 8.123146052103939496e+01
1.910749783964070616e+02 8.123157025864411196e+01
1.911749481862764242e+02 8.123211894402324162e+01
1.912749146033564216e+02 8.123310656659876372e+01
1.913748757204155595e+02 8.123453310733052035e+01
1.914748296103244058e+02 8.123639853871654282e+01
1.915747743460929371e+02 8.123870282479356320e+01
1.916747080009076285e+02 8.124144592113773911e+01
1.917746286481684308e+02 8.124462777486547793e+01
1.918745343615262584e+02 8.124824832463450264e+01
1.919744232149198524e+02 8.125230750064498864e+01
1.920742932826129277e+02 8.125680522464094224e+01
1.921741426392314906e+02 8.126174140991167860e+01
1.922739693598007591e+02 8.126711596129351278e+01
1.923737715197823093e+02 8.127292877517162140e+01
1.924735471951113084e+02 8.127917973948197528e+01
1.925732944622334912e+02 8.128586873371352794e+01
1.926730113981421653e+02 8.129299562891058883e+01
1.927726960804155283e+02 8.130056028767523912e+01
1.928723465872535030e+02 8.130856256417000338e+01
1.929719609975149694e+02 8.131700230412067754e+01
1.930715373907545143e+02 8.132587934481927050e+01
1.931710738472598905e+02 8.133519351512723006e+01
1.932705684480885679e+02 8.134494463547855503e+01
1.933700192751050793e+02 8.135513251788350431e+01
1.934694244110178545e+02 8.136575696593199325e+01
1.935687819394160840e+02 8.137681777479753009e+01
1.936680899448068942e+02 8.138831473124112392e+01
1.937673465126520966e+02 8.140024761361533479e+01
1.938665497294051931e+02 8.141261619186866483e+01
1.939656976825481820e+02 8.142542022754984998e+01
1.940647884606284777e+02 8.143865947381260639e+01
1.941638201532958306e+02 8.145233367542027736e+01
1.942627908513390196e+02 8.146644256875080714e+01
1.943616986467227434e+02 8.148098588180181423e+01
1.944605416326243983e+02 8.149596333419579253e+01
1.945593179034708271e+02 8.151137463718559673e+01
1.946580255549749836e+02 8.152721949365995613e+01
1.947566626841729089e+02 8.154349759814923004e+01
1.948552273894600262e+02 8.156020863683122002e+01
1.949537177706280886e+02 8.157735228753735157e+01
1.950521319289017583e+02 8.159492821975877064e+01
1.951504679669751567e+02 8.161293609465278109e+01
1.952487239890484148e+02 8.163137556504935333e+01
1.953468981008643652e+02 8.165024627545777491e+01
1.954449884097448944e+02 8.166954786207362815e+01
1.955429930246275774e+02 8.168927995278565390e+01
1.956409100561019727e+02 8.170944216718301334e+01
1.957387376164462580e+02 8.173003411656263495e+01
1.958364738196634391e+02 8.175105540393664683e+01
1.959341167815177300e+02 8.177250562404003631e+01
1.960316646195710746e+02 8.179438436333853701e+01
1.961291154532191001e+02 8.181669120003654427e+01
1.962264674037276677e+02 8.183942570408521533e+01
1.963237185942690530e+02 8.186258743719083952e+01
1.964208671499578998e+02 8.188617595282320849e+01
1.965179111978876278e+02 8.191019079622429899e+01
1.966148488671664154e+02 8.193463150441699838e+01
1.967116782889533511e+02 8.195949760621401481e+01
1.968083975964942738e+02 8.198478862222698638e+01
1.969050049251580390e+02 8.201050406487573241e+01
1.970014984124722162e+02 8.203664343839766104e+01
1.970978761981590992e+02 8.206320623885724785e+01
1.971941364241716883e+02 8.209019195415585557e+01
1.972902772347292171e+02 8.211760006404155376e+01
1.973862967763532481e+02 8.214543004011913752e+01
1.974821931979031717e+02 8.217368134586034500e+01
1.975779646506120741e+02 8.220235343661420302e+01
1.976736092881221794e+02 8.223144575961747194e+01
1.977691252665206605e+02 8.226095775400537491e+01
1.978645107443749964e+02 8.229088885082239813e+01
1.979597638827685842e+02 8.232123847303317632e+01
1.980548828453362091e+02 8.235200603553373355e+01
1.981498657982993450e+02 8.238319094516269558e+01
1.982447109105016523e+02 8.241479260071274382e+01
1.983394163534440509e+02 8.244681039294218294e+01
1.984339803013202754e+02 8.247924370458675014e+01
1.985284009310517774e+02 8.251209191037141011e+01
1.986226764223231100e+02 8.254535437702253375e+01
1.987168049576168869e+02 8.257903046327999164e+01
1.988107847222487976e+02 8.261311951990960267e+01
1.989046139044027370e+02 8.264762088971559706e+01
1.989982906951655934e+02 8.268253390755330656e+01
1.990918132885622356e+02 8.271785790034202535e+01
1.991851798815901873e+02 8.275359218707788500e+01
1.992783886742545292e+02 8.278973607884708485e+01
1.993714378696025165e+02 8.282628887883912228e+01
1.994643256737582817e+02 8.286324988236026456e+01
1.995570502959573389e+02 8.290061837684706347e+01
1.996496099485811726e+02 8.293839364188019658e+01
1.997420028471916851e+02 8.297657494919823762e+01
1.998342272105655866e+02 8.301516156271176783e+01
1.999262812607287856e+02 8.305415273851761526e+01
2.000181632229905233e+02 8.309354772491305141e+01
2.001098713259777924e+02 8.313334576241044260e+01
2.002014038016693576e+02 8.317354608375175928e+01
2.002927588854297767e+02 8.321414791392345478e+01
2.003839348160436487e+02 8.325515047017137249e+01
2.004749298357492933e+02 8.329655296201585202e+01
2.005657421902729425e+02 8.333835459126694900e+01
2.006563701288621644e+02 8.338055455203982547e+01
2.007468119043200545e+02 8.342315203077031072e+01
2.008370657730385744e+02 8.346614620623054748e+01
2.009271299950323737e+02 8.350953624954487964e+01
2.010170028339722421e+02 8.355332132420575419e+01
2.011066825572185621e+02 8.359750058608992163e+01
2.011961674358548180e+02 8.364207318347467890e+01
2.012854557447207924e+02 8.368703825705426880e+01
2.013745457624459902e+02 8.373239493995649241e+01
2.014634357714826365e+02 8.377814235775939267e+01
2.015521240581389009e+02 8.382427962850810843e+01
2.016406089126119809e+02 8.387080586273188487e+01
2.017288886290209575e+02 8.391772016346122598e+01
2.018169615054396502e+02 8.396502162624517496e+01
2.019048258439296433e+02 8.401270933916876515e+01
2.019924799505728004e+02 8.406078238287062732e+01
2.020799221355039776e+02 8.410923983056062525e+01
2.021671507129436804e+02 8.415808074803778993e+01
2.022541640012304924e+02 8.420730419370835307e+01
2.023409603228535047e+02 8.425690921860385174e+01
2.024275380044846600e+02 8.430689486639940355e+01
2.025138953770110106e+02 8.435726017343223759e+01
2.026000307755669496e+02 8.440800416872016854e+01
2.026859425395661560e+02 8.445912587398032656e+01
2.027716290127338539e+02 8.451062430364817146e+01
2.028570885431384738e+02 8.456249846489623678e+01
2.029423194832236845e+02 8.461474735765347077e+01
2.030273201898401112e+02 8.466736997462446368e+01
2.031120890242769690e+02 8.472036530130884557e+01
2.031966243522937248e+02 8.477373231602081205e+01
2.032809245441515316e+02 8.482746998990890575e+01
2.033649879746447198e+02 8.488157728697582627e+01
2.034488130231320326e+02 8.493605316409832540e+01
2.035323980735680038e+02 8.499089657104742912e+01
2.036157415145339655e+02 8.504610645050860285e+01
2.036988417392692838e+02 8.510168173810221504e+01
2.037816971457020827e+02 8.515762136240390134e+01
2.038643061364805362e+02 8.521392424496545459e+01
2.039466671190031093e+02 8.527058930033541628e+01
2.040287785054498215e+02 8.532761543608005184e+01
2.041106387128124595e+02 8.538500155280452475e+01
2.041922461629253007e+02 8.544274654417390025e+01
2.042735992824954394e+02 8.550084929693463209e+01
2.043546965031331411e+02 8.555930869093594993e+01
2.044355362613822251e+02 8.561812359915151660e+01
2.045161169987498511e+02 8.567729288770101448e+01
2.045964371617369864e+02 8.573681541587217225e+01
2.046764952018680503e+02 8.579669003614267808e+01
2.047562895757209560e+02 8.585691559420234853e+01
2.048358187449566401e+02 8.591749092897522644e+01
2.049150811763490196e+02 8.597841487264219040e+01
2.049940753418143231e+02 8.603968625066333686e+01
2.050727997184405922e+02 8.610130388180061800e+01
2.051512527885171551e+02 8.616326657814069279e+01
2.052294330395637019e+02 8.622557314511772120e+01
2.053073389643596158e+02 8.628822238153652791e+01
2.053849690609729635e+02 8.635121307959559545e+01
2.054623218327894278e+02 8.641454402491054054e+01
2.055393957885410998e+02 8.647821399653732044e+01
2.056161894423354113e+02 8.654222176699595082e+01
2.056927013136836706e+02 8.660656610229408159e+01
2.057689299275295411e+02 8.667124576195075747e+01
2.058448738142776051e+02 8.673625949902043430e+01
2.059205315098216147e+02 8.680160606011691016e+01
2.059959015555727717e+02 8.686728418543758323e+01
2.060709824984877798e+02 8.693329260878765297e+01
2.061457728910968967e+02 8.699963005760459112e+01
2.062202712915319012e+02 8.706629525298266969e+01
2.062944762635536904e+02 8.713328690969755996e+01
2.063683863765803039e+02 8.720060373623122985e+01
2.064420002057141232e+02 8.726824443479668503e+01
2.065153163317696396e+02 8.733620770136312217e+01
2.065883333413006255e+02 8.740449222568099685e+01
2.066610498266275044e+02 8.747309669130731891e+01
2.067334643858644654e+02 8.754201977563097614e+01
2.068055756229463782e+02 8.761126014989832811e+01
2.068773821476558794e+02 8.768081647923875721e+01
2.069488825756500319e+02 8.775068742269036193e+01
2.070200755284871548e+02 8.782087163322592005e+01
2.070909596336532275e+02 8.789136775777876665e+01
2.071615335245884921e+02 8.796217443726897045e+01
2.072317958407137155e+02 8.803329030662935395e+01
2.073017452274564789e+02 8.810471399483208188e+01
2.073713803362772410e+02 8.817644412491485184e+01
2.074406998246953435e+02 8.824847931400751122e+01
2.075097023563149889e+02 8.832081817335884466e+01
2.075783866008507914e+02 8.839345930836311993e+01
2.076467512341536974e+02 8.846640131858720224e+01
2.077147949382362526e+02 8.853964279779735591e+01
2.077825164012982100e+02 8.861318233398652922e+01
2.078499143177516544e+02 8.868701850940142606e+01
2.079169873882463833e+02 8.876114990056991871e+01
2.079837343196947188e+02 8.883557507832853162e+01
2.080501538252966043e+02 8.891029260784985411e+01
2.081162446245643309e+02 8.898530104867033685e+01
2.081820054433472365e+02 8.906059895471801724e+01
2.082474350138564034e+02 8.913618487434038684e+01
2.083125320746887610e+02 8.921205735033234419e+01
2.083772953708518401e+02 8.928821491996440329e+01
2.084417236537876192e+02 8.936465611501074591e+01
2.085058156813967685e+02 8.944137946177765741e+01
2.085695702180625801e+02 8.951838348113183486e+01
2.086329860346747012e+02 8.959566668852895077e+01
2.086960619086528936e+02 8.967322759404230226e+01
2.087587966239707100e+02 8.975106470239148848e+01
2.088211889711786853e+02 8.982917651297124451e+01
2.088832377474278985e+02 8.990756151988036038e+01
2.089449417564930229e+02 8.998621821195077075e+01
2.090062998087954043e+02 9.006514507277663029e+01
2.090673107214260824e+02 9.014434058074357381e+01
2.091279733181684435e+02 9.022380320905801909e+01
2.091882864295210425e+02 9.030353142577665437e+01
2.092482488927201132e+02 9.038352369383596852e+01
2.093078595517618510e+02 9.046377847108176695e+01
2.093671172574249226e+02 9.054429421029911396e+01
2.094260208672924932e+02 9.062506935924194806e+01
2.094845692457741961e+02 9.070610236066315224e+01
2.095427612641281598e+02 9.078739165234452457e+01
2.096005958004826937e+02 9.086893566712689108e+01
2.096580717398579168e+02 9.095073283294028954e+01
2.097151879741872449e+02 9.103278157283435235e+01
2.097719434023388203e+02 9.111508030500867505e+01
2.098283369301366292e+02 9.119762744284327027e+01
2.098843674703817328e+02 9.128042139492920626e+01
2.099400339428731286e+02 9.136346056509927394e+01
2.099953352744285269e+02 9.144674335245878183e+01
2.100502703989052122e+02 9.153026815141629413e+01
2.101048382572204787e+02 9.161403335171485196e+01
2.101590377973720081e+02 9.169803733846269722e+01
2.102128679744582485e+02 9.178227849216459333e+01
2.102663277506985651e+02 9.186675518875310331e+01
2.103194160954531071e+02 9.195146579961968314e+01
2.103721319852428735e+02 9.203640869164625826e+01
2.104244744037692669e+02 9.212158222723668644e+01
2.104764423419338470e+02 9.220698476434826318e+01
2.105280347978575719e+02 9.229261465652339780e+01
2.105792507769003805e+02 9.237847025292138881e+01
2.106300892916801502e+02 9.246454989835024207e+01
2.106805493620918242e+02 9.255085193329851734e+01
2.107306300153263123e+02 9.263737469396745894e+01
2.107803302858892494e+02 9.272411651230289920e+01
2.108296492156194972e+02 9.281107571602758810e+01
2.108785858537078184e+02 9.289825062867322458e+01
2.109271392567150372e+02 9.298563956961308463e+01
2.109753084885903149e+02 9.307324085409405257e+01
2.110230926206890842e+02 9.316105279326937705e+01
2.110704907317911534e+02 9.324907369423117132e+01
2.111175019081182995e+02 9.333730186004291340e+01
2.111641252433518900e+02 9.342573558977237269e+01
2.112103598386504473e+02 9.351437317852423803e+01
2.112562048026669572e+02 9.360321291747305850e+01
2.113016592515659511e+02 9.369225309389615575e+01
2.113467223090406719e+02 9.378149199120666424e+01
2.113913931063299003e+02 9.387092788898667095e+01
2.114356707822347232e+02 9.396055906302024141e+01
2.114795544831351037e+02 9.405038378532680099e+01
2.115230433630064226e+02 9.414040032419441673e+01
2.115661365834356502e+02 9.423060694421315020e+01
2.116088333136377173e+02 9.432100190630850989e+01
2.116511327304712609e+02 9.441158346777501720e+01
2.116930340184547390e+02 9.450234988230975830e+01
2.117345363697820346e+02 9.459329940004609227e+01
2.117756389843380020e+02 9.468443026758741610e+01
2.118163410697140137e+02 9.477574072804081595e+01
2.118566418412230519e+02 9.486722902105113064e+01
2.118965405219150568e+02 9.495889338283477343e+01
2.119360363425917626e+02 9.505073204621380967e+01
2.119751285418214479e+02 9.514274324064984967e+01
2.120138163659539146e+02 9.523492519227849584e+01
2.120520990691346697e+02 9.532727612394320715e+01
2.120899759133195630e+02 9.541979425522978886e+01
2.121274461682888273e+02 9.551247780250064068e+01
2.121645091116613173e+02 9.560532497892907600e+01
2.122011640289083232e+02 9.569833399453392531e+01
2.122374102133673830e+02 9.579150305621389805e+01
2.122732469662559538e+02 9.588483036778224289e+01
2.123086735966847414e+02 9.597831413000128009e+01
2.123436894216712574e+02 9.607195254061723233e+01
2.123782937661527228e+02 9.616574379439484233e+01
2.124124859629992557e+02 9.625968608315224628e+01
2.124462653530266607e+02 9.635377759579574786e+01
2.124796312850091908e+02 9.644801651835486211e+01
2.125125831156920810e+02 9.654240103401721740e+01
2.125451202098038266e+02 9.663692932316351403e+01
2.125772419400687170e+02 9.673159956340278143e+01
2.126089476872186026e+02 9.682640992960729420e+01
2.126402368400050591e+02 9.692135859394792874e+01
2.126711087952110972e+02 9.701644372592934928e+01
2.127015629576627589e+02 9.711166349242527929e+01
2.127315987402406563e+02 9.720701605771378695e+01
2.127612155638912270e+02 9.730249958351284079e+01
2.127904128576379605e+02 9.739811222901560939e+01
2.128191900585923690e+02 9.749385215092593171e+01
2.128475466119648445e+02 9.758971750349400054e+01
2.128754819710753168e+02 9.768570643855183278e+01
2.129029955973639119e+02 9.778181710554889605e+01
2.129300869604011837e+02 9.787804765158780640e+01
2.129567555378984309e+02 9.797439622146013960e+01
2.129830008157177588e+02 9.807086095768201517e+01
2.130088222878819693e+02 9.816744000053002139e+01
2.130342194565843101e+02 9.826413148807714038e+01
2.130591918321981382e+02 9.836093355622844570e+01
2.130837389332862131e+02 9.845784433875719799e+01
2.131078602866101903e+02 9.855486196734081261e+01
2.131315554271395172e+02 9.865198457159679890e+01
2.131548238980605845e+02 9.874921027911885574e+01
2.131776652507853953e+02 9.884653721551298133e+01
2.132000790449603755e+02 9.894396350443363986e+01
2.132220648484746164e+02 9.904148726761985699e+01
2.132436222374684576e+02 9.913910662493147186e+01
2.132647507963415592e+02 9.923681969438541728e+01
2.132854501177608597e+02 9.933462459219198593e+01
2.133057198026684489e+02 9.943251943279101113e+01
2.133255594602893552e+02 9.953050232888851667e+01
2.133449687081390209e+02 9.962857139149278396e+01
2.133639471720305778e+02 9.972672472995094495e+01
2.133824944860822370e+02 9.982496045198544721e+01
2.134006102927241955e+02 9.992327666373039108e+01
2.134182942427056844e+02 1.000216714697682079e+02
2.134355459951015064e+02 1.001201429731660966e+02
2.134523652173187429e+02 1.002186892755126451e+02
2.134687515851031492e+02 1.003173084769543522e+02
2.134847047825453785e+02 1.004159986762323769e+02
2.135002245020871214e+02 1.005147579707191028e+02
2.135153104445269037e+02 1.006135844564548165e+02
2.135299623190260832e+02 1.007124762281844568e+02
2.135441798431141933e+02 1.008114313793943353e+02
2.135579627426945990e+02 1.009104480023489003e+02
2.135713107520496408e+02 1.010095241881274291e+02
2.135842236138459214e+02 1.011086580266610042e+02
2.135967010791389953e+02 1.012078476067691213e+02
2.136087429073785131e+02 1.013070910161967362e+02
2.136203488664125700e+02 1.014063863416510145e+02
2.136315187324923102e+02 1.015057316688381945e+02
2.136422522902762182e+02 1.016051250825005923e+02
2.136525493328343259e+02 1.017045646664534786e+02
2.136624096616521058e+02 1.018040485036220133e+02
2.136718330866343081e+02 1.019035746760781649e+02
2.136808194261087408e+02 1.020031412650777725e+02
2.136893685068296520e+02 1.021027463510974940e+02
2.136974801639810835e+02 1.022023880138717971e+02
2.137051542411801393e+02 1.023020643324299641e+02
2.137123905904798562e+02 1.024017733851332110e+02
2.137191890723722167e+02 1.025015132497116639e+02
2.137255495557906784e+02 1.026012820033013924e+02
2.137314719181128453e+02 1.027010777224815996e+02
2.137369560451627422e+02 1.028008984833115420e+02
2.137420018312130026e+02 1.029007423613677332e+02
2.137466091789870006e+02 1.030006074317810487e+02
2.137507779996606416e+02 1.031004917692737735e+02
2.137545082128641241e+02 1.032003934481967207e+02
2.137577997466834177e+02 1.033003105425664216e+02
2.137606525376617412e+02 1.034002411261022161e+02
2.137630665308007565e+02 1.035001832722633424e+02
2.137650416795615911e+02 1.036001350542861701e+02
2.137665779458657482e+02 1.037000945452212903e+02
2.137676753000959025e+02 1.038000598179707055e+02
2.137683337210963828e+02 1.039000289453248485e+02
2.137685531961735990e+02 1.040000000000000000e+02
