3.138170430242218600e+01 8.017117936228616770e+01
3.128773468264492763e+01 8.013697833073861432e+01
3.119376506286766926e+01 8.010277729919106093e+01
3.109979544309041088e+01 8.006857626764350755e+01
3.100582582331315251e+01 8.003437523609595416e+01
3.091185620353589414e+01 8.000017420454840078e+01
3.081788658375863577e+01 7.996597317300084740e+01
3.072391696398137739e+01 7.993177214145329401e+01
3.062994734420411902e+01 7.989757110990574063e+01
3.053597772442686065e+01 7.986337007835818724e+01
3.044200810464960227e+01 7.982916904681063386e+01
3.034803848487234390e+01 7.979496801526308047e+01
3.025406886509508553e+01 7.976076698371552709e+01
3.016009924531782715e+01 7.972656595216797371e+01
3.006612962554056878e+01 7.969236492062042032e+01
2.997216000576331041e+01 7.965816388907286694e+01
2.987819038598605204e+01 7.962396285752531355e+01
2.978422076620879366e+01 7.958976182597776017e+01
2.969025114643153529e+01 7.955556079443020678e+01
2.959628152665427692e+01 7.952135976288265340e+01
2.950231190687701854e+01 7.948715873133510001e+01
2.940834228709976017e+01 7.945295769978754663e+01
2.931437266732250180e+01 7.941875666823999325e+01
2.922040304754524342e+01 7.938455563669243986e+01
2.912643342776798505e+01 7.935035460514488648e+01
2.903246380799072668e+01 7.931615357359733309e+01
2.893849418821346831e+01 7.928195254204977971e+01
2.884452456843620993e+01 7.924775151050222632e+01
2.875055494865895156e+01 7.921355047895467294e+01
2.865658532888169319e+01 7.917934944740711956e+01
2.856261570910443481e+01 7.914514841585956617e+01
2.846864608932717644e+01 7.911094738431201279e+01
2.837467646954991807e+01 7.907674635276445940e+01
2.828070684977265969e+01 7.904254532121690602e+01
2.818673722999540132e+01 7.900834428966935263e+01
2.809276761021814295e+01 7.897414325812179925e+01
2.799879799044088458e+01 7.893994222657424586e+01
2.790482837066362620e+01 7.890574119502669248e+01
2.781085875088636783e+01 7.887154016347913910e+01
2.771688913110910946e+01 7.883733913193158571e+01
2.762291951133185108e+01 7.880313810038403233e+01
2.752894989155459271e+01 7.876893706883647894e+01
2.743498027177733434e+01 7.873473603728892556e+01
2.734101065200007596e+01 7.870053500574137217e+01
2.724704103222281759e+01 7.866633397419381879e+01
2.715307141244555922e+01 7.863213294264626541e+01
2.705910179266830085e+01 7.859793191109871202e+01
2.696513217289104247e+01 7.856373087955115864e+01
2.687116255311378410e+01 7.852952984800360525e+01
2.677719293333652573e+01 7.849532881645605187e+01
2.668322331355926735e+01 7.846112778490849848e+01
2.658925369378200898e+01 7.842692675336094510e+01
2.649528407400475061e+01 7.839272572181339171e+01
2.640131445422749223e+01 7.835852469026583833e+01
2.630734483445023386e+01 7.832432365871828495e+01
2.621337521467297549e+01 7.829012262717073156e+01
2.611940559489571712e+01 7.825592159562317818e+01
2.602543597511845874e+01 7.822172056407562479e+01
2.593146635534120037e+01 7.818751953252807141e+01
2.583749673556394200e+01 7.815331850098051802e+01
2.574352711578668362e+01 7.811911746943296464e+01
2.564955749600942525e+01 7.808491643788541126e+01
2.555558787623216688e+01 7.805071540633785787e+01
2.546161825645490850e+01 7.801651437479030449e+01
2.536764863667765013e+01 7.798231334324275110e+01
2.527367901690039176e+01 7.794811231169519772e+01
2.517970939712313339e+01 7.791391128014764433e+01
2.508573977734587501e+01 7.787971024860009095e+01
2.499177015756861664e+01 7.784550921705253756e+01
2.489780053779135827e+01 7.781130818550498418e+01
2.480383091801409989e+01 7.777710715395743080e+01
2.470986129823684152e+01 7.774290612240987741e+01
2.461589167845958315e+01 7.770870509086232403e+01
2.452192205868232477e+01 7.767450405931477064e+01
2.442795243890506640e+01 7.764030302776721726e+01
2.433398281912780803e+01 7.760610199621966387e+01
2.424001319935054966e+01 7.757190096467211049e+01
2.414604357957329128e+01 7.753769993312455711e+01
2.405207395979603291e+01 7.750349890157700372e+01
2.395810434001877454e+01 7.746929787002945034e+01
2.386413472024151616e+01 7.743509683848189695e+01
2.377016510046425779e+01 7.740089580693434357e+01
2.367619548068699942e+01 7.736669477538679018e+01
2.358222586090974104e+01 7.733249374383923680e+01
2.348825624113248267e+01 7.729829271229168342e+01
2.339428662135522430e+01 7.726409168074413003e+01
2.330031700157796593e+01 7.722989064919657665e+01
2.320634738180070755e+01 7.719568961764902326e+01
2.311237776202344918e+01 7.716148858610146988e+01
2.301840814224619081e+01 7.712728755455391649e+01
2.292443852246893243e+01 7.709308652300636311e+01
2.283046890269167406e+01 7.705888549145880972e+01
2.273649928291441569e+01 7.702468445991125634e+01
2.264252966313715731e+01 7.699048342836370296e+01
2.254856004335989894e+01 7.695628239681614957e+01
2.245459042358264057e+01 7.692208136526859619e+01
2.236062080380538220e+01 7.688788033372104280e+01
2.226665118402812382e+01 7.685367930217348942e+01
2.217268156425086545e+01 7.681947827062593603e+01
2.207871194447360708e+01 7.678527723907838265e+01
2.198474232469634870e+01 7.675107620753082927e+01
2.189077270491909033e+01 7.671687517598327588e+01
2.179680308514183196e+01 7.668267414443572250e+01
2.170283346536457358e+01 7.664847311288816911e+01
2.160886384558731521e+01 7.661427208134061573e+01
2.151489422581005684e+01 7.658007104979306234e+01
2.142092460603279847e+01 7.654587001824550896e+01
2.132695498625554009e+01 7.651166898669795557e+01
2.123298536647828172e+01 7.647746795515040219e+01
2.113901574670102335e+01 7.644326692360284881e+01
2.104504612692376497e+01 7.640906589205529542e+01
2.095107650714650660e+01 7.637486486050774204e+01
2.085710688736924823e+01 7.634066382896018865e+01
2.076313726759198985e+01 7.630646279741263527e+01
2.066916764781473148e+01 7.627226176586508188e+01
2.057519802803747311e+01 7.623806073431752850e+01
2.048122840826021474e+01 7.620385970276997512e+01
2.038725878848295636e+01 7.616965867122242173e+01
2.029328916870569799e+01 7.613545763967486835e+01
2.019931954892843962e+01 7.610125660812731496e+01
2.010534992915118124e+01 7.606705557657976158e+01
2.001138030937392287e+01 7.603285454503220819e+01
1.991741068959666450e+01 7.599865351348465481e+01
1.982344106981940612e+01 7.596445248193710142e+01
1.972947145004214775e+01 7.593025145038954804e+01
1.963550183026488938e+01 7.589605041884199466e+01
1.954153221048763100e+01 7.586184938729444127e+01
1.944756259071037263e+01 7.582764835574688789e+01
1.935359297093311426e+01 7.579344732419933450e+01
1.925962335115585589e+01 7.575924629265178112e+01
1.916565373137859751e+01 7.572504526110422773e+01
1.907168411160133914e+01 7.569084422955667435e+01
1.897771449182408077e+01 7.565664319800912097e+01
1.888374487204682239e+01 7.562244216646156758e+01
1.878977525226956402e+01 7.558824113491401420e+01
1.869580563249230565e+01 7.555404010336646081e+01
1.860183601271504727e+01 7.551983907181890743e+01
1.850786639293778890e+01 7.548563804027135404e+01
1.841389677316053053e+01 7.545143700872380066e+01
1.831992715338327216e+01 7.541723597717624727e+01
1.822595753360601378e+01 7.538303494562869389e+01
1.813198791382875541e+01 7.534883391408114051e+01
1.803801829405149704e+01 7.531463288253358712e+01
1.794404867427423866e+01 7.528043185098603374e+01
1.785007905449698029e+01 7.524623081943848035e+01
1.775610943471972192e+01 7.521202978789092697e+01
1.766213981494246354e+01 7.517782875634337358e+01
1.756817019516520517e+01 7.514362772479582020e+01
1.747420057538794680e+01 7.510942669324826682e+01
1.738023095561068843e+01 7.507522566170071343e+01
1.728626133583343005e+01 7.504102463015316005e+01
1.719229171605617168e+01 7.500682359860560666e+01
1.709832209627891331e+01 7.497262256705805328e+01
1.700435247650165493e+01 7.493842153551049989e+01
1.691038285672439656e+01 7.490422050396294651e+01
1.681641323694713819e+01 7.487001947241539312e+01
1.672244361716987981e+01 7.483581844086783974e+01
1.662847399739262144e+01 7.480161740932028636e+01
1.653450437761536307e+01 7.476741637777273297e+01
1.644053475783810470e+01 7.473321534622517959e+01
1.634656513806084632e+01 7.469901431467762620e+01
1.625259551828358795e+01 7.466481328313007282e+01
1.615862589850632958e+01 7.463061225158251943e+01
1.606465627872907120e+01 7.459641122003496605e+01
1.597068665895181105e+01 7.456221018848741267e+01
1.587671703917455091e+01 7.452800915693985928e+01
1.578274741939729076e+01 7.449380812539230590e+01
1.568877779962003061e+01 7.445960709384475251e+01
1.559480817984277046e+01 7.442540606229719913e+01
1.550083856006551031e+01 7.439120503074964574e+01
1.540686894028825016e+01 7.435700399920209236e+01
1.531289932051099001e+01 7.432280296765453897e+01
1.521892970073372986e+01 7.428860193610698559e+01
1.512496008095646971e+01 7.425440090455943221e+01
1.503099046117920956e+01 7.422019987301187882e+01
1.493702084140194941e+01 7.418599884146432544e+01
1.484305122162468926e+01 7.415179780991677205e+01
1.474908160184742911e+01 7.411759677836921867e+01
1.465511198207016896e+01 7.408339574682166528e+01
1.456114236229290881e+01 7.404919471527411190e+01
1.446717274251564866e+01 7.401499368372655852e+01
1.437320312273838852e+01 7.398079265217900513e+01
1.427923350296112837e+01 7.394659162063145175e+01
1.418526388318386822e+01 7.391239058908389836e+01
1.409129426340660807e+01 7.387818955753634498e+01
1.399732464362934792e+01 7.384398852598879159e+01
1.390335502385208777e+01 7.380978749444123821e+01
1.380938540407482762e+01 7.377558646289368482e+01
1.371541578429756747e+01 7.374138543134613144e+01
1.362144616452030732e+01 7.370718439979857806e+01
1.352747654474304717e+01 7.367298336825102467e+01
1.343350692496578702e+01 7.363878233670347129e+01
1.333953730518852687e+01 7.360458130515591790e+01
1.324556768541126672e+01 7.357038027360836452e+01
1.315159806563400657e+01 7.353617924206081113e+01
1.305762844585674642e+01 7.350197821051325775e+01
1.296365882607948627e+01 7.346777717896570437e+01
1.286968920630222613e+01 7.343357614741815098e+01
1.277571958652496598e+01 7.339937511587059760e+01
1.268174996674770583e+01 7.336517408432304421e+01
1.258778034697044568e+01 7.333097305277549083e+01
1.249381072719318553e+01 7.329677202122793744e+01
1.239984110741592538e+01 7.326257098968038406e+01
1.230587148763866523e+01 7.322836995813283067e+01
1.221190186786140508e+01 7.319416892658527729e+01
1.211793224808414493e+01 7.315996789503772391e+01
1.202396262830688478e+01 7.312576686349017052e+01
1.192999300852962463e+01 7.309156583194261714e+01
1.183602338875236448e+01 7.305736480039506375e+01
1.174205376897510433e+01 7.302316376884751037e+01
1.164808414919784418e+01 7.298896273729995698e+01
1.155411452942058403e+01 7.295476170575240360e+01
1.146014490964332389e+01 7.292056067420485022e+01
1.136617528986606374e+01 7.288635964265729683e+01
1.127220567008880359e+01 7.285215861110974345e+01
1.117823605031154344e+01 7.281795757956219006e+01
1.108426643053428329e+01 7.278375654801463668e+01
1.099029681075702314e+01 7.274955551646708329e+01
1.089632719097976299e+01 7.271535448491952991e+01
1.080235757120250284e+01 7.268115345337197652e+01
1.070838795142524269e+01 7.264695242182442314e+01
1.061441833164798254e+01 7.261275139027686976e+01
1.052044871187072239e+01 7.257855035872931637e+01
1.042647909209346224e+01 7.254434932718176299e+01
1.033250947231620209e+01 7.251014829563420960e+01
1.023853985253894194e+01 7.247594726408665622e+01
1.014457023276168179e+01 7.244174623253910283e+01
1.005060061298442164e+01 7.240754520099154945e+01
9.956630993207161495e+00 7.237334416944399607e+01
9.862661373429901346e+00 7.233914313789644268e+01
9.768691753652641196e+00 7.230494210634888930e+01
9.674722133875381047e+00 7.227074107480133591e+01
9.580752514098120898e+00 7.223654004325378253e+01
9.486782894320860748e+00 7.220233901170622914e+01
9.392813274543600599e+00 7.216813798015867576e+01
9.298843654766340450e+00 7.213393694861112238e+01
9.204874034989080300e+00 7.209973591706356899e+01
9.110904415211820151e+00 7.206553488551601561e+01
9.016934795434560002e+00 7.203133385396846222e+01
8.922965175657299852e+00 7.199713282242090884e+01
8.828995555880039703e+00 7.196293179087335545e+01
8.735025936102779553e+00 7.192873075932580207e+01
8.641056316325519404e+00 7.189452972777824868e+01
8.547086696548259255e+00 7.186032869623069530e+01
8.453117076770999105e+00 7.182612766468314192e+01
8.359147456993738956e+00 7.179192663313558853e+01
8.265177837216478807e+00 7.175772560158803515e+01
8.171208217439218657e+00 7.172352457004048176e+01
8.077238597661958508e+00 7.168932353849292838e+01
7.983268977884698359e+00 7.165512250694537499e+01
7.889299358107438209e+00 7.162092147539782161e+01
7.795329738330178060e+00 7.158672044385026823e+01
7.701360118552917911e+00 7.155251941230271484e+01
7.607390498775657761e+00 7.151831838075516146e+01
7.513420878998397612e+00 7.148411734920760807e+01
7.419451259221137462e+00 7.144991631766005469e+01
7.325481639443877313e+00 7.141571528611250130e+01
7.231512019666617164e+00 7.138151425456494792e+01
7.137542399889357014e+00 7.134731322301739453e+01
7.043572780112096865e+00 7.131311219146984115e+01
6.949603160334836716e+00 7.127891115992228777e+01
6.855633540557576566e+00 7.124471012837473438e+01
6.761663920780316417e+00 7.121050909682718100e+01
6.667694301003056268e+00 7.117630806527962761e+01
6.573724681225796118e+00 7.114210703373207423e+01
6.479755061448535969e+00 7.110790600218452084e+01
6.385785441671275819e+00 7.107370497063696746e+01
6.291815821894015670e+00 7.103950393908941408e+01
6.197846202116755521e+00 7.100530290754186069e+01
6.103876582339495371e+00 7.097110187599430731e+01
6.009906962562235222e+00 7.093690084444675392e+01
5.915937342784975073e+00 7.090269981289920054e+01
5.821967723007714923e+00 7.086849878135164715e+01
5.727998103230454774e+00 7.083429774980409377e+01
5.634028483453194625e+00 7.080009671825654038e+01
5.540058863675934475e+00 7.076589568670898700e+01
5.446089243898674326e+00 7.073169465516143362e+01
5.352119624121414176e+00 7.069749362361388023e+01
5.258150004344154027e+00 7.066329259206632685e+01
5.164180384566893878e+00 7.062909156051877346e+01
5.070210764789633728e+00 7.059489052897122008e+01
4.976241145012373579e+00 7.056068949742366669e+01
4.882271525235113430e+00 7.052648846587611331e+01
4.788301905457853280e+00 7.049228743432855993e+01
4.694332285680593131e+00 7.045808640278100654e+01
4.600362665903332982e+00 7.042388537123345316e+01
4.506393046126072832e+00 7.038968433968589977e+01
4.412423426348812683e+00 7.035548330813834639e+01
4.318453806571552533e+00 7.032128227659079300e+01
4.224484186794292384e+00 7.028708124504323962e+01
4.130514567017032235e+00 7.025288021349568623e+01
4.036544947239772085e+00 7.021867918194813285e+01
3.942575327462511936e+00 7.018447815040057947e+01
3.848605707685251787e+00 7.015027711885302608e+01
3.754636087907991637e+00 7.011607608730547270e+01
3.660666468130731488e+00 7.008187505575791931e+01
3.566696848353471339e+00 7.004767402421036593e+01
3.472727228576211189e+00 7.001347299266281254e+01
3.378757608798951040e+00 6.997927196111525916e+01
3.284787989021690890e+00 6.994507092956770578e+01
3.190818369244430741e+00 6.991086989802015239e+01
3.096848749467170592e+00 6.987666886647259901e+01
3.002879129689910442e+00 6.984246783492504562e+01
2.908909509912650293e+00 6.980826680337749224e+01
2.814939890135390144e+00 6.977406577182993885e+01
2.720970270358129994e+00 6.973986474028238547e+01
2.627000650580869845e+00 6.970566370873483208e+01
2.533031030803609696e+00 6.967146267718727870e+01
2.439061411026349546e+00 6.963726164563972532e+01
2.345091791249089397e+00 6.960306061409217193e+01
2.251122171471829247e+00 6.956885958254461855e+01
2.157152551694569098e+00 6.953465855099706516e+01
2.063182931917308949e+00 6.950045751944951178e+01
1.969213312140048799e+00 6.946625648790195839e+01
1.875243692362788650e+00 6.943205545635440501e+01
1.781274072585528501e+00 6.939785442480685163e+01
1.687304452808268351e+00 6.936365339325929824e+01
1.593334833031008202e+00 6.932945236171174486e+01
1.499365213253748053e+00 6.929525133016419147e+01
1.405395593476487903e+00 6.926105029861663809e+01
1.311425973699227754e+00 6.922684926706908470e+01
1.217456353921967604e+00 6.919264823552153132e+01
1.123486734144707455e+00 6.915844720397397793e+01
1.029517114367447306e+00 6.912424617242642455e+01
9.355474945901872674e-01 6.909004514087887117e+01
8.415778748129272291e-01 6.905584410933131778e+01
7.476082550356671907e-01 6.902164307778376440e+01
6.536386352584071524e-01 6.898744204623621101e+01
5.596690154811471141e-01 6.895324101468865763e+01
4.656993957038870202e-01 6.891903998314110424e+01
3.717297759266269264e-01 6.888483895159355086e+01
2.777601561493668325e-01 6.885063792004599748e+01
1.837905363721067387e-01 6.881643688849844409e+01
8.982091659484665869e-02 6.878223585695089071e+01
-4.148703182413421287e-03 6.874803482540333732e+01
-9.811832295967350126e-02 6.871383379385578394e+01
-1.920879427369335812e-01 6.867963276230823055e+01
-2.860575625141936751e-01 6.864543173076067717e+01
-3.800271822914537689e-01 6.861123069921312378e+01
-4.739968020687138628e-01 6.857702966766557040e+01
-5.679664218459739011e-01 6.854282863611801702e+01
-6.619360416232339395e-01 6.850862760457046363e+01
-7.559056614004939778e-01 6.847442657302291025e+01
-8.498752811777540161e-01 6.844022554147535686e+01
-9.438449009550140545e-01 6.840602450992780348e+01
-1.037814520732274204e+00 6.837182347838025009e+01
-1.131784140509534353e+00 6.833762244683269671e+01
-1.225753760286794503e+00 6.830342141528514333e+01
-1.319723380064054652e+00 6.826922038373758994e+01
-1.413692999841314801e+00 6.823501935219003656e+01
-1.507662619618574951e+00 6.820081832064248317e+01
-1.601632239395835100e+00 6.816661728909492979e+01
-1.695601859173095249e+00 6.813241625754737640e+01
-1.789571478950355399e+00 6.809821522599982302e+01
-1.883541098727615548e+00 6.806401419445226963e+01
-1.977510718504875697e+00 6.802981316290471625e+01
-2.071480338282135847e+00 6.799561213135716287e+01
-2.165449958059395996e+00 6.796141109980960948e+01
-2.259419577836656146e+00 6.792721006826205610e+01
-2.353389197613916295e+00 6.789300903671450271e+01
-2.447358817391176444e+00 6.785880800516694933e+01
-2.541328437168436594e+00 6.782460697361939594e+01
-2.635298056945696743e+00 6.779040594207184256e+01
-2.729267676722956892e+00 6.775620491052428918e+01
-2.823237296500217042e+00 6.772200387897673579e+01
-2.917206916277477191e+00 6.768780284742918241e+01
-3.011176536054737340e+00 6.765360181588162902e+01
-3.105146155831997490e+00 6.761940078433407564e+01
-3.199115775609257639e+00 6.758519975278652225e+01
-3.293085395386517789e+00 6.755099872123896887e+01
-3.387055015163777938e+00 6.751679768969141548e+01
-3.481024634941038087e+00 6.748259665814386210e+01
-3.574994254718298237e+00 6.744839562659630872e+01
-3.668963874495558386e+00 6.741419459504875533e+01
-3.762933494272818535e+00 6.737999356350120195e+01
-3.856903114050078685e+00 6.734579253195364856e+01
-3.950872733827338834e+00 6.731159150040609518e+01
-4.044842353604598983e+00 6.727739046885854179e+01
-4.138811973381859133e+00 6.724318943731098841e+01
-4.255591658892136309e+00 6.720068649095520641e+01
-4.221390627344576707e+00 6.710671687117795159e+01
-4.187189595797017105e+00 6.701274725140069677e+01
-4.152988564249457504e+00 6.691877763162344195e+01
-4.118787532701897902e+00 6.682480801184618713e+01
-4.084586501154338301e+00 6.673083839206893231e+01
-4.050385469606778699e+00 6.663686877229167749e+01
-4.016184438059219097e+00 6.654289915251442267e+01
-3.981983406511659496e+00 6.644892953273716785e+01
-3.947782374964099894e+00 6.635495991295991303e+01
-3.913581343416540292e+00 6.626099029318265821e+01
-3.879380311868980691e+00 6.616702067340540339e+01
-3.845179280321421089e+00 6.607305105362814857e+01
-3.810978248773861488e+00 6.597908143385089375e+01
-3.776777217226301886e+00 6.588511181407363893e+01
-3.742576185678742284e+00 6.579114219429638410e+01
-3.708375154131182683e+00 6.569717257451912928e+01
-3.674174122583623081e+00 6.560320295474187446e+01
-3.639973091036063479e+00 6.550923333496461964e+01
-3.605772059488503878e+00 6.541526371518736482e+01
-3.571571027940944276e+00 6.532129409541011000e+01
-3.537369996393384675e+00 6.522732447563285518e+01
-3.503168964845825073e+00 6.513335485585560036e+01
-3.468967933298265471e+00 6.503938523607834554e+01
-3.434766901750705870e+00 6.494541561630109072e+01
-3.400565870203146268e+00 6.485144599652383590e+01
-3.366364838655586667e+00 6.475747637674658108e+01
-3.332163807108027065e+00 6.466350675696932626e+01
-3.297962775560467463e+00 6.456953713719207144e+01
-3.263761744012907862e+00 6.447556751741481662e+01
-3.229560712465348260e+00 6.438159789763756180e+01
-3.195359680917788658e+00 6.428762827786030698e+01
-3.161158649370229057e+00 6.419365865808305216e+01
-3.126957617822669455e+00 6.409968903830579734e+01
-3.092756586275109854e+00 6.400571941852854252e+01
-3.058555554727550252e+00 6.391174979875128059e+01
-3.024354523179990650e+00 6.381778017897401867e+01
-2.990153491632431049e+00 6.372381055919675674e+01
-2.955952460084871447e+00 6.362984093941949482e+01
-2.921751428537311845e+00 6.353587131964223289e+01
-2.887550396989752244e+00 6.344190169986497096e+01
-2.853349365442192642e+00 6.334793208008770904e+01
-2.819148333894633041e+00 6.325396246031044711e+01
-2.784947302347073439e+00 6.315999284053318519e+01
-2.750746270799513837e+00 6.306602322075592326e+01
-2.716545239251954236e+00 6.297205360097866134e+01
-2.682344207704394634e+00 6.287808398120139941e+01
-2.648143176156835032e+00 6.278411436142413748e+01
-2.613942144609275431e+00 6.269014474164687556e+01
-2.579741113061715829e+00 6.259617512186961363e+01
-2.545540081514156228e+00 6.250220550209235171e+01
-2.511339049966596626e+00 6.240823588231508978e+01
-2.477138018419037024e+00 6.231426626253782786e+01
-2.442936986871477423e+00 6.222029664276056593e+01
-2.408735955323917821e+00 6.212632702298330400e+01
-2.374534923776358220e+00 6.203235740320604208e+01
-2.340333892228798618e+00 6.193838778342878015e+01
-2.306132860681239016e+00 6.184441816365151823e+01
-2.271931829133679415e+00 6.175044854387425630e+01
-2.237730797586119813e+00 6.165647892409699438e+01
-2.203529766038560211e+00 6.156250930431973245e+01
-2.169328734491000610e+00 6.146853968454247052e+01
-2.135127702943441008e+00 6.137457006476520860e+01
-2.100926671395881407e+00 6.128060044498794667e+01
-2.066725639848321805e+00 6.118663082521068475e+01
-2.032524608300762203e+00 6.109266120543342282e+01
-1.998323576753202602e+00 6.099869158565616090e+01
-1.964122545205643000e+00 6.090472196587889897e+01
-1.929921513658083398e+00 6.081075234610163704e+01
-1.895720482110523797e+00 6.071678272632437512e+01
-1.861519450562964195e+00 6.062281310654711319e+01
-1.827318419015404594e+00 6.052884348676985127e+01
-1.793117387467844992e+00 6.043487386699258934e+01
-1.758916355920285390e+00 6.034090424721532742e+01
-1.724715324372725789e+00 6.024693462743806549e+01
-1.690514292825166187e+00 6.015296500766080356e+01
-1.656313261277606586e+00 6.005899538788354164e+01
-1.622112229730046984e+00 5.996502576810627971e+01
-1.587911198182487382e+00 5.987105614832901779e+01
-1.553710166634927781e+00 5.977708652855175586e+01
-1.519509135087368179e+00 5.968311690877449394e+01
-1.485308103539808577e+00 5.958914728899723201e+01
-1.451107071992248976e+00 5.949517766921997008e+01
-1.416906040444689374e+00 5.940120804944270816e+01
-1.382705008897129773e+00 5.930723842966544623e+01
-1.348503977349570171e+00 5.921326880988818431e+01
-1.314302945802010569e+00 5.911929919011092238e+01
-1.280101914254450968e+00 5.902532957033366046e+01
-1.245900882706891366e+00 5.893135995055639853e+01
-1.211699851159331764e+00 5.883739033077913660e+01
-1.177498819611772163e+00 5.874342071100187468e+01
-1.143297788064212561e+00 5.864945109122461275e+01
-1.109096756516652960e+00 5.855548147144735083e+01
-1.074895724969093358e+00 5.846151185167008890e+01
-1.040694693421533756e+00 5.836754223189282698e+01
-1.006493661873974155e+00 5.827357261211556505e+01
-9.722926303264144421e-01 5.817960299233830312e+01
-9.380915987788547294e-01 5.808563337256104120e+01
-9.038905672312950168e-01 5.799166375278377927e+01
-8.696895356837353042e-01 5.789769413300651735e+01
-8.354885041361755915e-01 5.780372451322925542e+01
-8.012874725886158789e-01 5.770975489345199350e+01
-7.670864410410561662e-01 5.761578527367473157e+01
-7.328854094934964536e-01 5.752181565389746964e+01
-6.986843779459367410e-01 5.742784603412020772e+01
-6.644833463983770283e-01 5.733387641434294579e+01
-6.302823148508173157e-01 5.723990679456568387e+01
-5.960812833032576030e-01 5.714593717478842194e+01
-5.618802517556978904e-01 5.705196755501116002e+01
-5.276792202081381777e-01 5.695799793523389809e+01
-4.934781886605785206e-01 5.686402831545663616e+01
-4.592771571130188635e-01 5.677005869567937424e+01
-4.250761255654592063e-01 5.667608907590211231e+01
-3.908750940178995492e-01 5.658211945612485039e+01
-3.566740624703398921e-01 5.648814983634758846e+01
-3.224730309227802350e-01 5.639418021657032654e+01
-2.882719993752205778e-01 5.630021059679306461e+01
-2.540709678276609207e-01 5.620624097701580268e+01
-2.198699362801012636e-01 5.611227135723854076e+01
-1.856689047325416064e-01 5.601830173746127883e+01
-1.514678731849819493e-01 5.592433211768401691e+01
-1.172668416374222922e-01 5.583036249790675498e+01
-8.306581008986263504e-02 5.573639287812949306e+01
-4.886477854230297097e-02 5.564242325835223113e+01
-1.466374699474330690e-02 5.554845363857496920e+01
1.953728455281635717e-02 5.545448401879770728e+01
5.373831610037602124e-02 5.536051439902044535e+01
8.793934764793567838e-02 5.526654477924318343e+01
1.221403791954953355e-01 5.517257515946592150e+01
1.563414107430549926e-01 5.507860553968865958e+01
1.905424422906146498e-01 5.498463591991139765e+01
2.247434738381743069e-01 5.489066630013413572e+01
2.589445053857339918e-01 5.479669668035687380e+01
2.931455369332936489e-01 5.470272706057961187e+01
3.273465684808533060e-01 5.460875744080234995e+01
3.615476000284129632e-01 5.451478782102508802e+01
3.957486315759726203e-01 5.442081820124782610e+01
4.299496631235322774e-01 5.432684858147056417e+01
4.641506946710919346e-01 5.423287896169330224e+01
4.983517262186515917e-01 5.413890934191604032e+01
5.325527577662112488e-01 5.404493972213877839e+01
5.667537893137709615e-01 5.395097010236151647e+01
6.009548208613306741e-01 5.385700048258425454e+01
6.351558524088903868e-01 5.376303086280699262e+01
6.693568839564500994e-01 5.366906124302973069e+01
7.035579155040098120e-01 5.357509162325246876e+01
7.377589470515695247e-01 5.348112200347520684e+01
7.719599785991292373e-01 5.338715238369794491e+01
8.061610101466889500e-01 5.329318276392068299e+01
8.403620416942486626e-01 5.319921314414342106e+01
8.745630732418083753e-01 5.310524352436615914e+01
9.087641047893680879e-01 5.301127390458889721e+01
9.429651363369278005e-01 5.291730428481163528e+01
9.771661678844875132e-01 5.282333466503437336e+01
1.011367199432047226e+00 5.272936504525711143e+01
1.045568230979606827e+00 5.263539542547984951e+01
1.079769262527166429e+00 5.254142580570258758e+01
1.113970294074726031e+00 5.244745618592532566e+01
1.148171325622285632e+00 5.235348656614806373e+01
1.182372357169845234e+00 5.225951694637080180e+01
1.216573388717404836e+00 5.216554732659353988e+01
1.250774420264964437e+00 5.207157770681627795e+01
1.284975451812524039e+00 5.197760808703901603e+01
1.319176483360083640e+00 5.188363846726175410e+01
1.353377514907643242e+00 5.178966884748449218e+01
1.387578546455202844e+00 5.169569922770723025e+01
1.421779578002762445e+00 5.160172960792996832e+01
1.455980609550322047e+00 5.150775998815270640e+01
1.490181641097881649e+00 5.141379036837544447e+01
1.524382672645441250e+00 5.131982074859818255e+01
1.558583704193000852e+00 5.122585112882092062e+01
1.592784735740560453e+00 5.113188150904365870e+01
1.626985767288120055e+00 5.103791188926639677e+01
1.661186798835679657e+00 5.094394226948913484e+01
1.695387830383239258e+00 5.084997264971187292e+01
1.729588861930798860e+00 5.075600302993461099e+01
1.763789893478358461e+00 5.066203341015734907e+01
1.797990925025918063e+00 5.056806379038008714e+01
1.832191956573477665e+00 5.047409417060282522e+01
1.866392988121037266e+00 5.038012455082556329e+01
1.900594019668596868e+00 5.028615493104830136e+01
1.934795051216156470e+00 5.019218531127103944e+01
1.968996082763716071e+00 5.009821569149377751e+01
2.003197114311275673e+00 5.000424607171651559e+01
2.037398145858835274e+00 4.991027645193925366e+01
2.071599177406394876e+00 4.981630683216199174e+01
2.105800208953954478e+00 4.972233721238472981e+01
2.140001240501514079e+00 4.962836759260746788e+01
2.174202272049073681e+00 4.953439797283020596e+01
2.208403303596633283e+00 4.944042835305294403e+01
2.242604335144192884e+00 4.934645873327568211e+01
2.276805366691752486e+00 4.925248911349842018e+01
2.311006398239312087e+00 4.915851949372115826e+01
2.345207429786871689e+00 4.906454987394389633e+01
2.379408461334431291e+00 4.897058025416663440e+01
2.413609492881990892e+00 4.887661063438937248e+01
2.447810524429550494e+00 4.878264101461211055e+01
2.482011555977110095e+00 4.868867139483484863e+01
2.516212587524669697e+00 4.859470177505758670e+01
2.550413619072229299e+00 4.850073215528032478e+01
2.584614650619788900e+00 4.840676253550306285e+01
2.618815682167348502e+00 4.831279291572580092e+01
2.653016713714908104e+00 4.821882329594853900e+01
2.687217745262467705e+00 4.812485367617127707e+01
2.721418776810027307e+00 4.803088405639401515e+01
2.755619808357586908e+00 4.793691443661675322e+01
2.789820839905146510e+00 4.784294481683949130e+01
2.824021871452706112e+00 4.774897519706222937e+01
2.858222903000265713e+00 4.765500557728496744e+01
2.892423934547825315e+00 4.756103595750770552e+01
2.926624966095384917e+00 4.746706633773044359e+01
2.960825997642944518e+00 4.737309671795318167e+01
2.995027029190504120e+00 4.727912709817591974e+01
3.029228060738063721e+00 4.718515747839865782e+01
3.063429092285623323e+00 4.709118785862139589e+01
3.097630123833182925e+00 4.699721823884413396e+01
3.131831155380742526e+00 4.690324861906687204e+01
3.166032186928302128e+00 4.680927899928961011e+01
3.200233218475861730e+00 4.671530937951234819e+01
3.234434250023421331e+00 4.662133975973508626e+01
3.268635281570980933e+00 4.652737013995782434e+01
3.302836313118540534e+00 4.643340052018056241e+01
3.337037344666100136e+00 4.633943090040330048e+01
3.371238376213659738e+00 4.624546128062603856e+01
3.405439407761219339e+00 4.615149166084877663e+01
3.439640439308778941e+00 4.605752204107151471e+01
3.473841470856338542e+00 4.596355242129425278e+01
3.508042502403898144e+00 4.586958280151699086e+01
3.542243533951457746e+00 4.577561318173972893e+01
3.576444565499017347e+00 4.568164356196246700e+01
3.610645597046576949e+00 4.558767394218520508e+01
3.644846628594136551e+00 4.549370432240794315e+01
3.679047660141696152e+00 4.539973470263068123e+01
3.713248691689255754e+00 4.530576508285341930e+01
3.747449723236815355e+00 4.521179546307615738e+01
3.781650754784374957e+00 4.511782584329889545e+01
3.815851786331934559e+00 4.502385622352163352e+01
3.850052817879494160e+00 4.492988660374437160e+01
3.884253849427053762e+00 4.483591698396710967e+01
3.918454880974613364e+00 4.474194736418984775e+01
3.952655912522172965e+00 4.464797774441258582e+01
3.986856944069732567e+00 4.455400812463532390e+01
4.021057975617292612e+00 4.446003850485806197e+01
4.055259007164852214e+00 4.436606888508080004e+01
4.089460038712411816e+00 4.427209926530353812e+01
4.123661070259971417e+00 4.417812964552627619e+01
4.157862101807531019e+00 4.408416002574901427e+01
4.192063133355090621e+00 4.399019040597175234e+01
4.226264164902650222e+00 4.389622078619449042e+01
4.260465196450209824e+00 4.380225116641722849e+01
4.294666227997769425e+00 4.370828154663996656e+01
4.328867259545329027e+00 4.361431192686270464e+01
4.363068291092888629e+00 4.352034230708544271e+01
4.397269322640448230e+00 4.342637268730818079e+01
4.431470354188007832e+00 4.333240306753091886e+01
4.465671385735567434e+00 4.323843344775365694e+01
4.499872417283127035e+00 4.314446382797639501e+01
4.534073448830686637e+00 4.305049420819913308e+01
4.568274480378246238e+00 4.295652458842187116e+01
4.602475511925805840e+00 4.286255496864460923e+01
4.636676543473365442e+00 4.276858534886734731e+01
4.670877575020925043e+00 4.267461572909008538e+01
4.705078606568484645e+00 4.258064610931282346e+01
4.739279638116044246e+00 4.248667648953556153e+01
4.773480669663603848e+00 4.239270686975829960e+01
4.807681701211163450e+00 4.229873724998103768e+01
4.841882732758723051e+00 4.220476763020377575e+01
4.876083764306282653e+00 4.211079801042651383e+01
4.910284795853842255e+00 4.201682839064925190e+01
4.944485827401401856e+00 4.192285877087198998e+01
4.978686858948961458e+00 4.182888915109472805e+01
5.012887890496521059e+00 4.173491953131746612e+01
5.047088922044080661e+00 4.164094991154020420e+01
5.081289953591640263e+00 4.154698029176294227e+01
5.115490985139199864e+00 4.145301067198568035e+01
5.149692016686759466e+00 4.135904105220841842e+01
5.183893048234319068e+00 4.126507143243115650e+01
5.218094079781878669e+00 4.117110181265389457e+01
5.252295111329438271e+00 4.107713219287663264e+01
5.286496142876997872e+00 4.098316257309937072e+01
5.320697174424557474e+00 4.088919295332210879e+01
5.354898205972117076e+00 4.079522333354484687e+01
5.389099237519676677e+00 4.070125371376758494e+01
5.423300269067236279e+00 4.060728409399032302e+01
5.457501300614795881e+00 4.051331447421306109e+01
5.491702332162355482e+00 4.041934485443579916e+01
5.525903363709915084e+00 4.032537523465853724e+01
5.560104395257474685e+00 4.023140561488127531e+01
5.594305426805034287e+00 4.013743599510401339e+01
5.628506458352593889e+00 4.004346637532675146e+01
5.662707489900153490e+00 3.994949675554948954e+01
5.696908521447713092e+00 3.985552713577222761e+01
5.731109552995272693e+00 3.976155751599496568e+01
5.765310584542832295e+00 3.966758789621770376e+01
5.799511616090391897e+00 3.957361827644044183e+01
5.833712647637951498e+00 3.947964865666317991e+01
5.867913679185511100e+00 3.938567903688591798e+01
5.902114710733070702e+00 3.929170941710865606e+01
5.936315742280630303e+00 3.919773979733139413e+01
5.970516773828189905e+00 3.910377017755413220e+01
6.004717805375749506e+00 3.900980055777687028e+01
6.038918836923309108e+00 3.891583093799960835e+01
6.073119868470868710e+00 3.882186131822234643e+01
6.107320900018428311e+00 3.872789169844508450e+01
6.141521931565987913e+00 3.863392207866782257e+01
6.175722963113547515e+00 3.853995245889056065e+01
6.209923994661107116e+00 3.844598283911329872e+01
6.244125026208666718e+00 3.835201321933603680e+01
6.278326057756226319e+00 3.825804359955877487e+01
6.312527089303785921e+00 3.816407397978151295e+01
6.346728120851345523e+00 3.807010436000425102e+01
6.380929152398905124e+00 3.797613474022698909e+01
6.415130183946464726e+00 3.788216512044972717e+01
6.449331215494024327e+00 3.778819550067246524e+01
6.483532247041583929e+00 3.769422588089520332e+01
6.517733278589143531e+00 3.760025626111794139e+01
6.551934310136703132e+00 3.750628664134067947e+01
6.586135341684262734e+00 3.741231702156341754e+01
6.620336373231822336e+00 3.731834740178615561e+01
6.654537404779381937e+00 3.722437778200889369e+01
6.688738436326941539e+00 3.713040816223163176e+01
6.722939467874501140e+00 3.703643854245436984e+01
6.757140499422060742e+00 3.694246892267710791e+01
6.791341530969620344e+00 3.684849930289984599e+01
6.825542562517179945e+00 3.675452968312258406e+01
6.859743594064739547e+00 3.666056006334532213e+01
6.893944625612299149e+00 3.656659044356806021e+01
6.928145657159858750e+00 3.647262082379079828e+01
6.962346688707418352e+00 3.637865120401353636e+01
6.996547720254977953e+00 3.628468158423627443e+01
7.030748751802537555e+00 3.619071196445901251e+01
7.064949783350097157e+00 3.609674234468175058e+01
7.099150814897656758e+00 3.600277272490448865e+01
7.133351846445216360e+00 3.590880310512722673e+01
7.167552877992775962e+00 3.581483348534996480e+01
7.201753909540335563e+00 3.572086386557270288e+01
7.235954941087895165e+00 3.562689424579544095e+01
7.270155972635454766e+00 3.553292462601817903e+01
7.304357004183014368e+00 3.543895500624091710e+01
7.338558035730573970e+00 3.534498538646365517e+01
7.372759067278133571e+00 3.525101576668639325e+01
7.406960098825693173e+00 3.515704614690913132e+01
7.441161130373252774e+00 3.506307652713186940e+01
7.475362161920812376e+00 3.496910690735460747e+01
7.509563193468371978e+00 3.487513728757734555e+01
7.543764225015931579e+00 3.478116766780008362e+01
7.577965256563491181e+00 3.468719804802282169e+01
7.612166288111050783e+00 3.459322842824555977e+01
7.646367319658610384e+00 3.449925880846829784e+01
7.680568351206169986e+00 3.440528918869103592e+01
7.714769382753729587e+00 3.431131956891377399e+01
7.748970414301289189e+00 3.421734994913651207e+01
7.783171445848848791e+00 3.412338032935925014e+01
7.817372477396408392e+00 3.402941070958198821e+01
7.851573508943967994e+00 3.393544108980472629e+01
7.885774540491527596e+00 3.384147147002746436e+01
7.919975572039087197e+00 3.374750185025020244e+01
7.954176603586646799e+00 3.365353223047294051e+01
7.988377635134206400e+00 3.355956261069567859e+01
8.022578666681766890e+00 3.346559299091841666e+01
8.056779698229327380e+00 3.337162337114115473e+01
8.090980729776887870e+00 3.327765375136389281e+01
8.125181761324448360e+00 3.318368413158663088e+01
8.159382792872008849e+00 3.308971451180936896e+01
8.193583824419569339e+00 3.299574489203210703e+01
8.227784855967129829e+00 3.290177527225484511e+01
8.261985887514690319e+00 3.280780565247758318e+01
8.296186919062250809e+00 3.271383603270032125e+01
8.330387950609811298e+00 3.261986641292305933e+01
8.364588982157371788e+00 3.252589679314579740e+01
8.398790013704932278e+00 3.243192717336853548e+01
8.432991045252492768e+00 3.233795755359127355e+01
8.467192076800053258e+00 3.224398793381401163e+01
8.501393108347613747e+00 3.215001831403674970e+01
8.535594139895174237e+00 3.205604869425948777e+01
8.569795171442734727e+00 3.196207907448222940e+01
8.618295697577808667e+00 3.182882063771383585e+01
8.712265317355068817e+00 3.186302166926139634e+01
8.806234937132328966e+00 3.189722270080895683e+01
8.900204556909589115e+00 3.193142373235651732e+01
8.994174176686849265e+00 3.196562476390407781e+01
9.088143796464109414e+00 3.199982579545163830e+01
9.182113416241369563e+00 3.203402682699919524e+01
9.276083036018629713e+00 3.206822785854675573e+01
9.370052655795889862e+00 3.210242889009431622e+01
9.464022275573150011e+00 3.213662992164187671e+01
9.557991895350410161e+00 3.217083095318943720e+01
9.651961515127670310e+00 3.220503198473699769e+01
9.745931134904930460e+00 3.223923301628455818e+01
9.839900754682190609e+00 3.227343404783211867e+01
9.933870374459450758e+00 3.230763507937967915e+01
1.002783999423671091e+01 3.234183611092723964e+01
1.012180961401397106e+01 3.237603714247480013e+01
1.021577923379123121e+01 3.241023817402236062e+01
1.030974885356849136e+01 3.244443920556992111e+01
1.040371847334575151e+01 3.247864023711748160e+01
1.049768809312301165e+01 3.251284126866504209e+01
1.059165771290027180e+01 3.254704230021260258e+01
1.068562733267753195e+01 3.258124333176016307e+01
1.077959695245479210e+01 3.261544436330772356e+01
1.087356657223205225e+01 3.264964539485528405e+01
1.096753619200931240e+01 3.268384642640284454e+01
1.106150581178657255e+01 3.271804745795040503e+01
1.115547543156383270e+01 3.275224848949796552e+01
1.124944505134109285e+01 3.278644952104552601e+01
1.134341467111835300e+01 3.282065055259308650e+01
1.143738429089561315e+01 3.285485158414064699e+01
1.153135391067287330e+01 3.288905261568820748e+01
1.162532353045013345e+01 3.292325364723576797e+01
1.171929315022739360e+01 3.295745467878332846e+01
1.181326277000465375e+01 3.299165571033088895e+01
1.190723238978191389e+01 3.302585674187844944e+01
1.200120200955917404e+01 3.306005777342600993e+01
1.209517162933643419e+01 3.309425880497357042e+01
1.218914124911369434e+01 3.312845983652113091e+01
1.228311086889095449e+01 3.316266086806869140e+01
1.237708048866821464e+01 3.319686189961625189e+01
1.247105010844547479e+01 3.323106293116381238e+01
1.256501972822273494e+01 3.326526396271137287e+01
1.265898934799999509e+01 3.329946499425893336e+01
1.275295896777725524e+01 3.333366602580649385e+01
1.284692858755451539e+01 3.336786705735405434e+01
1.294089820733177554e+01 3.340206808890161483e+01
1.303486782710903569e+01 3.343626912044917532e+01
1.312883744688629584e+01 3.347047015199673581e+01
1.322280706666355599e+01 3.350467118354429630e+01
1.331677668644081614e+01 3.353887221509185679e+01
1.341074630621807628e+01 3.357307324663941728e+01
1.350471592599533643e+01 3.360727427818697777e+01
1.359868554577259658e+01 3.364147530973453826e+01
1.369265516554985673e+01 3.367567634128209875e+01
1.378662478532711688e+01 3.370987737282965924e+01
1.388059440510437703e+01 3.374407840437721973e+01
1.397456402488163718e+01 3.377827943592478022e+01
1.406853364465889733e+01 3.381248046747234071e+01
1.416250326443615748e+01 3.384668149901990120e+01
1.425647288421341763e+01 3.388088253056746169e+01
1.435044250399067778e+01 3.391508356211502218e+01
1.444441212376793793e+01 3.394928459366258267e+01
1.453838174354519808e+01 3.398348562521014316e+01
1.463235136332245823e+01 3.401768665675770364e+01
1.472632098309971838e+01 3.405188768830526413e+01
1.482029060287697853e+01 3.408608871985282462e+01
1.491426022265423867e+01 3.412028975140038511e+01
1.500822984243149882e+01 3.415449078294794560e+01
1.510219946220875897e+01 3.418869181449550609e+01
1.519616908198601912e+01 3.422289284604306658e+01
1.529013870176327927e+01 3.425709387759062707e+01
1.538410832154053942e+01 3.429129490913818756e+01
1.547807794131779957e+01 3.432549594068574805e+01
1.557204756109505972e+01 3.435969697223330854e+01
1.566601718087231987e+01 3.439389800378086903e+01
1.575998680064958002e+01 3.442809903532842952e+01
1.585395642042684017e+01 3.446230006687599001e+01
1.594792604020410032e+01 3.449650109842355050e+01
1.604189565998136047e+01 3.453070212997111099e+01
1.613586527975861884e+01 3.456490316151867148e+01
1.622983489953587721e+01 3.459910419306623197e+01
1.632380451931313559e+01 3.463330522461379246e+01
1.641777413909039396e+01 3.466750625616135295e+01
1.651174375886765233e+01 3.470170728770891344e+01
1.660571337864491070e+01 3.473590831925647393e+01
1.669968299842216908e+01 3.477010935080403442e+01
1.679365261819942745e+01 3.480431038235159491e+01
1.688762223797668582e+01 3.483851141389915540e+01
1.698159185775394420e+01 3.487271244544671589e+01
1.707556147753120257e+01 3.490691347699427638e+01
1.716953109730846094e+01 3.494111450854183687e+01
1.726350071708571932e+01 3.497531554008939736e+01
1.735747033686297769e+01 3.500951657163695785e+01
1.745143995664023606e+01 3.504371760318451834e+01
1.754540957641749443e+01 3.507791863473207883e+01
1.763937919619475281e+01 3.511211966627963932e+01
1.773334881597201118e+01 3.514632069782719981e+01
1.782731843574926955e+01 3.518052172937476030e+01
1.792128805552652793e+01 3.521472276092232079e+01
1.801525767530378630e+01 3.524892379246988128e+01
1.810922729508104467e+01 3.528312482401744177e+01
1.820319691485830305e+01 3.531732585556500226e+01
1.829716653463556142e+01 3.535152688711256275e+01
1.839113615441281979e+01 3.538572791866012324e+01
1.848510577419007817e+01 3.541992895020768373e+01
1.857907539396733654e+01 3.545412998175524422e+01
1.867304501374459491e+01 3.548833101330280471e+01
1.876701463352185328e+01 3.552253204485036520e+01
1.886098425329911166e+01 3.555673307639792569e+01
1.895495387307637003e+01 3.559093410794548618e+01
1.904892349285362840e+01 3.562513513949304667e+01
1.914289311263088678e+01 3.565933617104060716e+01
1.923686273240814515e+01 3.569353720258816764e+01
1.933083235218540352e+01 3.572773823413572813e+01
1.942480197196266190e+01 3.576193926568328862e+01
1.951877159173992027e+01 3.579614029723084911e+01
1.961274121151717864e+01 3.583034132877840960e+01
1.970671083129443701e+01 3.586454236032597009e+01
1.980068045107169539e+01 3.589874339187353058e+01
1.989465007084895376e+01 3.593294442342109107e+01
1.998861969062621213e+01 3.596714545496865156e+01
2.008258931040347051e+01 3.600134648651621205e+01
2.017655893018072888e+01 3.603554751806377254e+01
2.027052854995798725e+01 3.606974854961133303e+01
2.036449816973524563e+01 3.610394958115889352e+01
2.045846778951250400e+01 3.613815061270645401e+01
2.055243740928976237e+01 3.617235164425401450e+01
2.064640702906702074e+01 3.620655267580157499e+01
2.074037664884427912e+01 3.624075370734913548e+01
2.083434626862153749e+01 3.627495473889669597e+01
2.092831588839879586e+01 3.630915577044425646e+01
2.102228550817605424e+01 3.634335680199181695e+01
2.111625512795331261e+01 3.637755783353937744e+01
2.121022474773057098e+01 3.641175886508693793e+01
2.130419436750782936e+01 3.644595989663449842e+01
2.139816398728508773e+01 3.648016092818205891e+01
2.149213360706234610e+01 3.651436195972961940e+01
2.158610322683960447e+01 3.654856299127717989e+01
2.168007284661686285e+01 3.658276402282474038e+01
2.177404246639412122e+01 3.661696505437230087e+01
2.186801208617137959e+01 3.665116608591986136e+01
2.196198170594863797e+01 3.668536711746742185e+01
2.205595132572589634e+01 3.671956814901498234e+01
2.214992094550315471e+01 3.675376918056254283e+01
2.224389056528041309e+01 3.678797021211010332e+01
2.233786018505767146e+01 3.682217124365766381e+01
2.243182980483492983e+01 3.685637227520522430e+01
2.252579942461218820e+01 3.689057330675278479e+01
2.261976904438944658e+01 3.692477433830034528e+01
2.271373866416670495e+01 3.695897536984790577e+01
2.280770828394396332e+01 3.699317640139546626e+01
2.290167790372122170e+01 3.702737743294302675e+01
2.299564752349848007e+01 3.706157846449058724e+01
2.308961714327573844e+01 3.709577949603814773e+01
2.318358676305299682e+01 3.712998052758570822e+01
2.327755638283025519e+01 3.716418155913326871e+01
2.337152600260751356e+01 3.719838259068082920e+01
2.346549562238477193e+01 3.723258362222838969e+01
2.355946524216203031e+01 3.726678465377595018e+01
2.365343486193928868e+01 3.730098568532351067e+01
2.374740448171654705e+01 3.733518671687107116e+01
2.384137410149380543e+01 3.736938774841863165e+01
2.393534372127106380e+01 3.740358877996619213e+01
2.402931334104832217e+01 3.743778981151375262e+01
2.412328296082558055e+01 3.747199084306131311e+01
2.421725258060283892e+01 3.750619187460887360e+01
2.431122220038009729e+01 3.754039290615643409e+01
2.440519182015735566e+01 3.757459393770399458e+01
2.449916143993461404e+01 3.760879496925155507e+01
2.459313105971187241e+01 3.764299600079911556e+01
2.468710067948913078e+01 3.767719703234667605e+01
2.478107029926638916e+01 3.771139806389423654e+01
2.487503991904364753e+01 3.774559909544179703e+01
2.496900953882090590e+01 3.777980012698935752e+01
2.506297915859816428e+01 3.781400115853691801e+01
2.515694877837542265e+01 3.784820219008447850e+01
2.525091839815268102e+01 3.788240322163203899e+01
2.534488801792993939e+01 3.791660425317959948e+01
2.543885763770719777e+01 3.795080528472715997e+01
2.553282725748445614e+01 3.798500631627472046e+01
2.562679687726171451e+01 3.801920734782228095e+01
2.572076649703897289e+01 3.805340837936984144e+01
2.581473611681623126e+01 3.808760941091740193e+01
2.590870573659348963e+01 3.812181044246496242e+01
2.600267535637074801e+01 3.815601147401252291e+01
2.609664497614800638e+01 3.819021250556008340e+01
2.619061459592526475e+01 3.822441353710764389e+01
2.628458421570252312e+01 3.825861456865520438e+01
2.637855383547978150e+01 3.829281560020276487e+01
2.647252345525703987e+01 3.832701663175032536e+01
2.656649307503429824e+01 3.836121766329788585e+01
2.666046269481155662e+01 3.839541869484544634e+01
2.675443231458881499e+01 3.842961972639300683e+01
2.684840193436607336e+01 3.846382075794056732e+01
2.694237155414333174e+01 3.849802178948812781e+01
2.703634117392059011e+01 3.853222282103568830e+01
2.713031079369784848e+01 3.856642385258324879e+01
2.722428041347510685e+01 3.860062488413080928e+01
2.731825003325236523e+01 3.863482591567836977e+01
2.741221965302962360e+01 3.866902694722593026e+01
2.750618927280688197e+01 3.870322797877349075e+01
2.760015889258414035e+01 3.873742901032105124e+01
2.769412851236139872e+01 3.877163004186861173e+01
2.778809813213865709e+01 3.880583107341617222e+01
2.788206775191591547e+01 3.884003210496373271e+01
2.797603737169317384e+01 3.887423313651129320e+01
2.807000699147043221e+01 3.890843416805885369e+01
2.816397661124769058e+01 3.894263519960641418e+01
2.825794623102494896e+01 3.897683623115397467e+01
2.835191585080220733e+01 3.901103726270153516e+01
2.844588547057946570e+01 3.904523829424909565e+01
2.853985509035672408e+01 3.907943932579665614e+01
2.863382471013398245e+01 3.911364035734421662e+01
2.872779432991124082e+01 3.914784138889177711e+01
2.882176394968849920e+01 3.918204242043933760e+01
2.891573356946575757e+01 3.921624345198689809e+01
2.900970318924301594e+01 3.925044448353445858e+01
2.910367280902027431e+01 3.928464551508201907e+01
2.919764242879753269e+01 3.931884654662957956e+01
2.929161204857479106e+01 3.935304757817714005e+01
2.938558166835204943e+01 3.938724860972470054e+01
2.947955128812930781e+01 3.942144964127226103e+01
2.957352090790656618e+01 3.945565067281982152e+01
2.966749052768382455e+01 3.948985170436738201e+01
2.976146014746108293e+01 3.952405273591494250e+01
2.985542976723834130e+01 3.955825376746250299e+01
2.994939938701559967e+01 3.959245479901006348e+01
3.004336900679285804e+01 3.962665583055762397e+01
3.013733862657011642e+01 3.966085686210518446e+01
3.023130824634737479e+01 3.969505789365274495e+01
3.032527786612463316e+01 3.972925892520030544e+01
3.041924748590189154e+01 3.976345995674786593e+01
3.051321710567914991e+01 3.979766098829542642e+01
3.060718672545640828e+01 3.983186201984298691e+01
3.070115634523366666e+01 3.986606305139054740e+01
3.079512596501092503e+01 3.990026408293810789e+01
3.088909558478818340e+01 3.993446511448566838e+01
3.098306520456544177e+01 3.996866614603322887e+01
3.107703482434270015e+01 4.000286717758078936e+01
3.117100444411995852e+01 4.003706820912834985e+01
3.126497406389721689e+01 4.007126924067591034e+01
3.135894368367447527e+01 4.010547027222347083e+01
3.145291330345173364e+01 4.013967130377103132e+01
3.154688292322899201e+01 4.017387233531859181e+01
3.164085254300625039e+01 4.020807336686615230e+01
3.173482216278350876e+01 4.024227439841371279e+01
3.182879178256076713e+01 4.027647542996127328e+01
3.192276140233802550e+01 4.031067646150883377e+01
3.201673102211528743e+01 4.034487749305639426e+01
3.211070064189254936e+01 4.037907852460395475e+01
3.220467026166981128e+01 4.041327955615151524e+01
3.229863988144707321e+01 4.044748058769907573e+01
3.239260950122433513e+01 4.048168161924663622e+01
3.248657912100159706e+01 4.051588265079419671e+01
3.258054874077885898e+01 4.055008368234175720e+01
3.267451836055612091e+01 4.058428471388931769e+01
3.276848798033338284e+01 4.061848574543687818e+01
3.286245760011064476e+01 4.065268677698443867e+01
3.295642721988790669e+01 4.068688780853199916e+01
3.305039683966516861e+01 4.072108884007955965e+01
3.314436645944243054e+01 4.075528987162712014e+01
3.323833607921969246e+01 4.078949090317468062e+01
3.333230569899695439e+01 4.082369193472224111e+01
3.342627531877421632e+01 4.085789296626980160e+01
3.352024493855147824e+01 4.089209399781736209e+01
3.361421455832874017e+01 4.092629502936492258e+01
3.370818417810600209e+01 4.096049606091248307e+01
3.380215379788326402e+01 4.099469709246004356e+01
3.389612341766052594e+01 4.102889812400760405e+01
3.399009303743778787e+01 4.106309915555516454e+01
3.408406265721504980e+01 4.109730018710272503e+01
3.417803227699231172e+01 4.113150121865028552e+01
3.427200189676957365e+01 4.116570225019784601e+01
3.436597151654683557e+01 4.119990328174540650e+01
3.445994113632409750e+01 4.123410431329296699e+01
3.455391075610135942e+01 4.126830534484052748e+01
3.464788037587862135e+01 4.130250637638808797e+01
3.474184999565588328e+01 4.133670740793564846e+01
3.483581961543314520e+01 4.137090843948320895e+01
3.492978923521040713e+01 4.140510947103076944e+01
3.502375885498766905e+01 4.143931050257832993e+01
3.511772847476493098e+01 4.147351153412589042e+01
3.521169809454219291e+01 4.150771256567345091e+01
3.530566771431945483e+01 4.154191359722101140e+01
3.539963733409671676e+01 4.157611462876857189e+01
3.549360695387397868e+01 4.161031566031613238e+01
3.558757657365124061e+01 4.164451669186369287e+01
3.568154619342850253e+01 4.167871772341125336e+01
3.577551581320576446e+01 4.171291875495881385e+01
3.586948543298302639e+01 4.174711978650637434e+01
3.596345505276028831e+01 4.178132081805393483e+01
3.605742467253755024e+01 4.181552184960149532e+01
3.615139429231481216e+01 4.184972288114905581e+01
3.624536391209207409e+01 4.188392391269661630e+01
3.633933353186933601e+01 4.191812494424417679e+01
3.643330315164659794e+01 4.195232597579173728e+01
3.652727277142385987e+01 4.198652700733929777e+01
3.662124239120112179e+01 4.202072803888685826e+01
3.671521201097838372e+01 4.205492907043441875e+01
3.680918163075564564e+01 4.208913010198197924e+01
3.690315125053290757e+01 4.212333113352953973e+01
3.699712087031016949e+01 4.215753216507710022e+01
3.709109049008743142e+01 4.219173319662466071e+01
3.718506010986469335e+01 4.222593422817222120e+01
3.727902972964195527e+01 4.226013525971978169e+01
3.737299934941921720e+01 4.229433629126734218e+01
3.746696896919647912e+01 4.232853732281490267e+01
3.756093858897374105e+01 4.236273835436246316e+01
3.765490820875100297e+01 4.239693938591002365e+01
3.774887782852826490e+01 4.243114041745758414e+01
3.784284744830552683e+01 4.246534144900514463e+01
3.793681706808278875e+01 4.249954248055270511e+01
3.803078668786005068e+01 4.253374351210026560e+01
3.812475630763731260e+01 4.256794454364782609e+01
3.821872592741457453e+01 4.260214557519538658e+01
3.831269554719183645e+01 4.263634660674294707e+01
3.840666516696909838e+01 4.267054763829050756e+01
3.850063478674636031e+01 4.270474866983806805e+01
3.859460440652362223e+01 4.273894970138562854e+01
3.868857402630088416e+01 4.277315073293318903e+01
3.878254364607814608e+01 4.280735176448074952e+01
3.887651326585540801e+01 4.284155279602831001e+01
3.897048288563266993e+01 4.287575382757587050e+01
3.906445250540993186e+01 4.290995485912343099e+01
3.915842212518719379e+01 4.294415589067099148e+01
3.925239174496445571e+01 4.297835692221855197e+01
3.934636136474171764e+01 4.301255795376611246e+01
3.944033098451897956e+01 4.304675898531367295e+01
3.953430060429624149e+01 4.308096001686123344e+01
3.962827022407350341e+01 4.311516104840879393e+01
3.972223984385076534e+01 4.314936207995635442e+01
3.981620946362802727e+01 4.318356311150391491e+01
3.991017908340528919e+01 4.321776414305147540e+01
4.000414870318255112e+01 4.325196517459903589e+01
4.009811832295981304e+01 4.328616620614659638e+01
4.019208794273707497e+01 4.332036723769415687e+01
4.028605756251433689e+01 4.335456826924171736e+01
4.038002718229159882e+01 4.338876930078927785e+01
4.047399680206886075e+01 4.342297033233683834e+01
4.056796642184612267e+01 4.345717136388439883e+01
4.066193604162338460e+01 4.349137239543195932e+01
4.075590566140064652e+01 4.352557342697951981e+01
4.084987528117790845e+01 4.355977445852708030e+01
4.094384490095517037e+01 4.359397549007464079e+01
4.103781452073243230e+01 4.362817652162220128e+01
4.113178414050969423e+01 4.366237755316976177e+01
4.122575376028695615e+01 4.369657858471732226e+01
4.131972338006421808e+01 4.373077961626488275e+01
4.141369299984148000e+01 4.376498064781244324e+01
4.150766261961874193e+01 4.379918167936000373e+01
4.160163223939600385e+01 4.383338271090756422e+01
4.169560185917326578e+01 4.386758374245512471e+01
4.178957147895052771e+01 4.390178477400268520e+01
4.188354109872778963e+01 4.393598580555024569e+01
4.197751071850505156e+01 4.397018683709780618e+01
4.207148033828231348e+01 4.400438786864536667e+01
4.216544995805957541e+01 4.403858890019292716e+01
4.225941957783683733e+01 4.407278993174048765e+01
4.235338919761409926e+01 4.410699096328804814e+01
4.244735881739136119e+01 4.414119199483560863e+01
4.254132843716862311e+01 4.417539302638316911e+01
4.263529805694588504e+01 4.420959405793072960e+01
4.272926767672314696e+01 4.424379508947829009e+01
4.282323729650040889e+01 4.427799612102585058e+01
4.291720691627767081e+01 4.431219715257341107e+01
4.301117653605493274e+01 4.434639818412097156e+01
4.310514615583219467e+01 4.438059921566853205e+01
4.319911577560945659e+01 4.441480024721609254e+01
4.329308539538671852e+01 4.444900127876365303e+01
4.338705501516398044e+01 4.448320231031121352e+01
4.348102463494124237e+01 4.451740334185877401e+01
4.357499425471850429e+01 4.455160437340633450e+01
4.366896387449576622e+01 4.458580540495389499e+01
4.376293349427302815e+01 4.462000643650145548e+01
4.385690311405029007e+01 4.465420746804901597e+01
4.395087273382755200e+01 4.468840849959657646e+01
4.404484235360481392e+01 4.472260953114413695e+01
4.413881197338207585e+01 4.475681056269169744e+01
4.425559165889212920e+01 4.479931350904477227e+01
4.422139062734456871e+01 4.489328312882203420e+01
4.418718959579700822e+01 4.498725274859929613e+01
4.415298856424944773e+01 4.508122236837655805e+01
4.411878753270188724e+01 4.517519198815381998e+01
4.408458650115432675e+01 4.526916160793108190e+01
4.405038546960676626e+01 4.536313122770834383e+01
4.401618443805920577e+01 4.545710084748560575e+01
4.398198340651164528e+01 4.555107046726286768e+01
4.394778237496408480e+01 4.564504008704012961e+01
4.391358134341652431e+01 4.573900970681739153e+01
4.387938031186896382e+01 4.583297932659465346e+01
4.384517928032140333e+01 4.592694894637191538e+01
4.381097824877384284e+01 4.602091856614917731e+01
4.377677721722628235e+01 4.611488818592643923e+01
4.374257618567872186e+01 4.620885780570370116e+01
4.370837515413116137e+01 4.630282742548096309e+01
4.367417412258360088e+01 4.639679704525822501e+01
4.363997309103604039e+01 4.649076666503548694e+01
4.360577205948847990e+01 4.658473628481274886e+01
4.357157102794091941e+01 4.667870590459001079e+01
4.353736999639335892e+01 4.677267552436727271e+01
4.350316896484579843e+01 4.686664514414453464e+01
4.346896793329823794e+01 4.696061476392179657e+01
4.343476690175067745e+01 4.705458438369905849e+01
4.340056587020311696e+01 4.714855400347632042e+01
4.336636483865555647e+01 4.724252362325358234e+01
4.333216380710799598e+01 4.733649324303084427e+01
4.329796277556043549e+01 4.743046286280810619e+01
4.326376174401287500e+01 4.752443248258536812e+01
4.322956071246531451e+01 4.761840210236263005e+01
4.319535968091775402e+01 4.771237172213989197e+01
4.316115864937019353e+01 4.780634134191715390e+01
4.312695761782263304e+01 4.790031096169441582e+01
4.309275658627507255e+01 4.799428058147167775e+01
4.305855555472751206e+01 4.808825020124893967e+01
4.302435452317995157e+01 4.818221982102620160e+01
4.299015349163239108e+01 4.827618944080346353e+01
4.295595246008483059e+01 4.837015906058072545e+01
4.292175142853727010e+01 4.846412868035798738e+01
4.288755039698970961e+01 4.855809830013524930e+01
4.285334936544214912e+01 4.865206791991251123e+01
4.281914833389458863e+01 4.874603753968977315e+01
4.278494730234702814e+01 4.884000715946703508e+01
4.275074627079946765e+01 4.893397677924429701e+01
4.271654523925190716e+01 4.902794639902155893e+01
4.268234420770434667e+01 4.912191601879882086e+01
4.264814317615678618e+01 4.921588563857608278e+01
4.261394214460922569e+01 4.930985525835334471e+01
4.257974111306166520e+01 4.940382487813060663e+01
4.254554008151410471e+01 4.949779449790786856e+01
4.251133904996654422e+01 4.959176411768513049e+01
4.247713801841898373e+01 4.968573373746239241e+01
4.244293698687142324e+01 4.977970335723965434e+01
4.240873595532386275e+01 4.987367297701691626e+01
4.237453492377630226e+01 4.996764259679417819e+01
4.234033389222874177e+01 5.006161221657144011e+01
4.230613286068118128e+01 5.015558183634870204e+01
4.227193182913362079e+01 5.024955145612596397e+01
4.223773079758606031e+01 5.034352107590322589e+01
4.220352976603849982e+01 5.043749069568048782e+01
4.216932873449093933e+01 5.053146031545774974e+01
4.213512770294337884e+01 5.062542993523501167e+01
4.210092667139581835e+01 5.071939955501227359e+01
4.206672563984825786e+01 5.081336917478953552e+01
4.203252460830069737e+01 5.090733879456679745e+01
4.199832357675313688e+01 5.100130841434405937e+01
4.196412254520557639e+01 5.109527803412132130e+01
4.192992151365801590e+01 5.118924765389858322e+01
4.189572048211045541e+01 5.128321727367584515e+01
4.186151945056289492e+01 5.137718689345310707e+01
4.182731841901533443e+01 5.147115651323036900e+01
4.179311738746777394e+01 5.156512613300763093e+01
4.175891635592021345e+01 5.165909575278489285e+01
4.172471532437265296e+01 5.175306537256215478e+01
4.169051429282509247e+01 5.184703499233941670e+01
4.165631326127753198e+01 5.194100461211667863e+01
4.162211222972997149e+01 5.203497423189394055e+01
4.158791119818241100e+01 5.212894385167120248e+01
4.155371016663485051e+01 5.222291347144846441e+01
4.151950913508729002e+01 5.231688309122572633e+01
4.148530810353972953e+01 5.241085271100298826e+01
4.145110707199216904e+01 5.250482233078025018e+01
4.141690604044460855e+01 5.259879195055751211e+01
4.138270500889704806e+01 5.269276157033477404e+01
4.134850397734948757e+01 5.278673119011203596e+01
4.131430294580192708e+01 5.288070080988929789e+01
4.128010191425436659e+01 5.297467042966655981e+01
4.124590088270680610e+01 5.306864004944382174e+01
4.121169985115924561e+01 5.316260966922108366e+01
4.117749881961168512e+01 5.325657928899834559e+01
4.114329778806412463e+01 5.335054890877560752e+01
4.110909675651656414e+01 5.344451852855286944e+01
4.107489572496900365e+01 5.353848814833013137e+01
4.104069469342144316e+01 5.363245776810739329e+01
4.100649366187388267e+01 5.372642738788465522e+01
4.097229263032632218e+01 5.382039700766191714e+01
4.093809159877876169e+01 5.391436662743917907e+01
4.090389056723120120e+01 5.400833624721644100e+01
4.086968953568364071e+01 5.410230586699370292e+01
4.083548850413608022e+01 5.419627548677096485e+01
4.080128747258851973e+01 5.429024510654822677e+01
4.076708644104095924e+01 5.438421472632548870e+01
4.073288540949339875e+01 5.447818434610275062e+01
4.069868437794583826e+01 5.457215396588001255e+01
4.066448334639827777e+01 5.466612358565727448e+01
4.063028231485071728e+01 5.476009320543453640e+01
4.059608128330315679e+01 5.485406282521179833e+01
4.056188025175559630e+01 5.494803244498906025e+01
4.052767922020803582e+01 5.504200206476632218e+01
4.049347818866047533e+01 5.513597168454358410e+01
4.045927715711291484e+01 5.522994130432084603e+01
4.042507612556535435e+01 5.532391092409810796e+01
4.039087509401779386e+01 5.541788054387536988e+01
4.035667406247023337e+01 5.551185016365263181e+01
4.032247303092267288e+01 5.560581978342989373e+01
4.028827199937511239e+01 5.569978940320715566e+01
4.025407096782755190e+01 5.579375902298441758e+01
4.021986993627999141e+01 5.588772864276167951e+01
4.018566890473243092e+01 5.598169826253894144e+01
4.015146787318487043e+01 5.607566788231620336e+01
4.011726684163730994e+01 5.616963750209346529e+01
4.008306581008974945e+01 5.626360712187072721e+01
4.004886477854218896e+01 5.635757674164798914e+01
4.001466374699462847e+01 5.645154636142525106e+01
3.998046271544706798e+01 5.654551598120251299e+01
3.994626168389950749e+01 5.663948560097977492e+01
3.991206065235194700e+01 5.673345522075703684e+01
3.987785962080438651e+01 5.682742484053429877e+01
3.984365858925682602e+01 5.692139446031156069e+01
3.980945755770926553e+01 5.701536408008882262e+01
3.977525652616170504e+01 5.710933369986608454e+01
3.974105549461414455e+01 5.720330331964334647e+01
3.970685446306658406e+01 5.729727293942060840e+01
3.967265343151902357e+01 5.739124255919787032e+01
3.963845239997146308e+01 5.748521217897513225e+01
3.960425136842390259e+01 5.757918179875239417e+01
3.957005033687634210e+01 5.767315141852965610e+01
3.953584930532878161e+01 5.776712103830691802e+01
3.950164827378122112e+01 5.786109065808417995e+01
3.946744724223366063e+01 5.795506027786144188e+01
3.943324621068610014e+01 5.804902989763870380e+01
3.939904517913853965e+01 5.814299951741596573e+01
3.936484414759097916e+01 5.823696913719322765e+01
3.933064311604341867e+01 5.833093875697048958e+01
3.929644208449585818e+01 5.842490837674775150e+01
3.926224105294829769e+01 5.851887799652501343e+01
3.922804002140073720e+01 5.861284761630227536e+01
3.919383898985317671e+01 5.870681723607953728e+01
3.915963795830561622e+01 5.880078685585679921e+01
3.912543692675805573e+01 5.889475647563406113e+01
3.909123589521049524e+01 5.898872609541132306e+01
3.905703486366293475e+01 5.908269571518858498e+01
3.902283383211537426e+01 5.917666533496584691e+01
3.898863280056781377e+01 5.927063495474310884e+01
3.895443176902025328e+01 5.936460457452037076e+01
3.892023073747269279e+01 5.945857419429763269e+01
3.888602970592513230e+01 5.955254381407489461e+01
3.885182867437757182e+01 5.964651343385215654e+01
3.881762764283001133e+01 5.974048305362941846e+01
3.878342661128245084e+01 5.983445267340668039e+01
3.874922557973489035e+01 5.992842229318394232e+01
3.871502454818732986e+01 6.002239191296120424e+01
3.868082351663976937e+01 6.011636153273846617e+01
3.864662248509220888e+01 6.021033115251572809e+01
3.861242145354464839e+01 6.030430077229299002e+01
3.857822042199708790e+01 6.039827039207025194e+01
3.854401939044952741e+01 6.049224001184751387e+01
3.850981835890196692e+01 6.058620963162477580e+01
3.847561732735440643e+01 6.068017925140203772e+01
3.844141629580684594e+01 6.077414887117929965e+01
3.840721526425928545e+01 6.086811849095656157e+01
3.837301423271172496e+01 6.096208811073382350e+01
3.833881320116416447e+01 6.105605773051108542e+01
3.830461216961660398e+01 6.115002735028834735e+01
3.827041113806904349e+01 6.124399697006560928e+01
3.823621010652148300e+01 6.133796658984287120e+01
3.820200907497392251e+01 6.143193620962013313e+01
3.816780804342636202e+01 6.152590582939739505e+01
3.813360701187880153e+01 6.161987544917465698e+01
3.809940598033124104e+01 6.171384506895191890e+01
3.806520494878368055e+01 6.180781468872918083e+01
3.803100391723612006e+01 6.190178430850644276e+01
3.799680288568855957e+01 6.199575392828370468e+01
3.796260185414099908e+01 6.208972354806096661e+01
3.792840082259343859e+01 6.218369316783822853e+01
3.789419979104587810e+01 6.227766278761549046e+01
3.785999875949831761e+01 6.237163240739275238e+01
3.782579772795075712e+01 6.246560202717001431e+01
3.779159669640319663e+01 6.255957164694727624e+01
3.775739566485563614e+01 6.265354126672453816e+01
3.772319463330807565e+01 6.274751088650180009e+01
3.768899360176051516e+01 6.284148050627906201e+01
3.765479257021295467e+01 6.293545012605632394e+01
3.762059153866539418e+01 6.302941974583358586e+01
3.758639050711783369e+01 6.312338936561084779e+01
3.755218947557027320e+01 6.321735898538810972e+01
3.751798844402271271e+01 6.331132860516537164e+01
3.748378741247515222e+01 6.340529822494263357e+01
3.744958638092759173e+01 6.349926784471989549e+01
3.741538534938003124e+01 6.359323746449715742e+01
3.738118431783247075e+01 6.368720708427441934e+01
3.734698328628491026e+01 6.378117670405168127e+01
3.731278225473734977e+01 6.387514632382894320e+01
3.727858122318978928e+01 6.396911594360620512e+01
3.724438019164222879e+01 6.406308556338346705e+01
3.721017916009466830e+01 6.415705518316072187e+01
3.717597812854710781e+01 6.425102480293797669e+01
3.714177709699954733e+01 6.434499442271523151e+01
3.710757606545198684e+01 6.443896404249248633e+01
3.707337503390442635e+01 6.453293366226974115e+01
3.703917400235686586e+01 6.462690328204699597e+01
3.700497297080930537e+01 6.472087290182425079e+01
3.697077193926174488e+01 6.481484252160150561e+01
3.693657090771418439e+01 6.490881214137876043e+01
3.690236987616662390e+01 6.500278176115601525e+01
3.686816884461906341e+01 6.509675138093327007e+01
3.683396781307150292e+01 6.519072100071052489e+01
3.679976678152394243e+01 6.528469062048777971e+01
3.676556574997638194e+01 6.537866024026503453e+01
3.673136471842882145e+01 6.547262986004228935e+01
3.669716368688126096e+01 6.556659947981954417e+01
3.666296265533370047e+01 6.566056909959679899e+01
3.662876162378613998e+01 6.575453871937405381e+01
3.659456059223857949e+01 6.584850833915130863e+01
3.656035956069101900e+01 6.594247795892856345e+01
3.652615852914345851e+01 6.603644757870581827e+01
3.649195749759589802e+01 6.613041719848307309e+01
3.645775646604833753e+01 6.622438681826032791e+01
3.642355543450077704e+01 6.631835643803758273e+01
3.638935440295321655e+01 6.641232605781483755e+01
3.635515337140565606e+01 6.650629567759209237e+01
3.632095233985809557e+01 6.660026529736934719e+01
3.628675130831053508e+01 6.669423491714660202e+01
3.625255027676297459e+01 6.678820453692385684e+01
3.621834924521541410e+01 6.688217415670111166e+01
3.618414821366785361e+01 6.697614377647836648e+01
3.614994718212029312e+01 6.707011339625562130e+01
3.611574615057273263e+01 6.716408301603287612e+01
3.608154511902517214e+01 6.725805263581013094e+01
3.604734408747761165e+01 6.735202225558738576e+01
3.601314305593005116e+01 6.744599187536464058e+01
3.597894202438249067e+01 6.753996149514189540e+01
3.594474099283493018e+01 6.763393111491915022e+01
3.591053996128736969e+01 6.772790073469640504e+01
3.587633892973980920e+01 6.782187035447365986e+01
3.584213789819224871e+01 6.791583997425091468e+01
3.580793686664468822e+01 6.800980959402816950e+01
3.577373583509712773e+01 6.810377921380542432e+01
3.573953480354956724e+01 6.819774883358267914e+01
3.570533377200200675e+01 6.829171845335993396e+01
3.567113274045444626e+01 6.838568807313718878e+01
3.563693170890688577e+01 6.847965769291444360e+01
3.560273067735932528e+01 6.857362731269169842e+01
3.556852964581176479e+01 6.866759693246895324e+01
3.553432861426420430e+01 6.876156655224620806e+01
3.550012758271664381e+01 6.885553617202346288e+01
3.546592655116908333e+01 6.894950579180071770e+01
3.543172551962152284e+01 6.904347541157797252e+01
3.539752448807396235e+01 6.913744503135522734e+01
3.536332345652640186e+01 6.923141465113248216e+01
3.532912242497884137e+01 6.932538427090973698e+01
3.529492139343128088e+01 6.941935389068699180e+01
3.526072036188372039e+01 6.951332351046424662e+01
3.522651933033615990e+01 6.960729313024150144e+01
3.519231829878859941e+01 6.970126275001875626e+01
3.515811726724103892e+01 6.979523236979601108e+01
3.512391623569347843e+01 6.988920198957326591e+01
3.508971520414591794e+01 6.998317160935052073e+01
3.505551417259835745e+01 7.007714122912777555e+01
3.502131314105079696e+01 7.017111084890503037e+01
3.498711210950323647e+01 7.026508046868228519e+01
3.495291107795567598e+01 7.035905008845954001e+01
3.491871004640811549e+01 7.045301970823679483e+01
3.488450901486055500e+01 7.054698932801404965e+01
3.485030798331299451e+01 7.064095894779130447e+01
3.481610695176543402e+01 7.073492856756855929e+01
3.478190592021787353e+01 7.082889818734581411e+01
3.474770488867031304e+01 7.092286780712306893e+01
3.471350385712275255e+01 7.101683742690032375e+01
3.467930282557519206e+01 7.111080704667757857e+01
3.464510179402763157e+01 7.120477666645483339e+01
3.461090076248007108e+01 7.129874628623208821e+01
3.457669973093251059e+01 7.139271590600934303e+01
3.454249869938495010e+01 7.148668552578659785e+01
3.450829766783738961e+01 7.158065514556385267e+01
3.447409663628982912e+01 7.167462476534110749e+01
3.443989560474226863e+01 7.176859438511836231e+01
3.440569457319470814e+01 7.186256400489561713e+01
3.437149354164714765e+01 7.195653362467287195e+01
3.433729251009958716e+01 7.205050324445012677e+01
3.430309147855202667e+01 7.214447286422738159e+01
3.426889044700446618e+01 7.223844248400463641e+01
3.423468941545690569e+01 7.233241210378189123e+01
3.420048838390934520e+01 7.242638172355914605e+01
3.416628735236178471e+01 7.252035134333640087e+01
3.413208632081422422e+01 7.261432096311365569e+01
3.409788528926666373e+01 7.270829058289091051e+01
3.406368425771910324e+01 7.280226020266816533e+01
3.402948322617154275e+01 7.289622982244542015e+01
3.399528219462398226e+01 7.299019944222267497e+01
3.396108116307642177e+01 7.308416906199992980e+01
3.392688013152886128e+01 7.317813868177718462e+01
3.389267909998130079e+01 7.327210830155443944e+01
3.385847806843374030e+01 7.336607792133169426e+01
3.382427703688617981e+01 7.346004754110894908e+01
3.379007600533861932e+01 7.355401716088620390e+01
3.375587497379105884e+01 7.364798678066345872e+01
3.372167394224349835e+01 7.374195640044071354e+01
3.368747291069593786e+01 7.383592602021796836e+01
3.365327187914837737e+01 7.392989563999522318e+01
3.361907084760081688e+01 7.402386525977247800e+01
3.358486981605325639e+01 7.411783487954973282e+01
3.355066878450569590e+01 7.421180449932698764e+01
3.351646775295813541e+01 7.430577411910424246e+01
3.348226672141057492e+01 7.439974373888149728e+01
3.344806568986301443e+01 7.449371335865875210e+01
3.341386465831545394e+01 7.458768297843600692e+01
3.337966362676789345e+01 7.468165259821326174e+01
3.334546259522033296e+01 7.477562221799051656e+01
3.331126156367277247e+01 7.486959183776777138e+01
3.327706053212521198e+01 7.496356145754502620e+01
3.324285950057765149e+01 7.505753107732228102e+01
3.320865846903009100e+01 7.515150069709953584e+01
3.317445743748253051e+01 7.524547031687679066e+01
3.314025640593497002e+01 7.533943993665404548e+01
3.310605537438740953e+01 7.543340955643130030e+01
3.307185434283984904e+01 7.552737917620855512e+01
3.303765331129228855e+01 7.562134879598580994e+01
3.300345227974472806e+01 7.571531841576306476e+01
3.296925124819716757e+01 7.580928803554031958e+01
3.293505021664960708e+01 7.590325765531757440e+01
3.290084918510204659e+01 7.599722727509482922e+01
3.286664815355448610e+01 7.609119689487208404e+01
3.283244712200692561e+01 7.618516651464933886e+01
3.279824609045936512e+01 7.627913613442659369e+01
3.276404505891180463e+01 7.637310575420384851e+01
3.272984402736424414e+01 7.646707537398110333e+01
3.269564299581668365e+01 7.656104499375835815e+01
3.266144196426912316e+01 7.665501461353561297e+01
3.262724093272156267e+01 7.674898423331286779e+01
3.259303990117400218e+01 7.684295385309012261e+01
3.255883886962644169e+01 7.693692347286737743e+01
3.252463783807888120e+01 7.703089309264463225e+01
3.249043680653132071e+01 7.712486271242188707e+01
3.245623577498376022e+01 7.721883233219914189e+01
3.242203474343619973e+01 7.731280195197639671e+01
3.238783371188863924e+01 7.740677157175365153e+01
3.235363268034107875e+01 7.750074119153090635e+01
3.231943164879351826e+01 7.759471081130816117e+01
3.228523061724595777e+01 7.768868043108541599e+01
3.225102958569839728e+01 7.778265005086267081e+01
3.221682855415083679e+01 7.787661967063992563e+01
3.218262752260327630e+01 7.797058929041718045e+01
3.214842649105571581e+01 7.806455891019443527e+01
3.211422545950815532e+01 7.815852852997169009e+01
3.208002442796059483e+01 7.825249814974894491e+01
3.204582339641303435e+01 7.834646776952619973e+01
3.201162236486547386e+01 7.844043738930345455e+01
3.197742133331791337e+01 7.853440700908070937e+01
3.194322030177035288e+01 7.862837662885796419e+01
3.190901927022279239e+01 7.872234624863521901e+01
3.187481823867523190e+01 7.881631586841247383e+01
3.184061720712767141e+01 7.891028548818972865e+01
3.180641617558011092e+01 7.900425510796698347e+01
3.177221514403255043e+01 7.909822472774423829e+01
3.173801411248498994e+01 7.919219434752149311e+01
3.170381308093742945e+01 7.928616396729874793e+01
3.166961204938986896e+01 7.938013358707600275e+01
3.163541101784230847e+01 7.947410320685325757e+01
3.160120998629474798e+01 7.956807282663051240e+01
3.156700895474718749e+01 7.966204244640776722e+01
3.153280792319962700e+01 7.975601206618502204e+01
3.149860689165206651e+01 7.984998168596227686e+01
3.146440586010450602e+01 7.994395130573953168e+01
3.143020482855694553e+01 8.003792092551678650e+01
3.138170430242218600e+01 8.017117936228616770e+01
