2.140762395794237420e+02 1.850352539907324285e+02
2.139764829429783788e+02 1.850422263278661319e+02
2.138767263065330155e+02 1.850491986649998353e+02
2.137769696700876523e+02 1.850561710021335387e+02
2.136772130336422890e+02 1.850631433392672420e+02
2.135774563971969258e+02 1.850701156764009454e+02
2.134776997607515625e+02 1.850770880135346488e+02
2.133779431243061993e+02 1.850840603506683522e+02
2.132781864878608360e+02 1.850910326878020555e+02
2.131784298514154727e+02 1.850980050249357589e+02
2.130786732149701095e+02 1.851049773620694623e+02
2.129789165785247462e+02 1.851119496992031657e+02
2.128791599420793830e+02 1.851189220363368690e+02
2.127794033056340197e+02 1.851258943734705724e+02
2.126796466691886565e+02 1.851328667106042758e+02
2.125798900327432932e+02 1.851398390477379792e+02
2.124801333962979299e+02 1.851468113848716825e+02
2.123803767598525667e+02 1.851537837220053859e+02
2.122806201234072034e+02 1.851607560591390893e+02
2.121808634869618402e+02 1.851677283962727927e+02
2.120811068505164769e+02 1.851747007334064961e+02
2.119813502140711137e+02 1.851816730705401994e+02
2.118815935776257504e+02 1.851886454076739028e+02
2.117818369411803872e+02 1.851956177448076062e+02
2.116820803047350239e+02 1.852025900819413096e+02
2.115823236682896606e+02 1.852095624190750129e+02
2.114825670318442974e+02 1.852165347562087163e+02
2.113828103953989341e+02 1.852235070933424197e+02
2.112830537589535709e+02 1.852304794304761231e+02
2.111832971225082076e+02 1.852374517676098264e+02
2.110835404860628444e+02 1.852444241047435298e+02
2.109837838496174811e+02 1.852513964418772332e+02
2.108840272131721179e+02 1.852583687790109366e+02
2.107842705767267546e+02 1.852653411161446400e+02
2.106845139402813913e+02 1.852723134532783433e+02
2.105847573038360281e+02 1.852792857904120467e+02
2.104850006673906648e+02 1.852862581275457501e+02
2.103852440309453016e+02 1.852932304646794535e+02
2.102854873944999383e+02 1.853002028018131568e+02
2.101857307580545751e+02 1.853071751389468602e+02
2.100859741216092118e+02 1.853141474760805636e+02
2.099862174851638486e+02 1.853211198132142670e+02
2.098864608487184853e+02 1.853280921503479703e+02
2.097867042122731220e+02 1.853350644874816737e+02
2.096869475758277588e+02 1.853420368246153771e+02
2.095871909393823955e+02 1.853490091617490805e+02
2.094874343029370323e+02 1.853559814988827839e+02
2.093876776664916690e+02 1.853629538360164872e+02
2.092879210300463058e+02 1.853699261731501906e+02
2.091881643936009425e+02 1.853768985102838940e+02
2.090884077571555792e+02 1.853838708474175974e+02
2.089886511207102160e+02 1.853908431845513007e+02
2.088888944842648527e+02 1.853978155216850041e+02
2.087891378478194895e+02 1.854047878588187075e+02
2.086893812113741262e+02 1.854117601959524109e+02
2.085896245749287630e+02 1.854187325330861142e+02
2.084898679384833997e+02 1.854257048702198176e+02
2.083901113020380365e+02 1.854326772073535210e+02
2.082903546655926732e+02 1.854396495444872244e+02
2.081905980291473099e+02 1.854466218816209278e+02
2.080908413927019467e+02 1.854535942187546311e+02
2.079910847562565834e+02 1.854605665558883345e+02
2.078913281198112202e+02 1.854675388930220379e+02
2.077915714833658569e+02 1.854745112301557413e+02
2.076918148469204937e+02 1.854814835672894446e+02
2.075920582104751304e+02 1.854884559044231480e+02
2.074923015740297672e+02 1.854954282415568514e+02
2.073925449375844039e+02 1.855024005786905548e+02
2.072927883011390406e+02 1.855093729158242581e+02
2.071930316646936774e+02 1.855163452529579615e+02
2.070932750282483141e+02 1.855233175900916649e+02
2.069935183918029509e+02 1.855302899272253683e+02
2.068937617553575876e+02 1.855372622643590717e+02
2.067940051189122244e+02 1.855442346014927750e+02
2.066942484824668611e+02 1.855512069386264784e+02
2.065944918460214978e+02 1.855581792757601818e+02
2.064947352095761346e+02 1.855651516128938852e+02
2.063949785731307713e+02 1.855721239500275885e+02
2.062952219366854081e+02 1.855790962871612919e+02
2.061954653002400448e+02 1.855860686242949953e+02
2.060957086637946816e+02 1.855930409614286987e+02
2.059959520273493183e+02 1.856000132985624020e+02
2.058961953909039551e+02 1.856069856356961054e+02
2.057964387544585918e+02 1.856139579728298088e+02
2.056966821180132285e+02 1.856209303099635122e+02
2.055969254815678653e+02 1.856279026470972155e+02
2.054971688451225020e+02 1.856348749842309189e+02
2.053974122086771388e+02 1.856418473213646223e+02
2.052976555722317755e+02 1.856488196584983257e+02
2.051978989357864123e+02 1.856557919956320291e+02
2.050981422993410490e+02 1.856627643327657324e+02
2.049983856628956858e+02 1.856697366698994358e+02
2.048986290264503225e+02 1.856767090070331392e+02
2.047988723900049592e+02 1.856836813441668426e+02
2.046991157535595960e+02 1.856906536813005459e+02
2.045993591171142327e+02 1.856976260184342493e+02
2.044996024806688695e+02 1.857045983555679527e+02
2.043998458442235062e+02 1.857115706927016561e+02
2.043000892077781430e+02 1.857185430298353594e+02
2.042003325713327797e+02 1.857255153669690628e+02
2.041005759348874165e+02 1.857324877041027662e+02
2.040008192984420532e+02 1.857394600412364696e+02
2.039010626619966899e+02 1.857464323783701730e+02
2.038013060255513267e+02 1.857534047155038763e+02
2.037015493891059634e+02 1.857603770526375797e+02
2.036017927526606002e+02 1.857673493897712831e+02
2.035020361162152369e+02 1.857743217269049865e+02
2.034022794797698737e+02 1.857812940640386898e+02
2.033025228433245104e+02 1.857882664011723932e+02
2.032027662068791471e+02 1.857952387383060966e+02
2.031030095704337839e+02 1.858022110754398000e+02
2.030032529339884206e+02 1.858091834125735033e+02
2.029034962975430574e+02 1.858161557497072067e+02
2.028037396610976941e+02 1.858231280868409101e+02
2.027039830246523309e+02 1.858301004239746135e+02
2.026042263882069676e+02 1.858370727611083169e+02
2.025044697517616044e+02 1.858440450982420202e+02
2.024047131153162411e+02 1.858510174353757236e+02
2.023049564788708778e+02 1.858579897725094270e+02
2.022051998424255146e+02 1.858649621096431304e+02
2.021054432059801513e+02 1.858719344467768337e+02
2.020056865695347881e+02 1.858789067839105371e+02
2.019059299330894248e+02 1.858858791210442405e+02
2.018061732966440616e+02 1.858928514581779439e+02
2.017064166601986983e+02 1.858998237953116472e+02
2.016066600237533351e+02 1.859067961324453506e+02
2.015069033873079718e+02 1.859137684695790540e+02
2.014071467508626085e+02 1.859207408067127574e+02
2.013073901144172453e+02 1.859277131438464608e+02
2.012076334779718820e+02 1.859346854809801641e+02
2.011078768415265188e+02 1.859416578181138675e+02
2.010081202050811555e+02 1.859486301552475709e+02
2.009083635686357923e+02 1.859556024923812743e+02
2.008086069321904290e+02 1.859625748295149776e+02
2.007088502957450658e+02 1.859695471666486810e+02
2.006090936592997025e+02 1.859765195037823844e+02
2.005093370228543392e+02 1.859834918409160878e+02
2.004095803864089760e+02 1.859904641780497911e+02
2.003098237499636127e+02 1.859974365151834945e+02
2.002100671135182495e+02 1.860044088523171979e+02
2.001103104770728862e+02 1.860113811894509013e+02
2.000105538406275230e+02 1.860183535265846047e+02
1.999107972041821597e+02 1.860253258637183080e+02
1.998110405677367964e+02 1.860322982008520114e+02
1.997112839312914332e+02 1.860392705379857148e+02
1.996115272948460699e+02 1.860462428751194182e+02
1.995117706584007067e+02 1.860532152122531215e+02
1.994120140219553434e+02 1.860601875493868249e+02
1.993122573855099802e+02 1.860671598865205283e+02
1.992125007490646169e+02 1.860741322236542317e+02
1.991127441126192537e+02 1.860811045607879350e+02
1.990129874761738904e+02 1.860880768979216384e+02
1.989132308397285271e+02 1.860950492350553418e+02
1.988134742032831639e+02 1.861020215721890452e+02
1.987137175668378006e+02 1.861089939093227486e+02
1.986139609303924374e+02 1.861159662464564519e+02
1.985142042939470741e+02 1.861229385835901553e+02
1.984144476575017109e+02 1.861299109207238587e+02
1.983146910210563476e+02 1.861368832578575621e+02
1.982149343846109844e+02 1.861438555949912654e+02
1.981151777481656211e+02 1.861508279321249688e+02
1.980154211117202578e+02 1.861578002692586722e+02
1.979156644752748946e+02 1.861647726063923756e+02
1.978159078388295313e+02 1.861717449435260789e+02
1.977161512023841681e+02 1.861787172806597823e+02
1.976163945659388048e+02 1.861856896177934857e+02
1.975166379294934416e+02 1.861926619549271891e+02
1.974168812930480783e+02 1.861996342920608924e+02
1.973171246566027150e+02 1.862066066291945958e+02
1.972173680201573518e+02 1.862135789663282992e+02
1.971176113837119885e+02 1.862205513034620026e+02
1.970178547472666253e+02 1.862275236405957060e+02
1.969180981108212620e+02 1.862344959777294093e+02
1.968183414743758988e+02 1.862414683148631127e+02
1.967185848379305355e+02 1.862484406519968161e+02
1.966188282014851723e+02 1.862554129891305195e+02
1.965190715650398090e+02 1.862623853262642228e+02
1.964193149285944457e+02 1.862693576633979262e+02
1.963195582921490825e+02 1.862763300005316296e+02
1.962198016557037192e+02 1.862833023376653330e+02
1.961200450192583560e+02 1.862902746747990363e+02
1.960202883828129927e+02 1.862972470119327397e+02
1.959205317463676295e+02 1.863042193490664431e+02
1.958207751099222662e+02 1.863111916862001465e+02
1.957210184734769030e+02 1.863181640233338499e+02
1.956212618370315397e+02 1.863251363604675532e+02
1.955215052005861764e+02 1.863321086976012566e+02
1.954217485641408132e+02 1.863390810347349600e+02
1.953219919276954499e+02 1.863460533718686634e+02
1.952222352912500867e+02 1.863530257090023667e+02
1.951224786548047234e+02 1.863599980461360701e+02
1.950227220183593602e+02 1.863669703832697735e+02
1.949229653819139969e+02 1.863739427204034769e+02
1.948232087454686337e+02 1.863809150575371802e+02
1.947234521090232704e+02 1.863878873946708836e+02
1.946236954725779071e+02 1.863948597318045870e+02
1.945239388361325439e+02 1.864018320689382904e+02
1.944241821996871806e+02 1.864088044060719938e+02
1.943244255632418174e+02 1.864157767432056971e+02
1.942246689267964541e+02 1.864227490803394005e+02
1.941249122903510909e+02 1.864297214174731039e+02
1.940251556539057276e+02 1.864366937546068073e+02
1.939253990174603643e+02 1.864436660917405106e+02
1.938256423810150011e+02 1.864506384288742140e+02
1.937258857445696378e+02 1.864576107660079174e+02
1.936261291081242746e+02 1.864645831031416208e+02
1.935263724716789113e+02 1.864715554402753241e+02
1.934266158352335481e+02 1.864785277774090275e+02
1.933268591987881848e+02 1.864855001145427309e+02
1.932271025623428216e+02 1.864924724516764343e+02
1.931273459258974583e+02 1.864994447888101377e+02
1.930275892894520950e+02 1.865064171259438410e+02
1.929278326530067318e+02 1.865133894630775444e+02
1.928280760165613685e+02 1.865203618002112478e+02
1.927283193801160053e+02 1.865273341373449512e+02
1.926285627436706420e+02 1.865343064744786545e+02
1.925288061072252788e+02 1.865412788116123579e+02
1.924290494707799155e+02 1.865482511487460613e+02
1.923292928343345523e+02 1.865552234858797647e+02
1.922295361978891890e+02 1.865621958230134680e+02
1.921297795614438257e+02 1.865691681601471714e+02
1.920300229249984625e+02 1.865761404972808748e+02
1.919302662885530992e+02 1.865831128344145782e+02
1.918305096521077360e+02 1.865900851715482816e+02
1.917307530156623727e+02 1.865970575086819849e+02
1.916309963792170095e+02 1.866040298458156883e+02
1.915312397427716462e+02 1.866110021829493917e+02
1.914314831063262830e+02 1.866179745200830951e+02
1.913317264698809197e+02 1.866249468572167984e+02
1.912319698334355564e+02 1.866319191943505018e+02
1.911322131969901932e+02 1.866388915314842052e+02
1.910324565605448299e+02 1.866458638686179086e+02
1.909326999240994667e+02 1.866528362057516119e+02
1.908329432876541034e+02 1.866598085428853153e+02
1.907331866512087402e+02 1.866667808800190187e+02
1.906334300147633769e+02 1.866737532171527221e+02
1.905336733783180136e+02 1.866807255542864254e+02
1.904339167418726504e+02 1.866876978914201288e+02
1.903341601054272871e+02 1.866946702285538322e+02
1.902344034689819239e+02 1.867016425656875356e+02
1.901346468325365606e+02 1.867086149028212390e+02
1.900348901960911974e+02 1.867155872399549423e+02
1.899351335596458341e+02 1.867225595770886457e+02
1.898353769232004709e+02 1.867295319142223491e+02
1.897356202867551076e+02 1.867365042513560525e+02
1.896358636503097443e+02 1.867434765884897558e+02
1.895361070138643811e+02 1.867504489256234592e+02
1.894363503774190178e+02 1.867574212627571626e+02
1.893365937409736546e+02 1.867643935998908660e+02
1.892368371045282913e+02 1.867713659370245693e+02
1.891370804680829281e+02 1.867783382741582727e+02
1.890373238316375648e+02 1.867853106112919761e+02
1.889375671951922016e+02 1.867922829484256795e+02
1.888378105587468383e+02 1.867992552855593829e+02
1.887380539223014750e+02 1.868062276226930862e+02
1.886382972858561118e+02 1.868131999598267896e+02
1.885385406494107485e+02 1.868201722969604930e+02
1.884387840129653853e+02 1.868271446340941964e+02
1.883390273765200220e+02 1.868341169712278997e+02
1.882392707400746588e+02 1.868410893083616031e+02
1.881395141036292955e+02 1.868480616454953065e+02
1.880397574671839322e+02 1.868550339826290099e+02
1.879400008307385690e+02 1.868620063197627132e+02
1.878402441942932057e+02 1.868689786568964166e+02
1.877404875578478425e+02 1.868759509940301200e+02
1.876407309214024792e+02 1.868829233311638234e+02
1.875409742849571160e+02 1.868898956682975268e+02
1.874412176485117527e+02 1.868968680054312301e+02
1.873414610120663895e+02 1.869038403425649335e+02
1.872417043756210262e+02 1.869108126796986369e+02
1.871419477391756629e+02 1.869177850168323403e+02
1.870421911027302997e+02 1.869247573539660436e+02
1.869424344662849364e+02 1.869317296910997470e+02
1.868426778298395732e+02 1.869387020282334504e+02
1.867429211933942099e+02 1.869456743653671538e+02
1.866431645569488467e+02 1.869526467025008571e+02
1.865434079205034834e+02 1.869596190396345605e+02
1.864436512840581202e+02 1.869665913767682639e+02
1.863438946476127569e+02 1.869735637139019673e+02
1.862441380111673936e+02 1.869805360510356707e+02
1.861443813747220304e+02 1.869875083881693740e+02
1.860446247382766671e+02 1.869944807253030774e+02
1.859448681018313039e+02 1.870014530624367808e+02
1.858451114653859406e+02 1.870084253995704842e+02
1.857453548289405774e+02 1.870153977367041875e+02
1.856455981924952141e+02 1.870223700738378909e+02
1.855458415560498509e+02 1.870293424109715943e+02
1.854460849196044876e+02 1.870363147481052977e+02
1.853463282831591243e+02 1.870432870852390010e+02
1.852465716467137611e+02 1.870502594223727044e+02
1.851468150102683978e+02 1.870572317595064078e+02
1.850470583738230346e+02 1.870642040966401112e+02
1.849473017373776713e+02 1.870711764337738146e+02
1.848475451009323081e+02 1.870781487709075179e+02
1.847477884644869448e+02 1.870851211080412213e+02
1.846480318280415815e+02 1.870920934451749247e+02
1.845482751915962183e+02 1.870990657823086281e+02
1.844485185551508550e+02 1.871060381194423314e+02
1.843487619187054918e+02 1.871130104565760348e+02
1.842490052822601285e+02 1.871199827937097382e+02
1.841492486458147653e+02 1.871269551308434416e+02
1.840494920093694020e+02 1.871339274679771449e+02
1.839497353729240388e+02 1.871408998051108483e+02
1.838499787364786755e+02 1.871478721422445517e+02
1.837502221000333122e+02 1.871548444793782551e+02
1.836504654635879490e+02 1.871618168165119585e+02
1.835507088271425857e+02 1.871687891536456618e+02
1.834509521906972225e+02 1.871757614907793652e+02
1.833511955542518592e+02 1.871827338279130686e+02
1.832514389178064960e+02 1.871897061650467720e+02
1.831516822813611327e+02 1.871966785021804753e+02
1.830519256449157695e+02 1.872036508393141787e+02
1.829521690084704062e+02 1.872106231764478821e+02
1.828524123720250429e+02 1.872175955135815855e+02
1.827526557355796797e+02 1.872245678507152888e+02
1.826528990991343164e+02 1.872315401878489922e+02
1.825531424626889532e+02 1.872385125249826956e+02
1.824533858262435899e+02 1.872454848621163990e+02
1.823536291897982267e+02 1.872524571992501023e+02
1.822538725533528634e+02 1.872594295363838057e+02
1.821541159169075002e+02 1.872664018735175091e+02
1.820543592804621369e+02 1.872733742106512125e+02
1.819546026440167736e+02 1.872803465477849159e+02
1.818548460075714104e+02 1.872873188849186192e+02
1.817550893711260471e+02 1.872942912220523226e+02
1.816553327346806839e+02 1.873012635591860260e+02
1.815555760982353206e+02 1.873082358963197294e+02
1.814558194617899574e+02 1.873152082334534327e+02
1.813560628253445941e+02 1.873221805705871361e+02
1.812563061888992308e+02 1.873291529077208395e+02
1.811565495524538676e+02 1.873361252448545429e+02
1.810567929160085043e+02 1.873430975819882462e+02
1.809570362795631411e+02 1.873500699191219496e+02
1.808572796431177778e+02 1.873570422562556530e+02
1.807575230066724146e+02 1.873640145933893564e+02
1.806577663702270513e+02 1.873709869305230598e+02
1.805580097337816881e+02 1.873779592676567631e+02
1.804582530973363248e+02 1.873849316047904665e+02
1.803584964608909615e+02 1.873919039419241699e+02
1.802587398244455983e+02 1.873988762790578733e+02
1.801589831880002350e+02 1.874058486161915766e+02
1.800592265515548718e+02 1.874128209533252800e+02
1.799594699151095085e+02 1.874197932904589834e+02
1.798597132786641453e+02 1.874267656275926868e+02
1.797599566422187820e+02 1.874337379647263901e+02
1.796602000057734188e+02 1.874407103018600935e+02
1.795604433693280555e+02 1.874476826389937969e+02
1.794606867328826922e+02 1.874546549761275003e+02
1.793609300964373290e+02 1.874616273132612037e+02
1.792611734599919657e+02 1.874685996503949070e+02
1.791614168235466025e+02 1.874755719875286104e+02
1.790616601871012392e+02 1.874825443246623138e+02
1.789619035506558760e+02 1.874895166617960172e+02
1.788621469142105127e+02 1.874964889989297205e+02
1.787623902777651494e+02 1.875034613360634239e+02
1.786626336413197862e+02 1.875104336731971273e+02
1.785628770048744229e+02 1.875174060103308307e+02
1.784631203684290597e+02 1.875243783474645340e+02
1.783633637319836964e+02 1.875313506845982374e+02
1.782636070955383332e+02 1.875383230217319408e+02
1.781638504590929699e+02 1.875452953588656442e+02
1.780640938226476067e+02 1.875522676959993476e+02
1.779643371862022434e+02 1.875592400331330509e+02
1.778645805497568801e+02 1.875662123702667543e+02
1.777648239133115169e+02 1.875731847074004577e+02
1.776650672768661536e+02 1.875801570445341611e+02
1.775653106404207904e+02 1.875871293816678644e+02
1.774655540039754271e+02 1.875941017188015678e+02
1.773657973675300639e+02 1.876010740559352712e+02
1.772660407310847006e+02 1.876080463930689746e+02
1.771662840946393374e+02 1.876150187302026779e+02
1.770665274581939741e+02 1.876219910673363813e+02
1.769667708217486108e+02 1.876289634044700847e+02
1.768670141853032476e+02 1.876359357416037881e+02
1.767672575488578843e+02 1.876429080787374915e+02
1.766675009124125211e+02 1.876498804158711948e+02
1.765677442759671578e+02 1.876568527530048982e+02
1.764679876395217946e+02 1.876638250901386016e+02
1.763682310030764313e+02 1.876707974272723050e+02
1.762684743666310681e+02 1.876777697644060083e+02
1.761687177301857048e+02 1.876847421015397117e+02
1.760689610937403415e+02 1.876917144386734151e+02
1.759692044572949783e+02 1.876986867758071185e+02
1.758694478208496150e+02 1.877056591129408218e+02
1.757696911844042518e+02 1.877126314500745252e+02
1.756699345479588885e+02 1.877196037872082286e+02
1.755701779115135253e+02 1.877265761243419320e+02
1.754704212750681620e+02 1.877335484614756353e+02
1.753706646386227987e+02 1.877405207986093387e+02
1.752709080021774355e+02 1.877474931357430421e+02
1.751711513657320722e+02 1.877544654728767455e+02
1.750713947292867090e+02 1.877614378100104489e+02
1.749716380928413457e+02 1.877684101471441522e+02
1.748718814563959825e+02 1.877753824842778556e+02
1.747721248199506192e+02 1.877823548214115590e+02
1.746723681835052560e+02 1.877893271585452624e+02
1.745726115470598927e+02 1.877962994956789657e+02
1.744728549106145294e+02 1.878032718328126691e+02
1.743730982741691662e+02 1.878102441699463725e+02
1.742733416377238029e+02 1.878172165070800759e+02
1.741735850012784397e+02 1.878241888442137792e+02
1.740738283648330764e+02 1.878311611813474826e+02
1.739740717283877132e+02 1.878381335184811860e+02
1.738743150919423499e+02 1.878451058556148894e+02
1.737745584554969867e+02 1.878520781927485928e+02
1.736748018190516234e+02 1.878590505298822961e+02
1.735750451826062601e+02 1.878660228670159995e+02
1.734752885461608969e+02 1.878729952041497029e+02
1.733755319097155336e+02 1.878799675412834063e+02
1.732464414436345805e+02 1.878889901214525651e+02
1.732394691065008772e+02 1.877892334850072018e+02
1.732324967693671738e+02 1.876894768485618386e+02
1.732255244322334704e+02 1.875897202121164753e+02
1.732185520950997670e+02 1.874899635756711120e+02
1.732115797579660637e+02 1.873902069392257488e+02
1.732046074208323603e+02 1.872904503027803855e+02
1.731976350836986569e+02 1.871906936663350223e+02
1.731906627465649535e+02 1.870909370298896590e+02
1.731836904094312501e+02 1.869911803934442958e+02
1.731767180722975468e+02 1.868914237569989325e+02
1.731697457351638434e+02 1.867916671205535692e+02
1.731627733980301400e+02 1.866919104841082060e+02
1.731558010608964366e+02 1.865921538476628427e+02
1.731488287237627333e+02 1.864923972112174795e+02
1.731418563866290299e+02 1.863926405747721162e+02
1.731348840494953265e+02 1.862928839383267530e+02
1.731279117123616231e+02 1.861931273018813897e+02
1.731209393752279198e+02 1.860933706654360265e+02
1.731139670380942164e+02 1.859936140289906632e+02
1.731069947009605130e+02 1.858938573925452999e+02
1.731000223638268096e+02 1.857941007560999367e+02
1.730930500266931062e+02 1.856943441196545734e+02
1.730860776895594029e+02 1.855945874832092102e+02
1.730791053524256995e+02 1.854948308467638469e+02
1.730721330152919961e+02 1.853950742103184837e+02
1.730651606781582927e+02 1.852953175738731204e+02
1.730581883410245894e+02 1.851955609374277572e+02
1.730512160038908860e+02 1.850958043009823939e+02
1.730442436667571826e+02 1.849960476645370306e+02
1.730372713296234792e+02 1.848962910280916674e+02
1.730302989924897759e+02 1.847965343916463041e+02
1.730233266553560725e+02 1.846967777552009409e+02
1.730163543182223691e+02 1.845970211187555776e+02
1.730093819810886657e+02 1.844972644823102144e+02
1.730024096439549623e+02 1.843975078458648511e+02
1.729954373068212590e+02 1.842977512094194879e+02
1.729884649696875556e+02 1.841979945729741246e+02
1.729814926325538522e+02 1.840982379365287613e+02
1.729745202954201488e+02 1.839984813000833981e+02
1.729675479582864455e+02 1.838987246636380348e+02
1.729605756211527421e+02 1.837989680271926716e+02
1.729536032840190387e+02 1.836992113907473083e+02
1.729466309468853353e+02 1.835994547543019451e+02
1.729396586097516320e+02 1.834996981178565818e+02
1.729326862726179286e+02 1.833999414814112185e+02
1.729257139354842252e+02 1.833001848449658553e+02
1.729187415983505218e+02 1.832004282085204920e+02
1.729117692612168184e+02 1.831006715720751288e+02
1.729047969240831151e+02 1.830009149356297655e+02
1.728978245869494117e+02 1.829011582991844023e+02
1.728908522498157083e+02 1.828014016627390390e+02
1.728838799126820049e+02 1.827016450262936758e+02
1.728769075755483016e+02 1.826018883898483125e+02
1.728699352384145982e+02 1.825021317534029492e+02
1.728629629012808948e+02 1.824023751169575860e+02
1.728559905641471914e+02 1.823026184805122227e+02
1.728490182270134881e+02 1.822028618440668595e+02
1.728420458898797847e+02 1.821031052076214962e+02
1.728350735527460813e+02 1.820033485711761330e+02
1.728281012156123779e+02 1.819035919347307697e+02
1.728211288784786746e+02 1.818038352982854065e+02
1.728141565413449712e+02 1.817040786618400432e+02
1.728071842042112678e+02 1.816043220253946799e+02
1.728002118670775644e+02 1.815045653889493167e+02
1.727932395299438610e+02 1.814048087525039534e+02
1.727862671928101577e+02 1.813050521160585902e+02
1.727792948556764543e+02 1.812052954796132269e+02
1.727723225185427509e+02 1.811055388431678637e+02
1.727653501814090475e+02 1.810057822067225004e+02
1.727583778442753442e+02 1.809060255702771371e+02
1.727514055071416408e+02 1.808062689338317739e+02
1.727444331700079374e+02 1.807065122973864106e+02
1.727374608328742340e+02 1.806067556609410474e+02
1.727304884957405307e+02 1.805069990244956841e+02
1.727235161586068273e+02 1.804072423880503209e+02
1.727165438214731239e+02 1.803074857516049576e+02
1.727095714843394205e+02 1.802077291151595944e+02
1.727025991472057171e+02 1.801079724787142311e+02
1.726956268100720138e+02 1.800082158422688678e+02
1.726886544729383104e+02 1.799084592058235046e+02
1.726816821358046070e+02 1.798087025693781413e+02
1.726747097986709036e+02 1.797089459329327781e+02
1.726677374615372003e+02 1.796091892964874148e+02
1.726607651244034969e+02 1.795094326600420516e+02
1.726537927872697935e+02 1.794096760235966883e+02
1.726468204501360901e+02 1.793099193871513251e+02
1.726398481130023868e+02 1.792101627507059618e+02
1.726328757758686834e+02 1.791104061142605985e+02
1.726259034387349800e+02 1.790106494778152353e+02
1.726189311016012766e+02 1.789108928413698720e+02
1.726119587644675732e+02 1.788111362049245088e+02
1.726049864273338699e+02 1.787113795684791455e+02
1.725980140902001665e+02 1.786116229320337823e+02
1.725910417530664631e+02 1.785118662955884190e+02
1.725840694159327597e+02 1.784121096591430558e+02
1.725770970787990564e+02 1.783123530226976925e+02
1.725701247416653530e+02 1.782125963862523292e+02
1.725631524045316496e+02 1.781128397498069660e+02
1.725561800673979462e+02 1.780130831133616027e+02
1.725492077302642429e+02 1.779133264769162395e+02
1.725422353931305395e+02 1.778135698404708762e+02
1.725352630559968361e+02 1.777138132040255130e+02
1.725282907188631327e+02 1.776140565675801497e+02
1.725213183817294293e+02 1.775142999311347864e+02
1.725143460445957260e+02 1.774145432946894232e+02
1.725073737074620226e+02 1.773147866582440599e+02
1.725004013703283192e+02 1.772150300217986967e+02
1.724934290331946158e+02 1.771152733853533334e+02
1.724864566960609125e+02 1.770155167489079702e+02
1.724794843589272091e+02 1.769157601124626069e+02
1.724725120217935057e+02 1.768160034760172437e+02
1.724655396846598023e+02 1.767162468395718804e+02
1.724585673475260990e+02 1.766164902031265171e+02
1.724515950103923956e+02 1.765167335666811539e+02
1.724446226732586922e+02 1.764169769302357906e+02
1.724376503361249888e+02 1.763172202937904274e+02
1.724306779989912854e+02 1.762174636573450641e+02
1.724237056618575821e+02 1.761177070208997009e+02
1.724167333247238787e+02 1.760179503844543376e+02
1.724097609875901753e+02 1.759181937480089744e+02
1.724027886504564719e+02 1.758184371115636111e+02
1.723958163133227686e+02 1.757186804751182478e+02
1.723888439761890652e+02 1.756189238386728846e+02
1.723818716390553618e+02 1.755191672022275213e+02
1.723748993019216584e+02 1.754194105657821581e+02
1.723679269647879551e+02 1.753196539293367948e+02
1.723609546276542517e+02 1.752198972928914316e+02
1.723539822905205483e+02 1.751201406564460683e+02
1.723470099533868449e+02 1.750203840200007050e+02
1.723400376162531416e+02 1.749206273835553418e+02
1.723330652791194382e+02 1.748208707471099785e+02
1.723260929419857348e+02 1.747211141106646153e+02
1.723191206048520314e+02 1.746213574742192520e+02
1.723121482677183280e+02 1.745216008377738888e+02
1.723051759305846247e+02 1.744218442013285255e+02
1.722982035934509213e+02 1.743220875648831623e+02
1.722912312563172179e+02 1.742223309284377990e+02
1.722842589191835145e+02 1.741225742919924357e+02
1.722772865820498112e+02 1.740228176555470725e+02
1.722703142449161078e+02 1.739230610191017092e+02
1.722633419077824044e+02 1.738233043826563460e+02
1.722563695706487010e+02 1.737235477462109827e+02
1.722493972335149977e+02 1.736237911097656195e+02
1.722424248963812943e+02 1.735240344733202562e+02
1.722354525592475909e+02 1.734242778368748930e+02
1.722284802221138875e+02 1.733245212004295297e+02
1.722215078849801841e+02 1.732247645639841664e+02
1.722145355478464808e+02 1.731250079275388032e+02
1.722075632107127774e+02 1.730252512910934399e+02
1.722005908735790740e+02 1.729254946546480767e+02
1.721936185364453706e+02 1.728257380182027134e+02
1.721866461993116673e+02 1.727259813817573502e+02
1.721796738621779639e+02 1.726262247453119869e+02
1.721727015250442605e+02 1.725264681088666237e+02
1.721657291879105571e+02 1.724267114724212604e+02
1.721587568507768538e+02 1.723269548359758971e+02
1.721517845136431504e+02 1.722271981995305339e+02
1.721448121765094470e+02 1.721274415630851706e+02
1.721378398393757436e+02 1.720276849266398074e+02
1.721308675022420402e+02 1.719279282901944441e+02
1.721238951651083369e+02 1.718281716537490809e+02
1.721169228279746335e+02 1.717284150173037176e+02
1.721099504908409301e+02 1.716286583808583543e+02
1.721029781537072267e+02 1.715289017444129911e+02
1.720960058165735234e+02 1.714291451079676278e+02
1.720890334794398200e+02 1.713293884715222646e+02
1.720820611423061166e+02 1.712296318350769013e+02
1.720750888051724132e+02 1.711298751986315381e+02
1.720681164680387099e+02 1.710301185621861748e+02
1.720611441309050065e+02 1.709303619257408116e+02
1.720541717937713031e+02 1.708306052892954483e+02
1.720471994566375997e+02 1.707308486528500850e+02
1.720402271195038963e+02 1.706310920164047218e+02
1.720332547823701930e+02 1.705313353799593585e+02
1.720262824452364896e+02 1.704315787435139953e+02
1.720193101081027862e+02 1.703318221070686320e+02
1.720123377709690828e+02 1.702320654706232688e+02
1.720053654338353795e+02 1.701323088341779055e+02
1.719983930967016761e+02 1.700325521977325423e+02
1.719914207595679727e+02 1.699327955612871790e+02
1.719844484224342693e+02 1.698330389248418157e+02
1.719774760853005660e+02 1.697332822883964525e+02
1.719705037481668626e+02 1.696335256519510892e+02
1.719635314110331592e+02 1.695337690155057260e+02
1.719565590738994558e+02 1.694340123790603627e+02
1.719495867367657524e+02 1.693342557426149995e+02
1.719426143996320491e+02 1.692344991061696362e+02
1.719356420624983457e+02 1.691347424697242730e+02
1.719237604205762580e+02 1.689647460092675715e+02
1.720235170570216212e+02 1.689577736721338681e+02
1.721232736934669845e+02 1.689508013350001647e+02
1.722230303299123477e+02 1.689438289978664613e+02
1.723227869663577110e+02 1.689368566607327580e+02
1.724225436028030742e+02 1.689298843235990546e+02
1.725223002392484375e+02 1.689229119864653512e+02
1.726220568756938007e+02 1.689159396493316478e+02
1.727218135121391640e+02 1.689089673121979445e+02
1.728215701485845273e+02 1.689019949750642411e+02
1.729213267850298905e+02 1.688950226379305377e+02
1.730210834214752538e+02 1.688880503007968343e+02
1.731208400579206170e+02 1.688810779636631310e+02
1.732205966943659803e+02 1.688741056265294276e+02
1.733203533308113435e+02 1.688671332893957242e+02
1.734201099672567068e+02 1.688601609522620208e+02
1.735198666037020701e+02 1.688531886151283175e+02
1.736196232401474333e+02 1.688462162779946141e+02
1.737193798765927966e+02 1.688392439408609107e+02
1.738191365130381598e+02 1.688322716037272073e+02
1.739188931494835231e+02 1.688252992665935039e+02
1.740186497859288863e+02 1.688183269294598006e+02
1.741184064223742496e+02 1.688113545923260972e+02
1.742181630588196128e+02 1.688043822551923938e+02
1.743179196952649761e+02 1.687974099180586904e+02
1.744176763317103394e+02 1.687904375809249871e+02
1.745174329681557026e+02 1.687834652437912837e+02
1.746171896046010659e+02 1.687764929066575803e+02
1.747169462410464291e+02 1.687695205695238769e+02
1.748167028774917924e+02 1.687625482323901736e+02
1.749164595139371556e+02 1.687555758952564702e+02
1.750162161503825189e+02 1.687486035581227668e+02
1.751159727868278821e+02 1.687416312209890634e+02
1.752157294232732454e+02 1.687346588838553600e+02
1.753154860597186087e+02 1.687276865467216567e+02
1.754152426961639719e+02 1.687207142095879533e+02
1.755149993326093352e+02 1.687137418724542499e+02
1.756147559690546984e+02 1.687067695353205465e+02
1.757145126055000617e+02 1.686997971981868432e+02
1.758142692419454249e+02 1.686928248610531398e+02
1.759140258783907882e+02 1.686858525239194364e+02
1.760137825148361514e+02 1.686788801867857330e+02
1.761135391512815147e+02 1.686719078496520297e+02
1.762132957877268780e+02 1.686649355125183263e+02
1.763130524241722412e+02 1.686579631753846229e+02
1.764128090606176045e+02 1.686509908382509195e+02
1.765125656970629677e+02 1.686440185011172161e+02
1.766123223335083310e+02 1.686370461639835128e+02
1.767120789699536942e+02 1.686300738268498094e+02
1.768118356063990575e+02 1.686231014897161060e+02
1.769115922428444208e+02 1.686161291525824026e+02
1.770113488792897840e+02 1.686091568154486993e+02
1.771111055157351473e+02 1.686021844783149959e+02
1.772108621521805105e+02 1.685952121411812925e+02
1.773106187886258738e+02 1.685882398040475891e+02
1.774103754250712370e+02 1.685812674669138858e+02
1.775101320615166003e+02 1.685742951297801824e+02
1.776098886979619635e+02 1.685673227926464790e+02
1.777096453344073268e+02 1.685603504555127756e+02
1.778094019708526901e+02 1.685533781183790722e+02
1.779091586072980533e+02 1.685464057812453689e+02
1.780089152437434166e+02 1.685394334441116655e+02
1.781086718801887798e+02 1.685324611069779621e+02
1.782084285166341431e+02 1.685254887698442587e+02
1.783081851530795063e+02 1.685185164327105554e+02
1.784079417895248696e+02 1.685115440955768520e+02
1.785076984259702328e+02 1.685045717584431486e+02
1.786074550624155961e+02 1.684975994213094452e+02
1.787072116988609594e+02 1.684906270841757419e+02
1.788069683353063226e+02 1.684836547470420385e+02
1.789067249717516859e+02 1.684766824099083351e+02
1.790064816081970491e+02 1.684697100727746317e+02
1.791062382446424124e+02 1.684627377356409283e+02
1.792059948810877756e+02 1.684557653985072250e+02
1.793057515175331389e+02 1.684487930613735216e+02
1.794055081539785022e+02 1.684418207242398182e+02
1.795052647904238654e+02 1.684348483871061148e+02
1.796050214268692287e+02 1.684278760499724115e+02
1.797047780633145919e+02 1.684209037128387081e+02
1.798045346997599552e+02 1.684139313757050047e+02
1.799042913362053184e+02 1.684069590385713013e+02
1.800040479726506817e+02 1.683999867014375980e+02
1.801038046090960449e+02 1.683930143643038946e+02
1.802035612455414082e+02 1.683860420271701912e+02
1.803033178819867715e+02 1.683790696900364878e+02
1.804030745184321347e+02 1.683720973529027845e+02
1.805028311548774980e+02 1.683651250157690811e+02
1.806025877913228612e+02 1.683581526786353777e+02
1.807023444277682245e+02 1.683511803415016743e+02
1.808021010642135877e+02 1.683442080043679709e+02
1.809018577006589510e+02 1.683372356672342676e+02
1.810016143371043142e+02 1.683302633301005642e+02
1.811013709735496775e+02 1.683232909929668608e+02
1.812011276099950408e+02 1.683163186558331574e+02
1.813008842464404040e+02 1.683093463186994541e+02
1.814006408828857673e+02 1.683023739815657507e+02
1.815003975193311305e+02 1.682954016444320473e+02
1.816001541557764938e+02 1.682884293072983439e+02
1.816999107922218570e+02 1.682814569701646406e+02
1.817996674286672203e+02 1.682744846330309372e+02
1.818994240651125835e+02 1.682675122958972338e+02
1.819991807015579468e+02 1.682605399587635304e+02
1.820989373380033101e+02 1.682535676216298270e+02
1.821986939744486733e+02 1.682465952844961237e+02
1.822984506108940366e+02 1.682396229473624203e+02
1.823982072473393998e+02 1.682326506102287169e+02
1.824979638837847631e+02 1.682256782730950135e+02
1.825977205202301263e+02 1.682187059359613102e+02
1.826974771566754896e+02 1.682117335988276068e+02
1.827972337931208529e+02 1.682047612616939034e+02
1.828969904295662161e+02 1.681977889245602000e+02
1.829967470660115794e+02 1.681908165874264967e+02
1.830965037024569426e+02 1.681838442502927933e+02
1.831962603389023059e+02 1.681768719131590899e+02
1.832960169753476691e+02 1.681698995760253865e+02
1.833957736117930324e+02 1.681629272388916831e+02
1.834955302482383956e+02 1.681559549017579798e+02
1.835952868846837589e+02 1.681489825646242764e+02
1.836950435211291222e+02 1.681420102274905730e+02
1.837948001575744854e+02 1.681350378903568696e+02
1.838945567940198487e+02 1.681280655532231663e+02
1.839943134304652119e+02 1.681210932160894629e+02
1.840940700669105752e+02 1.681141208789557595e+02
1.841938267033559384e+02 1.681071485418220561e+02
1.842935833398013017e+02 1.681001762046883528e+02
1.843933399762466649e+02 1.680932038675546494e+02
1.844930966126920282e+02 1.680862315304209460e+02
1.845928532491373915e+02 1.680792591932872426e+02
1.846926098855827547e+02 1.680722868561535392e+02
1.847923665220281180e+02 1.680653145190198359e+02
1.848921231584734812e+02 1.680583421818861325e+02
1.849918797949188445e+02 1.680513698447524291e+02
1.850916364313642077e+02 1.680443975076187257e+02
1.851913930678095710e+02 1.680374251704850224e+02
1.852911497042549342e+02 1.680304528333513190e+02
1.853909063407002975e+02 1.680234804962176156e+02
1.854906629771456608e+02 1.680165081590839122e+02
1.855904196135910240e+02 1.680095358219502089e+02
1.856901762500363873e+02 1.680025634848165055e+02
1.857899328864817505e+02 1.679955911476828021e+02
1.858896895229271138e+02 1.679886188105490987e+02
1.859894461593724770e+02 1.679816464734153953e+02
1.860892027958178403e+02 1.679746741362816920e+02
1.861889594322632036e+02 1.679677017991479886e+02
1.862887160687085668e+02 1.679607294620142852e+02
1.863884727051539301e+02 1.679537571248805818e+02
1.864882293415992933e+02 1.679467847877468785e+02
1.865879859780446566e+02 1.679398124506131751e+02
1.866877426144900198e+02 1.679328401134794717e+02
1.867874992509353831e+02 1.679258677763457683e+02
1.868872558873807463e+02 1.679188954392120650e+02
1.869870125238261096e+02 1.679119231020783616e+02
1.870867691602714729e+02 1.679049507649446582e+02
1.871865257967168361e+02 1.678979784278109548e+02
1.872862824331621994e+02 1.678910060906772514e+02
1.873860390696075626e+02 1.678840337535435481e+02
1.874857957060529259e+02 1.678770614164098447e+02
1.875855523424982891e+02 1.678700890792761413e+02
1.876853089789436524e+02 1.678631167421424379e+02
1.877850656153890156e+02 1.678561444050087346e+02
1.878848222518343789e+02 1.678491720678750312e+02
1.879845788882797422e+02 1.678421997307413278e+02
1.880843355247251054e+02 1.678352273936076244e+02
1.881840921611704687e+02 1.678282550564739211e+02
1.882838487976158319e+02 1.678212827193402177e+02
1.883836054340611952e+02 1.678143103822065143e+02
1.884833620705065584e+02 1.678073380450728109e+02
1.885831187069519217e+02 1.678003657079391076e+02
1.886828753433972850e+02 1.677933933708054042e+02
1.887826319798426482e+02 1.677864210336717008e+02
1.888823886162880115e+02 1.677794486965379974e+02
1.889821452527333747e+02 1.677724763594042940e+02
1.890819018891787380e+02 1.677655040222705907e+02
1.891816585256241012e+02 1.677585316851368873e+02
1.892814151620694645e+02 1.677515593480031839e+02
1.893811717985148277e+02 1.677445870108694805e+02
1.894809284349601910e+02 1.677376146737357772e+02
1.895806850714055543e+02 1.677306423366020738e+02
1.896804417078509175e+02 1.677236699994683704e+02
1.897801983442962808e+02 1.677166976623346670e+02
1.898799549807416440e+02 1.677097253252009637e+02
1.899797116171870073e+02 1.677027529880672603e+02
1.900794682536323705e+02 1.676957806509335569e+02
1.901792248900777338e+02 1.676888083137998535e+02
1.902789815265230970e+02 1.676818359766661501e+02
1.903787381629684603e+02 1.676748636395324468e+02
1.904784947994138236e+02 1.676678913023987434e+02
1.905782514358591868e+02 1.676609189652650400e+02
1.906780080723045501e+02 1.676539466281313366e+02
1.907777647087499133e+02 1.676469742909976333e+02
1.908775213451952766e+02 1.676400019538639299e+02
1.909772779816406398e+02 1.676330296167302265e+02
1.910770346180860031e+02 1.676260572795965231e+02
1.911767912545313663e+02 1.676190849424628198e+02
1.912765478909767296e+02 1.676121126053291164e+02
1.913763045274220929e+02 1.676051402681954130e+02
1.914760611638674561e+02 1.675981679310617096e+02
1.915758178003128194e+02 1.675911955939280062e+02
1.916755744367581826e+02 1.675842232567943029e+02
1.917753310732035459e+02 1.675772509196605995e+02
1.918750877096489091e+02 1.675702785825268961e+02
1.919748443460942724e+02 1.675633062453931927e+02
1.920746009825396357e+02 1.675563339082594894e+02
1.921743576189849989e+02 1.675493615711257860e+02
1.922741142554303622e+02 1.675423892339920826e+02
1.923738708918757254e+02 1.675354168968583792e+02
1.924736275283210887e+02 1.675284445597246759e+02
1.925733841647664519e+02 1.675214722225909725e+02
1.926731408012118152e+02 1.675144998854572691e+02
1.927728974376571784e+02 1.675075275483235657e+02
1.928726540741025417e+02 1.675005552111898623e+02
1.929724107105479050e+02 1.674935828740561590e+02
1.930721673469932682e+02 1.674866105369224556e+02
1.931719239834386315e+02 1.674796381997887522e+02
1.932716806198839947e+02 1.674726658626550488e+02
1.933714372563293580e+02 1.674656935255213455e+02
1.934711938927747212e+02 1.674587211883876421e+02
1.935709505292200845e+02 1.674517488512539387e+02
1.936707071656654477e+02 1.674447765141202353e+02
1.937704638021108110e+02 1.674378041769865320e+02
1.938702204385561743e+02 1.674308318398528286e+02
1.939699770750015375e+02 1.674238595027191252e+02
1.940697337114469008e+02 1.674168871655854218e+02
1.941694903478922640e+02 1.674099148284517184e+02
1.942692469843376273e+02 1.674029424913180151e+02
1.943690036207829905e+02 1.673959701541843117e+02
1.944687602572283538e+02 1.673889978170506083e+02
1.945685168936737170e+02 1.673820254799169049e+02
1.946682735301190803e+02 1.673750531427832016e+02
1.947680301665644436e+02 1.673680808056494982e+02
1.948677868030098068e+02 1.673611084685157948e+02
1.949675434394551701e+02 1.673541361313820914e+02
1.950673000759005333e+02 1.673471637942483881e+02
1.951670567123458966e+02 1.673401914571146847e+02
1.952668133487912598e+02 1.673332191199809813e+02
1.953665699852366231e+02 1.673262467828472779e+02
1.954663266216819864e+02 1.673192744457135746e+02
1.955660832581273496e+02 1.673123021085798712e+02
1.956658398945727129e+02 1.673053297714461678e+02
1.957655965310180761e+02 1.672983574343124644e+02
1.958653531674634394e+02 1.672913850971787610e+02
1.959651098039088026e+02 1.672844127600450577e+02
1.960648664403541659e+02 1.672774404229113543e+02
1.961646230767995291e+02 1.672704680857776509e+02
1.962643797132448924e+02 1.672634957486439475e+02
1.963641363496902557e+02 1.672565234115102442e+02
1.964638929861356189e+02 1.672495510743765408e+02
1.965636496225809822e+02 1.672425787372428374e+02
1.966634062590263454e+02 1.672356064001091340e+02
1.967631628954717087e+02 1.672286340629754307e+02
1.968629195319170719e+02 1.672216617258417273e+02
1.969626761683624352e+02 1.672146893887080239e+02
1.970624328048077984e+02 1.672077170515743205e+02
1.971621894412531617e+02 1.672007447144406171e+02
1.972619460776985250e+02 1.671937723773069138e+02
1.973617027141438882e+02 1.671868000401732104e+02
1.974614593505892515e+02 1.671798277030395070e+02
1.975612159870346147e+02 1.671728553659058036e+02
1.976609726234799780e+02 1.671658830287721003e+02
1.977607292599253412e+02 1.671589106916383969e+02
1.978604858963707045e+02 1.671519383545046935e+02
1.979602425328160678e+02 1.671449660173709901e+02
1.980599991692614310e+02 1.671379936802372868e+02
1.981597558057067943e+02 1.671310213431035834e+02
1.982595124421521575e+02 1.671240490059698800e+02
1.983592690785975208e+02 1.671170766688361766e+02
1.984590257150428840e+02 1.671101043317024732e+02
1.985587823514882473e+02 1.671031319945687699e+02
1.986585389879336105e+02 1.670961596574350665e+02
1.987582956243789738e+02 1.670891873203013631e+02
1.988580522608243371e+02 1.670822149831676597e+02
1.989578088972697003e+02 1.670752426460339564e+02
1.990575655337150636e+02 1.670682703089002530e+02
1.991573221701604268e+02 1.670612979717665496e+02
1.992570788066057901e+02 1.670543256346328462e+02
1.993568354430511533e+02 1.670473532974991429e+02
1.994565920794965166e+02 1.670403809603654395e+02
1.995563487159418798e+02 1.670334086232317361e+02
1.996561053523872431e+02 1.670264362860980327e+02
1.997558619888326064e+02 1.670194639489643293e+02
1.998556186252779696e+02 1.670124916118306260e+02
1.999553752617233329e+02 1.670055192746969226e+02
2.000551318981686961e+02 1.669985469375632192e+02
2.001548885346140594e+02 1.669915746004295158e+02
2.002546451710594226e+02 1.669846022632958125e+02
2.003544018075047859e+02 1.669776299261621091e+02
2.004541584439501491e+02 1.669706575890284057e+02
2.005539150803955124e+02 1.669636852518947023e+02
2.006536717168408757e+02 1.669567129147609990e+02
2.007534283532862389e+02 1.669497405776272956e+02
2.008531849897316022e+02 1.669427682404935922e+02
2.009529416261769654e+02 1.669357959033598888e+02
2.010526982626223287e+02 1.669288235662261854e+02
2.011524548990676919e+02 1.669218512290924821e+02
2.012522115355130552e+02 1.669148788919587787e+02
2.013519681719584185e+02 1.669079065548250753e+02
2.014517248084037817e+02 1.669009342176913719e+02
2.015514814448491450e+02 1.668939618805576686e+02
2.016512380812945082e+02 1.668869895434239652e+02
2.017509947177398715e+02 1.668800172062902618e+02
2.018507513541852347e+02 1.668730448691565584e+02
2.019505079906305980e+02 1.668660725320228551e+02
2.020502646270759612e+02 1.668591001948891517e+02
2.021500212635213245e+02 1.668521278577554483e+02
2.022497778999666878e+02 1.668451555206217449e+02
2.023495345364120510e+02 1.668381831834880415e+02
2.024492911728574143e+02 1.668312108463543382e+02
2.025490478093027775e+02 1.668242385092206348e+02
2.026488044457481408e+02 1.668172661720869314e+02
2.027485610821935040e+02 1.668102938349532280e+02
2.028483177186388673e+02 1.668033214978195247e+02
2.029480743550842305e+02 1.667963491606858213e+02
2.030478309915295938e+02 1.667893768235521179e+02
2.031475876279749571e+02 1.667824044864184145e+02
2.032473442644203203e+02 1.667754321492847112e+02
2.033471009008656836e+02 1.667684598121510078e+02
2.034468575373110468e+02 1.667614874750173044e+02
2.035466141737564101e+02 1.667545151378836010e+02
2.036463708102017733e+02 1.667475428007498977e+02
2.037461274466471366e+02 1.667405704636161943e+02
2.038458840830924998e+02 1.667335981264824909e+02
2.039456407195378631e+02 1.667266257893487875e+02
2.040453973559832264e+02 1.667196534522150841e+02
2.041451539924285896e+02 1.667126811150813808e+02
2.042449106288739529e+02 1.667057087779476774e+02
2.043446672653193161e+02 1.666987364408139740e+02
2.044444239017646794e+02 1.666917641036802706e+02
2.045441805382100426e+02 1.666847917665465673e+02
2.046439371746554059e+02 1.666778194294128639e+02
2.047436938111007692e+02 1.666708470922791605e+02
2.048434504475461324e+02 1.666638747551454571e+02
2.049432070839914957e+02 1.666569024180117538e+02
2.050429637204368589e+02 1.666499300808780504e+02
2.051427203568822222e+02 1.666429577437443470e+02
2.052424769933275854e+02 1.666359854066106436e+02
2.053422336297729487e+02 1.666290130694769402e+02
2.054419902662183119e+02 1.666220407323432369e+02
2.055417469026636752e+02 1.666150683952095335e+02
2.056415035391090385e+02 1.666080960580758301e+02
2.057412601755544017e+02 1.666011237209421267e+02
2.058410168119997650e+02 1.665941513838084234e+02
2.059407734484451282e+02 1.665871790466747200e+02
2.060405300848904915e+02 1.665802067095410166e+02
2.061402867213358547e+02 1.665732343724073132e+02
2.062400433577812180e+02 1.665662620352736099e+02
2.063397999942265812e+02 1.665592896981399065e+02
2.064395566306719445e+02 1.665523173610062031e+02
2.065393132671173078e+02 1.665453450238724997e+02
2.066390699035626710e+02 1.665383726867387963e+02
2.067388265400080343e+02 1.665314003496050930e+02
2.068385831764533975e+02 1.665244280124713896e+02
2.069383398128987608e+02 1.665174556753376862e+02
2.070380964493441240e+02 1.665104833382039828e+02
2.071378530857894873e+02 1.665035110010702795e+02
2.072376097222348506e+02 1.664965386639365761e+02
2.073373663586802138e+02 1.664895663268028727e+02
2.074371229951255771e+02 1.664825939896691693e+02
2.075368796315709403e+02 1.664756216525354660e+02
2.076366362680163036e+02 1.664686493154017626e+02
2.077363929044616668e+02 1.664616769782680592e+02
2.078361495409070301e+02 1.664547046411343558e+02
2.079359061773523933e+02 1.664477323040006524e+02
2.080356628137977566e+02 1.664407599668669491e+02
2.081354194502431199e+02 1.664337876297332457e+02
2.082351760866884831e+02 1.664268152925995423e+02
2.083349327231338464e+02 1.664198429554658389e+02
2.084346893595792096e+02 1.664128706183321356e+02
2.085344459960245729e+02 1.664058982811984322e+02
2.086342026324699361e+02 1.663989259440647288e+02
2.087339592689152994e+02 1.663919536069310254e+02
2.088337159053606626e+02 1.663849812697973221e+02
2.089334725418060259e+02 1.663780089326636187e+02
2.090332291782513892e+02 1.663710365955299153e+02
2.091329858146967524e+02 1.663640642583962119e+02
2.092327424511421157e+02 1.663570919212625085e+02
2.093324990875874789e+02 1.663501195841288052e+02
2.094322557240328422e+02 1.663431472469951018e+02
2.095320123604782054e+02 1.663361749098613984e+02
2.096317689969235687e+02 1.663292025727276950e+02
2.097315256333689319e+02 1.663222302355939917e+02
2.098312822698142952e+02 1.663152578984602883e+02
2.099310389062596585e+02 1.663082855613265849e+02
2.100307955427050217e+02 1.663013132241928815e+02
2.101305521791503850e+02 1.662943408870591782e+02
2.102303088155957482e+02 1.662873685499254748e+02
2.103300654520411115e+02 1.662803962127917714e+02
2.104298220884864747e+02 1.662734238756580680e+02
2.105295787249318380e+02 1.662664515385243647e+02
2.106293353613772013e+02 1.662594792013906613e+02
2.107290919978225645e+02 1.662525068642569579e+02
2.108288486342679278e+02 1.662455345271232545e+02
2.109286052707132910e+02 1.662385621899895511e+02
2.110283619071586543e+02 1.662315898528558478e+02
2.111281185436040175e+02 1.662246175157221444e+02
2.112278751800493808e+02 1.662176451785884410e+02
2.113276318164947440e+02 1.662106728414547376e+02
2.114273884529401073e+02 1.662037005043210343e+02
2.115271450893854706e+02 1.661967281671873309e+02
2.116269017258308338e+02 1.661897558300536275e+02
2.117266583622761971e+02 1.661827834929199241e+02
2.118264149987215603e+02 1.661758111557862208e+02
2.119261716351669236e+02 1.661688388186525174e+02
2.120259282716122868e+02 1.661618664815188140e+02
2.121256849080576501e+02 1.661548941443851106e+02
2.122254415445030133e+02 1.661479218072514072e+02
2.123251981809483766e+02 1.661409494701177039e+02
2.124249548173937399e+02 1.661339771329840005e+02
2.125247114538391031e+02 1.661270047958502971e+02
2.126244680902844664e+02 1.661200324587165937e+02
2.127535585563654195e+02 1.661110098785474349e+02
2.127605308934991228e+02 1.662107665149927982e+02
2.127675032306328262e+02 1.663105231514381614e+02
2.127744755677665296e+02 1.664102797878835247e+02
2.127814479049002330e+02 1.665100364243288880e+02
2.127884202420339363e+02 1.666097930607742512e+02
2.127953925791676397e+02 1.667095496972196145e+02
2.128023649163013431e+02 1.668093063336649777e+02
2.128093372534350465e+02 1.669090629701103410e+02
2.128163095905687499e+02 1.670088196065557042e+02
2.128232819277024532e+02 1.671085762430010675e+02
2.128302542648361566e+02 1.672083328794464308e+02
2.128372266019698600e+02 1.673080895158917940e+02
2.128441989391035634e+02 1.674078461523371573e+02
2.128511712762372667e+02 1.675076027887825205e+02
2.128581436133709701e+02 1.676073594252278838e+02
2.128651159505046735e+02 1.677071160616732470e+02
2.128720882876383769e+02 1.678068726981186103e+02
2.128790606247720802e+02 1.679066293345639735e+02
2.128860329619057836e+02 1.680063859710093368e+02
2.128930052990394870e+02 1.681061426074547001e+02
2.128999776361731904e+02 1.682058992439000633e+02
2.129069499733068938e+02 1.683056558803454266e+02
2.129139223104405971e+02 1.684054125167907898e+02
2.129208946475743005e+02 1.685051691532361531e+02
2.129278669847080039e+02 1.686049257896815163e+02
2.129348393218417073e+02 1.687046824261268796e+02
2.129418116589754106e+02 1.688044390625722428e+02
2.129487839961091140e+02 1.689041956990176061e+02
2.129557563332428174e+02 1.690039523354629694e+02
2.129627286703765208e+02 1.691037089719083326e+02
2.129697010075102241e+02 1.692034656083536959e+02
2.129766733446439275e+02 1.693032222447990591e+02
2.129836456817776309e+02 1.694029788812444224e+02
2.129906180189113343e+02 1.695027355176897856e+02
2.129975903560450377e+02 1.696024921541351489e+02
2.130045626931787410e+02 1.697022487905805121e+02
2.130115350303124444e+02 1.698020054270258754e+02
2.130185073674461478e+02 1.699017620634712387e+02
2.130254797045798512e+02 1.700015186999166019e+02
2.130324520417135545e+02 1.701012753363619652e+02
2.130394243788472579e+02 1.702010319728073284e+02
2.130463967159809613e+02 1.703007886092526917e+02
2.130533690531146647e+02 1.704005452456980549e+02
2.130603413902483680e+02 1.705003018821434182e+02
2.130673137273820714e+02 1.706000585185887815e+02
2.130742860645157748e+02 1.706998151550341447e+02
2.130812584016494782e+02 1.707995717914795080e+02
2.130882307387831816e+02 1.708993284279248712e+02
2.130952030759168849e+02 1.709990850643702345e+02
2.131021754130505883e+02 1.710988417008155977e+02
2.131091477501842917e+02 1.711985983372609610e+02
2.131161200873179951e+02 1.712983549737063242e+02
2.131230924244516984e+02 1.713981116101516875e+02
2.131300647615854018e+02 1.714978682465970508e+02
2.131370370987191052e+02 1.715976248830424140e+02
2.131440094358528086e+02 1.716973815194877773e+02
2.131509817729865119e+02 1.717971381559331405e+02
2.131579541101202153e+02 1.718968947923785038e+02
2.131649264472539187e+02 1.719966514288238670e+02
2.131718987843876221e+02 1.720964080652692303e+02
2.131788711215213254e+02 1.721961647017145935e+02
2.131858434586550288e+02 1.722959213381599568e+02
2.131928157957887322e+02 1.723956779746053201e+02
2.131997881329224356e+02 1.724954346110506833e+02
2.132067604700561390e+02 1.725951912474960466e+02
2.132137328071898423e+02 1.726949478839414098e+02
2.132207051443235457e+02 1.727947045203867731e+02
2.132276774814572491e+02 1.728944611568321363e+02
2.132346498185909525e+02 1.729942177932774996e+02
2.132416221557246558e+02 1.730939744297228629e+02
2.132485944928583592e+02 1.731937310661682261e+02
2.132555668299920626e+02 1.732934877026135894e+02
2.132625391671257660e+02 1.733932443390589526e+02
2.132695115042594693e+02 1.734930009755043159e+02
2.132764838413931727e+02 1.735927576119496791e+02
2.132834561785268761e+02 1.736925142483950424e+02
2.132904285156605795e+02 1.737922708848404056e+02
2.132974008527942829e+02 1.738920275212857689e+02
2.133043731899279862e+02 1.739917841577311322e+02
2.133113455270616896e+02 1.740915407941764954e+02
2.133183178641953930e+02 1.741912974306218587e+02
2.133252902013290964e+02 1.742910540670672219e+02
2.133322625384627997e+02 1.743908107035125852e+02
2.133392348755965031e+02 1.744905673399579484e+02
2.133462072127302065e+02 1.745903239764033117e+02
2.133531795498639099e+02 1.746900806128486749e+02
2.133601518869976132e+02 1.747898372492940382e+02
2.133671242241313166e+02 1.748895938857394015e+02
2.133740965612650200e+02 1.749893505221847647e+02
2.133810688983987234e+02 1.750891071586301280e+02
2.133880412355324268e+02 1.751888637950754912e+02
2.133950135726661301e+02 1.752886204315208545e+02
2.134019859097998335e+02 1.753883770679662177e+02
2.134089582469335369e+02 1.754881337044115810e+02
2.134159305840672403e+02 1.755878903408569442e+02
2.134229029212009436e+02 1.756876469773023075e+02
2.134298752583346470e+02 1.757874036137476708e+02
2.134368475954683504e+02 1.758871602501930340e+02
2.134438199326020538e+02 1.759869168866383973e+02
2.134507922697357571e+02 1.760866735230837605e+02
2.134577646068694605e+02 1.761864301595291238e+02
2.134647369440031639e+02 1.762861867959744870e+02
2.134717092811368673e+02 1.763859434324198503e+02
2.134786816182705707e+02 1.764857000688652136e+02
2.134856539554042740e+02 1.765854567053105768e+02
2.134926262925379774e+02 1.766852133417559401e+02
2.134995986296716808e+02 1.767849699782013033e+02
2.135065709668053842e+02 1.768847266146466666e+02
2.135135433039390875e+02 1.769844832510920298e+02
2.135205156410727909e+02 1.770842398875373931e+02
2.135274879782064943e+02 1.771839965239827563e+02
2.135344603153401977e+02 1.772837531604281196e+02
2.135414326524739010e+02 1.773835097968734829e+02
2.135484049896076044e+02 1.774832664333188461e+02
2.135553773267413078e+02 1.775830230697642094e+02
2.135623496638750112e+02 1.776827797062095726e+02
2.135693220010087146e+02 1.777825363426549359e+02
2.135762943381424179e+02 1.778822929791002991e+02
2.135832666752761213e+02 1.779820496155456624e+02
2.135902390124098247e+02 1.780818062519910256e+02
2.135972113495435281e+02 1.781815628884363889e+02
2.136041836866772314e+02 1.782813195248817522e+02
2.136111560238109348e+02 1.783810761613271154e+02
2.136181283609446382e+02 1.784808327977724787e+02
2.136251006980783416e+02 1.785805894342178419e+02
2.136320730352120449e+02 1.786803460706632052e+02
2.136390453723457483e+02 1.787801027071085684e+02
2.136460177094794517e+02 1.788798593435539317e+02
2.136529900466131551e+02 1.789796159799992950e+02
2.136599623837468584e+02 1.790793726164446582e+02
2.136669347208805618e+02 1.791791292528900215e+02
2.136739070580142652e+02 1.792788858893353847e+02
2.136808793951479686e+02 1.793786425257807480e+02
2.136878517322816720e+02 1.794783991622261112e+02
2.136948240694153753e+02 1.795781557986714745e+02
2.137017964065490787e+02 1.796779124351168377e+02
2.137087687436827821e+02 1.797776690715622010e+02
2.137157410808164855e+02 1.798774257080075643e+02
2.137227134179501888e+02 1.799771823444529275e+02
2.137296857550838922e+02 1.800769389808982908e+02
2.137366580922175956e+02 1.801766956173436540e+02
2.137436304293512990e+02 1.802764522537890173e+02
2.137506027664850023e+02 1.803762088902343805e+02
2.137575751036187057e+02 1.804759655266797438e+02
2.137645474407524091e+02 1.805757221631251070e+02
2.137715197778861125e+02 1.806754787995704703e+02
2.137784921150198159e+02 1.807752354360158336e+02
2.137854644521535192e+02 1.808749920724611968e+02
2.137924367892872226e+02 1.809747487089065601e+02
2.137994091264209260e+02 1.810745053453519233e+02
2.138063814635546294e+02 1.811742619817972866e+02
2.138133538006883327e+02 1.812740186182426498e+02
2.138203261378220361e+02 1.813737752546880131e+02
2.138272984749557395e+02 1.814735318911333763e+02
2.138342708120894429e+02 1.815732885275787396e+02
2.138412431492231462e+02 1.816730451640241029e+02
2.138482154863568496e+02 1.817728018004694661e+02
2.138551878234905530e+02 1.818725584369148294e+02
2.138621601606242564e+02 1.819723150733601926e+02
2.138691324977579598e+02 1.820720717098055559e+02
2.138761048348916631e+02 1.821718283462509191e+02
2.138830771720253665e+02 1.822715849826962824e+02
2.138900495091590699e+02 1.823713416191416457e+02
2.138970218462927733e+02 1.824710982555870089e+02
2.139039941834264766e+02 1.825708548920323722e+02
2.139109665205601800e+02 1.826706115284777354e+02
2.139179388576938834e+02 1.827703681649230987e+02
2.139249111948275868e+02 1.828701248013684619e+02
2.139318835319612901e+02 1.829698814378138252e+02
2.139388558690949935e+02 1.830696380742591884e+02
2.139458282062286969e+02 1.831693947107045517e+02
2.139528005433624003e+02 1.832691513471499150e+02
2.139597728804961037e+02 1.833689079835952782e+02
2.139667452176298070e+02 1.834686646200406415e+02
2.139737175547635104e+02 1.835684212564860047e+02
2.139806898918972138e+02 1.836681778929313680e+02
2.139876622290309172e+02 1.837679345293767312e+02
2.139946345661646205e+02 1.838676911658220945e+02
2.140016069032983239e+02 1.839674478022674577e+02
2.140085792404320273e+02 1.840672044387128210e+02
2.140155515775657307e+02 1.841669610751581843e+02
2.140225239146994340e+02 1.842667177116035475e+02
2.140294962518331374e+02 1.843664743480489108e+02
2.140364685889668408e+02 1.844662309844942740e+02
2.140434409261005442e+02 1.845659876209396373e+02
2.140504132632342476e+02 1.846657442573850005e+02
2.140573856003679509e+02 1.847655008938303638e+02
2.140643579375016543e+02 1.848652575302757270e+02
2.140762395794237420e+02 1.850352539907324285e+02
