1.313430579622272205e+02 6.371306870161637192e+01
1.312551587559150050e+02 6.366538506155313115e+01
1.311672595496027895e+02 6.361770142148989038e+01
1.310793603432905741e+02 6.357001778142664961e+01
1.309914611369783586e+02 6.352233414136340883e+01
1.309035619306661431e+02 6.347465050130016806e+01
1.308156627243539276e+02 6.342696686123692729e+01
1.307277635180417121e+02 6.337928322117368651e+01
1.306398643117294966e+02 6.333159958111044574e+01
1.305519651054172812e+02 6.328391594104720497e+01
1.304640658991050657e+02 6.323623230098396419e+01
1.303761666927928502e+02 6.318854866092072342e+01
1.302882674864806347e+02 6.314086502085748265e+01
1.302003682801684192e+02 6.309318138079424187e+01
1.301124690738562037e+02 6.304549774073100110e+01
1.300245698675439883e+02 6.299781410066776033e+01
1.299366706612317728e+02 6.295013046060451956e+01
1.298487714549195573e+02 6.290244682054127878e+01
1.297608722486073418e+02 6.285476318047803801e+01
1.296729730422951263e+02 6.280707954041479724e+01
1.295850738359829109e+02 6.275939590035155646e+01
1.294971746296706954e+02 6.271171226028831569e+01
1.294092754233584799e+02 6.266402862022507492e+01
1.293213762170462644e+02 6.261634498016183414e+01
1.292334770107340489e+02 6.256866134009859337e+01
1.291455778044218334e+02 6.252097770003535260e+01
1.290576785981096180e+02 6.247329405997211182e+01
1.289697793917974025e+02 6.242561041990887105e+01
1.288818801854851870e+02 6.237792677984563028e+01
1.287939809791729715e+02 6.233024313978238951e+01
1.287060817728607560e+02 6.228255949971914873e+01
1.286181825665485405e+02 6.223487585965590796e+01
1.285302833602363251e+02 6.218719221959266719e+01
1.284423841539241096e+02 6.213950857952942641e+01
1.283544849476118941e+02 6.209182493946618564e+01
1.282665857412996786e+02 6.204414129940294487e+01
1.281786865349874631e+02 6.199645765933970409e+01
1.280907873286752476e+02 6.194877401927646332e+01
1.280028881223630322e+02 6.190109037921322255e+01
1.279149889160508025e+02 6.185340673914998177e+01
1.278270897097385728e+02 6.180572309908674100e+01
1.277391905034263431e+02 6.175803945902350023e+01
1.276512912971141134e+02 6.171035581896025946e+01
1.275633920908018837e+02 6.166267217889701868e+01
1.274754928844896540e+02 6.161498853883377791e+01
1.273875936781774243e+02 6.156730489877053714e+01
1.272996944718651946e+02 6.151962125870729636e+01
1.272117952655529649e+02 6.147193761864405559e+01
1.271238960592407352e+02 6.142425397858081482e+01
1.270359968529285055e+02 6.137657033851757404e+01
1.269480976466162758e+02 6.132888669845433327e+01
1.268601984403040461e+02 6.128120305839109250e+01
1.267722992339918164e+02 6.123351941832785172e+01
1.266844000276795867e+02 6.118583577826461095e+01
1.265965008213673570e+02 6.113815213820137018e+01
1.265086016150551274e+02 6.109046849813812941e+01
1.264207024087428977e+02 6.104278485807488863e+01
1.263328032024306680e+02 6.099510121801164786e+01
1.262449039961184383e+02 6.094741757794840709e+01
1.261570047898062086e+02 6.089973393788516631e+01
1.260691055834939789e+02 6.085205029782192554e+01
1.259812063771817492e+02 6.080436665775868477e+01
1.258933071708695195e+02 6.075668301769544399e+01
1.258054079645572898e+02 6.070899937763220322e+01
1.257175087582450601e+02 6.066131573756896245e+01
1.256296095519328304e+02 6.061363209750572167e+01
1.255417103456206007e+02 6.056594845744248090e+01
1.254538111393083710e+02 6.051826481737924013e+01
1.253659119329961413e+02 6.047058117731599935e+01
1.252780127266839116e+02 6.042289753725275858e+01
1.251901135203716819e+02 6.037521389718951781e+01
1.251022143140594522e+02 6.032753025712627704e+01
1.250143151077472226e+02 6.027984661706303626e+01
1.249264159014349929e+02 6.023216297699979549e+01
1.248385166951227632e+02 6.018447933693655472e+01
1.247506174888105335e+02 6.013679569687331394e+01
1.246627182824983038e+02 6.008911205681007317e+01
1.245748190761860741e+02 6.004142841674683240e+01
1.244869198698738444e+02 5.999374477668359162e+01
1.243990206635616147e+02 5.994606113662035085e+01
1.243111214572493850e+02 5.989837749655711008e+01
1.242232222509371553e+02 5.985069385649386930e+01
1.241353230446249256e+02 5.980301021643062853e+01
1.240474238383126959e+02 5.975532657636738776e+01
1.239595246320004662e+02 5.970764293630414699e+01
1.238716254256882365e+02 5.965995929624090621e+01
1.237837262193760068e+02 5.961227565617766544e+01
1.236958270130637771e+02 5.956459201611442467e+01
1.236079278067515475e+02 5.951690837605118389e+01
1.235200286004393178e+02 5.946922473598794312e+01
1.234321293941270881e+02 5.942154109592470235e+01
1.233442301878148584e+02 5.937385745586146157e+01
1.232563309815026287e+02 5.932617381579822080e+01
1.231684317751903990e+02 5.927849017573498003e+01
1.230805325688781693e+02 5.923080653567173925e+01
1.229926333625659396e+02 5.918312289560849848e+01
1.229047341562537099e+02 5.913543925554525771e+01
1.228168349499414802e+02 5.908775561548201694e+01
1.227289357436292505e+02 5.904007197541877616e+01
1.226410365373170208e+02 5.899238833535553539e+01
1.225531373310047911e+02 5.894470469529229462e+01
1.224652381246925614e+02 5.889702105522905384e+01
1.223773389183803317e+02 5.884933741516581307e+01
1.222894397120681020e+02 5.880165377510257230e+01
1.222015405057558723e+02 5.875397013503933152e+01
1.221136412994436427e+02 5.870628649497609075e+01
1.220257420931314130e+02 5.865860285491284998e+01
1.219378428868191833e+02 5.861091921484960920e+01
1.218499436805069536e+02 5.856323557478636843e+01
1.217620444741947239e+02 5.851555193472312766e+01
1.216741452678824942e+02 5.846786829465988689e+01
1.215862460615702645e+02 5.842018465459664611e+01
1.214983468552580348e+02 5.837250101453340534e+01
1.214104476489458051e+02 5.832481737447016457e+01
1.213225484426335754e+02 5.827713373440692379e+01
1.212346492363213457e+02 5.822945009434368302e+01
1.211467500300091160e+02 5.818176645428044225e+01
1.210588508236968863e+02 5.813408281421720147e+01
1.209709516173846566e+02 5.808639917415396070e+01
1.208830524110724269e+02 5.803871553409071993e+01
1.207951532047601972e+02 5.799103189402747915e+01
1.207072539984479675e+02 5.794334825396423838e+01
1.206193547921357379e+02 5.789566461390099761e+01
1.205314555858235082e+02 5.784798097383775684e+01
1.204435563795112785e+02 5.780029733377451606e+01
1.203556571731990488e+02 5.775261369371127529e+01
1.202677579668868191e+02 5.770493005364803452e+01
1.201798587605745894e+02 5.765724641358479374e+01
1.200919595542623597e+02 5.760956277352155297e+01
1.200040603479501300e+02 5.756187913345831220e+01
1.199161611416379003e+02 5.751419549339507142e+01
1.198282619353256706e+02 5.746651185333183065e+01
1.197403627290134409e+02 5.741882821326858988e+01
1.196524635227012112e+02 5.737114457320534910e+01
1.195645643163889815e+02 5.732346093314210833e+01
1.194766651100767518e+02 5.727577729307886756e+01
1.193887659037645221e+02 5.722809365301562678e+01
1.193008666974522924e+02 5.718041001295238601e+01
1.192129674911400627e+02 5.713272637288914524e+01
1.191250682848278331e+02 5.708504273282590447e+01
1.190371690785156034e+02 5.703735909276266369e+01
1.189492698722033737e+02 5.698967545269942292e+01
1.188613706658911440e+02 5.694199181263618215e+01
1.187734714595789143e+02 5.689430817257294137e+01
1.186855722532666846e+02 5.684662453250970060e+01
1.185976730469544549e+02 5.679894089244645983e+01
1.185097738406422252e+02 5.675125725238321905e+01
1.184218746343299955e+02 5.670357361231997828e+01
1.183339754280177658e+02 5.665588997225673751e+01
1.182460762217055361e+02 5.660820633219349673e+01
1.181581770153933064e+02 5.656052269213025596e+01
1.180702778090810767e+02 5.651283905206701519e+01
1.179823786027688470e+02 5.646515541200377442e+01
1.178944793964566173e+02 5.641747177194053364e+01
1.178065801901443876e+02 5.636978813187729287e+01
1.177186809838321579e+02 5.632210449181405210e+01
1.176307817775199283e+02 5.627442085175081132e+01
1.175428825712076986e+02 5.622673721168757055e+01
1.174549833648954689e+02 5.617905357162432978e+01
1.173670841585832392e+02 5.613136993156108900e+01
1.172791849522710095e+02 5.608368629149784823e+01
1.171912857459587798e+02 5.603600265143460746e+01
1.171033865396465501e+02 5.598831901137136668e+01
1.170154873333343204e+02 5.594063537130812591e+01
1.169275881270220907e+02 5.589295173124488514e+01
1.168396889207098610e+02 5.584526809118164437e+01
1.167517897143976313e+02 5.579758445111840359e+01
1.166638905080854016e+02 5.574990081105516282e+01
1.165759913017731719e+02 5.570221717099192205e+01
1.164880920954609422e+02 5.565453353092868127e+01
1.164001928891487125e+02 5.560684989086544050e+01
1.163122936828364828e+02 5.555916625080219973e+01
1.162243944765242532e+02 5.551148261073895895e+01
1.161364952702120235e+02 5.546379897067571818e+01
1.160485960638997938e+02 5.541611533061247741e+01
1.159606968575875641e+02 5.536843169054923663e+01
1.158727976512753344e+02 5.532074805048599586e+01
1.157848984449631047e+02 5.527306441042275509e+01
1.156969992386508750e+02 5.522538077035951432e+01
1.156091000323386453e+02 5.517769713029627354e+01
1.155212008260264156e+02 5.513001349023303277e+01
1.154333016197141859e+02 5.508232985016979200e+01
1.153454024134019562e+02 5.503464621010655122e+01
1.152575032070897265e+02 5.498696257004331045e+01
1.151696040007774968e+02 5.493927892998006968e+01
1.150817047944652671e+02 5.489159528991682890e+01
1.149938055881530374e+02 5.484391164985358813e+01
1.149059063818408077e+02 5.479622800979034736e+01
1.148180071755285780e+02 5.474854436972710658e+01
1.147301079692163484e+02 5.470086072966386581e+01
1.146422087629041187e+02 5.465317708960062504e+01
1.145543095565918890e+02 5.460549344953738427e+01
1.144664103502796593e+02 5.455780980947414349e+01
1.143785111439674296e+02 5.451012616941090272e+01
1.142906119376551999e+02 5.446244252934766195e+01
1.142027127313429702e+02 5.441475888928442117e+01
1.141148135250307405e+02 5.436707524922118040e+01
1.140269143187185108e+02 5.431939160915793963e+01
1.139390151124062811e+02 5.427170796909469885e+01
1.138511159060940514e+02 5.422402432903145808e+01
1.137632166997818217e+02 5.417634068896821731e+01
1.136753174934695920e+02 5.412865704890497653e+01
1.135874182871573623e+02 5.408097340884173576e+01
1.134995190808451326e+02 5.403328976877849499e+01
1.134116198745329029e+02 5.398560612871525421e+01
1.133237206682206732e+02 5.393792248865201344e+01
1.132358214619084436e+02 5.389023884858877267e+01
1.131479222555962139e+02 5.384255520852553190e+01
1.130600230492839842e+02 5.379487156846229112e+01
1.129721238429717545e+02 5.374718792839905035e+01
1.128842246366595248e+02 5.369950428833580958e+01
1.127963254303472951e+02 5.365182064827256880e+01
1.127084262240350654e+02 5.360413700820932803e+01
1.126205270177228357e+02 5.355645336814608726e+01
1.125326278114106060e+02 5.350876972808284648e+01
1.124447286050983763e+02 5.346108608801960571e+01
1.123568293987861466e+02 5.341340244795636494e+01
1.122689301924739169e+02 5.336571880789312416e+01
1.121810309861616872e+02 5.331803516782988339e+01
1.120931317798494575e+02 5.327035152776664262e+01
1.120052325735372278e+02 5.322266788770340185e+01
1.119173333672249981e+02 5.317498424764016107e+01
1.118294341609127684e+02 5.312730060757692030e+01
1.117415349546005388e+02 5.307961696751367953e+01
1.116536357482883091e+02 5.303193332745043875e+01
1.115657365419760794e+02 5.298424968738719798e+01
1.114778373356638497e+02 5.293656604732395721e+01
1.113899381293516200e+02 5.288888240726071643e+01
1.113020389230393903e+02 5.284119876719747566e+01
1.112141397167271606e+02 5.279351512713423489e+01
1.111262405104149309e+02 5.274583148707099411e+01
1.110383413041027012e+02 5.269814784700775334e+01
1.109504420977904715e+02 5.265046420694451257e+01
1.108625428914782418e+02 5.260278056688127180e+01
1.107746436851660121e+02 5.255509692681803102e+01
1.106867444788537824e+02 5.250741328675479025e+01
1.105988452725415527e+02 5.245972964669154948e+01
1.105109460662293230e+02 5.241204600662830870e+01
1.104230468599170933e+02 5.236436236656506793e+01
1.103351476536048636e+02 5.231667872650182716e+01
1.102472484472926340e+02 5.226899508643858638e+01
1.101593492409804043e+02 5.222131144637534561e+01
1.100714500346681746e+02 5.217362780631210484e+01
1.099835508283559449e+02 5.212594416624886406e+01
1.098956516220437152e+02 5.207826052618562329e+01
1.098077524157314855e+02 5.203057688612238252e+01
1.097198532094192558e+02 5.198289324605914175e+01
1.096319540031070261e+02 5.193520960599590097e+01
1.095440547967947964e+02 5.188752596593266020e+01
1.094561555904825667e+02 5.183984232586941943e+01
1.093682563841703370e+02 5.179215868580617865e+01
1.092803571778581073e+02 5.174447504574293788e+01
1.091924579715458776e+02 5.169679140567969711e+01
1.091045587652336479e+02 5.164910776561645633e+01
1.090166595589214182e+02 5.160142412555321556e+01
1.089287603526091885e+02 5.155374048548997479e+01
1.088408611462969589e+02 5.150605684542673401e+01
1.087529619399847292e+02 5.145837320536349324e+01
1.086650627336724995e+02 5.141068956530025247e+01
1.085771635273602698e+02 5.136300592523701170e+01
1.084892643210480401e+02 5.131532228517377092e+01
1.084013651147358104e+02 5.126763864511053015e+01
1.083134659084235807e+02 5.121995500504728938e+01
1.082255667021113510e+02 5.117227136498404860e+01
1.081376674957991213e+02 5.112458772492080783e+01
1.080497682894868916e+02 5.107690408485756706e+01
1.079618690831746619e+02 5.102922044479432628e+01
1.078739698768624322e+02 5.098153680473108551e+01
1.077860706705502025e+02 5.093385316466784474e+01
1.076981714642379728e+02 5.088616952460460396e+01
1.076102722579257431e+02 5.083848588454136319e+01
1.075223730516135134e+02 5.079080224447812242e+01
1.074344738453012837e+02 5.074311860441488164e+01
1.073465746389890541e+02 5.069543496435164087e+01
1.072586754326768244e+02 5.064775132428840010e+01
1.071707762263645947e+02 5.060006768422515933e+01
1.070828770200523650e+02 5.055238404416191855e+01
1.069949778137401353e+02 5.050470040409867778e+01
1.069070786074279056e+02 5.045701676403543701e+01
1.068191794011156759e+02 5.040933312397219623e+01
1.067312801948034462e+02 5.036164948390895546e+01
1.066433809884912165e+02 5.031396584384571469e+01
1.065554817821789868e+02 5.026628220378247391e+01
1.064675825758667571e+02 5.021859856371923314e+01
1.063796833695545274e+02 5.017091492365599237e+01
1.062917841632422977e+02 5.012323128359275159e+01
1.062038849569300680e+02 5.007554764352951082e+01
1.061159857506178383e+02 5.002786400346627005e+01
1.060280865443056086e+02 4.998018036340302928e+01
1.059401873379933789e+02 4.993249672333978850e+01
1.058522881316811493e+02 4.988481308327654773e+01
1.057643889253689196e+02 4.983712944321330696e+01
1.056764897190566899e+02 4.978944580315006618e+01
1.055885905127444602e+02 4.974176216308682541e+01
1.055006913064322305e+02 4.969407852302358464e+01
1.054127921001200008e+02 4.964639488296034386e+01
1.053248928938077711e+02 4.959871124289710309e+01
1.052369936874955414e+02 4.955102760283386232e+01
1.051490944811833117e+02 4.950334396277062154e+01
1.050611952748710820e+02 4.945566032270738077e+01
1.049732960685588523e+02 4.940797668264414000e+01
1.048853968622466226e+02 4.936029304258089923e+01
1.047974976559343929e+02 4.931260940251765845e+01
1.047095984496221632e+02 4.926492576245441768e+01
1.046216992433099335e+02 4.921724212239117691e+01
1.045338000369977038e+02 4.916955848232793613e+01
1.044459008306854741e+02 4.912187484226469536e+01
1.043580016243732445e+02 4.907419120220145459e+01
1.042701024180610148e+02 4.902650756213821381e+01
1.041822032117487851e+02 4.897882392207497304e+01
1.040943040054365554e+02 4.893114028201173227e+01
1.040064047991243257e+02 4.888345664194849149e+01
1.039185055928120960e+02 4.883577300188525072e+01
1.038306063864998663e+02 4.878808936182200995e+01
1.037427071801876366e+02 4.874040572175876918e+01
1.036548079738754069e+02 4.869272208169552840e+01
1.035669087675631772e+02 4.864503844163228763e+01
1.034790095612509475e+02 4.859735480156904686e+01
1.033911103549387178e+02 4.854967116150580608e+01
1.033032111486264881e+02 4.850198752144256531e+01
1.032153119423142584e+02 4.845430388137932454e+01
1.031274127360020287e+02 4.840662024131608376e+01
1.030395135296897990e+02 4.835893660125284299e+01
1.029516143233775693e+02 4.831125296118960222e+01
1.028637151170653397e+02 4.826356932112636144e+01
1.027758159107531100e+02 4.821588568106312067e+01
1.026879167044408803e+02 4.816820204099987990e+01
1.026000174981286506e+02 4.812051840093663913e+01
1.025121182918164209e+02 4.807283476087339835e+01
1.024242190855041912e+02 4.802515112081015758e+01
1.023363198791919615e+02 4.797746748074691681e+01
1.022484206728797318e+02 4.792978384068367603e+01
1.021605214665675021e+02 4.788210020062043526e+01
1.020726222602552724e+02 4.783441656055719449e+01
1.019847230539430427e+02 4.778673292049395371e+01
1.018968238476308130e+02 4.773904928043071294e+01
1.018089246413185833e+02 4.769136564036747217e+01
1.017210254350063536e+02 4.764368200030423139e+01
1.016331262286941239e+02 4.759599836024099062e+01
1.015452270223818942e+02 4.754831472017774985e+01
1.014573278160696646e+02 4.750063108011450907e+01
1.013694286097574349e+02 4.745294744005126830e+01
1.012815294034452052e+02 4.740526379998802753e+01
1.011936301971329755e+02 4.735758015992478676e+01
1.011057309908207458e+02 4.730989651986154598e+01
1.010178317845085161e+02 4.726221287979830521e+01
1.009299325781962864e+02 4.721452923973506444e+01
1.008420333718840567e+02 4.716684559967182366e+01
1.007541341655718270e+02 4.711916195960858289e+01
1.006662349592595973e+02 4.707147831954534212e+01
1.005783357529473676e+02 4.702379467948210134e+01
1.004904365466351379e+02 4.697611103941886057e+01
1.004025373403229082e+02 4.692842739935561980e+01
1.003146381340106785e+02 4.688074375929237902e+01
1.002267389276984488e+02 4.683306011922913825e+01
1.001388397213862191e+02 4.678537647916589748e+01
1.000509405150739894e+02 4.673769283910265671e+01
9.996304130876175975e+01 4.669000919903941593e+01
9.987514210244953006e+01 4.664232555897617516e+01
9.978724289613730036e+01 4.659464191891293439e+01
9.969934368982507067e+01 4.654695827884969361e+01
9.954249824502258548e+01 4.646187262166056087e+01
9.959018188508582625e+01 4.637397341534833117e+01
9.963786552514906703e+01 4.628607420903610148e+01
9.968554916521230780e+01 4.619817500272387178e+01
9.973323280527554857e+01 4.611027579641164209e+01
9.978091644533878934e+01 4.602237659009941240e+01
9.982860008540203012e+01 4.593447738378718270e+01
9.987628372546527089e+01 4.584657817747495301e+01
9.992396736552851166e+01 4.575867897116272331e+01
9.997165100559175244e+01 4.567077976485049362e+01
1.000193346456549932e+02 4.558288055853826393e+01
1.000670182857182340e+02 4.549498135222603423e+01
1.001147019257814748e+02 4.540708214591380454e+01
1.001623855658447155e+02 4.531918293960157484e+01
1.002100692059079563e+02 4.523128373328934515e+01
1.002577528459711971e+02 4.514338452697711546e+01
1.003054364860344378e+02 4.505548532066488576e+01
1.003531201260976786e+02 4.496758611435265607e+01
1.004008037661609194e+02 4.487968690804042637e+01
1.004484874062241602e+02 4.479178770172819668e+01
1.004961710462874009e+02 4.470388849541596699e+01
1.005438546863506417e+02 4.461598928910373729e+01
1.005915383264138825e+02 4.452809008279150760e+01
1.006392219664771233e+02 4.444019087647927790e+01
1.006869056065403640e+02 4.435229167016704821e+01
1.007345892466036048e+02 4.426439246385481852e+01
1.007822728866668456e+02 4.417649325754258882e+01
1.008299565267300864e+02 4.408859405123035913e+01
1.008776401667933271e+02 4.400069484491812943e+01
1.009253238068565679e+02 4.391279563860589974e+01
1.009730074469198087e+02 4.382489643229367005e+01
1.010206910869830494e+02 4.373699722598144035e+01
1.010683747270462902e+02 4.364909801966921066e+01
1.011160583671095310e+02 4.356119881335698096e+01
1.011637420071727718e+02 4.347329960704475127e+01
1.012114256472360125e+02 4.338540040073252158e+01
1.012591092872992533e+02 4.329750119442029188e+01
1.013067929273624941e+02 4.320960198810806219e+01
1.013544765674257349e+02 4.312170278179583249e+01
1.014021602074889756e+02 4.303380357548360280e+01
1.014498438475522164e+02 4.294590436917137311e+01
1.014975274876154572e+02 4.285800516285914341e+01
1.015452111276786979e+02 4.277010595654691372e+01
1.015928947677419387e+02 4.268220675023468402e+01
1.016405784078051795e+02 4.259430754392245433e+01
1.016882620478684203e+02 4.250640833761022463e+01
1.017359456879316610e+02 4.241850913129799494e+01
1.017836293279949018e+02 4.233060992498576525e+01
1.018313129680581426e+02 4.224271071867353555e+01
1.018789966081213834e+02 4.215481151236130586e+01
1.019266802481846241e+02 4.206691230604907616e+01
1.019743638882478649e+02 4.197901309973684647e+01
1.020220475283111057e+02 4.189111389342461678e+01
1.020697311683743465e+02 4.180321468711238708e+01
1.021174148084375872e+02 4.171531548080015739e+01
1.021650984485008280e+02 4.162741627448792769e+01
1.022127820885640688e+02 4.153951706817569800e+01
1.022604657286273095e+02 4.145161786186346831e+01
1.023081493686905503e+02 4.136371865555123861e+01
1.023558330087537911e+02 4.127581944923900892e+01
1.024035166488170319e+02 4.118792024292677922e+01
1.024512002888802726e+02 4.110002103661454953e+01
1.024988839289435134e+02 4.101212183030231984e+01
1.025465675690067542e+02 4.092422262399009014e+01
1.025942512090699950e+02 4.083632341767786045e+01
1.026419348491332357e+02 4.074842421136563075e+01
1.026896184891964765e+02 4.066052500505340106e+01
1.027373021292597173e+02 4.057262579874117137e+01
1.027849857693229580e+02 4.048472659242894167e+01
1.028326694093861988e+02 4.039682738611671198e+01
1.028803530494494396e+02 4.030892817980448228e+01
1.029280366895126804e+02 4.022102897349225259e+01
1.029757203295759211e+02 4.013312976718002290e+01
1.030234039696391619e+02 4.004523056086779320e+01
1.030710876097024027e+02 3.995733135455556351e+01
1.031187712497656435e+02 3.986943214824333381e+01
1.031664548898288842e+02 3.978153294193110412e+01
1.032141385298921250e+02 3.969363373561887443e+01
1.032618221699553658e+02 3.960573452930664473e+01
1.033095058100186066e+02 3.951783532299441504e+01
1.033571894500818473e+02 3.942993611668218534e+01
1.034048730901450881e+02 3.934203691036995565e+01
1.034525567302083289e+02 3.925413770405772595e+01
1.035002403702715696e+02 3.916623849774549626e+01
1.035479240103348104e+02 3.907833929143326657e+01
1.035956076503980512e+02 3.899044008512103687e+01
1.036432912904612920e+02 3.890254087880880718e+01
1.036909749305245327e+02 3.881464167249657748e+01
1.037386585705877735e+02 3.872674246618434779e+01
1.037863422106510143e+02 3.863884325987211810e+01
1.038340258507142551e+02 3.855094405355988840e+01
1.038817094907774958e+02 3.846304484724765871e+01
1.039293931308407366e+02 3.837514564093542901e+01
1.039770767709039774e+02 3.828724643462319932e+01
1.040247604109672181e+02 3.819934722831096963e+01
1.040724440510304589e+02 3.811144802199873993e+01
1.041201276910936997e+02 3.802354881568651024e+01
1.041678113311569405e+02 3.793564960937428054e+01
1.042154949712201812e+02 3.784775040306205085e+01
1.042631786112834220e+02 3.775985119674982116e+01
1.043108622513466628e+02 3.767195199043759146e+01
1.043585458914099036e+02 3.758405278412536177e+01
1.044062295314731443e+02 3.749615357781313207e+01
1.044539131715363851e+02 3.740825437150090238e+01
1.045015968115996259e+02 3.732035516518867269e+01
1.045492804516628667e+02 3.723245595887644299e+01
1.045969640917261074e+02 3.714455675256421330e+01
1.046446477317893482e+02 3.705665754625198360e+01
1.046923313718525890e+02 3.696875833993975391e+01
1.047400150119158297e+02 3.688085913362752422e+01
1.047876986519790705e+02 3.679295992731529452e+01
1.048353822920423113e+02 3.670506072100306483e+01
1.048830659321055521e+02 3.661716151469083513e+01
1.049307495721687928e+02 3.652926230837860544e+01
1.049784332122320336e+02 3.644136310206637575e+01
1.050261168522952744e+02 3.635346389575414605e+01
1.050738004923585152e+02 3.626556468944191636e+01
1.051214841324217559e+02 3.617766548312968666e+01
1.051691677724849967e+02 3.608976627681745697e+01
1.052168514125482375e+02 3.600186707050522728e+01
1.052645350526114782e+02 3.591396786419299758e+01
1.053122186926747190e+02 3.582606865788076789e+01
1.053599023327379598e+02 3.573816945156853819e+01
1.054075859728012006e+02 3.565027024525630850e+01
1.054552696128644413e+02 3.556237103894407880e+01
1.055029532529276821e+02 3.547447183263184911e+01
1.055506368929909229e+02 3.538657262631961942e+01
1.055983205330541637e+02 3.529867342000738972e+01
1.056460041731174044e+02 3.521077421369516003e+01
1.056936878131806452e+02 3.512287500738293033e+01
1.057413714532438860e+02 3.503497580107070064e+01
1.057890550933071268e+02 3.494707659475847095e+01
1.058367387333703675e+02 3.485917738844624125e+01
1.058844223734336083e+02 3.477127818213401156e+01
1.059321060134968491e+02 3.468337897582178186e+01
1.059797896535600898e+02 3.459547976950955217e+01
1.060274732936233306e+02 3.450758056319732248e+01
1.060751569336865714e+02 3.441968135688509278e+01
1.061228405737498122e+02 3.433178215057286309e+01
1.061705242138130529e+02 3.424388294426063339e+01
1.062182078538762937e+02 3.415598373794840370e+01
1.062658914939395345e+02 3.406808453163617401e+01
1.063135751340027753e+02 3.398018532532394431e+01
1.063612587740660160e+02 3.389228611901171462e+01
1.064089424141292568e+02 3.380438691269948492e+01
1.064566260541924976e+02 3.371648770638725523e+01
1.065043096942557383e+02 3.362858850007502554e+01
1.065519933343189791e+02 3.354068929376279584e+01
1.065996769743822199e+02 3.345279008745056615e+01
1.066473606144454607e+02 3.336489088113833645e+01
1.066950442545087014e+02 3.327699167482610676e+01
1.067427278945719422e+02 3.318909246851387707e+01
1.067904115346351830e+02 3.310119326220164737e+01
1.068380951746984238e+02 3.301329405588941768e+01
1.068857788147616645e+02 3.292539484957718798e+01
1.069334624548249053e+02 3.283749564326495829e+01
1.069811460948881461e+02 3.274959643695272860e+01
1.070288297349513869e+02 3.266169723064049890e+01
1.070765133750146276e+02 3.257379802432826921e+01
1.071241970150778684e+02 3.248589881801603951e+01
1.071718806551411092e+02 3.239799961170380982e+01
1.072195642952043499e+02 3.231010040539158013e+01
1.072672479352675907e+02 3.222220119907935043e+01
1.073149315753308315e+02 3.213430199276712074e+01
1.073626152153940723e+02 3.204640278645489104e+01
1.074102988554573130e+02 3.195850358014266490e+01
1.074579824955205538e+02 3.187060437383043876e+01
1.075056661355837946e+02 3.178270516751821262e+01
1.075533497756470354e+02 3.169480596120598648e+01
1.076010334157102761e+02 3.160690675489376034e+01
1.076487170557735169e+02 3.151900754858153419e+01
1.076964006958367577e+02 3.143110834226930805e+01
1.077440843358999985e+02 3.134320913595708191e+01
1.077917679759632392e+02 3.125530992964485577e+01
1.078394516160264800e+02 3.116741072333262963e+01
1.078871352560897208e+02 3.107951151702040349e+01
1.079348188961529615e+02 3.099161231070817735e+01
1.079825025362162023e+02 3.090371310439595121e+01
1.080301861762794431e+02 3.081581389808372506e+01
1.080778698163426839e+02 3.072791469177149892e+01
1.081255534564059246e+02 3.064001548545927278e+01
1.081732370964691654e+02 3.055211627914704664e+01
1.082209207365324062e+02 3.046421707283482050e+01
1.082686043765956470e+02 3.037631786652259436e+01
1.083162880166588877e+02 3.028841866021036822e+01
1.083639716567221285e+02 3.020051945389814207e+01
1.084116552967853693e+02 3.011262024758591593e+01
1.084593389368486100e+02 3.002472104127368979e+01
1.085070225769118508e+02 2.993682183496146365e+01
1.085547062169750916e+02 2.984892262864923751e+01
1.086023898570383324e+02 2.976102342233701137e+01
1.086500734971015731e+02 2.967312421602478523e+01
1.086977571371648139e+02 2.958522500971255909e+01
1.087454407772280547e+02 2.949732580340033294e+01
1.087931244172912955e+02 2.940942659708810680e+01
1.088408080573545362e+02 2.932152739077588066e+01
1.088884916974177770e+02 2.923362818446365452e+01
1.089361753374810178e+02 2.914572897815142838e+01
1.089838589775442586e+02 2.905782977183920224e+01
1.090315426176074993e+02 2.896993056552697610e+01
1.090792262576707401e+02 2.888203135921474995e+01
1.091269098977339809e+02 2.879413215290252381e+01
1.091745935377972216e+02 2.870623294659029767e+01
1.092222771778604624e+02 2.861833374027807153e+01
1.092699608179237032e+02 2.853043453396584539e+01
1.093176444579869440e+02 2.844253532765361925e+01
1.093653280980501847e+02 2.835463612134139311e+01
1.094130117381134255e+02 2.826673691502916697e+01
1.094606953781766663e+02 2.817883770871694082e+01
1.095083790182399071e+02 2.809093850240471468e+01
1.095560626583031478e+02 2.800303929609248854e+01
1.096037462983663886e+02 2.791514008978026240e+01
1.096514299384296294e+02 2.782724088346803626e+01
1.096991135784928701e+02 2.773934167715581012e+01
1.097467972185561109e+02 2.765144247084358398e+01
1.097944808586193517e+02 2.756354326453135783e+01
1.098421644986825925e+02 2.747564405821913169e+01
1.098898481387458332e+02 2.738774485190690555e+01
1.099375317788090740e+02 2.729984564559467941e+01
1.099852154188723148e+02 2.721194643928245327e+01
1.100328990589355556e+02 2.712404723297022713e+01
1.100805826989987963e+02 2.703614802665800099e+01
1.101282663390620371e+02 2.694824882034577485e+01
1.101759499791252779e+02 2.686034961403354870e+01
1.102236336191885187e+02 2.677245040772132256e+01
1.102713172592517594e+02 2.668455120140909642e+01
1.103190008993150002e+02 2.659665199509687028e+01
1.103666845393782410e+02 2.650875278878464414e+01
1.104143681794414817e+02 2.642085358247241800e+01
1.104620518195047225e+02 2.633295437616019186e+01
1.105097354595679633e+02 2.624505516984796571e+01
1.105574190996312041e+02 2.615715596353573957e+01
1.106051027396944448e+02 2.606925675722351343e+01
1.106527863797576856e+02 2.598135755091128729e+01
1.107004700198209264e+02 2.589345834459906115e+01
1.107481536598841672e+02 2.580555913828683501e+01
1.107958372999474079e+02 2.571765993197460887e+01
1.108435209400106487e+02 2.562976072566238273e+01
1.108912045800738895e+02 2.554186151935015658e+01
1.109388882201371302e+02 2.545396231303793044e+01
1.109865718602003710e+02 2.536606310672570430e+01
1.110342555002636118e+02 2.527816390041347816e+01
1.110819391403268526e+02 2.519026469410125202e+01
1.111296227803900933e+02 2.510236548778902588e+01
1.111773064204533341e+02 2.501446628147679974e+01
1.112249900605165749e+02 2.492656707516457359e+01
1.112726737005798157e+02 2.483866786885234745e+01
1.113203573406430564e+02 2.475076866254012131e+01
1.113680409807062972e+02 2.466286945622789517e+01
1.114157246207695380e+02 2.457497024991566903e+01
1.114634082608327788e+02 2.448707104360344289e+01
1.115110919008960195e+02 2.439917183729121675e+01
1.115587755409592603e+02 2.431127263097899061e+01
1.116064591810225011e+02 2.422337342466676446e+01
1.116541428210857418e+02 2.413547421835453832e+01
1.117018264611489826e+02 2.404757501204231218e+01
1.117495101012122234e+02 2.395967580573008604e+01
1.117971937412754642e+02 2.387177659941785990e+01
1.118448773813387049e+02 2.378387739310563376e+01
1.118925610214019457e+02 2.369597818679340762e+01
1.119402446614651865e+02 2.360807898048118147e+01
1.119879283015284273e+02 2.352017977416895533e+01
1.120356119415916680e+02 2.343228056785672919e+01
1.120832955816549088e+02 2.334438136154450305e+01
1.121309792217181496e+02 2.325648215523227691e+01
1.121786628617813903e+02 2.316858294892005077e+01
1.122263465018446311e+02 2.308068374260782463e+01
1.122740301419078719e+02 2.299278453629559849e+01
1.123217137819711127e+02 2.290488532998337234e+01
1.123693974220343534e+02 2.281698612367114620e+01
1.124170810620975942e+02 2.272908691735892006e+01
1.124647647021608350e+02 2.264118771104669392e+01
1.125124483422240758e+02 2.255328850473446778e+01
1.125601319822873165e+02 2.246538929842224164e+01
1.126078156223505573e+02 2.237749009211001550e+01
1.126569420377727795e+02 2.228693129838363163e+01
1.127448412440850092e+02 2.233461493844686885e+01
1.128327404503972389e+02 2.238229857851010607e+01
1.129206396567094686e+02 2.242998221857334329e+01
1.130085388630216983e+02 2.247766585863658051e+01
1.130964380693339280e+02 2.252534949869981773e+01
1.131843372756461577e+02 2.257303313876305495e+01
1.132722364819583873e+02 2.262071677882629217e+01
1.133601356882706170e+02 2.266840041888952939e+01
1.134480348945828467e+02 2.271608405895276661e+01
1.135359341008950764e+02 2.276376769901600383e+01
1.136238333072073061e+02 2.281145133907924105e+01
1.137117325135195358e+02 2.285913497914247827e+01
1.137996317198317655e+02 2.290681861920571549e+01
1.138875309261439952e+02 2.295450225926895271e+01
1.139754301324562249e+02 2.300218589933218993e+01
1.140633293387684546e+02 2.304986953939542715e+01
1.141512285450806843e+02 2.309755317945866437e+01
1.142391277513929140e+02 2.314523681952190159e+01
1.143270269577051437e+02 2.319292045958513881e+01
1.144149261640173734e+02 2.324060409964837604e+01
1.145028253703296031e+02 2.328828773971161326e+01
1.145907245766418328e+02 2.333597137977485048e+01
1.146786237829540624e+02 2.338365501983808770e+01
1.147665229892662921e+02 2.343133865990132492e+01
1.148544221955785218e+02 2.347902229996456214e+01
1.149423214018907515e+02 2.352670594002779936e+01
1.150302206082029812e+02 2.357438958009103658e+01
1.151181198145152109e+02 2.362207322015427380e+01
1.152060190208274406e+02 2.366975686021751102e+01
1.152939182271396703e+02 2.371744050028074824e+01
1.153818174334519000e+02 2.376512414034398546e+01
1.154697166397641297e+02 2.381280778040722268e+01
1.155576158460763594e+02 2.386049142047045990e+01
1.156455150523885891e+02 2.390817506053369712e+01
1.157334142587008188e+02 2.395585870059693434e+01
1.158213134650130485e+02 2.400354234066017156e+01
1.159092126713252782e+02 2.405122598072340878e+01
1.159971118776375079e+02 2.409890962078664600e+01
1.160850110839497376e+02 2.414659326084988322e+01
1.161729102902619672e+02 2.419427690091312044e+01
1.162608094965741969e+02 2.424196054097635766e+01
1.163487087028864266e+02 2.428964418103959488e+01
1.164366079091986563e+02 2.433732782110283210e+01
1.165245071155108860e+02 2.438501146116606932e+01
1.166124063218231157e+02 2.443269510122930654e+01
1.167003055281353454e+02 2.448037874129254376e+01
1.167882047344475751e+02 2.452806238135578099e+01
1.168761039407598048e+02 2.457574602141901821e+01
1.169640031470720345e+02 2.462342966148225543e+01
1.170519023533842642e+02 2.467111330154549265e+01
1.171398015596964939e+02 2.471879694160872987e+01
1.172277007660087236e+02 2.476648058167196709e+01
1.173155999723209533e+02 2.481416422173520431e+01
1.174034991786331830e+02 2.486184786179844153e+01
1.174913983849454127e+02 2.490953150186167875e+01
1.175792975912576424e+02 2.495721514192491597e+01
1.176671967975698720e+02 2.500489878198815319e+01
1.177550960038821017e+02 2.505258242205139041e+01
1.178429952101943314e+02 2.510026606211462763e+01
1.179308944165065611e+02 2.514794970217786485e+01
1.180187936228187908e+02 2.519563334224110207e+01
1.181066928291310205e+02 2.524331698230433929e+01
1.181945920354432502e+02 2.529100062236757651e+01
1.182824912417554799e+02 2.533868426243081373e+01
1.183703904480677096e+02 2.538636790249405095e+01
1.184582896543799393e+02 2.543405154255728817e+01
1.185461888606921690e+02 2.548173518262052539e+01
1.186340880670043987e+02 2.552941882268376261e+01
1.187219872733166284e+02 2.557710246274699983e+01
1.188098864796288581e+02 2.562478610281023705e+01
1.188977856859410878e+02 2.567246974287347427e+01
1.189856848922533175e+02 2.572015338293671149e+01
1.190735840985655472e+02 2.576783702299994872e+01
1.191614833048777768e+02 2.581552066306318594e+01
1.192493825111900065e+02 2.586320430312642316e+01
1.193372817175022362e+02 2.591088794318966038e+01
1.194251809238144659e+02 2.595857158325289760e+01
1.195130801301266956e+02 2.600625522331613482e+01
1.196009793364389253e+02 2.605393886337937204e+01
1.196888785427511550e+02 2.610162250344260926e+01
1.197767777490633847e+02 2.614930614350584648e+01
1.198646769553756144e+02 2.619698978356908370e+01
1.199525761616878441e+02 2.624467342363232092e+01
1.200404753680000738e+02 2.629235706369555814e+01
1.201283745743123035e+02 2.634004070375879536e+01
1.202162737806245332e+02 2.638772434382203258e+01
1.203041729869367629e+02 2.643540798388526980e+01
1.203920721932489926e+02 2.648309162394850702e+01
1.204799713995612223e+02 2.653077526401174424e+01
1.205678706058734520e+02 2.657845890407498146e+01
1.206557698121856816e+02 2.662614254413821868e+01
1.207436690184979113e+02 2.667382618420145590e+01
1.208315682248101410e+02 2.672150982426469312e+01
1.209194674311223707e+02 2.676919346432793034e+01
1.210073666374346004e+02 2.681687710439116756e+01
1.210952658437468301e+02 2.686456074445440478e+01
1.211831650500590598e+02 2.691224438451764200e+01
1.212710642563712895e+02 2.695992802458087922e+01
1.213589634626835192e+02 2.700761166464411644e+01
1.214468626689957489e+02 2.705529530470735367e+01
1.215347618753079786e+02 2.710297894477059089e+01
1.216226610816202083e+02 2.715066258483382811e+01
1.217105602879324380e+02 2.719834622489706533e+01
1.217984594942446677e+02 2.724602986496030255e+01
1.218863587005568974e+02 2.729371350502353977e+01
1.219742579068691271e+02 2.734139714508677699e+01
1.220621571131813567e+02 2.738908078515001421e+01
1.221500563194935864e+02 2.743676442521325143e+01
1.222379555258058161e+02 2.748444806527648865e+01
1.223258547321180458e+02 2.753213170533972587e+01
1.224137539384302755e+02 2.757981534540296309e+01
1.225016531447425052e+02 2.762749898546620031e+01
1.225895523510547349e+02 2.767518262552943753e+01
1.226774515573669646e+02 2.772286626559267475e+01
1.227653507636791943e+02 2.777054990565591197e+01
1.228532499699914240e+02 2.781823354571914919e+01
1.229411491763036537e+02 2.786591718578238641e+01
1.230290483826158834e+02 2.791360082584562363e+01
1.231169475889281131e+02 2.796128446590886085e+01
1.232048467952403428e+02 2.800896810597209807e+01
1.232927460015525725e+02 2.805665174603533529e+01
1.233806452078648022e+02 2.810433538609857251e+01
1.234685444141770319e+02 2.815201902616180973e+01
1.235564436204892615e+02 2.819970266622504695e+01
1.236443428268014912e+02 2.824738630628828417e+01
1.237322420331137209e+02 2.829506994635152139e+01
1.238201412394259506e+02 2.834275358641475862e+01
1.239080404457381803e+02 2.839043722647799584e+01
1.239959396520504100e+02 2.843812086654123306e+01
1.240838388583626397e+02 2.848580450660447028e+01
1.241717380646748694e+02 2.853348814666770750e+01
1.242596372709870991e+02 2.858117178673094472e+01
1.243475364772993288e+02 2.862885542679418194e+01
1.244354356836115585e+02 2.867653906685741916e+01
1.245233348899237882e+02 2.872422270692065638e+01
1.246112340962360179e+02 2.877190634698389360e+01
1.246991333025482476e+02 2.881958998704713082e+01
1.247870325088604773e+02 2.886727362711036804e+01
1.248749317151727070e+02 2.891495726717360526e+01
1.249628309214849367e+02 2.896264090723684248e+01
1.250507301277971663e+02 2.901032454730007970e+01
1.251386293341093960e+02 2.905800818736331692e+01
1.252265285404216257e+02 2.910569182742655414e+01
1.253144277467338554e+02 2.915337546748979136e+01
1.254023269530460851e+02 2.920105910755302858e+01
1.254902261593583148e+02 2.924874274761626580e+01
1.255781253656705445e+02 2.929642638767950302e+01
1.256660245719827742e+02 2.934411002774274024e+01
1.257539237782950039e+02 2.939179366780597746e+01
1.258418229846072336e+02 2.943947730786921468e+01
1.259297221909194633e+02 2.948716094793245190e+01
1.260176213972316930e+02 2.953484458799568912e+01
1.261055206035439227e+02 2.958252822805892635e+01
1.261934198098561524e+02 2.963021186812216357e+01
1.262813190161683821e+02 2.967789550818540079e+01
1.263692182224806118e+02 2.972557914824863801e+01
1.264571174287928415e+02 2.977326278831187523e+01
1.265450166351050711e+02 2.982094642837511245e+01
1.266329158414173008e+02 2.986863006843834967e+01
1.267208150477295305e+02 2.991631370850158689e+01
1.268087142540417602e+02 2.996399734856482411e+01
1.268966134603539899e+02 3.001168098862806133e+01
1.269845126666662196e+02 3.005936462869129855e+01
1.270724118729784493e+02 3.010704826875453577e+01
1.271603110792906790e+02 3.015473190881777299e+01
1.272482102856029087e+02 3.020241554888101021e+01
1.273361094919151384e+02 3.025009918894424743e+01
1.274240086982273681e+02 3.029778282900748465e+01
1.275119079045395978e+02 3.034546646907072187e+01
1.275998071108518275e+02 3.039315010913395909e+01
1.276877063171640572e+02 3.044083374919719631e+01
1.277756055234762869e+02 3.048851738926043353e+01
1.278635047297885166e+02 3.053620102932367075e+01
1.279514039361007463e+02 3.058388466938690797e+01
1.280393031424129617e+02 3.063156830945014519e+01
1.281272023487251772e+02 3.067925194951338241e+01
1.282151015550373927e+02 3.072693558957661963e+01
1.283030007613496082e+02 3.077461922963985685e+01
1.283908999676618237e+02 3.082230286970309407e+01
1.284787991739740391e+02 3.086998650976633130e+01
1.285666983802862546e+02 3.091767014982956852e+01
1.286545975865984701e+02 3.096535378989280574e+01
1.287424967929106856e+02 3.101303742995604296e+01
1.288303959992229011e+02 3.106072107001928018e+01
1.289182952055351166e+02 3.110840471008251740e+01
1.290061944118473320e+02 3.115608835014575462e+01
1.290940936181595475e+02 3.120377199020899184e+01
1.291819928244717630e+02 3.125145563027222906e+01
1.292698920307839785e+02 3.129913927033546628e+01
1.293577912370961940e+02 3.134682291039870350e+01
1.294456904434084095e+02 3.139450655046194072e+01
1.295335896497206249e+02 3.144219019052517794e+01
1.296214888560328404e+02 3.148987383058841516e+01
1.297093880623450559e+02 3.153755747065165238e+01
1.297972872686572714e+02 3.158524111071488960e+01
1.298851864749694869e+02 3.163292475077812682e+01
1.299730856812817024e+02 3.168060839084136404e+01
1.300609848875939178e+02 3.172829203090460126e+01
1.301488840939061333e+02 3.177597567096783848e+01
1.302367833002183488e+02 3.182365931103107570e+01
1.303246825065305643e+02 3.187134295109431292e+01
1.304125817128427798e+02 3.191902659115755014e+01
1.305004809191549953e+02 3.196671023122078736e+01
1.305883801254672107e+02 3.201439387128402814e+01
1.306762793317794262e+02 3.206207751134726891e+01
1.307641785380916417e+02 3.210976115141050968e+01
1.308520777444038572e+02 3.215744479147375046e+01
1.309399769507160727e+02 3.220512843153699123e+01
1.310278761570282882e+02 3.225281207160023200e+01
1.311157753633405036e+02 3.230049571166347278e+01
1.312036745696527191e+02 3.234817935172671355e+01
1.312915737759649346e+02 3.239586299178995432e+01
1.313794729822771501e+02 3.244354663185319509e+01
1.314673721885893656e+02 3.249123027191643587e+01
1.315552713949015811e+02 3.253891391197967664e+01
1.316431706012137965e+02 3.258659755204291741e+01
1.317310698075260120e+02 3.263428119210615819e+01
1.318189690138382275e+02 3.268196483216939896e+01
1.319068682201504430e+02 3.272964847223263973e+01
1.319947674264626585e+02 3.277733211229588051e+01
1.320826666327748740e+02 3.282501575235912128e+01
1.321705658390870894e+02 3.287269939242236205e+01
1.322584650453993049e+02 3.292038303248560283e+01
1.323463642517115204e+02 3.296806667254884360e+01
1.324342634580237359e+02 3.301575031261208437e+01
1.325221626643359514e+02 3.306343395267532514e+01
1.326100618706481669e+02 3.311111759273856592e+01
1.326979610769603823e+02 3.315880123280180669e+01
1.327858602832725978e+02 3.320648487286504746e+01
1.328737594895848133e+02 3.325416851292828824e+01
1.329616586958970288e+02 3.330185215299152901e+01
1.330495579022092443e+02 3.334953579305476978e+01
1.331374571085214598e+02 3.339721943311801056e+01
1.332253563148336752e+02 3.344490307318125133e+01
1.333132555211458907e+02 3.349258671324449210e+01
1.334011547274581062e+02 3.354027035330773288e+01
1.334890539337703217e+02 3.358795399337097365e+01
1.335769531400825372e+02 3.363563763343421442e+01
1.336648523463947527e+02 3.368332127349745519e+01
1.337527515527069681e+02 3.373100491356069597e+01
1.338406507590191836e+02 3.377868855362393674e+01
1.339285499653313991e+02 3.382637219368717751e+01
1.340164491716436146e+02 3.387405583375041829e+01
1.341043483779558301e+02 3.392173947381365906e+01
1.341922475842680456e+02 3.396942311387689983e+01
1.342801467905802610e+02 3.401710675394014061e+01
1.343680459968924765e+02 3.406479039400338138e+01
1.344559452032046920e+02 3.411247403406662215e+01
1.345438444095169075e+02 3.416015767412986293e+01
1.346317436158291230e+02 3.420784131419310370e+01
1.347196428221413385e+02 3.425552495425634447e+01
1.348075420284535539e+02 3.430320859431958525e+01
1.348954412347657694e+02 3.435089223438282602e+01
1.349833404410779849e+02 3.439857587444606679e+01
1.350712396473902004e+02 3.444625951450930756e+01
1.351591388537024159e+02 3.449394315457254834e+01
1.352470380600146314e+02 3.454162679463578911e+01
1.353349372663268468e+02 3.458931043469902988e+01
1.354228364726390623e+02 3.463699407476227066e+01
1.355107356789512778e+02 3.468467771482551143e+01
1.355986348852634933e+02 3.473236135488875220e+01
1.356865340915757088e+02 3.478004499495199298e+01
1.357744332978879243e+02 3.482772863501523375e+01
1.358623325042001397e+02 3.487541227507847452e+01
1.359502317105123552e+02 3.492309591514171530e+01
1.360381309168245707e+02 3.497077955520495607e+01
1.361260301231367862e+02 3.501846319526819684e+01
1.362139293294490017e+02 3.506614683533143761e+01
1.363018285357612172e+02 3.511383047539467839e+01
1.363897277420734326e+02 3.516151411545791916e+01
1.364776269483856481e+02 3.520919775552115993e+01
1.365655261546978636e+02 3.525688139558440071e+01
1.366534253610100791e+02 3.530456503564764148e+01
1.367413245673222946e+02 3.535224867571088225e+01
1.368292237736345101e+02 3.539993231577412303e+01
1.369171229799467255e+02 3.544761595583736380e+01
1.370050221862589410e+02 3.549529959590060457e+01
1.370929213925711565e+02 3.554298323596384535e+01
1.371808205988833720e+02 3.559066687602708612e+01
1.372687198051955875e+02 3.563835051609032689e+01
1.373566190115078030e+02 3.568603415615356766e+01
1.374445182178200184e+02 3.573371779621680844e+01
1.375324174241322339e+02 3.578140143628004921e+01
1.376203166304444494e+02 3.582908507634328998e+01
1.377082158367566649e+02 3.587676871640653076e+01
1.377961150430688804e+02 3.592445235646977153e+01
1.378840142493810959e+02 3.597213599653301230e+01
1.379719134556933113e+02 3.601981963659625308e+01
1.380598126620055268e+02 3.606750327665949385e+01
1.381477118683177423e+02 3.611518691672273462e+01
1.382356110746299578e+02 3.616287055678597540e+01
1.383235102809421733e+02 3.621055419684921617e+01
1.384114094872543888e+02 3.625823783691245694e+01
1.384993086935666042e+02 3.630592147697569771e+01
1.385872078998788197e+02 3.635360511703893849e+01
1.386751071061910352e+02 3.640128875710217926e+01
1.387630063125032507e+02 3.644897239716542003e+01
1.388509055188154662e+02 3.649665603722866081e+01
1.389388047251276816e+02 3.654433967729190158e+01
1.390267039314398971e+02 3.659202331735514235e+01
1.391146031377521126e+02 3.663970695741838313e+01
1.392025023440643281e+02 3.668739059748162390e+01
1.392904015503765436e+02 3.673507423754486467e+01
1.393783007566887591e+02 3.678275787760810545e+01
1.394661999630009745e+02 3.683044151767134622e+01
1.395540991693131900e+02 3.687812515773458699e+01
1.396419983756254055e+02 3.692580879779782776e+01
1.397298975819376210e+02 3.697349243786106854e+01
1.398177967882498365e+02 3.702117607792430931e+01
1.399056959945620520e+02 3.706885971798755008e+01
1.399935952008742674e+02 3.711654335805079086e+01
1.400814944071864829e+02 3.716422699811403163e+01
1.401693936134986984e+02 3.721191063817727240e+01
1.402572928198109139e+02 3.725959427824051318e+01
1.403451920261231294e+02 3.730727791830375395e+01
1.404330912324353449e+02 3.735496155836699472e+01
1.405209904387475603e+02 3.740264519843023550e+01
1.406088896450597758e+02 3.745032883849347627e+01
1.406967888513719913e+02 3.749801247855671704e+01
1.407846880576842068e+02 3.754569611861995782e+01
1.408725872639964223e+02 3.759337975868319859e+01
1.409604864703086378e+02 3.764106339874643936e+01
1.410483856766208532e+02 3.768874703880968013e+01
1.411362848829330687e+02 3.773643067887292091e+01
1.412241840892452842e+02 3.778411431893616168e+01
1.413120832955574997e+02 3.783179795899940245e+01
1.413999825018697152e+02 3.787948159906264323e+01
1.414878817081819307e+02 3.792716523912588400e+01
1.415757809144941461e+02 3.797484887918912477e+01
1.416636801208063616e+02 3.802253251925236555e+01
1.417515793271185771e+02 3.807021615931560632e+01
1.418394785334307926e+02 3.811789979937884709e+01
1.419273777397430081e+02 3.816558343944208787e+01
1.420152769460552236e+02 3.821326707950532864e+01
1.421031761523674390e+02 3.826095071956856941e+01
1.421910753586796545e+02 3.830863435963181018e+01
1.422789745649918700e+02 3.835631799969505096e+01
1.423668737713040855e+02 3.840400163975829173e+01
1.424547729776163010e+02 3.845168527982153250e+01
1.425426721839285165e+02 3.849936891988477328e+01
1.426305713902407319e+02 3.854705255994801405e+01
1.427184705965529474e+02 3.859473620001125482e+01
1.428063698028651629e+02 3.864241984007449560e+01
1.428942690091773784e+02 3.869010348013773637e+01
1.429821682154895939e+02 3.873778712020097714e+01
1.430700674218018094e+02 3.878547076026421792e+01
1.431579666281140248e+02 3.883315440032745869e+01
1.432458658344262403e+02 3.888083804039069946e+01
1.433337650407384558e+02 3.892852168045394023e+01
1.434216642470506713e+02 3.897620532051718101e+01
1.435095634533628868e+02 3.902388896058042178e+01
1.435974626596751023e+02 3.907157260064366255e+01
1.436853618659873177e+02 3.911925624070690333e+01
1.437732610722995332e+02 3.916693988077014410e+01
1.438611602786117487e+02 3.921462352083338487e+01
1.439490594849239642e+02 3.926230716089662565e+01
1.440369586912361797e+02 3.930999080095986642e+01
1.441248578975483952e+02 3.935767444102310719e+01
1.442127571038606106e+02 3.940535808108634797e+01
1.443006563101728261e+02 3.945304172114958874e+01
1.444575017549774145e+02 3.953812737833943913e+01
1.444098181149141737e+02 3.962602658465166883e+01
1.443621344748509330e+02 3.971392579096389852e+01
1.443144508347876922e+02 3.980182499727612822e+01
1.442667671947244514e+02 3.988972420358835791e+01
1.442190835546612107e+02 3.997762340990058760e+01
1.441713999145979699e+02 4.006552261621281730e+01
1.441237162745347291e+02 4.015342182252504699e+01
1.440760326344714883e+02 4.024132102883727669e+01
1.440283489944082476e+02 4.032922023514950638e+01
1.439806653543450068e+02 4.041711944146173607e+01
1.439329817142817660e+02 4.050501864777396577e+01
1.438852980742185252e+02 4.059291785408619546e+01
1.438376144341552845e+02 4.068081706039842516e+01
1.437899307940920437e+02 4.076871626671065485e+01
1.437422471540288029e+02 4.085661547302288454e+01
1.436945635139655622e+02 4.094451467933511424e+01
1.436468798739023214e+02 4.103241388564734393e+01
1.435991962338390806e+02 4.112031309195957363e+01
1.435515125937758398e+02 4.120821229827180332e+01
1.435038289537125991e+02 4.129611150458403301e+01
1.434561453136493583e+02 4.138401071089626271e+01
1.434084616735861175e+02 4.147190991720849240e+01
1.433607780335228767e+02 4.155980912352072210e+01
1.433130943934596360e+02 4.164770832983295179e+01
1.432654107533963952e+02 4.173560753614518148e+01
1.432177271133331544e+02 4.182350674245741118e+01
1.431700434732699136e+02 4.191140594876964087e+01
1.431223598332066729e+02 4.199930515508187057e+01
1.430746761931434321e+02 4.208720436139410026e+01
1.430269925530801913e+02 4.217510356770632995e+01
1.429793089130169506e+02 4.226300277401855965e+01
1.429316252729537098e+02 4.235090198033078934e+01
1.428839416328904690e+02 4.243880118664301904e+01
1.428362579928272282e+02 4.252670039295524873e+01
1.427885743527639875e+02 4.261459959926747842e+01
1.427408907127007467e+02 4.270249880557970812e+01
1.426932070726375059e+02 4.279039801189193781e+01
1.426455234325742651e+02 4.287829721820416751e+01
1.425978397925110244e+02 4.296619642451639720e+01
1.425501561524477836e+02 4.305409563082862689e+01
1.425024725123845428e+02 4.314199483714085659e+01
1.424547888723213021e+02 4.322989404345308628e+01
1.424071052322580613e+02 4.331779324976531598e+01
1.423594215921948205e+02 4.340569245607754567e+01
1.423117379521315797e+02 4.349359166238977537e+01
1.422640543120683390e+02 4.358149086870200506e+01
1.422163706720050982e+02 4.366939007501423475e+01
1.421686870319418574e+02 4.375728928132646445e+01
1.421210033918786166e+02 4.384518848763869414e+01
1.420733197518153759e+02 4.393308769395092384e+01
1.420256361117521351e+02 4.402098690026315353e+01
1.419779524716888943e+02 4.410888610657538322e+01
1.419302688316256535e+02 4.419678531288761292e+01
1.418825851915624128e+02 4.428468451919984261e+01
1.418349015514991720e+02 4.437258372551207231e+01
1.417872179114359312e+02 4.446048293182430200e+01
1.417395342713726905e+02 4.454838213813653169e+01
1.416918506313094497e+02 4.463628134444876139e+01
1.416441669912462089e+02 4.472418055076099108e+01
1.415964833511829681e+02 4.481207975707322078e+01
1.415487997111197274e+02 4.489997896338545047e+01
1.415011160710564866e+02 4.498787816969768016e+01
1.414534324309932458e+02 4.507577737600990986e+01
1.414057487909300050e+02 4.516367658232213955e+01
1.413580651508667643e+02 4.525157578863436925e+01
1.413103815108035235e+02 4.533947499494659894e+01
1.412626978707402827e+02 4.542737420125882863e+01
1.412150142306770420e+02 4.551527340757105833e+01
1.411673305906138012e+02 4.560317261388328802e+01
1.411196469505505604e+02 4.569107182019551772e+01
1.410719633104873196e+02 4.577897102650774741e+01
1.410242796704240789e+02 4.586687023281997710e+01
1.409765960303608381e+02 4.595476943913220680e+01
1.409289123902975973e+02 4.604266864544443649e+01
1.408812287502343565e+02 4.613056785175666619e+01
1.408335451101711158e+02 4.621846705806889588e+01
1.407858614701078750e+02 4.630636626438112557e+01
1.407381778300446342e+02 4.639426547069335527e+01
1.406904941899813934e+02 4.648216467700558496e+01
1.406428105499181527e+02 4.657006388331781466e+01
1.405951269098549119e+02 4.665796308963004435e+01
1.405474432697916711e+02 4.674586229594227405e+01
1.404997596297284304e+02 4.683376150225450374e+01
1.404520759896651896e+02 4.692166070856673343e+01
1.404043923496019488e+02 4.700955991487896313e+01
1.403567087095387080e+02 4.709745912119119282e+01
1.403090250694754673e+02 4.718535832750342252e+01
1.402613414294122265e+02 4.727325753381565221e+01
1.402136577893489857e+02 4.736115674012788190e+01
1.401659741492857449e+02 4.744905594644011160e+01
1.401182905092225042e+02 4.753695515275234129e+01
1.400706068691592634e+02 4.762485435906457099e+01
1.400229232290960226e+02 4.771275356537680068e+01
1.399752395890327819e+02 4.780065277168903037e+01
1.399275559489695411e+02 4.788855197800126007e+01
1.398798723089063003e+02 4.797645118431348976e+01
1.398321886688430595e+02 4.806435039062571946e+01
1.397845050287798188e+02 4.815224959693794915e+01
1.397368213887165780e+02 4.824014880325017884e+01
1.396891377486533372e+02 4.832804800956240854e+01
1.396414541085900964e+02 4.841594721587463823e+01
1.395937704685268557e+02 4.850384642218686793e+01
1.395460868284636149e+02 4.859174562849909762e+01
1.394984031884003741e+02 4.867964483481132731e+01
1.394507195483371333e+02 4.876754404112355701e+01
1.394030359082738926e+02 4.885544324743578670e+01
1.393553522682106518e+02 4.894334245374801640e+01
1.393076686281474110e+02 4.903124166006024609e+01
1.392599849880841703e+02 4.911914086637247578e+01
1.392123013480209295e+02 4.920704007268470548e+01
1.391646177079576887e+02 4.929493927899693517e+01
1.391169340678944479e+02 4.938283848530916487e+01
1.390692504278312072e+02 4.947073769162139456e+01
1.390215667877679664e+02 4.955863689793362425e+01
1.389738831477047256e+02 4.964653610424585395e+01
1.389261995076414848e+02 4.973443531055808364e+01
1.388785158675782441e+02 4.982233451687031334e+01
1.388308322275150033e+02 4.991023372318254303e+01
1.387831485874517625e+02 4.999813292949477272e+01
1.387354649473885218e+02 5.008603213580700242e+01
1.386877813073252810e+02 5.017393134211923211e+01
1.386400976672620402e+02 5.026183054843146181e+01
1.385924140271987994e+02 5.034972975474369150e+01
1.385447303871355587e+02 5.043762896105592120e+01
1.384970467470723179e+02 5.052552816736815089e+01
1.384493631070090771e+02 5.061342737368038058e+01
1.384016794669458363e+02 5.070132657999261028e+01
1.383539958268825956e+02 5.078922578630483997e+01
1.383063121868193548e+02 5.087712499261706967e+01
1.382586285467561140e+02 5.096502419892929936e+01
1.382109449066928732e+02 5.105292340524152905e+01
1.381632612666296325e+02 5.114082261155375875e+01
1.381155776265663917e+02 5.122872181786598844e+01
1.380678939865031509e+02 5.131662102417821814e+01
1.380202103464399102e+02 5.140452023049044783e+01
1.379725267063766694e+02 5.149241943680267752e+01
1.379248430663134286e+02 5.158031864311490722e+01
1.378771594262501878e+02 5.166821784942713691e+01
1.378294757861869471e+02 5.175611705573936661e+01
1.377817921461237063e+02 5.184401626205159630e+01
1.377341085060604655e+02 5.193191546836382599e+01
1.376864248659972247e+02 5.201981467467605569e+01
1.376387412259339840e+02 5.210771388098828538e+01
1.375910575858707432e+02 5.219561308730051508e+01
1.375433739458075024e+02 5.228351229361274477e+01
1.374956903057442617e+02 5.237141149992497446e+01
1.374480066656810209e+02 5.245931070623720416e+01
1.374003230256177801e+02 5.254720991254943385e+01
1.373526393855545393e+02 5.263510911886166355e+01
1.373049557454912986e+02 5.272300832517389324e+01
1.372572721054280578e+02 5.281090753148612293e+01
1.372095884653648170e+02 5.289880673779835263e+01
1.371619048253015762e+02 5.298670594411058232e+01
1.371142211852383355e+02 5.307460515042281202e+01
1.370665375451750947e+02 5.316250435673504171e+01
1.370188539051118539e+02 5.325040356304727140e+01
1.369711702650486131e+02 5.333830276935950110e+01
1.369234866249853724e+02 5.342620197567173079e+01
1.368758029849221316e+02 5.351410118198396049e+01
1.368281193448588908e+02 5.360200038829619018e+01
1.367804357047956501e+02 5.368989959460841987e+01
1.367327520647324093e+02 5.377779880092064957e+01
1.366850684246691685e+02 5.386569800723287926e+01
1.366373847846059277e+02 5.395359721354510896e+01
1.365897011445426870e+02 5.404149641985733865e+01
1.365420175044794462e+02 5.412939562616956835e+01
1.364943338644162054e+02 5.421729483248179804e+01
1.364466502243529646e+02 5.430519403879402773e+01
1.363989665842897239e+02 5.439309324510625743e+01
1.363512829442264831e+02 5.448099245141848712e+01
1.363035993041632423e+02 5.456889165773071682e+01
1.362559156641000015e+02 5.465679086404294651e+01
1.362082320240367608e+02 5.474469007035517620e+01
1.361605483839735200e+02 5.483258927666740590e+01
1.361128647439102792e+02 5.492048848297963559e+01
1.360651811038470385e+02 5.500838768929186529e+01
1.360174974637837977e+02 5.509628689560409498e+01
1.359698138237205569e+02 5.518418610191632467e+01
1.359221301836573161e+02 5.527208530822855437e+01
1.358744465435940754e+02 5.535998451454078406e+01
1.358267629035308346e+02 5.544788372085301376e+01
1.357790792634675938e+02 5.553578292716524345e+01
1.357313956234043530e+02 5.562368213347747314e+01
1.356837119833411123e+02 5.571158133978970284e+01
1.356360283432778715e+02 5.579948054610193253e+01
1.355883447032146307e+02 5.588737975241416223e+01
1.355406610631513900e+02 5.597527895872639192e+01
1.354929774230881492e+02 5.606317816503862161e+01
1.354452937830249084e+02 5.615107737135085131e+01
1.353976101429616676e+02 5.623897657766308100e+01
1.353499265028984269e+02 5.632687578397531070e+01
1.353022428628351861e+02 5.641477499028754039e+01
1.352545592227719453e+02 5.650267419659977008e+01
1.352068755827087045e+02 5.659057340291199978e+01
1.351591919426454638e+02 5.667847260922422947e+01
1.351115083025822230e+02 5.676637181553645917e+01
1.350638246625189822e+02 5.685427102184868886e+01
1.350161410224557414e+02 5.694217022816091855e+01
1.349684573823925007e+02 5.703006943447314825e+01
1.349207737423292599e+02 5.711796864078537794e+01
1.348730901022660191e+02 5.720586784709760764e+01
1.348254064622027784e+02 5.729376705340983733e+01
1.347777228221395376e+02 5.738166625972206702e+01
1.347300391820762968e+02 5.746956546603429672e+01
1.346823555420130560e+02 5.755746467234652641e+01
1.346346719019498153e+02 5.764536387865875611e+01
1.345869882618865745e+02 5.773326308497098580e+01
1.345393046218233337e+02 5.782116229128321550e+01
1.344916209817600929e+02 5.790906149759544519e+01
1.344439373416968522e+02 5.799696070390767488e+01
1.343962537016336114e+02 5.808485991021990458e+01
1.343485700615703706e+02 5.817275911653213427e+01
1.343008864215071299e+02 5.826065832284436397e+01
1.342532027814438891e+02 5.834855752915659366e+01
1.342055191413806483e+02 5.843645673546882335e+01
1.341578355013174075e+02 5.852435594178105305e+01
1.341101518612541668e+02 5.861225514809328274e+01
1.340624682211909260e+02 5.870015435440551244e+01
1.340147845811276852e+02 5.878805356071774213e+01
1.339671009410644444e+02 5.887595276702997182e+01
1.339194173010012037e+02 5.896385197334220152e+01
1.338717336609379629e+02 5.905175117965443121e+01
1.338240500208747221e+02 5.913965038596666091e+01
1.337763663808114813e+02 5.922754959227889060e+01
1.337286827407482406e+02 5.931544879859112029e+01
1.336809991006849998e+02 5.940334800490334999e+01
1.336333154606217590e+02 5.949124721121557968e+01
1.335856318205585183e+02 5.957914641752780938e+01
1.335379481804952775e+02 5.966704562384003907e+01
1.334902645404320367e+02 5.975494483015226876e+01
1.334425809003687959e+02 5.984284403646449846e+01
1.333948972603055552e+02 5.993074324277672815e+01
1.333472136202423144e+02 6.001864244908895785e+01
1.332995299801790736e+02 6.010654165540118754e+01
1.332518463401158328e+02 6.019444086171341723e+01
1.332041627000525921e+02 6.028234006802564693e+01
1.331564790599893513e+02 6.037023927433787662e+01
1.331087954199261105e+02 6.045813848065010632e+01
1.330611117798628698e+02 6.054603768696233601e+01
1.330134281397996290e+02 6.063393689327456570e+01
1.329657444997363882e+02 6.072183609958679540e+01
1.329180608596731474e+02 6.080973530589902509e+01
1.328703772196099067e+02 6.089763451221125479e+01
1.328226935795466659e+02 6.098553371852348448e+01
1.327750099394834251e+02 6.107343292483571418e+01
1.327273262994201843e+02 6.116133213114794387e+01
1.326796426593569436e+02 6.124923133746017356e+01
1.326319590192937028e+02 6.133713054377240326e+01
1.325842753792304620e+02 6.142502975008463295e+01
1.325365917391672212e+02 6.151292895639686265e+01
1.324889080991039805e+02 6.160082816270909234e+01
1.324412244590407397e+02 6.168872736902132203e+01
1.323935408189774989e+02 6.177662657533355173e+01
1.323458571789142582e+02 6.186452578164578142e+01
1.322981735388510174e+02 6.195242498795801112e+01
1.322504898987877766e+02 6.204032419427024081e+01
1.322028062587245358e+02 6.212822340058247050e+01
1.321551226186612951e+02 6.221612260689470020e+01
1.321074389785980543e+02 6.230402181320692989e+01
1.320597553385348135e+02 6.239192101951915959e+01
1.320120716984715727e+02 6.247982022583138928e+01
1.319643880584083320e+02 6.256771943214361897e+01
1.319167044183450912e+02 6.265561863845584867e+01
1.318690207782818504e+02 6.274351784476807836e+01
1.318213371382186097e+02 6.283141705108030806e+01
1.317736534981553689e+02 6.291931625739253775e+01
1.317259698580921281e+02 6.300721546370476744e+01
1.316782862180288873e+02 6.309511467001699714e+01
1.316306025779656466e+02 6.318301387632922683e+01
1.315829189379024058e+02 6.327091308264145653e+01
1.315352352978391650e+02 6.335881228895368622e+01
1.314875516577759242e+02 6.344671149526591591e+01
1.314398680177126835e+02 6.353461070157814561e+01
1.313921843776494427e+02 6.362250990789037530e+01
1.313430579622272205e+02 6.371306870161637192e+01
