1.074898971058238715e+02 2.141404074503583388e+02
1.074568297168263342e+02 2.140460329422277823e+02
1.074237623278287970e+02 2.139516584340972258e+02
1.073906949388312597e+02 2.138572839259666694e+02
1.073576275498337225e+02 2.137629094178361129e+02
1.073245601608361852e+02 2.136685349097055564e+02
1.072914927718386480e+02 2.135741604015749999e+02
1.072584253828411107e+02 2.134797858934444434e+02
1.072253579938435735e+02 2.133854113853138870e+02
1.071922906048460362e+02 2.132910368771833305e+02
1.071592232158484990e+02 2.131966623690527740e+02
1.071261558268509617e+02 2.131022878609222175e+02
1.070930884378534245e+02 2.130079133527916611e+02
1.070600210488558872e+02 2.129135388446611046e+02
1.070269536598583500e+02 2.128191643365305481e+02
1.069938862708608127e+02 2.127247898283999916e+02
1.069608188818632755e+02 2.126304153202694351e+02
1.069277514928657382e+02 2.125360408121388787e+02
1.068946841038682010e+02 2.124416663040083222e+02
1.068616167148706637e+02 2.123472917958777657e+02
1.068285493258731265e+02 2.122529172877472092e+02
1.067954819368755892e+02 2.121585427796166528e+02
1.067624145478780520e+02 2.120641682714860963e+02
1.067293471588805147e+02 2.119697937633555398e+02
1.066962797698829775e+02 2.118754192552249833e+02
1.066632123808854402e+02 2.117810447470944268e+02
1.066301449918879030e+02 2.116866702389638704e+02
1.065970776028903657e+02 2.115922957308333139e+02
1.065640102138928285e+02 2.114979212227027574e+02
1.065309428248952912e+02 2.114035467145722009e+02
1.064978754358977540e+02 2.113091722064416444e+02
1.064648080469002167e+02 2.112147976983110880e+02
1.064317406579026795e+02 2.111204231901805315e+02
1.063986732689051422e+02 2.110260486820499750e+02
1.063656058799076050e+02 2.109316741739194185e+02
1.063325384909100677e+02 2.108372996657888621e+02
1.062994711019125305e+02 2.107429251576583056e+02
1.062664037129149932e+02 2.106485506495277491e+02
1.062333363239174560e+02 2.105541761413971926e+02
1.062002689349199187e+02 2.104598016332666361e+02
1.061672015459223815e+02 2.103654271251360797e+02
1.061341341569248442e+02 2.102710526170055232e+02
1.061010667679273070e+02 2.101766781088749667e+02
1.060679993789297697e+02 2.100823036007444102e+02
1.060349319899322325e+02 2.099879290926138538e+02
1.060018646009346952e+02 2.098935545844832973e+02
1.059687972119371580e+02 2.097991800763527408e+02
1.059357298229396207e+02 2.097048055682221843e+02
1.059026624339420835e+02 2.096104310600916278e+02
1.058695950449445462e+02 2.095160565519610714e+02
1.058365276559470090e+02 2.094216820438305149e+02
1.058034602669494717e+02 2.093273075356999584e+02
1.057703928779519345e+02 2.092329330275694019e+02
1.057373254889543972e+02 2.091385585194388455e+02
1.057042580999568600e+02 2.090441840113082890e+02
1.056711907109593227e+02 2.089498095031777325e+02
1.056381233219617855e+02 2.088554349950471760e+02
1.056050559329642482e+02 2.087610604869166195e+02
1.055719885439667109e+02 2.086666859787860631e+02
1.055389211549691737e+02 2.085723114706555066e+02
1.055058537659716364e+02 2.084779369625249501e+02
1.054727863769740992e+02 2.083835624543943936e+02
1.054397189879765619e+02 2.082891879462638371e+02
1.054066515989790247e+02 2.081948134381332807e+02
1.053735842099814874e+02 2.081004389300027242e+02
1.053405168209839502e+02 2.080060644218721677e+02
1.053074494319864129e+02 2.079116899137416112e+02
1.052743820429888757e+02 2.078173154056110548e+02
1.052413146539913384e+02 2.077229408974804983e+02
1.052082472649938012e+02 2.076285663893499418e+02
1.051751798759962639e+02 2.075341918812193853e+02
1.051421124869987267e+02 2.074398173730888288e+02
1.051090450980011894e+02 2.073454428649582724e+02
1.050759777090036522e+02 2.072510683568277159e+02
1.050429103200061149e+02 2.071566938486971594e+02
1.050098429310085777e+02 2.070623193405666029e+02
1.049767755420110404e+02 2.069679448324360465e+02
1.049437081530135032e+02 2.068735703243054900e+02
1.049106407640159659e+02 2.067791958161749335e+02
1.048775733750184287e+02 2.066848213080443770e+02
1.048445059860208914e+02 2.065904467999138205e+02
1.048114385970233542e+02 2.064960722917832641e+02
1.047783712080258169e+02 2.064016977836527076e+02
1.047453038190282797e+02 2.063073232755221511e+02
1.047122364300307424e+02 2.062129487673915946e+02
1.046791690410332052e+02 2.061185742592610382e+02
1.046461016520356679e+02 2.060241997511304817e+02
1.046130342630381307e+02 2.059298252429999252e+02
1.045799668740405934e+02 2.058354507348693687e+02
1.045468994850430562e+02 2.057410762267388122e+02
1.045138320960455189e+02 2.056467017186082558e+02
1.044807647070479817e+02 2.055523272104776993e+02
1.044476973180504444e+02 2.054579527023471428e+02
1.044146299290529072e+02 2.053635781942165863e+02
1.043815625400553699e+02 2.052692036860860298e+02
1.043484951510578327e+02 2.051748291779554734e+02
1.043154277620602954e+02 2.050804546698249169e+02
1.042823603730627582e+02 2.049860801616943604e+02
1.042492929840652209e+02 2.048917056535638039e+02
1.042162255950676837e+02 2.047973311454332475e+02
1.041831582060701464e+02 2.047029566373026910e+02
1.041500908170726092e+02 2.046085821291721345e+02
1.041170234280750719e+02 2.045142076210415780e+02
1.040839560390775347e+02 2.044198331129110215e+02
1.040508886500799974e+02 2.043254586047804651e+02
1.040178212610824602e+02 2.042310840966499086e+02
1.039847538720849229e+02 2.041367095885193521e+02
1.039516864830873857e+02 2.040423350803887956e+02
1.039186190940898484e+02 2.039479605722582392e+02
1.038855517050923112e+02 2.038535860641276827e+02
1.038524843160947739e+02 2.037592115559971262e+02
1.038194169270972367e+02 2.036648370478665697e+02
1.037863495380996994e+02 2.035704625397360132e+02
1.037532821491021622e+02 2.034760880316054568e+02
1.037202147601046249e+02 2.033817135234749003e+02
1.036871473711070877e+02 2.032873390153443438e+02
1.036540799821095504e+02 2.031929645072137873e+02
1.036210125931120132e+02 2.030985899990832309e+02
1.035879452041144759e+02 2.030042154909526744e+02
1.035548778151169387e+02 2.029098409828221179e+02
1.035218104261194014e+02 2.028154664746915614e+02
1.034887430371218642e+02 2.027210919665610049e+02
1.034556756481243269e+02 2.026267174584304485e+02
1.034226082591267897e+02 2.025323429502998920e+02
1.033895408701292524e+02 2.024379684421693355e+02
1.033564734811317152e+02 2.023435939340387790e+02
1.033234060921341779e+02 2.022492194259082225e+02
1.032903387031366407e+02 2.021548449177776661e+02
1.032572713141391034e+02 2.020604704096471096e+02
1.032242039251415662e+02 2.019660959015165531e+02
1.031911365361440289e+02 2.018717213933859966e+02
1.031580691471464917e+02 2.017773468852554402e+02
1.031250017581489544e+02 2.016829723771248837e+02
1.030919343691514172e+02 2.015885978689943272e+02
1.030588669801538799e+02 2.014942233608637707e+02
1.030257995911563427e+02 2.013998488527332142e+02
1.029927322021588054e+02 2.013054743446026578e+02
1.029596648131612682e+02 2.012110998364721013e+02
1.029265974241637309e+02 2.011167253283415448e+02
1.028935300351661937e+02 2.010223508202109883e+02
1.028604626461686564e+02 2.009279763120804319e+02
1.028273952571711192e+02 2.008336018039498754e+02
1.027943278681735819e+02 2.007392272958193189e+02
1.027612604791760447e+02 2.006448527876887624e+02
1.027281930901785074e+02 2.005504782795582059e+02
1.026951257011809702e+02 2.004561037714276495e+02
1.026620583121834329e+02 2.003617292632970930e+02
1.026289909231858957e+02 2.002673547551665365e+02
1.025959235341883584e+02 2.001729802470359800e+02
1.025628561451908212e+02 2.000786057389054236e+02
1.025297887561932839e+02 1.999842312307748671e+02
1.024967213671957467e+02 1.998898567226443106e+02
1.024636539781982094e+02 1.997954822145137541e+02
1.024305865892006722e+02 1.997011077063831976e+02
1.023975192002031349e+02 1.996067331982526412e+02
1.023644518112055977e+02 1.995123586901220847e+02
1.023313844222080604e+02 1.994179841819915282e+02
1.022983170332105232e+02 1.993236096738609717e+02
1.022652496442129859e+02 1.992292351657304152e+02
1.022321822552154487e+02 1.991348606575998588e+02
1.021991148662179114e+02 1.990404861494693023e+02
1.021660474772203742e+02 1.989461116413387458e+02
1.021329800882228369e+02 1.988517371332081893e+02
1.020999126992252997e+02 1.987573626250776329e+02
1.020668453102277624e+02 1.986629881169470764e+02
1.020337779212302252e+02 1.985686136088165199e+02
1.020007105322326879e+02 1.984742391006859634e+02
1.019676431432351507e+02 1.983798645925554069e+02
1.019345757542376134e+02 1.982854900844248505e+02
1.019015083652400762e+02 1.981911155762942940e+02
1.018684409762425389e+02 1.980967410681637375e+02
1.018353735872450017e+02 1.980023665600331810e+02
1.018023061982474644e+02 1.979079920519026246e+02
1.017692388092499272e+02 1.978136175437720681e+02
1.017361714202523899e+02 1.977192430356415116e+02
1.017031040312548527e+02 1.976248685275109551e+02
1.016700366422573154e+02 1.975304940193803986e+02
1.016369692532597782e+02 1.974361195112498422e+02
1.016039018642622409e+02 1.973417450031192857e+02
1.015708344752647037e+02 1.972473704949887292e+02
1.015377670862671664e+02 1.971529959868581727e+02
1.015046996972696292e+02 1.970586214787276162e+02
1.014716323082720919e+02 1.969642469705970598e+02
1.014385649192745547e+02 1.968698724624665033e+02
1.014054975302770174e+02 1.967754979543359468e+02
1.013724301412794802e+02 1.966811234462053903e+02
1.013393627522819429e+02 1.965867489380748339e+02
1.013062953632844057e+02 1.964923744299442774e+02
1.012732279742868684e+02 1.963979999218137209e+02
1.012401605852893312e+02 1.963036254136831644e+02
1.012070931962917939e+02 1.962092509055526079e+02
1.011740258072942567e+02 1.961148763974220515e+02
1.011409584182967194e+02 1.960205018892914950e+02
1.011078910292991822e+02 1.959261273811609385e+02
1.010748236403016449e+02 1.958317528730303820e+02
1.010417562513041076e+02 1.957373783648998256e+02
1.010086888623065704e+02 1.956430038567692691e+02
1.009756214733090331e+02 1.955486293486387126e+02
1.009425540843114959e+02 1.954542548405081561e+02
1.009094866953139586e+02 1.953598803323775996e+02
1.008764193063164214e+02 1.952655058242470432e+02
1.008433519173188841e+02 1.951711313161164867e+02
1.008102845283213469e+02 1.950767568079859302e+02
1.007772171393238096e+02 1.949823822998553737e+02
1.007441497503262724e+02 1.948880077917248173e+02
1.007110823613287351e+02 1.947936332835942608e+02
1.006780149723311979e+02 1.946992587754637043e+02
1.006449475833336606e+02 1.946048842673331478e+02
1.006118801943361234e+02 1.945105097592025913e+02
1.005788128053385861e+02 1.944161352510720349e+02
1.005457454163410489e+02 1.943217607429414784e+02
1.005126780273435116e+02 1.942273862348109219e+02
1.004796106383459744e+02 1.941330117266803654e+02
1.004465432493484371e+02 1.940386372185498089e+02
1.004134758603508999e+02 1.939442627104192525e+02
1.003804084713533626e+02 1.938498882022886960e+02
1.003473410823558254e+02 1.937555136941581395e+02
1.003142736933582881e+02 1.936611391860275830e+02
1.002812063043607509e+02 1.935667646778970266e+02
1.002481389153632136e+02 1.934723901697664701e+02
1.002150715263656764e+02 1.933780156616359136e+02
1.001820041373681391e+02 1.932836411535053571e+02
1.001489367483706019e+02 1.931892666453748006e+02
1.001158693593730646e+02 1.930948921372442442e+02
1.000828019703755274e+02 1.930005176291136877e+02
1.000497345813779901e+02 1.929061431209831312e+02
1.000166671923804529e+02 1.928117686128525747e+02
9.998359980338291564e+01 1.927173941047220183e+02
9.995053241438537839e+01 1.926230195965914618e+02
9.991746502538784114e+01 1.925286450884609053e+02
9.988439763639030389e+01 1.924342705803303488e+02
9.985133024739276664e+01 1.923398960721997923e+02
9.981826285839522939e+01 1.922455215640692359e+02
9.978519546939769214e+01 1.921511470559386794e+02
9.975212808040015489e+01 1.920567725478081229e+02
9.971906069140261764e+01 1.919623980396775664e+02
9.968599330240508039e+01 1.918680235315470100e+02
9.965292591340754313e+01 1.917736490234164535e+02
9.961985852441000588e+01 1.916792745152858970e+02
9.958679113541246863e+01 1.915849000071553405e+02
9.955372374641493138e+01 1.914905254990247840e+02
9.952065635741739413e+01 1.913961509908942276e+02
9.948758896841985688e+01 1.913017764827636711e+02
9.945452157942231963e+01 1.912074019746331146e+02
9.942145419042478238e+01 1.911130274665025581e+02
9.938838680142724513e+01 1.910186529583720016e+02
9.935531941242970788e+01 1.909242784502414452e+02
9.932225202343217063e+01 1.908299039421108887e+02
9.928918463443463338e+01 1.907355294339803322e+02
9.925611724543709613e+01 1.906411549258497757e+02
9.922304985643955888e+01 1.905467804177192193e+02
9.918998246744202163e+01 1.904524059095886628e+02
9.915691507844448438e+01 1.903580314014581063e+02
9.912384768944694713e+01 1.902636568933275498e+02
9.909078030044940988e+01 1.901692823851969933e+02
9.905771291145187263e+01 1.900749078770664369e+02
9.902464552245433538e+01 1.899805333689358804e+02
9.899157813345679813e+01 1.898861588608053239e+02
9.895851074445926088e+01 1.897917843526747674e+02
9.892544335546172363e+01 1.896974098445442110e+02
9.889237596646418638e+01 1.896030353364136545e+02
9.885930857746664913e+01 1.895086608282830980e+02
9.882624118846911188e+01 1.894142863201525415e+02
9.879317379947157463e+01 1.893199118120219850e+02
9.876010641047403738e+01 1.892255373038914286e+02
9.872703902147650012e+01 1.891311627957608721e+02
9.869397163247896287e+01 1.890367882876303156e+02
9.866090424348142562e+01 1.889424137794997591e+02
9.862783685448388837e+01 1.888480392713692027e+02
9.859476946548635112e+01 1.887536647632386462e+02
9.856170207648881387e+01 1.886592902551080897e+02
9.852863468749127662e+01 1.885649157469775332e+02
9.849556729849373937e+01 1.884705412388469767e+02
9.846249990949620212e+01 1.883761667307164203e+02
9.842943252049866487e+01 1.882817922225858638e+02
9.839636513150112762e+01 1.881874177144553073e+02
9.836329774250359037e+01 1.880930432063247508e+02
9.833023035350605312e+01 1.879986686981941943e+02
9.829716296450851587e+01 1.879042941900636379e+02
9.826409557551097862e+01 1.878099196819330814e+02
9.823102818651344137e+01 1.877155451738025249e+02
9.819796079751590412e+01 1.876211706656719684e+02
9.816489340851836687e+01 1.875267961575414120e+02
9.813182601952082962e+01 1.874324216494108555e+02
9.809875863052329237e+01 1.873380471412802990e+02
9.806569124152575512e+01 1.872436726331497425e+02
9.803262385252821787e+01 1.871492981250191860e+02
9.799955646353068062e+01 1.870549236168886296e+02
9.796648907453314337e+01 1.869605491087580731e+02
9.793342168553560612e+01 1.868661746006275166e+02
9.790035429653806887e+01 1.867718000924969601e+02
9.786728690754053162e+01 1.866774255843664037e+02
9.783421951854299436e+01 1.865830510762358472e+02
9.780115212954545711e+01 1.864886765681052907e+02
9.776808474054791986e+01 1.863943020599747342e+02
9.773501735155038261e+01 1.862999275518441777e+02
9.770194996255284536e+01 1.862055530437136213e+02
9.766888257355530811e+01 1.861111785355830648e+02
9.763581518455777086e+01 1.860168040274525083e+02
9.760274779556023361e+01 1.859224295193219518e+02
9.756968040656269636e+01 1.858280550111913954e+02
9.753661301756515911e+01 1.857336805030608389e+02
9.750354562856762186e+01 1.856393059949302824e+02
9.747047823957008461e+01 1.855449314867997259e+02
9.743741085057254736e+01 1.854505569786691694e+02
9.740434346157501011e+01 1.853561824705386130e+02
9.737127607257747286e+01 1.852618079624080565e+02
9.733820868357993561e+01 1.851674334542775000e+02
9.730514129458239836e+01 1.850730589461469435e+02
9.727207390558486111e+01 1.849786844380163870e+02
9.723900651658732386e+01 1.848843099298858306e+02
9.720593912758978661e+01 1.847899354217552741e+02
9.717287173859224936e+01 1.846955609136247176e+02
9.713980434959471211e+01 1.846011864054941611e+02
9.710673696059717486e+01 1.845068118973636047e+02
9.707366957159963761e+01 1.844124373892330482e+02
9.704060218260210036e+01 1.843180628811024917e+02
9.700753479360456311e+01 1.842236883729719352e+02
9.697446740460702586e+01 1.841293138648413787e+02
9.694140001560948861e+01 1.840349393567108223e+02
9.690833262661195135e+01 1.839405648485802658e+02
9.687526523761441410e+01 1.838461903404497093e+02
9.684219784861687685e+01 1.837518158323191528e+02
9.680913045961933960e+01 1.836574413241885964e+02
9.677606307062180235e+01 1.835630668160580399e+02
9.674299568162426510e+01 1.834686923079274834e+02
9.670992829262672785e+01 1.833743177997969269e+02
9.667686090362919060e+01 1.832799432916663704e+02
9.664379351463165335e+01 1.831855687835358140e+02
9.661072612563411610e+01 1.830911942754052575e+02
9.657765873663657885e+01 1.829968197672747010e+02
9.654459134763904160e+01 1.829024452591441445e+02
9.651152395864150435e+01 1.828080707510135881e+02
9.647845656964396710e+01 1.827136962428830316e+02
9.644538918064642985e+01 1.826193217347524751e+02
9.641232179164889260e+01 1.825249472266219186e+02
9.637925440265135535e+01 1.824305727184913621e+02
9.634618701365381810e+01 1.823361982103608057e+02
9.631311962465628085e+01 1.822418237022302492e+02
9.628005223565874360e+01 1.821474491940996927e+02
9.624698484666120635e+01 1.820530746859691362e+02
9.621391745766366910e+01 1.819587001778385797e+02
9.618085006866613185e+01 1.818643256697080233e+02
9.614778267966859460e+01 1.817699511615774668e+02
9.611471529067105735e+01 1.816755766534469103e+02
9.608164790167352010e+01 1.815812021453163538e+02
9.604858051267598285e+01 1.814868276371857974e+02
9.601551312367844560e+01 1.813924531290552409e+02
9.598244573468090834e+01 1.812980786209246844e+02
9.594937834568337109e+01 1.812037041127941279e+02
9.591631095668583384e+01 1.811093296046635714e+02
9.588324356768829659e+01 1.810149550965330150e+02
9.585017617869075934e+01 1.809205805884024585e+02
9.581710878969322209e+01 1.808262060802719020e+02
9.578404140069568484e+01 1.807318315721413455e+02
9.575097401169814759e+01 1.806374570640107891e+02
9.571790662270061034e+01 1.805430825558802326e+02
9.568483923370307309e+01 1.804487080477496761e+02
9.565177184470553584e+01 1.803543335396191196e+02
9.561870445570799859e+01 1.802599590314885631e+02
9.558563706671046134e+01 1.801655845233580067e+02
9.555256967771292409e+01 1.800712100152274502e+02
9.551950228871538684e+01 1.799768355070968937e+02
9.548643489971784959e+01 1.798824609989663372e+02
9.545336751072031234e+01 1.797880864908357808e+02
9.542030012172277509e+01 1.796937119827052243e+02
9.538723273272523784e+01 1.795993374745746678e+02
9.535416534372770059e+01 1.795049629664441113e+02
9.532109795473016334e+01 1.794105884583135548e+02
9.528803056573262609e+01 1.793162139501829984e+02
9.525496317673508884e+01 1.792218394420524419e+02
9.522189578773755159e+01 1.791274649339218854e+02
9.518882839874001434e+01 1.790330904257913289e+02
9.515576100974247709e+01 1.789387159176607724e+02
9.512269362074493984e+01 1.788443414095302160e+02
9.508962623174740258e+01 1.787499669013996595e+02
9.505655884274986533e+01 1.786555923932691030e+02
9.502349145375232808e+01 1.785612178851385465e+02
9.499042406475479083e+01 1.784668433770079901e+02
9.495735667575725358e+01 1.783724688688774336e+02
9.492428928675971633e+01 1.782780943607468771e+02
9.489122189776217908e+01 1.781837198526163206e+02
9.485815450876464183e+01 1.780893453444857641e+02
9.482508711976710458e+01 1.779949708363552077e+02
9.479201973076956733e+01 1.779005963282246512e+02
9.475895234177203008e+01 1.778062218200940947e+02
9.472588495277449283e+01 1.777118473119635382e+02
9.469281756377695558e+01 1.776174728038329818e+02
9.465975017477941833e+01 1.775230982957024253e+02
9.462668278578188108e+01 1.774287237875718688e+02
9.459361539678434383e+01 1.773343492794413123e+02
9.456054800778680658e+01 1.772399747713107558e+02
9.452748061878926933e+01 1.771456002631801994e+02
9.449441322979173208e+01 1.770512257550496429e+02
9.446134584079419483e+01 1.769568512469190864e+02
9.442827845179665758e+01 1.768624767387885299e+02
9.439521106279912033e+01 1.767681022306579735e+02
9.436214367380158308e+01 1.766737277225274170e+02
9.432907628480404583e+01 1.765793532143968605e+02
9.429600889580650858e+01 1.764849787062663040e+02
9.426294150680897133e+01 1.763906041981357475e+02
9.422987411781143408e+01 1.762962296900051911e+02
9.419680672881389683e+01 1.762018551818746346e+02
9.416373933981635957e+01 1.761074806737440781e+02
9.413067195081882232e+01 1.760131061656135216e+02
9.409760456182128507e+01 1.759187316574829651e+02
9.406453717282374782e+01 1.758243571493524087e+02
9.403146978382621057e+01 1.757299826412218522e+02
9.399840239482867332e+01 1.756356081330912957e+02
9.396533500583113607e+01 1.755412336249607392e+02
9.393226761683359882e+01 1.754468591168301828e+02
9.389920022783606157e+01 1.753524846086996263e+02
9.386613283883852432e+01 1.752581101005690698e+02
9.383306544984098707e+01 1.751637355924385133e+02
9.379999806084344982e+01 1.750693610843079568e+02
9.376693067184591257e+01 1.749749865761774004e+02
9.373386328284837532e+01 1.748806120680468439e+02
9.370079589385083807e+01 1.747862375599162874e+02
9.366772850485330082e+01 1.746918630517857309e+02
9.363466111585576357e+01 1.745974885436551745e+02
9.360159372685822632e+01 1.745031140355246180e+02
9.356852633786068907e+01 1.744087395273940615e+02
9.353545894886315182e+01 1.743143650192635050e+02
9.350239155986561457e+01 1.742199905111329485e+02
9.346932417086807732e+01 1.741256160030023921e+02
9.343625678187054007e+01 1.740312414948718356e+02
9.340318939287300282e+01 1.739368669867412791e+02
9.337012200387546557e+01 1.738424924786107226e+02
9.333705461487792832e+01 1.737481179704801662e+02
9.330398722588039107e+01 1.736537434623496097e+02
9.327091983688285382e+01 1.735593689542190532e+02
9.323785244788531656e+01 1.734649944460884967e+02
9.320478505888777931e+01 1.733706199379579402e+02
9.317171766989024206e+01 1.732762454298273838e+02
9.313865028089270481e+01 1.731818709216968273e+02
9.310558289189516756e+01 1.730874964135662708e+02
9.307251550289763031e+01 1.729931219054357143e+02
9.303944811390009306e+01 1.728987473973051578e+02
9.300638072490255581e+01 1.728043728891746014e+02
9.297331333590501856e+01 1.727099983810440449e+02
9.294024594690748131e+01 1.726156238729134884e+02
9.290717855790994406e+01 1.725212493647829319e+02
9.287411116891240681e+01 1.724268748566523755e+02
9.284104377991486956e+01 1.723325003485218190e+02
9.280797639091733231e+01 1.722381258403912625e+02
9.277490900191979506e+01 1.721437513322607060e+02
9.274184161292225781e+01 1.720493768241301495e+02
9.270877422392472056e+01 1.719550023159995931e+02
9.267570683492718331e+01 1.718606278078690366e+02
9.264263944592964606e+01 1.717662532997384801e+02
9.260957205693210881e+01 1.716718787916079236e+02
9.257650466793457156e+01 1.715775042834773672e+02
9.254343727893703431e+01 1.714831297753468107e+02
9.251036988993949706e+01 1.713887552672162542e+02
9.247730250094195981e+01 1.712943807590856977e+02
9.244423511194442256e+01 1.712000062509551412e+02
9.241116772294688531e+01 1.711056317428245848e+02
9.237810033394934806e+01 1.710112572346940283e+02
9.234503294495181080e+01 1.709168827265634718e+02
9.231196555595427355e+01 1.708225082184329153e+02
9.227889816695673630e+01 1.707281337103023588e+02
9.224583077795919905e+01 1.706337592021718024e+02
9.221276338896166180e+01 1.705393846940412459e+02
9.217969599996412455e+01 1.704450101859106894e+02
9.214662861096658730e+01 1.703506356777801329e+02
9.211356122196905005e+01 1.702562611696495765e+02
9.208049383297151280e+01 1.701618866615190200e+02
9.204742644397397555e+01 1.700675121533884635e+02
9.201435905497643830e+01 1.699731376452579070e+02
9.198129166597890105e+01 1.698787631371273505e+02
9.194822427698136380e+01 1.697843886289967941e+02
9.191515688798382655e+01 1.696900141208662376e+02
9.188208949898628930e+01 1.695956396127356811e+02
9.184902210998875205e+01 1.695012651046051246e+02
9.181595472099121480e+01 1.694068905964745682e+02
9.178288733199367755e+01 1.693125160883440117e+02
9.174981994299614030e+01 1.692181415802134552e+02
9.171675255399860305e+01 1.691237670720828987e+02
9.168368516500106580e+01 1.690293925639523422e+02
9.165061777600352855e+01 1.689350180558217858e+02
9.161755038700599130e+01 1.688406435476912293e+02
9.158448299800845405e+01 1.687462690395606728e+02
9.155141560901091680e+01 1.686518945314301163e+02
9.151834822001337955e+01 1.685575200232995599e+02
9.148528083101584230e+01 1.684631455151690034e+02
9.145221344201830505e+01 1.683687710070384469e+02
9.141914605302076779e+01 1.682743964989078904e+02
9.138607866402323054e+01 1.681800219907773339e+02
9.135301127502569329e+01 1.680856474826467775e+02
9.131994388602815604e+01 1.679912729745162210e+02
9.128687649703061879e+01 1.678968984663856645e+02
9.125380910803308154e+01 1.678025239582551080e+02
9.122074171903554429e+01 1.677081494501245515e+02
9.118767433003800704e+01 1.676137749419939951e+02
9.115460694104046979e+01 1.675194004338634386e+02
9.112153955204293254e+01 1.674250259257328821e+02
9.108847216304539529e+01 1.673306514176023256e+02
9.105540477404785804e+01 1.672362769094717692e+02
9.102233738505032079e+01 1.671419024013412127e+02
9.098926999605278354e+01 1.670475278932106562e+02
9.095620260705524629e+01 1.669531533850800997e+02
9.092313521805770904e+01 1.668587788769495432e+02
9.089006782906017179e+01 1.667644043688189868e+02
9.085700044006263454e+01 1.666700298606884303e+02
9.082393305106509729e+01 1.665756553525578738e+02
9.079086566206756004e+01 1.664812808444273173e+02
9.075779827307002279e+01 1.663869063362967609e+02
9.072473088407248554e+01 1.662925318281662044e+02
9.069166349507494829e+01 1.661981573200356479e+02
9.065859610607741104e+01 1.661037828119050914e+02
9.062552871707987379e+01 1.660094083037745349e+02
9.059246132808233654e+01 1.659150337956439785e+02
9.055939393908479929e+01 1.658206592875134220e+02
9.052632655008726204e+01 1.657262847793828655e+02
9.049325916108972478e+01 1.656319102712523090e+02
9.046019177209218753e+01 1.655375357631217526e+02
9.042712438309465028e+01 1.654431612549911961e+02
9.039405699409711303e+01 1.653487867468606396e+02
9.036098960509957578e+01 1.652544122387300831e+02
9.032792221610203853e+01 1.651600377305995266e+02
9.029485482710450128e+01 1.650656632224689702e+02
9.026178743810696403e+01 1.649712887143384137e+02
9.022872004910942678e+01 1.648769142062078572e+02
9.019565266011188953e+01 1.647825396980773007e+02
9.016258527111435228e+01 1.646881651899467442e+02
9.012951788211681503e+01 1.645937906818161878e+02
9.009645049311927778e+01 1.644994161736856313e+02
9.006338310412174053e+01 1.644050416655550748e+02
9.003031571512420328e+01 1.643106671574245183e+02
8.999724832612666603e+01 1.642162926492939619e+02
8.996418093712912878e+01 1.641219181411634054e+02
8.993111354813159153e+01 1.640275436330328489e+02
8.989804615913405428e+01 1.639331691249022924e+02
8.986497877013651703e+01 1.638387946167717359e+02
8.983191138113897978e+01 1.637444201086411795e+02
8.979884399214144253e+01 1.636500456005106230e+02
8.976577660314390528e+01 1.635556710923800665e+02
8.973270921414636803e+01 1.634612965842495100e+02
8.969964182514883078e+01 1.633669220761189536e+02
8.966657443615129353e+01 1.632725475679883971e+02
8.963350704715375628e+01 1.631781730598578406e+02
8.960043965815621902e+01 1.630837985517272841e+02
8.956737226915868177e+01 1.629894240435967276e+02
8.953430488016114452e+01 1.628950495354661712e+02
8.950123749116360727e+01 1.628006750273356147e+02
8.946817010216607002e+01 1.627063005192050582e+02
8.943510271316853277e+01 1.626119260110745017e+02
8.940203532417099552e+01 1.625175515029439453e+02
8.936896793517345827e+01 1.624231769948133888e+02
8.933590054617592102e+01 1.623288024866828323e+02
8.930283315717838377e+01 1.622344279785522758e+02
8.926976576818084652e+01 1.621400534704217193e+02
8.923669837918330927e+01 1.620456789622911629e+02
8.920363099018577202e+01 1.619513044541606064e+02
8.917056360118823477e+01 1.618569299460300499e+02
8.913749621219069752e+01 1.617625554378994934e+02
8.910442882319316027e+01 1.616681809297689369e+02
8.907136143419562302e+01 1.615738064216383805e+02
8.900618026509219760e+01 1.613877790103362315e+02
8.910157026988738949e+01 1.614177914575069224e+02
8.919696027468258137e+01 1.614478039046776132e+02
8.929235027947777326e+01 1.614778163518483041e+02
8.938774028427296514e+01 1.615078287990189949e+02
8.948313028906815703e+01 1.615378412461896858e+02
8.957852029386334891e+01 1.615678536933603766e+02
8.967391029865854080e+01 1.615978661405310675e+02
8.976930030345373268e+01 1.616278785877017583e+02
8.986469030824892457e+01 1.616578910348724492e+02
8.996008031304411645e+01 1.616879034820431400e+02
9.005547031783930834e+01 1.617179159292138309e+02
9.015086032263450022e+01 1.617479283763845217e+02
9.024625032742969211e+01 1.617779408235552125e+02
9.034164033222488399e+01 1.618079532707259034e+02
9.043703033702007588e+01 1.618379657178965942e+02
9.053242034181526776e+01 1.618679781650672851e+02
9.062781034661045965e+01 1.618979906122379759e+02
9.072320035140565153e+01 1.619280030594086668e+02
9.081859035620084342e+01 1.619580155065793576e+02
9.091398036099603530e+01 1.619880279537500485e+02
9.100937036579122719e+01 1.620180404009207393e+02
9.110476037058641907e+01 1.620480528480914302e+02
9.120015037538161096e+01 1.620780652952621210e+02
9.129554038017680284e+01 1.621080777424328119e+02
9.139093038497199473e+01 1.621380901896035027e+02
9.148632038976718661e+01 1.621681026367741936e+02
9.158171039456237850e+01 1.621981150839448844e+02
9.167710039935757038e+01 1.622281275311155753e+02
9.177249040415276227e+01 1.622581399782862661e+02
9.186788040894795415e+01 1.622881524254569570e+02
9.196327041374314604e+01 1.623181648726276478e+02
9.205866041853833792e+01 1.623481773197983387e+02
9.215405042333352981e+01 1.623781897669690295e+02
9.224944042812872169e+01 1.624082022141397204e+02
9.234483043292391358e+01 1.624382146613104112e+02
9.244022043771910546e+01 1.624682271084811021e+02
9.253561044251429735e+01 1.624982395556517929e+02
9.263100044730948923e+01 1.625282520028224837e+02
9.272639045210468112e+01 1.625582644499931746e+02
9.282178045689987300e+01 1.625882768971638654e+02
9.291717046169506489e+01 1.626182893443345563e+02
9.301256046649025677e+01 1.626483017915052471e+02
9.310795047128544866e+01 1.626783142386759380e+02
9.320334047608064054e+01 1.627083266858466288e+02
9.329873048087583243e+01 1.627383391330173197e+02
9.339412048567102431e+01 1.627683515801880105e+02
9.348951049046621620e+01 1.627983640273587014e+02
9.358490049526140808e+01 1.628283764745293922e+02
9.368029050005659997e+01 1.628583889217000831e+02
9.377568050485179185e+01 1.628884013688707739e+02
9.387107050964698374e+01 1.629184138160414648e+02
9.396646051444217562e+01 1.629484262632121556e+02
9.406185051923736751e+01 1.629784387103828465e+02
9.415724052403255939e+01 1.630084511575535373e+02
9.425263052882775128e+01 1.630384636047242282e+02
9.434802053362294316e+01 1.630684760518949190e+02
9.444341053841813505e+01 1.630984884990656099e+02
9.453880054321332693e+01 1.631285009462363007e+02
9.463419054800851882e+01 1.631585133934069916e+02
9.472958055280371070e+01 1.631885258405776824e+02
9.482497055759890259e+01 1.632185382877483732e+02
9.492036056239409447e+01 1.632485507349190641e+02
9.501575056718928636e+01 1.632785631820897549e+02
9.511114057198447824e+01 1.633085756292604458e+02
9.520653057677967013e+01 1.633385880764311366e+02
9.530192058157486201e+01 1.633686005236018275e+02
9.539731058637005390e+01 1.633986129707725183e+02
9.549270059116524578e+01 1.634286254179432092e+02
9.558809059596043767e+01 1.634586378651139000e+02
9.568348060075562955e+01 1.634886503122845909e+02
9.577887060555082144e+01 1.635186627594552817e+02
9.587426061034601332e+01 1.635486752066259726e+02
9.596965061514120521e+01 1.635786876537966634e+02
9.606504061993639709e+01 1.636087001009673543e+02
9.616043062473158898e+01 1.636387125481380451e+02
9.625582062952678086e+01 1.636687249953087360e+02
9.635121063432197275e+01 1.636987374424794268e+02
9.644660063911716463e+01 1.637287498896501177e+02
9.654199064391235652e+01 1.637587623368208085e+02
9.663738064870754840e+01 1.637887747839914994e+02
9.673277065350274029e+01 1.638187872311621902e+02
9.682816065829793217e+01 1.638487996783328811e+02
9.692355066309312406e+01 1.638788121255035719e+02
9.701894066788831594e+01 1.639088245726742628e+02
9.711433067268350783e+01 1.639388370198449536e+02
9.720972067747869971e+01 1.639688494670156444e+02
9.730511068227389160e+01 1.639988619141863353e+02
9.740050068706908348e+01 1.640288743613570261e+02
9.749589069186427537e+01 1.640588868085277170e+02
9.759128069665946725e+01 1.640888992556984078e+02
9.768667070145465914e+01 1.641189117028690987e+02
9.778206070624985102e+01 1.641489241500397895e+02
9.787745071104504291e+01 1.641789365972104804e+02
9.797284071584023479e+01 1.642089490443811712e+02
9.806823072063542668e+01 1.642389614915518621e+02
9.816362072543061856e+01 1.642689739387225529e+02
9.825901073022581045e+01 1.642989863858932438e+02
9.835440073502100233e+01 1.643289988330639346e+02
9.844979073981619422e+01 1.643590112802346255e+02
9.854518074461138610e+01 1.643890237274053163e+02
9.864057074940657799e+01 1.644190361745760072e+02
9.873596075420176987e+01 1.644490486217466980e+02
9.883135075899696176e+01 1.644790610689173889e+02
9.892674076379215364e+01 1.645090735160880797e+02
9.902213076858734553e+01 1.645390859632587706e+02
9.911752077338253741e+01 1.645690984104294614e+02
9.921291077817772930e+01 1.645991108576001523e+02
9.930830078297292118e+01 1.646291233047708431e+02
9.940369078776811307e+01 1.646591357519415340e+02
9.949908079256330495e+01 1.646891481991122248e+02
9.959447079735849684e+01 1.647191606462829156e+02
9.968986080215368872e+01 1.647491730934536065e+02
9.978525080694888061e+01 1.647791855406242973e+02
9.988064081174407249e+01 1.648091979877949882e+02
9.997603081653926438e+01 1.648392104349656790e+02
1.000714208213344563e+02 1.648692228821363699e+02
1.001668108261296481e+02 1.648992353293070607e+02
1.002622008309248400e+02 1.649292477764777516e+02
1.003575908357200319e+02 1.649592602236484424e+02
1.004529808405152238e+02 1.649892726708191333e+02
1.005483708453104157e+02 1.650192851179898241e+02
1.006437608501056076e+02 1.650492975651605150e+02
1.007391508549007995e+02 1.650793100123312058e+02
1.008345408596959913e+02 1.651093224595018967e+02
1.009299308644911832e+02 1.651393349066725875e+02
1.010253208692863751e+02 1.651693473538432784e+02
1.011207108740815670e+02 1.651993598010139692e+02
1.012161008788767589e+02 1.652293722481846601e+02
1.013114908836719508e+02 1.652593846953553509e+02
1.014068808884671427e+02 1.652893971425260418e+02
1.015022708932623345e+02 1.653194095896967326e+02
1.015976608980575264e+02 1.653494220368674235e+02
1.016930509028527183e+02 1.653794344840381143e+02
1.017884409076479102e+02 1.654094469312088052e+02
1.018838309124431021e+02 1.654394593783794960e+02
1.019792209172382940e+02 1.654694718255501868e+02
1.020746109220334858e+02 1.654994842727208777e+02
1.021700009268286777e+02 1.655294967198915685e+02
1.022653909316238696e+02 1.655595091670622594e+02
1.023607809364190615e+02 1.655895216142329502e+02
1.024561709412142534e+02 1.656195340614036411e+02
1.025515609460094453e+02 1.656495465085743319e+02
1.026469509508046372e+02 1.656795589557450228e+02
1.027423409555998290e+02 1.657095714029157136e+02
1.028377309603950209e+02 1.657395838500864045e+02
1.029331209651902128e+02 1.657695962972570953e+02
1.030285109699854047e+02 1.657996087444277862e+02
1.031239009747805966e+02 1.658296211915984770e+02
1.032192909795757885e+02 1.658596336387691679e+02
1.033146809843709804e+02 1.658896460859398587e+02
1.034100709891661722e+02 1.659196585331105496e+02
1.035054609939613641e+02 1.659496709802812404e+02
1.036008509987565560e+02 1.659796834274519313e+02
1.036962410035517479e+02 1.660096958746226221e+02
1.037916310083469398e+02 1.660397083217933130e+02
1.038870210131421317e+02 1.660697207689640038e+02
1.039824110179373235e+02 1.660997332161346947e+02
1.040778010227325154e+02 1.661297456633053855e+02
1.041731910275277073e+02 1.661597581104760764e+02
1.042685810323228992e+02 1.661897705576467672e+02
1.043639710371180911e+02 1.662197830048174580e+02
1.044593610419132830e+02 1.662497954519881489e+02
1.045547510467084749e+02 1.662798078991588397e+02
1.046501410515036667e+02 1.663098203463295306e+02
1.047455310562988586e+02 1.663398327935002214e+02
1.048409210610940505e+02 1.663698452406709123e+02
1.049363110658892424e+02 1.663998576878416031e+02
1.050317010706844343e+02 1.664298701350122940e+02
1.051270910754796262e+02 1.664598825821829848e+02
1.052224810802748181e+02 1.664898950293536757e+02
1.053178710850700099e+02 1.665199074765243665e+02
1.054132610898652018e+02 1.665499199236950574e+02
1.055086510946603937e+02 1.665799323708657482e+02
1.056040410994555856e+02 1.666099448180364391e+02
1.056994311042507775e+02 1.666399572652071299e+02
1.057948211090459694e+02 1.666699697123778208e+02
1.058902111138411613e+02 1.666999821595485116e+02
1.059856011186363531e+02 1.667299946067192025e+02
1.060809911234315450e+02 1.667600070538898933e+02
1.061763811282267369e+02 1.667900195010605842e+02
1.062717711330219288e+02 1.668200319482312750e+02
1.063671611378171207e+02 1.668500443954019659e+02
1.064625511426123126e+02 1.668800568425726567e+02
1.065579411474075044e+02 1.669100692897433476e+02
1.066533311522026963e+02 1.669400817369140384e+02
1.067487211569978882e+02 1.669700941840847292e+02
1.068441111617930801e+02 1.670001066312554201e+02
1.069395011665882720e+02 1.670301190784261109e+02
1.070348911713834639e+02 1.670601315255968018e+02
1.071302811761786558e+02 1.670901439727674926e+02
1.072256711809738476e+02 1.671201564199381835e+02
1.073210611857690395e+02 1.671501688671088743e+02
1.074164511905642314e+02 1.671801813142795652e+02
1.075118411953594233e+02 1.672101937614502560e+02
1.076072312001546152e+02 1.672402062086209469e+02
1.077026212049498071e+02 1.672702186557916377e+02
1.077980112097449990e+02 1.673002311029623286e+02
1.078934012145401908e+02 1.673302435501330194e+02
1.079887912193353827e+02 1.673602559973037103e+02
1.080841812241305746e+02 1.673902684444744011e+02
1.081795712289257665e+02 1.674202808916450920e+02
1.082749612337209584e+02 1.674502933388157828e+02
1.083703512385161503e+02 1.674803057859864737e+02
1.084657412433113421e+02 1.675103182331571645e+02
1.085611312481065340e+02 1.675403306803278554e+02
1.086565212529017259e+02 1.675703431274985462e+02
1.087519112576969178e+02 1.676003555746692371e+02
1.088473012624921097e+02 1.676303680218399279e+02
1.089426912672873016e+02 1.676603804690106188e+02
1.090380812720824935e+02 1.676903929161813096e+02
1.091334712768776853e+02 1.677204053633520004e+02
1.092288612816728772e+02 1.677504178105226913e+02
1.093242512864680691e+02 1.677804302576933821e+02
1.094196412912632610e+02 1.678104427048640730e+02
1.095150312960584529e+02 1.678404551520347638e+02
1.096104213008536448e+02 1.678704675992054547e+02
1.097058113056488367e+02 1.679004800463761455e+02
1.098012013104440285e+02 1.679304924935468364e+02
1.098965913152392204e+02 1.679605049407175272e+02
1.099919813200344123e+02 1.679905173878882181e+02
1.100873713248296042e+02 1.680205298350589089e+02
1.101827613296247961e+02 1.680505422822295998e+02
1.102781513344199880e+02 1.680805547294002906e+02
1.103735413392151798e+02 1.681105671765709815e+02
1.104689313440103717e+02 1.681405796237416723e+02
1.105643213488055636e+02 1.681705920709123632e+02
1.106597113536007555e+02 1.682006045180830540e+02
1.107551013583959474e+02 1.682306169652537449e+02
1.108504913631911393e+02 1.682606294124244357e+02
1.109458813679863312e+02 1.682906418595951266e+02
1.110412713727815230e+02 1.683206543067658174e+02
1.111366613775767149e+02 1.683506667539365083e+02
1.112320513823719068e+02 1.683806792011071991e+02
1.113274413871670987e+02 1.684106916482778900e+02
1.114228313919622906e+02 1.684407040954485808e+02
1.115182213967574825e+02 1.684707165426192716e+02
1.116136114015526744e+02 1.685007289897899625e+02
1.117090014063478662e+02 1.685307414369606533e+02
1.118043914111430581e+02 1.685607538841313442e+02
1.118997814159382500e+02 1.685907663313020350e+02
1.119951714207334419e+02 1.686207787784727259e+02
1.120905614255286338e+02 1.686507912256434167e+02
1.121859514303238257e+02 1.686808036728141076e+02
1.122813414351190175e+02 1.687108161199847984e+02
1.123767314399142094e+02 1.687408285671554893e+02
1.124721214447094013e+02 1.687708410143261801e+02
1.125675114495045932e+02 1.688008534614968710e+02
1.126629014542997851e+02 1.688308659086675618e+02
1.127582914590949770e+02 1.688608783558382527e+02
1.128536814638901689e+02 1.688908908030089435e+02
1.129490714686853607e+02 1.689209032501796344e+02
1.130444614734805526e+02 1.689509156973503252e+02
1.131398514782757445e+02 1.689809281445210161e+02
1.132352414830709364e+02 1.690109405916917069e+02
1.133306314878661283e+02 1.690409530388623978e+02
1.134260214926613202e+02 1.690709654860330886e+02
1.135214114974565121e+02 1.691009779332037795e+02
1.136168015022517039e+02 1.691309903803744703e+02
1.137121915070468958e+02 1.691610028275451612e+02
1.138075815118420877e+02 1.691910152747158520e+02
1.139029715166372796e+02 1.692210277218865428e+02
1.139983615214324715e+02 1.692510401690572337e+02
1.140937515262276634e+02 1.692810526162279245e+02
1.141891415310228552e+02 1.693110650633986154e+02
1.142845315358180471e+02 1.693410775105693062e+02
1.143799215406132390e+02 1.693710899577399971e+02
1.144753115454084309e+02 1.694011024049106879e+02
1.145707015502036228e+02 1.694311148520813788e+02
1.146660915549988147e+02 1.694611272992520696e+02
1.147614815597940066e+02 1.694911397464227605e+02
1.148568715645891984e+02 1.695211521935934513e+02
1.149522615693843903e+02 1.695511646407641422e+02
1.150476515741795822e+02 1.695811770879348330e+02
1.151430415789747741e+02 1.696111895351055239e+02
1.152384315837699660e+02 1.696412019822762147e+02
1.153338215885651579e+02 1.696712144294469056e+02
1.154292115933603498e+02 1.697012268766175964e+02
1.155246015981555416e+02 1.697312393237882873e+02
1.156199916029507335e+02 1.697612517709589781e+02
1.157153816077459254e+02 1.697912642181296690e+02
1.158107716125411173e+02 1.698212766653003598e+02
1.159061616173363092e+02 1.698512891124710507e+02
1.160015516221315011e+02 1.698813015596417415e+02
1.160969416269266929e+02 1.699113140068124324e+02
1.161923316317218848e+02 1.699413264539831232e+02
1.162877216365170767e+02 1.699713389011538140e+02
1.163831116413122686e+02 1.700013513483245049e+02
1.164785016461074605e+02 1.700313637954951957e+02
1.165738916509026524e+02 1.700613762426658866e+02
1.166692816556978443e+02 1.700913886898365774e+02
1.167646716604930361e+02 1.701214011370072683e+02
1.168600616652882280e+02 1.701514135841779591e+02
1.169554516700834199e+02 1.701814260313486500e+02
1.170508416748786118e+02 1.702114384785193408e+02
1.171462316796738037e+02 1.702414509256900317e+02
1.172416216844689956e+02 1.702714633728607225e+02
1.173370116892641875e+02 1.703014758200314134e+02
1.174324016940593793e+02 1.703314882672021042e+02
1.175277916988545712e+02 1.703615007143727951e+02
1.176231817036497631e+02 1.703915131615434859e+02
1.177185717084449550e+02 1.704215256087141768e+02
1.178139617132401469e+02 1.704515380558848676e+02
1.179093517180353388e+02 1.704815505030555585e+02
1.180047417228305306e+02 1.705115629502262493e+02
1.181001317276257225e+02 1.705415753973969402e+02
1.181955217324209144e+02 1.705715878445676310e+02
1.182909117372161063e+02 1.706016002917383219e+02
1.183863017420112982e+02 1.706316127389090127e+02
1.184816917468064901e+02 1.706616251860797036e+02
1.185770817516016820e+02 1.706916376332503944e+02
1.186724717563968738e+02 1.707216500804210852e+02
1.187678617611920657e+02 1.707516625275917761e+02
1.188632517659872576e+02 1.707816749747624669e+02
1.189586417707824495e+02 1.708116874219331578e+02
1.190540317755776414e+02 1.708416998691038486e+02
1.191494217803728333e+02 1.708717123162745395e+02
1.192448117851680252e+02 1.709017247634452303e+02
1.193402017899632170e+02 1.709317372106159212e+02
1.194355917947584089e+02 1.709617496577866120e+02
1.195309817995536008e+02 1.709917621049573029e+02
1.196263718043487927e+02 1.710217745521279937e+02
1.197217618091439846e+02 1.710517869992986846e+02
1.198171518139391765e+02 1.710817994464693754e+02
1.199125418187343683e+02 1.711118118936400663e+02
1.200079318235295602e+02 1.711418243408107571e+02
1.201033218283247521e+02 1.711718367879814480e+02
1.201987118331199440e+02 1.712018492351521388e+02
1.202941018379151359e+02 1.712318616823228297e+02
1.203894918427103278e+02 1.712618741294935205e+02
1.204848818475055197e+02 1.712918865766642114e+02
1.205802718523007115e+02 1.713218990238349022e+02
1.206756618570959034e+02 1.713519114710055931e+02
1.207710518618910953e+02 1.713819239181762839e+02
1.208664418666862872e+02 1.714119363653469748e+02
1.209618318714814791e+02 1.714419488125176656e+02
1.210572218762766710e+02 1.714719612596883564e+02
1.211526118810718629e+02 1.715019737068590473e+02
1.212480018858670547e+02 1.715319861540297381e+02
1.213433918906622466e+02 1.715619986012004290e+02
1.214387818954574385e+02 1.715920110483711198e+02
1.215341719002526304e+02 1.716220234955418107e+02
1.216295619050478223e+02 1.716520359427125015e+02
1.217249519098430142e+02 1.716820483898831924e+02
1.218203419146382060e+02 1.717120608370538832e+02
1.219157319194333979e+02 1.717420732842245741e+02
1.220111219242285898e+02 1.717720857313952649e+02
1.221065119290237817e+02 1.718020981785659558e+02
1.222019019338189736e+02 1.718321106257366466e+02
1.222972919386141655e+02 1.718621230729073375e+02
1.223926819434093574e+02 1.718921355200780283e+02
1.224880719482045492e+02 1.719221479672487192e+02
1.225834619529997411e+02 1.719521604144194100e+02
1.226788519577949330e+02 1.719821728615901009e+02
1.227742419625901249e+02 1.720121853087607917e+02
1.228696319673853168e+02 1.720421977559314826e+02
1.229650219721805087e+02 1.720722102031021734e+02
1.230604119769757006e+02 1.721022226502728643e+02
1.231558019817708924e+02 1.721322350974435551e+02
1.232511919865660843e+02 1.721622475446142460e+02
1.233465819913612762e+02 1.721922599917849368e+02
1.234419719961564681e+02 1.722222724389556276e+02
1.235373620009516600e+02 1.722522848861263185e+02
1.236327520057468519e+02 1.722822973332970093e+02
1.237281420105420437e+02 1.723123097804677002e+02
1.238235320153372356e+02 1.723423222276383910e+02
1.239189220201324275e+02 1.723723346748090819e+02
1.240143120249276194e+02 1.724023471219797727e+02
1.241097020297228113e+02 1.724323595691504636e+02
1.242050920345180032e+02 1.724623720163211544e+02
1.243004820393131951e+02 1.724923844634918453e+02
1.243958720441083869e+02 1.725223969106625361e+02
1.244912620489035788e+02 1.725524093578332270e+02
1.245866520536987707e+02 1.725824218050039178e+02
1.246820420584939626e+02 1.726124342521746087e+02
1.247774320632891545e+02 1.726424466993452995e+02
1.248728220680843464e+02 1.726724591465159904e+02
1.249682120728795383e+02 1.727024715936866812e+02
1.250636020776747301e+02 1.727324840408573721e+02
1.251589920824699220e+02 1.727624964880280629e+02
1.252543820872651139e+02 1.727925089351987538e+02
1.253497720920603058e+02 1.728225213823694446e+02
1.254451620968554977e+02 1.728525338295401355e+02
1.255405521016506896e+02 1.728825462767108263e+02
1.256359421064458814e+02 1.729125587238815172e+02
1.257313321112410733e+02 1.729425711710522080e+02
1.258267221160362652e+02 1.729725836182228988e+02
1.259221121208314571e+02 1.730025960653935897e+02
1.260175021256266490e+02 1.730326085125642805e+02
1.261128921304218409e+02 1.730626209597349714e+02
1.262082821352170328e+02 1.730926334069056622e+02
1.263036721400122246e+02 1.731226458540763531e+02
1.263990621448074165e+02 1.731526583012470439e+02
1.264944521496026084e+02 1.731826707484177348e+02
1.265898421543978003e+02 1.732126831955884256e+02
1.266852321591929922e+02 1.732426956427591165e+02
1.267806221639881841e+02 1.732727080899298073e+02
1.268760121687833760e+02 1.733027205371004982e+02
1.269714021735785678e+02 1.733327329842711890e+02
1.270667921783737597e+02 1.733627454314418799e+02
1.271621821831689516e+02 1.733927578786125707e+02
1.272575721879641435e+02 1.734227703257832616e+02
1.273529621927593354e+02 1.734527827729539524e+02
1.274483521975545273e+02 1.734827952201246433e+02
1.275437422023497192e+02 1.735128076672953341e+02
1.276391322071449110e+02 1.735428201144660250e+02
1.277345222119401029e+02 1.735728325616367158e+02
1.278299122167352948e+02 1.736028450088074067e+02
1.279253022215304867e+02 1.736328574559780975e+02
1.280206922263256786e+02 1.736628699031487884e+02
1.281160822311208847e+02 1.736928823503194792e+02
1.282114722359160908e+02 1.737228947974901700e+02
1.283068622407112969e+02 1.737529072446608609e+02
1.284022522455065030e+02 1.737829196918315517e+02
1.284976422503017091e+02 1.738129321390022426e+02
1.285930322550969152e+02 1.738429445861729334e+02
1.286884222598921212e+02 1.738729570333436243e+02
1.287838122646873273e+02 1.739029694805143151e+02
1.288792022694825334e+02 1.739329819276850060e+02
1.289745922742777395e+02 1.739629943748556968e+02
1.290699822790729456e+02 1.739930068220263877e+02
1.291653722838681517e+02 1.740230192691970785e+02
1.292607622886633578e+02 1.740530317163677694e+02
1.293561522934585639e+02 1.740830441635384602e+02
1.294515422982537700e+02 1.741130566107091511e+02
1.295469323030489761e+02 1.741430690578798419e+02
1.296423223078441822e+02 1.741730815050505328e+02
1.297377123126393883e+02 1.742030939522212236e+02
1.298331023174345944e+02 1.742331063993919145e+02
1.299284923222298005e+02 1.742631188465626053e+02
1.300238823270250066e+02 1.742931312937332962e+02
1.301192723318202127e+02 1.743231437409039870e+02
1.302146623366154188e+02 1.743531561880746779e+02
1.303100523414106249e+02 1.743831686352453687e+02
1.304054423462058310e+02 1.744131810824160596e+02
1.305008323510010371e+02 1.744431935295867504e+02
1.305962223557962432e+02 1.744732059767574412e+02
1.306916123605914493e+02 1.745032184239281321e+02
1.307870023653866554e+02 1.745332308710988229e+02
1.308823923701818615e+02 1.745632433182695138e+02
1.309777823749770675e+02 1.745932557654402046e+02
1.310731723797722736e+02 1.746232682126108955e+02
1.311685623845674797e+02 1.746532806597815863e+02
1.312639523893626858e+02 1.746832931069522772e+02
1.313593423941578919e+02 1.747133055541229680e+02
1.314547323989530980e+02 1.747433180012936589e+02
1.315501224037483041e+02 1.747733304484643497e+02
1.316455124085435102e+02 1.748033428956350406e+02
1.317409024133387163e+02 1.748333553428057314e+02
1.318362924181339224e+02 1.748633677899764223e+02
1.319316824229291285e+02 1.748933802371471131e+02
1.320270724277243346e+02 1.749233926843178040e+02
1.321224624325195407e+02 1.749534051314884948e+02
1.322178524373147468e+02 1.749834175786591857e+02
1.323132424421099529e+02 1.750134300258298765e+02
1.324086324469051590e+02 1.750434424730005674e+02
1.325040224517003651e+02 1.750734549201712582e+02
1.325994124564955712e+02 1.751034673673419491e+02
1.326948024612907773e+02 1.751334798145126399e+02
1.327901924660859834e+02 1.751634922616833308e+02
1.328855824708811895e+02 1.751935047088540216e+02
1.330331196448674405e+02 1.752399241597104265e+02
1.329782318028874499e+02 1.753235143792506108e+02
1.329233439609074594e+02 1.754071045987907951e+02
1.328684561189274689e+02 1.754906948183309794e+02
1.328135682769474784e+02 1.755742850378711637e+02
1.327586804349674878e+02 1.756578752574113480e+02
1.327037925929874973e+02 1.757414654769515323e+02
1.326489047510075068e+02 1.758250556964917166e+02
1.325940169090275162e+02 1.759086459160319009e+02
1.325391290670475257e+02 1.759922361355720852e+02
1.324842412250675352e+02 1.760758263551122695e+02
1.324293533830875447e+02 1.761594165746524538e+02
1.323744655411075541e+02 1.762430067941926382e+02
1.323195776991275636e+02 1.763265970137328225e+02
1.322646898571475731e+02 1.764101872332730068e+02
1.322098020151675826e+02 1.764937774528131911e+02
1.321549141731875920e+02 1.765773676723533754e+02
1.321000263312076015e+02 1.766609578918935597e+02
1.320451384892276110e+02 1.767445481114337440e+02
1.319902506472476205e+02 1.768281383309739283e+02
1.319353628052676299e+02 1.769117285505141126e+02
1.318804749632876394e+02 1.769953187700542969e+02
1.318255871213076489e+02 1.770789089895944812e+02
1.317706992793276584e+02 1.771624992091346655e+02
1.317158114373476678e+02 1.772460894286748498e+02
1.316609235953676773e+02 1.773296796482150341e+02
1.316060357533876868e+02 1.774132698677552185e+02
1.315511479114076963e+02 1.774968600872954028e+02
1.314962600694277057e+02 1.775804503068355871e+02
1.314413722274477152e+02 1.776640405263757714e+02
1.313864843854677247e+02 1.777476307459159557e+02
1.313315965434877342e+02 1.778312209654561400e+02
1.312767087015077436e+02 1.779148111849963243e+02
1.312218208595277531e+02 1.779984014045365086e+02
1.311669330175477626e+02 1.780819916240766929e+02
1.311120451755677720e+02 1.781655818436168772e+02
1.310571573335877815e+02 1.782491720631570615e+02
1.310022694916077910e+02 1.783327622826972458e+02
1.309473816496278005e+02 1.784163525022374301e+02
1.308924938076478099e+02 1.784999427217776145e+02
1.308376059656678194e+02 1.785835329413177988e+02
1.307827181236878289e+02 1.786671231608579831e+02
1.307278302817078384e+02 1.787507133803981674e+02
1.306729424397278478e+02 1.788343035999383517e+02
1.306180545977478573e+02 1.789178938194785360e+02
1.305631667557678668e+02 1.790014840390187203e+02
1.305082789137878763e+02 1.790850742585589046e+02
1.304533910718078857e+02 1.791686644780990889e+02
1.303985032298278952e+02 1.792522546976392732e+02
1.303436153878479047e+02 1.793358449171794575e+02
1.302887275458679142e+02 1.794194351367196418e+02
1.302338397038879236e+02 1.795030253562598261e+02
1.301789518619079331e+02 1.795866155758000104e+02
1.301240640199279426e+02 1.796702057953401948e+02
1.300691761779479521e+02 1.797537960148803791e+02
1.300142883359679615e+02 1.798373862344205634e+02
1.299594004939879710e+02 1.799209764539607477e+02
1.299045126520079805e+02 1.800045666735009320e+02
1.298496248100279900e+02 1.800881568930411163e+02
1.297947369680479994e+02 1.801717471125813006e+02
1.297398491260680089e+02 1.802553373321214849e+02
1.296849612840880184e+02 1.803389275516616692e+02
1.296300734421080278e+02 1.804225177712018535e+02
1.295751856001280373e+02 1.805061079907420378e+02
1.295202977581480468e+02 1.805896982102822221e+02
1.294654099161680563e+02 1.806732884298224064e+02
1.294105220741880657e+02 1.807568786493625907e+02
1.293556342322080752e+02 1.808404688689027751e+02
1.293007463902280847e+02 1.809240590884429594e+02
1.292458585482480942e+02 1.810076493079831437e+02
1.291909707062681036e+02 1.810912395275233280e+02
1.291360828642881131e+02 1.811748297470635123e+02
1.290811950223081226e+02 1.812584199666036966e+02
1.290263071803281321e+02 1.813420101861438809e+02
1.289714193383481415e+02 1.814256004056840652e+02
1.289165314963681510e+02 1.815091906252242495e+02
1.288616436543881605e+02 1.815927808447644338e+02
1.288067558124081700e+02 1.816763710643046181e+02
1.287518679704281794e+02 1.817599612838448024e+02
1.286969801284481889e+02 1.818435515033849867e+02
1.286420922864681984e+02 1.819271417229251711e+02
1.285872044444882079e+02 1.820107319424653554e+02
1.285323166025082173e+02 1.820943221620055397e+02
1.284774287605282268e+02 1.821779123815457240e+02
1.284225409185482363e+02 1.822615026010859083e+02
1.283676530765682458e+02 1.823450928206260926e+02
1.283127652345882552e+02 1.824286830401662769e+02
1.282578773926082647e+02 1.825122732597064612e+02
1.282029895506282742e+02 1.825958634792466455e+02
1.281481017086482836e+02 1.826794536987868298e+02
1.280932138666682931e+02 1.827630439183270141e+02
1.280383260246883026e+02 1.828466341378671984e+02
1.279834381827082979e+02 1.829302243574073827e+02
1.279285503407282931e+02 1.830138145769475670e+02
1.278736624987482884e+02 1.830974047964877514e+02
1.278187746567682836e+02 1.831809950160279357e+02
1.277638868147882789e+02 1.832645852355681200e+02
1.277089989728082742e+02 1.833481754551083043e+02
1.276541111308282694e+02 1.834317656746484886e+02
1.275992232888482647e+02 1.835153558941886729e+02
1.275443354468682600e+02 1.835989461137288572e+02
1.274894476048882552e+02 1.836825363332690415e+02
1.274345597629082505e+02 1.837661265528092258e+02
1.273796719209282458e+02 1.838497167723494101e+02
1.273247840789482410e+02 1.839333069918895944e+02
1.272698962369682363e+02 1.840168972114297787e+02
1.272150083949882315e+02 1.841004874309699630e+02
1.271601205530082268e+02 1.841840776505101474e+02
1.271052327110282221e+02 1.842676678700503317e+02
1.270503448690482173e+02 1.843512580895905160e+02
1.269954570270682126e+02 1.844348483091307003e+02
1.269405691850882079e+02 1.845184385286708846e+02
1.268856813431082031e+02 1.846020287482110689e+02
1.268307935011281984e+02 1.846856189677512532e+02
1.267759056591481936e+02 1.847692091872914375e+02
1.267210178171681889e+02 1.848527994068316218e+02
1.266661299751881842e+02 1.849363896263718061e+02
1.266112421332081794e+02 1.850199798459119904e+02
1.265563542912281747e+02 1.851035700654521747e+02
1.265014664492481700e+02 1.851871602849923590e+02
1.264465786072681652e+02 1.852707505045325433e+02
1.263916907652881605e+02 1.853543407240727277e+02
1.263368029233081558e+02 1.854379309436129120e+02
1.262819150813281510e+02 1.855215211631530963e+02
1.262270272393481463e+02 1.856051113826932806e+02
1.261721393973681415e+02 1.856887016022334649e+02
1.261172515553881368e+02 1.857722918217736492e+02
1.260623637134081321e+02 1.858558820413138335e+02
1.260074758714281273e+02 1.859394722608540178e+02
1.259525880294481226e+02 1.860230624803942021e+02
1.258977001874681179e+02 1.861066526999343864e+02
1.258428123454881131e+02 1.861902429194745707e+02
1.257879245035081084e+02 1.862738331390147550e+02
1.257330366615281037e+02 1.863574233585549393e+02
1.256781488195480989e+02 1.864410135780951236e+02
1.256232609775680942e+02 1.865246037976353080e+02
1.255683731355880894e+02 1.866081940171754923e+02
1.255134852936080847e+02 1.866917842367156766e+02
1.254585974516280800e+02 1.867753744562558609e+02
1.254037096096480752e+02 1.868589646757960452e+02
1.253488217676680705e+02 1.869425548953362295e+02
1.252939339256880658e+02 1.870261451148764138e+02
1.252390460837080610e+02 1.871097353344165981e+02
1.251841582417280563e+02 1.871933255539567824e+02
1.251292703997480515e+02 1.872769157734969667e+02
1.250743825577680468e+02 1.873605059930371510e+02
1.250194947157880421e+02 1.874440962125773353e+02
1.249646068738080373e+02 1.875276864321175196e+02
1.249097190318280326e+02 1.876112766516577040e+02
1.248548311898480279e+02 1.876948668711978883e+02
1.247999433478680231e+02 1.877784570907380726e+02
1.247450555058880184e+02 1.878620473102782569e+02
1.246901676639080137e+02 1.879456375298184412e+02
1.246352798219280089e+02 1.880292277493586255e+02
1.245803919799480042e+02 1.881128179688988098e+02
1.245255041379679994e+02 1.881964081884389941e+02
1.244706162959879947e+02 1.882799984079791784e+02
1.244157284540079900e+02 1.883635886275193627e+02
1.243608406120279852e+02 1.884471788470595470e+02
1.243059527700479805e+02 1.885307690665997313e+02
1.242510649280679758e+02 1.886143592861399156e+02
1.241961770860879710e+02 1.886979495056800999e+02
1.241412892441079663e+02 1.887815397252202843e+02
1.240864014021279615e+02 1.888651299447604686e+02
1.240315135601479568e+02 1.889487201643006529e+02
1.239766257181679521e+02 1.890323103838408372e+02
1.239217378761879473e+02 1.891159006033810215e+02
1.238668500342079426e+02 1.891994908229212058e+02
1.238119621922279379e+02 1.892830810424613901e+02
1.237570743502479331e+02 1.893666712620015744e+02
1.237021865082679284e+02 1.894502614815417587e+02
1.236472986662879237e+02 1.895338517010819430e+02
1.235924108243079189e+02 1.896174419206221273e+02
1.235375229823279142e+02 1.897010321401623116e+02
1.234826351403479094e+02 1.897846223597024959e+02
1.234277472983679047e+02 1.898682125792426802e+02
1.233728594563879000e+02 1.899518027987828646e+02
1.233179716144078952e+02 1.900353930183230489e+02
1.232630837724278905e+02 1.901189832378632332e+02
1.232081959304478858e+02 1.902025734574034175e+02
1.231533080884678810e+02 1.902861636769436018e+02
1.230984202464878763e+02 1.903697538964837861e+02
1.230435324045078715e+02 1.904533441160239704e+02
1.229886445625278668e+02 1.905369343355641547e+02
1.229337567205478621e+02 1.906205245551043390e+02
1.228788688785678573e+02 1.907041147746445233e+02
1.228239810365878526e+02 1.907877049941847076e+02
1.227690931946078479e+02 1.908712952137248919e+02
1.227142053526278431e+02 1.909548854332650762e+02
1.226593175106478384e+02 1.910384756528052606e+02
1.226044296686678337e+02 1.911220658723454449e+02
1.225495418266878289e+02 1.912056560918856292e+02
1.224946539847078242e+02 1.912892463114258135e+02
1.224397661427278194e+02 1.913728365309659978e+02
1.223848783007478147e+02 1.914564267505061821e+02
1.223299904587678100e+02 1.915400169700463664e+02
1.222751026167878052e+02 1.916236071895865507e+02
1.222202147748078005e+02 1.917071974091267350e+02
1.221653269328277958e+02 1.917907876286669193e+02
1.221104390908477910e+02 1.918743778482071036e+02
1.220555512488677863e+02 1.919579680677472879e+02
1.220006634068877815e+02 1.920415582872874722e+02
1.219457755649077768e+02 1.921251485068276565e+02
1.218908877229277721e+02 1.922087387263678409e+02
1.218359998809477673e+02 1.922923289459080252e+02
1.217811120389677626e+02 1.923759191654482095e+02
1.217262241969877579e+02 1.924595093849883938e+02
1.216713363550077531e+02 1.925430996045285781e+02
1.216164485130277484e+02 1.926266898240687624e+02
1.215615606710477437e+02 1.927102800436089467e+02
1.215066728290677389e+02 1.927938702631491310e+02
1.214517849870877342e+02 1.928774604826893153e+02
1.213968971451077294e+02 1.929610507022294996e+02
1.213420093031277247e+02 1.930446409217696839e+02
1.212871214611477200e+02 1.931282311413098682e+02
1.212322336191677152e+02 1.932118213608500525e+02
1.211773457771877105e+02 1.932954115803902368e+02
1.211224579352077058e+02 1.933790017999304212e+02
1.210675700932277010e+02 1.934625920194706055e+02
1.210126822512476963e+02 1.935461822390107898e+02
1.209577944092676915e+02 1.936297724585509741e+02
1.209029065672876868e+02 1.937133626780911584e+02
1.208480187253076821e+02 1.937969528976313427e+02
1.207931308833276773e+02 1.938805431171715270e+02
1.207382430413476726e+02 1.939641333367117113e+02
1.206833551993676679e+02 1.940477235562518956e+02
1.206284673573876631e+02 1.941313137757920799e+02
1.205735795154076584e+02 1.942149039953322642e+02
1.205186916734276537e+02 1.942984942148724485e+02
1.204638038314476489e+02 1.943820844344126328e+02
1.204089159894676442e+02 1.944656746539528172e+02
1.203540281474876394e+02 1.945492648734930015e+02
1.202991403055076347e+02 1.946328550930331858e+02
1.202442524635276300e+02 1.947164453125733701e+02
1.201893646215476252e+02 1.948000355321135544e+02
1.201344767795676205e+02 1.948836257516537387e+02
1.200795889375876158e+02 1.949672159711939230e+02
1.200247010956076110e+02 1.950508061907341073e+02
1.199698132536276063e+02 1.951343964102742916e+02
1.199149254116476015e+02 1.952179866298144759e+02
1.198600375696675968e+02 1.953015768493546602e+02
1.198051497276875921e+02 1.953851670688948445e+02
1.197502618857075873e+02 1.954687572884350288e+02
1.196953740437275826e+02 1.955523475079752131e+02
1.196404862017475779e+02 1.956359377275153975e+02
1.195855983597675731e+02 1.957195279470555818e+02
1.195307105177875684e+02 1.958031181665957661e+02
1.194758226758075637e+02 1.958867083861359504e+02
1.194209348338275589e+02 1.959702986056761347e+02
1.193660469918475542e+02 1.960538888252163190e+02
1.193111591498675494e+02 1.961374790447565033e+02
1.192562713078875447e+02 1.962210692642966876e+02
1.192013834659075400e+02 1.963046594838368719e+02
1.191464956239275352e+02 1.963882497033770562e+02
1.190916077819475305e+02 1.964718399229172405e+02
1.190367199399675258e+02 1.965554301424574248e+02
1.189818320979875210e+02 1.966390203619976091e+02
1.189269442560075163e+02 1.967226105815377935e+02
1.188720564140275116e+02 1.968062008010779778e+02
1.188171685720475068e+02 1.968897910206181621e+02
1.187622807300675021e+02 1.969733812401583464e+02
1.187073928880874973e+02 1.970569714596985307e+02
1.186525050461074926e+02 1.971405616792387150e+02
1.185976172041274879e+02 1.972241518987788993e+02
1.185427293621474831e+02 1.973077421183190836e+02
1.184878415201674784e+02 1.973913323378592679e+02
1.184329536781874737e+02 1.974749225573994522e+02
1.183780658362074689e+02 1.975585127769396365e+02
1.183231779942274642e+02 1.976421029964798208e+02
1.182682901522474594e+02 1.977256932160200051e+02
1.182134023102674547e+02 1.978092834355601894e+02
1.181585144682874500e+02 1.978928736551003738e+02
1.181036266263074452e+02 1.979764638746405581e+02
1.180487387843274405e+02 1.980600540941807424e+02
1.179938509423474358e+02 1.981436443137209267e+02
1.179389631003674310e+02 1.982272345332611110e+02
1.178840752583874263e+02 1.983108247528012953e+02
1.178291874164074216e+02 1.983944149723414796e+02
1.177742995744274168e+02 1.984780051918816639e+02
1.177194117324474121e+02 1.985615954114218482e+02
1.176645238904674073e+02 1.986451856309620325e+02
1.176096360484874026e+02 1.987287758505022168e+02
1.175547482065073979e+02 1.988123660700424011e+02
1.174998603645273931e+02 1.988959562895825854e+02
1.174449725225473884e+02 1.989795465091227697e+02
1.173900846805673837e+02 1.990631367286629541e+02
1.173351968385873789e+02 1.991467269482031384e+02
1.172803089966073742e+02 1.992303171677433227e+02
1.172254211546273694e+02 1.993139073872835070e+02
1.171705333126473647e+02 1.993974976068236913e+02
1.171156454706673600e+02 1.994810878263638756e+02
1.170607576286873552e+02 1.995646780459040599e+02
1.170058697867073505e+02 1.996482682654442442e+02
1.169509819447273458e+02 1.997318584849844285e+02
1.168960941027473410e+02 1.998154487045246128e+02
1.168412062607673363e+02 1.998990389240647971e+02
1.167863184187873316e+02 1.999826291436049814e+02
1.167314305768073268e+02 2.000662193631451657e+02
1.166765427348273221e+02 2.001498095826853501e+02
1.166216548928473173e+02 2.002333998022255344e+02
1.165667670508673126e+02 2.003169900217657187e+02
1.165118792088873079e+02 2.004005802413059030e+02
1.164569913669073031e+02 2.004841704608460873e+02
1.164021035249272984e+02 2.005677606803862716e+02
1.163472156829472937e+02 2.006513508999264559e+02
1.162923278409672889e+02 2.007349411194666402e+02
1.162374399989872842e+02 2.008185313390068245e+02
1.161825521570072794e+02 2.009021215585470088e+02
1.161276643150272747e+02 2.009857117780871931e+02
1.160727764730472700e+02 2.010693019976273774e+02
1.160178886310672652e+02 2.011528922171675617e+02
1.159630007890872605e+02 2.012364824367077460e+02
1.159081129471072558e+02 2.013200726562479304e+02
1.158532251051272510e+02 2.014036628757881147e+02
1.157983372631472463e+02 2.014872530953282990e+02
1.157434494211672416e+02 2.015708433148684833e+02
1.156885615791872368e+02 2.016544335344086676e+02
1.156336737372072321e+02 2.017380237539488519e+02
1.155787858952272273e+02 2.018216139734890362e+02
1.155238980532472226e+02 2.019052041930292205e+02
1.154690102112672179e+02 2.019887944125694048e+02
1.154141223692872131e+02 2.020723846321095891e+02
1.153592345273072084e+02 2.021559748516497734e+02
1.153043466853272037e+02 2.022395650711899577e+02
1.152494588433471989e+02 2.023231552907301420e+02
1.151945710013671942e+02 2.024067455102703263e+02
1.151396831593871894e+02 2.024903357298105107e+02
1.150847953174071847e+02 2.025739259493506950e+02
1.150299074754271800e+02 2.026575161688908793e+02
1.149750196334471752e+02 2.027411063884310636e+02
1.149201317914671705e+02 2.028246966079712479e+02
1.148652439494871658e+02 2.029082868275114322e+02
1.148103561075071610e+02 2.029918770470516165e+02
1.147554682655271563e+02 2.030754672665918008e+02
1.147005804235471516e+02 2.031590574861319851e+02
1.146456925815671468e+02 2.032426477056721694e+02
1.145908047395871421e+02 2.033262379252123537e+02
1.145359168976071373e+02 2.034098281447525380e+02
1.144810290556271326e+02 2.034934183642927223e+02
1.144261412136471279e+02 2.035770085838329067e+02
1.143712533716671231e+02 2.036605988033730910e+02
1.143163655296871184e+02 2.037441890229132753e+02
1.142614776877071137e+02 2.038277792424534596e+02
1.142065898457271089e+02 2.039113694619936439e+02
1.141517020037471042e+02 2.039949596815338282e+02
1.140968141617670994e+02 2.040785499010740125e+02
1.140419263197870947e+02 2.041621401206141968e+02
1.139870384778070900e+02 2.042457303401543811e+02
1.139321506358270852e+02 2.043293205596945654e+02
1.138772627938470805e+02 2.044129107792347497e+02
1.138223749518670758e+02 2.044965009987749340e+02
1.137674871098870710e+02 2.045800912183151183e+02
1.137125992679070663e+02 2.046636814378553026e+02
1.136577114259270616e+02 2.047472716573954870e+02
1.136028235839470568e+02 2.048308618769356713e+02
1.135479357419670521e+02 2.049144520964758556e+02
1.134930478999870473e+02 2.049980423160160399e+02
1.134381600580070426e+02 2.050816325355562242e+02
1.133832722160270379e+02 2.051652227550964085e+02
1.133283843740470331e+02 2.052488129746365928e+02
1.132734965320670284e+02 2.053324031941767771e+02
1.132186086900870237e+02 2.054159934137169614e+02
1.131637208481070189e+02 2.054995836332571457e+02
1.131088330061270142e+02 2.055831738527973300e+02
1.130539451641470095e+02 2.056667640723375143e+02
1.129990573221670047e+02 2.057503542918776986e+02
1.129441694801870000e+02 2.058339445114178829e+02
1.128892816382069952e+02 2.059175347309580673e+02
1.128343937962269905e+02 2.060011249504982516e+02
1.127795059542469858e+02 2.060847151700384359e+02
1.127246181122669810e+02 2.061683053895786202e+02
1.126697302702869763e+02 2.062518956091188045e+02
1.126148424283069716e+02 2.063354858286589888e+02
1.125599545863269668e+02 2.064190760481991731e+02
1.125050667443469621e+02 2.065026662677393574e+02
1.124501789023669573e+02 2.065862564872795417e+02
1.123952910603869526e+02 2.066698467068197260e+02
1.123404032184069479e+02 2.067534369263599103e+02
1.122855153764269431e+02 2.068370271459000946e+02
1.122306275344469384e+02 2.069206173654402789e+02
1.121757396924669337e+02 2.070042075849804633e+02
1.121208518504869289e+02 2.070877978045206476e+02
1.120659640085069242e+02 2.071713880240608319e+02
1.120110761665269195e+02 2.072549782436010162e+02
1.119561883245469147e+02 2.073385684631412005e+02
1.119013004825669100e+02 2.074221586826813848e+02
1.118464126405869052e+02 2.075057489022215691e+02
1.117915247986069005e+02 2.075893391217617534e+02
1.117366369566268958e+02 2.076729293413019377e+02
1.116817491146468910e+02 2.077565195608421220e+02
1.116268612726668863e+02 2.078401097803823063e+02
1.115719734306868816e+02 2.079236999999224906e+02
1.115170855887068768e+02 2.080072902194626749e+02
1.114621977467268721e+02 2.080908804390028592e+02
1.114073099047468673e+02 2.081744706585430436e+02
1.113524220627668626e+02 2.082580608780832279e+02
1.112975342207868579e+02 2.083416510976234122e+02
1.112426463788068531e+02 2.084252413171635965e+02
1.111877585368268484e+02 2.085088315367037808e+02
1.111328706948468437e+02 2.085924217562439651e+02
1.110779828528668389e+02 2.086760119757841494e+02
1.110230950108868342e+02 2.087596021953243337e+02
1.109682071689068295e+02 2.088431924148645180e+02
1.109133193269268247e+02 2.089267826344047023e+02
1.108584314849468200e+02 2.090103728539448866e+02
1.108035436429668152e+02 2.090939630734850709e+02
1.107486558009868105e+02 2.091775532930252552e+02
1.106937679590068058e+02 2.092611435125654396e+02
1.106388801170268010e+02 2.093447337321056239e+02
1.105839922750467963e+02 2.094283239516458082e+02
1.105291044330667916e+02 2.095119141711859925e+02
1.104742165910867868e+02 2.095955043907261768e+02
1.104193287491067821e+02 2.096790946102663611e+02
1.103644409071267773e+02 2.097626848298065454e+02
1.103095530651467726e+02 2.098462750493467297e+02
1.102546652231667679e+02 2.099298652688869140e+02
1.101997773811867631e+02 2.100134554884270983e+02
1.101448895392067584e+02 2.100970457079672826e+02
1.100900016972267537e+02 2.101806359275074669e+02
1.100351138552467489e+02 2.102642261470476512e+02
1.099802260132667442e+02 2.103478163665878355e+02
1.099253381712867395e+02 2.104314065861280199e+02
1.098704503293067347e+02 2.105149968056682042e+02
1.098155624873267300e+02 2.105985870252083885e+02
1.097606746453467252e+02 2.106821772447485728e+02
1.097057868033667205e+02 2.107657674642887571e+02
1.096508989613867158e+02 2.108493576838289414e+02
1.095960111194067110e+02 2.109329479033691257e+02
1.095411232774267063e+02 2.110165381229093100e+02
1.094862354354467016e+02 2.111001283424494943e+02
1.094313475934666968e+02 2.111837185619896786e+02
1.093764597514866921e+02 2.112673087815298629e+02
1.093215719095066873e+02 2.113508990010700472e+02
1.092666840675266826e+02 2.114344892206102315e+02
1.092117962255466779e+02 2.115180794401504158e+02
1.091569083835666731e+02 2.116016696596906002e+02
1.091020205415866684e+02 2.116852598792307845e+02
1.090471326996066637e+02 2.117688500987709688e+02
1.089922448576266589e+02 2.118524403183111531e+02
1.089373570156466542e+02 2.119360305378513374e+02
1.088824691736666495e+02 2.120196207573915217e+02
1.088275813316866447e+02 2.121032109769317060e+02
1.087726934897066400e+02 2.121868011964718903e+02
1.087178056477266352e+02 2.122703914160120746e+02
1.086629178057466305e+02 2.123539816355522589e+02
1.086080299637666258e+02 2.124375718550924432e+02
1.085531421217866210e+02 2.125211620746326275e+02
1.084982542798066163e+02 2.126047522941728118e+02
1.084433664378266116e+02 2.126883425137129962e+02
1.083884785958466068e+02 2.127719327332531805e+02
1.083335907538666021e+02 2.128555229527933648e+02
1.082787029118865973e+02 2.129391131723335491e+02
1.082238150699065926e+02 2.130227033918737334e+02
1.081689272279265879e+02 2.131062936114139177e+02
1.081140393859465831e+02 2.131898838309541020e+02
1.080591515439665784e+02 2.132734740504942863e+02
1.080042637019865737e+02 2.133570642700344706e+02
1.079493758600065689e+02 2.134406544895746549e+02
1.078944880180265642e+02 2.135242447091148392e+02
1.078396001760465595e+02 2.136078349286550235e+02
1.077847123340665547e+02 2.136914251481952078e+02
1.077298244920865500e+02 2.137750153677353921e+02
1.076749366501065452e+02 2.138586055872755765e+02
1.076200488081265405e+02 2.139421958068157608e+02
1.075651609661465358e+02 2.140257860263559451e+02
1.074898971058238715e+02 2.141404074503583388e+02
