1.099652244507033743e+02 1.110000000000000000e+02
1.099650389666957722e+02 1.111000160056649833e+02
1.099644825172247522e+02 1.112000306353822481e+02
1.099635551099455313e+02 1.113000425132230049e+02
1.099622567576167000e+02 1.114000502632963077e+02
1.099605874781000523e+02 1.115000525097680253e+02
1.099585472943603293e+02 1.116000478768797279e+02
1.099561362344649069e+02 1.117000349889676158e+02
1.099533543315833839e+02 1.118000124704814766e+02
1.099502016239871693e+02 1.118999789460035572e+02
1.099466781550489429e+02 1.119999330402675639e+02
1.099427839732420296e+02 1.120998733781774916e+02
1.099385191321397457e+02 1.121997985848265955e+02
1.099338836904146888e+02 1.122997072855163196e+02
1.099288777118379272e+02 1.123995981057751692e+02
1.099235012652780625e+02 1.124994696713776108e+02
1.099177544247003624e+02 1.125993206083630440e+02
1.099116372691656949e+02 1.126991495430546451e+02
1.099051498828294484e+02 1.127989551020782812e+02
1.098982923549403807e+02 1.128987359123813974e+02
1.098910647798393825e+02 1.129984906012519161e+02
1.098834672569582267e+02 1.130982177963371385e+02
1.098754998908180909e+02 1.131979161256625872e+02
1.098671627910282353e+02 1.132975842176508934e+02
1.098584560722844401e+02 1.133972207011406823e+02
1.098493798543674416e+02 1.134968242054054315e+02
1.098399342621412558e+02 1.135963933601723141e+02
1.098301194255514872e+02 1.136959267956410713e+02
1.098199354796235525e+02 1.137954231425028127e+02
1.098093825644608046e+02 1.138948810319589171e+02
1.097984608252426000e+02 1.139942990957398194e+02
1.097871704122223093e+02 1.140936759661238682e+02
1.097755114807252426e+02 1.141930102759560839e+02
1.097634841911465458e+02 1.142923006586670169e+02
1.097510887089489557e+02 1.143915457482915627e+02
1.097383252046605122e+02 1.144907441794877059e+02
1.097251938538722698e+02 1.145898945875553068e+02
1.097116948372358252e+02 1.146889956084549027e+02
1.096978283404608874e+02 1.147880458788264946e+02
1.096835945543126485e+02 1.148870440360082483e+02
1.096689936746092258e+02 1.149859887180552391e+02
1.096540259022189616e+02 1.150848785637582665e+02
1.096386914430575814e+02 1.151837122126624990e+02
1.096229905080854934e+02 1.152824883050862042e+02
1.096069233133047760e+02 1.153812054821395066e+02
1.095904900797562505e+02 1.154798623857430329e+02
1.095736910335164254e+02 1.155784576586465988e+02
1.095565264056943988e+02 1.156769899444478824e+02
1.095389964324287035e+02 1.157754578876111253e+02
1.095211013548839816e+02 1.158738601334857208e+02
1.095028414192477726e+02 1.159721953283248865e+02
1.094842168767270039e+02 1.160704621193042669e+02
1.094652279835446365e+02 1.161686591545406060e+02
1.094458750009361268e+02 1.162667850831102214e+02
1.094261581951457600e+02 1.163648385550677204e+02
1.094060778374230836e+02 1.164628182214645022e+02
1.093856342040190697e+02 1.165607227343673173e+02
1.093648275761824493e+02 1.166585507468768412e+02
1.093436582401556905e+02 1.167563009131461769e+02
1.093221264871712179e+02 1.168539718883993714e+02
1.093002326134472639e+02 1.169515623289499331e+02
1.092779769201838604e+02 1.170490708922193335e+02
1.092553597135587182e+02 1.171464962367553966e+02
1.092323813047229919e+02 1.172438370222508581e+02
1.092090420097969456e+02 1.173410919095617260e+02
1.091853421498657184e+02 1.174382595607257684e+02
1.091612820509747763e+02 1.175353386389808321e+02
1.091368620441255359e+02 1.176323278087833302e+02
1.091120824652707597e+02 1.177292257358265601e+02
1.090869436553099092e+02 1.178260310870590644e+02
1.090614459600845407e+02 1.179227425307029762e+02
1.090355897303734594e+02 1.180193587362723520e+02
1.090093753218879158e+02 1.181158783745914462e+02
1.089828030952667746e+02 1.182123001178130295e+02
1.089558734160714550e+02 1.183086226394366491e+02
1.089285866547809576e+02 1.184048446143268478e+02
1.089009431867867761e+02 1.185009647187314386e+02
1.088729433923877252e+02 1.185969816302996946e+02
1.088445876567846540e+02 1.186928940281005254e+02
1.088158763700752445e+02 1.187887005926406658e+02
1.087868099272485694e+02 1.188844000058828527e+02
1.087573887281796630e+02 1.189799909512639147e+02
1.087276131776240788e+02 1.190754721137128769e+02
1.086974836852122621e+02 1.191708421796691368e+02
1.086670006654439220e+02 1.192660998371004411e+02
1.086361645376823617e+02 1.193612437755209612e+02
1.086049757261486661e+02 1.194562726860093562e+02
1.085734346599159323e+02 1.195511852612267489e+02
1.085415417729032441e+02 1.196459801954347029e+02
1.085092975038698597e+02 1.197406561845132416e+02
1.084767022964090586e+02 1.198352119259786974e+02
1.084437565989420733e+02 1.199296461190017169e+02
1.084104608647119363e+02 1.200239574644251093e+02
1.083768155517772271e+02 1.201181446647817523e+02
1.083428211230057912e+02 1.202122064243123845e+02
1.083084780460683163e+02 1.203061414489834959e+02
1.082737867934319809e+02 1.203999484465050926e+02
1.082387478423539022e+02 1.204936261263485022e+02
1.082033616748745715e+02 1.205871731997640808e+02
1.081676287778112169e+02 1.206805883797989907e+02
1.081315496427511675e+02 1.207738703813148931e+02
1.080951247660449894e+02 1.208670179210056261e+02
1.080583546487997637e+02 1.209600297174148267e+02
1.080212397968720808e+02 1.210529044909536225e+02
1.079837807208612048e+02 1.211456409639181828e+02
1.079459779361019400e+02 1.212382378605073256e+02
1.079078319626576103e+02 1.213306939068400538e+02
1.078693433253128831e+02 1.214230078309730914e+02
1.078305125535665070e+02 1.215151783629183768e+02
1.077913401816241219e+02 1.216072042346605286e+02
1.077518267483908119e+02 1.216990841801742818e+02
1.077119727974637726e+02 1.217908169354419670e+02
1.076717788771247655e+02 1.218824012384708055e+02
1.076312455403326283e+02 1.219738358293103175e+02
1.075903733447156156e+02 1.220651194500696874e+02
1.075491628525637822e+02 1.221562508449350162e+02
1.075076146308212230e+02 1.222472287601866014e+02
1.074657292510782440e+02 1.223380519442162324e+02
1.074235072895635312e+02 1.224287191475443848e+02
1.073809493271362641e+02 1.225192291228373591e+02
1.073380559492780435e+02 1.226095806249245186e+02
1.072948277460848487e+02 1.226997724108153847e+02
1.072512653122589796e+02 1.227898032397167185e+02
1.072073692471008428e+02 1.228796718730496451e+02
1.071631401545006810e+02 1.229693770744666352e+02
1.071185786429303022e+02 1.230589176098685300e+02
1.070736853254346670e+02 1.231482922474215371e+02
1.070284608196235183e+02 1.232374997575741702e+02
1.069829057476628407e+02 1.233265389130741596e+02
1.069370207362662768e+02 1.234154084889853351e+02
1.068908064166865586e+02 1.235041072627044798e+02
1.068442634247068099e+02 1.235926340139781416e+02
1.067973924006317930e+02 1.236809875249194448e+02
1.067501939892790830e+02 1.237691665800248160e+02
1.067026688399702010e+02 1.238571699661907104e+02
1.066548176065217177e+02 1.239449964727303239e+02
1.066066409472362295e+02 1.240326448913902482e+02
1.065581395248932921e+02 1.241201140163670544e+02
1.065093140067403255e+02 1.242074026443239063e+02
1.064601650644834194e+02 1.242945095744071153e+02
1.064106933742780967e+02 1.243814336082626966e+02
1.063608996167200331e+02 1.244681735500527537e+02
1.063107844768356358e+02 1.245547282064720491e+02
1.062603486440727067e+02 1.246410963867643602e+02
1.062095928122908504e+02 1.247272769027388506e+02
1.061585176797520376e+02 1.248132685687864267e+02
1.061071239491109282e+02 1.248990702018960661e+02
1.060554123274051932e+02 1.249846806216711173e+02
1.060033835260458659e+02 1.250700986503454430e+02
1.059510382608074934e+02 1.251553231127997066e+02
1.058983772518182889e+02 1.252403528365775287e+02
1.058454012235502404e+02 1.253251866519016033e+02
1.057921109048091637e+02 1.254098233916897698e+02
1.057385070287246407e+02 1.254942618915711137e+02
1.056845903327399583e+02 1.255785009899019400e+02
1.056303615586019191e+02 1.256625395277817745e+02
1.055758214523507235e+02 1.257463763490693367e+02
1.055209707643096095e+02 1.258300103003983992e+02
1.054658102490745932e+02 1.259134402311936753e+02
1.054103406655040658e+02 1.259966649936866077e+02
1.053545627767083488e+02 1.260796834429312838e+02
1.052984773500392350e+02 1.261624944368200119e+02
1.052420851570793729e+02 1.262450968360991510e+02
1.051853869736316511e+02 1.263274895043847721e+02
1.051283835797086255e+02 1.264096713081782610e+02
1.050710757595216478e+02 1.264916411168819081e+02
1.050134643014702078e+02 1.265733978028145117e+02
1.049555499981309481e+02 1.266549402412268108e+02
1.048973336462469206e+02 1.267362673103170607e+02
1.048388160467164738e+02 1.268173778912463661e+02
1.047799980045823531e+02 1.268982708681541567e+02
1.047208803290205452e+02 1.269789451281734785e+02
1.046614638333291936e+02 1.270593995614463267e+02
1.046017493349173719e+02 1.271396330611388947e+02
1.045417376552938720e+02 1.272196445234568785e+02
1.044814296200558914e+02 1.272994328476605546e+02
1.044208260588776795e+02 1.273789969360799859e+02
1.043599278054991117e+02 1.274583356941300991e+02
1.042987356977142070e+02 1.275374480303257627e+02
1.042372505773596458e+02 1.276163328562967934e+02
1.041754732903031453e+02 1.276949890868029343e+02
1.041134046864318492e+02 1.277734156397487482e+02
1.040510456196406466e+02 1.278516114361985956e+02
1.039883969478203483e+02 1.279295754003913430e+02
1.039254595328460198e+02 1.280073064597553127e+02
1.038622342405649590e+02 1.280848035449228917e+02
1.037987219407849437e+02 1.281620655897453389e+02
1.037349235072621667e+02 1.282390915313074800e+02
1.036708398176892274e+02 1.283158803099422300e+02
1.036064717536830670e+02 1.283924308692451746e+02
1.035418202007728894e+02 1.284687421560892346e+02
1.034768860483878825e+02 1.285448131206390485e+02
1.034116701898450827e+02 1.286206427163653814e+02
1.033461735223369828e+02 1.286962299000596204e+02
1.032803969469192680e+02 1.287715736318480992e+02
1.032143413684983955e+02 1.288466728752063375e+02
1.031480076958191319e+02 1.289215265969733650e+02
1.030813968414520900e+02 1.289961337673659614e+02
1.030145097217811099e+02 1.290704933599926960e+02
1.029473472569907244e+02 1.291446043518682245e+02
1.028799103710534268e+02 1.292184657234272436e+02
1.028121999917170513e+02 1.292920764585384745e+02
1.027442170504918977e+02 1.293654355445188173e+02
1.026759624826380133e+02 1.294385419721471351e+02
1.026074372271522748e+02 1.295113947356781807e+02
1.025386422267554707e+02 1.295839928328564099e+02
1.024695784278793838e+02 1.296563352649298508e+02
1.024002467806536743e+02 1.297284210366636898e+02
1.023306482388929339e+02 1.298002491563541980e+02
1.022607837600834131e+02 1.298718186358421178e+02
1.021906543053700176e+02 1.299431284905264192e+02
1.021202608395429507e+02 1.300141777393778284e+02
1.020496043310244829e+02 1.300849654049522428e+02
1.019786857518556786e+02 1.301554905134042883e+02
1.019075060776829105e+02 1.302257520945005922e+02
1.018360662877445861e+02 1.302957491816333118e+02
1.017643673648575486e+02 1.303654808118331800e+02
1.016924102954036186e+02 1.304349460257830344e+02
1.016201960693159947e+02 1.305041438678307486e+02
1.015477256800656676e+02 1.305730733860025907e+02
1.014750001246477495e+02 1.306417336320162121e+02
1.014020204035677040e+02 1.307101236612936646e+02
1.013287875208276319e+02 1.307782425329745593e+02
1.012553024839124873e+02 1.308460893099287716e+02
1.011815663037761510e+02 1.309136630587695436e+02
1.011075799948275176e+02 1.309809628498661880e+02
1.010333445749166401e+02 1.310479877573569922e+02
1.009588610653205905e+02 1.311147368591618090e+02
1.008841304907295324e+02 1.311812092369949028e+02
1.008091538792325537e+02 1.312474039763774840e+02
1.007339322623035400e+02 1.313133201666502714e+02
1.006584666747869505e+02 1.313789569009861111e+02
1.005827581548836918e+02 1.314443132764023687e+02
1.005068077441366654e+02 1.315093883937734063e+02
1.004306164874166143e+02 1.315741813578429174e+02
1.003541854329075989e+02 1.316386912772362621e+02
1.002775156320927010e+02 1.317029172644727453e+02
1.002006081397394581e+02 1.317668584359777242e+02
1.001234640138854104e+02 1.318305139120949718e+02
1.000460843158235491e+02 1.318938828170985289e+02
9.996847011008766515e+01 1.319569642792049535e+02
9.989062246443776871e+01 1.320197574305851731e+02
9.981254244984532420e+01 1.320822614073765635e+02
9.973423114047858462e+01 1.321444753496947158e+02
9.965568961368782652e+01 1.322063984016452594e+02
9.957691894999041438e+01 1.322680297113357426e+02
9.949792023305604971e+01 1.323293684308872571e+02
9.941869454969184972e+01 1.323904137164462043e+02
9.933924298982735479e+01 1.324511647281957210e+02
9.925956664649950767e+01 1.325116206303674744e+02
9.917966661583771781e+01 1.325717805912529457e+02
9.909954399704871264e+01 1.326316437832149973e+02
9.901919989240138875e+01 1.326912093826992134e+02
9.893863540721170580e+01 1.327504765702452687e+02
9.885785164982748086e+01 1.328094445304981264e+02
9.877684973161311177e+01 1.328681124522193215e+02
9.869563076693424364e+01 1.329264795282981595e+02
9.861419587314257740e+01 1.329845449557626296e+02
9.853254617056032316e+01 1.330423079357907170e+02
9.845068278246493776e+01 1.330997676737212032e+02
9.836860683507356384e+01 1.331569233790646365e+02
9.828631945752762533e+01 1.332137742655142461e+02
9.820382178187722388e+01 1.332703195509567422e+02
9.812111494306556381e+01 1.333265584574830882e+02
9.803820007891341959e+01 1.333824902113991584e+02
9.795507833010339027e+01 1.334381140432363964e+02
9.787175084016425330e+01 1.334934291877624730e+02
9.778821875545524733e+01 1.335484348839916606e+02
9.770448322515021289e+01 1.336031303751955193e+02
9.762054540122191781e+01 1.336575149089131003e+02
9.753640643842609848e+01 1.337115877369613770e+02
9.745206749428562887e+01 1.337653481154456188e+02
9.736752972907459025e+01 1.338187953047694521e+02
9.728279430580228393e+01 1.338719285696452062e+02
9.719786239019724405e+01 1.339247471791039175e+02
9.711273515069120776e+01 1.339772504065054477e+02
9.702741375840305693e+01 1.340294375295484599e+02
9.694189938712264620e+01 1.340813078302803092e+02
9.685619321329474474e+01 1.341328605951070188e+02
9.677029641600277898e+01 1.341840951148030001e+02
9.668421017695260389e+01 1.342350106845208302e+02
9.659793568045633094e+01 1.342856066038010567e+02
9.651147411341594307e+01 1.343358821765816629e+02
9.642482666530703739e+01 1.343858367112077303e+02
9.633799452816239750e+01 1.344354695204410461e+02
9.625097889655562255e+01 1.344847799214693111e+02
9.616378096758472793e+01 1.345337672359158319e+02
9.607640194085560381e+01 1.345824307898485870e+02
9.598884301846558742e+01 1.346307699137896918e+02
9.590110540498686476e+01 1.346787839427245217e+02
9.581319030744995757e+01 1.347264722161108637e+02
9.572509893532703984e+01 1.347738340778880115e+02
9.563683250051536788e+01 1.348208688764857754e+02
9.554839221732059684e+01 1.348675759648335202e+02
9.545977930244002607e+01 1.349139547003689472e+02
9.537099497494594402e+01 1.349600044450470193e+02
9.528204045626874574e+01 1.350057245653487428e+02
9.519291697018024934e+01 1.350511144322898360e+02
9.510362574277679926e+01 1.350961734214294268e+02
9.501416800246236960e+01 1.351409009128785499e+02
9.492454497993172424e+01 1.351852962913088163e+02
9.483475790815344908e+01 1.352293589459607972e+02
9.474480802235301269e+01 1.352730882706524085e+02
9.465469655999575593e+01 1.353164836637872668e+02
9.456442476076986736e+01 1.353595445283630738e+02
9.447399386656933018e+01 1.354022702719796030e+02
9.438340512147685502e+01 1.354446603068470836e+02
9.429265977174672742e+01 1.354867140497941023e+02
9.420175906578772640e+01 1.355284309222757599e+02
9.411070425414587248e+01 1.355698103503815446e+02
9.401949658948727517e+01 1.356108517648432610e+02
9.392813732658088099e+01 1.356515546010429318e+02
9.383662772228122151e+01 1.356919182990203581e+02
9.374496903551110449e+01 1.357319423034811052e+02
9.365316252724431934e+01 1.357716260638038932e+02
9.356120946048827136e+01 1.358109690340482985e+02
9.346911110026660197e+01 1.358499706729622858e+02
9.337686871360182295e+01 1.358886304439895412e+02
9.328448356949782294e+01 1.359269478152769466e+02
9.319195693892244492e+01 1.359649222596819129e+02
9.309929009479004947e+01 1.360025532547795137e+02
9.300648431194390753e+01 1.360398402828698465e+02
9.291354086713869265e+01 1.360767828309849392e+02
9.282046103902298739e+01 1.361133803908960545e+02
9.272724610812160506e+01 1.361496324591204257e+02
9.263389735681799664e+01 1.361855385369284193e+02
9.254041606933664355e+01 1.362210981303501853e+02
9.244680353172532250e+01 1.362563107501826778e+02
9.235306103183751247e+01 1.362911759119961346e+02
9.225918985931457428e+01 1.363256931361409556e+02
9.216519130556807227e+01 1.363598619477541831e+02
9.207106666376196813e+01 1.363936818767660668e+02
9.197681722879488575e+01 1.364271524579065158e+02
9.188244429728223395e+01 1.364602732307115787e+02
9.178794916753841449e+01 1.364930437395296394e+02
9.169333313955894482e+01 1.365254635335277840e+02
9.159859751500255243e+01 1.365575321666979960e+02
9.150374359717329753e+01 1.365892491978632393e+02
9.140877269100265323e+01 1.366206141906836251e+02
9.131368610303151456e+01 1.366516267136622673e+02
9.121848514139223596e+01 1.366822863401513644e+02
9.112317111579065454e+01 1.367125926483580258e+02
9.102774533748805652e+01 1.367425452213499852e+02
9.093220911928314365e+01 1.367721436470614833e+02
9.083656377549397121e+01 1.368013875182988386e+02
9.074081062193985758e+01 1.368302764327460181e+02
9.064495097592327966e+01 1.368588099929702935e+02
9.054898615621179658e+01 1.368869878064276406e+02
9.045291748301983148e+01 1.369148094854681119e+02
9.035674627799056680e+01 1.369422746473412076e+02
9.026047386417775442e+01 1.369693829142011623e+02
9.016410156602748316e+01 1.369961339131120326e+02
9.006763070935997462e+01 1.370225272760530117e+02
8.997106262135137911e+01 1.370485626399233183e+02
8.987439863051545785e+01 1.370742396465472837e+02
8.977764006668533625e+01 1.370995579426792688e+02
8.968078826099521450e+01 1.371245171800084961e+02
8.958384454586203560e+01 1.371491170151638812e+02
8.948681025496716757e+01 1.371733571097187223e+02
8.938968672323808562e+01 1.371972371301953331e+02
8.929247528682992652e+01 1.372207567480697605e+02
8.919517728310718496e+01 1.372439156397760769e+02
8.909779405062528213e+01 1.372667134867110690e+02
8.900032692911216259e+01 1.372891499752385016e+02
8.890277725944983445e+01 1.373112247966933808e+02
8.880514638365595204e+01 1.373329376473863306e+02
8.870743564486535604e+01 1.373542882286077145e+02
8.860964638731155674e+01 1.373752762466316710e+02
8.851177995630831674e+01 1.373959014127202920e+02
8.841383769823103478e+01 1.374161634431274592e+02
8.831582096049835684e+01 1.374360620591028521e+02
8.821773109155348891e+01 1.374555969868957277e+02
8.811956944084575127e+01 1.374747679577587292e+02
8.802133735881203336e+01 1.374935747079515522e+02
8.792303619685809224e+01 1.375120169787444979e+02
8.782466730734007854e+01 1.375300945164221957e+02
8.772623204354589177e+01 1.375478070722869859e+02
8.762773175967654993e+01 1.375651544026623583e+02
8.752916781082754483e+01 1.375821362688963347e+02
8.743054155297028274e+01 1.375987524373646806e+02
8.733185434293334026e+01 1.376150026794742303e+02
8.723310753838380549e+01 1.376308867716658710e+02
8.713430249780867598e+01 1.376464044954178405e+02
8.703544058049608623e+01 1.376615556372484832e+02
8.693652314651663460e+01 1.376763399887194055e+02
8.683755155670468184e+01 1.376907573464381755e+02
8.673852717263964962e+01 1.377048075120613078e+02
8.663945135662724795e+01 1.377184902922967353e+02
8.654032547168074530e+01 1.377318054989067093e+02
8.644115088150221027e+01 1.377447529487102713e+02
8.634192895046379590e+01 1.377573324635858114e+02
8.624266104358891027e+01 1.377695438704734272e+02
8.614334852653348662e+01 1.377813870013774817e+02
8.604399276556713971e+01 1.377928616933687351e+02
8.594459512755443598e+01 1.378039677885867036e+02
8.584515697993603567e+01 1.378147051342417626e+02
8.574567969070990614e+01 1.378250735826173354e+02
8.564616462841249245e+01 1.378350729910717689e+02
8.554661316209991639e+01 1.378447032220404651e+02
8.544702666132909030e+01 1.378539641430377287e+02
8.534740649613891605e+01 1.378628556266584440e+02
8.524775403703142729e+01 1.378713775505800925e+02
8.514807065495294580e+01 1.378795297975641745e+02
8.504835772127518112e+01 1.378873122554580277e+02
8.494861660777642953e+01 1.378947248171961917e+02
8.484884868662261681e+01 1.379017673808020277e+02
8.474905533034851146e+01 1.379084398493890831e+02
8.464923791183878166e+01 1.379147421311623134e+02
8.454939780430913743e+01 1.379206741394195603e+02
8.444953638128740181e+01 1.379262357925524896e+02
8.434965501659468146e+01 1.379314270140479550e+02
8.424975508432639515e+01 1.379362477324888516e+02
8.414983795883340179e+01 1.379406978815552804e+02
8.404990501470311415e+01 1.379447774000252593e+02
8.394995762674054163e+01 1.379484862317757745e+02
8.384999716994940400e+01 1.379518243257833774e+02
8.375002501951324518e+01 1.379547916361250088e+02
8.365004255077641915e+01 1.379573881219785676e+02
8.355005113922531734e+01 1.379596137476234503e+02
8.345005216046926932e+01 1.379614684824411484e+02
8.335004699022177022e+01 1.379629523009155605e+02
8.325003700428148079e+01 1.379640651826333624e+02
8.315002357851329862e+01 1.379648071122843476e+02
8.305000808882944341e+01 1.379651780796615981e+02
8.294999191117055659e+01 1.379651780796615981e+02
8.284997642148670138e+01 1.379648071122843476e+02
8.274996299571851921e+01 1.379640651826333624e+02
8.264995300977822978e+01 1.379629523009155605e+02
8.254994783953073068e+01 1.379614684824411484e+02
8.244994886077469687e+01 1.379596137476234503e+02
8.234995744922356664e+01 1.379573881219785676e+02
8.224997498048676903e+01 1.379547916361250088e+02
8.215000283005059600e+01 1.379518243257833774e+02
8.205004237325947258e+01 1.379484862317757745e+02
8.195009498529688585e+01 1.379447774000252593e+02
8.185016204116659821e+01 1.379406978815552804e+02
8.175024491567360485e+01 1.379362477324888516e+02
8.165034498340531854e+01 1.379314270140479550e+02
8.155046361871259819e+01 1.379262357925524896e+02
8.145060219569087678e+01 1.379206741394195603e+02
8.135076208816123255e+01 1.379147421311623134e+02
8.125094466965148854e+01 1.379084398493890831e+02
8.115115131337738319e+01 1.379017673808020277e+02
8.105138339222358468e+01 1.378947248171961917e+02
8.095164227872481888e+01 1.378873122554580277e+02
8.085192934504706841e+01 1.378795297975641745e+02
8.075224596296855850e+01 1.378713775505800925e+02
8.065259350386108395e+01 1.378628556266584440e+02
8.055297333867090970e+01 1.378539641430377287e+02
8.045338683790008361e+01 1.378447032220404651e+02
8.035383537158750755e+01 1.378350729910717689e+02
8.025432030929009386e+01 1.378250735826173354e+02
8.015484302006396433e+01 1.378147051342417626e+02
8.005540487244556402e+01 1.378039677885867036e+02
7.995600723443286029e+01 1.377928616933687351e+02
7.985665147346652759e+01 1.377813870013774817e+02
7.975733895641108973e+01 1.377695438704734272e+02
7.965807104953621831e+01 1.377573324635858114e+02
7.955884911849778973e+01 1.377447529487102713e+02
7.945967452831925470e+01 1.377318054989067093e+02
7.936054864337275205e+01 1.377184902922967353e+02
7.926147282736035038e+01 1.377048075120613078e+02
7.916244844329531816e+01 1.376907573464382040e+02
7.906347685348336540e+01 1.376763399887194055e+02
7.896455941950391377e+01 1.376615556372484832e+02
7.886569750219132402e+01 1.376464044954178405e+02
7.876689246161619451e+01 1.376308867716658710e+02
7.866814565706667395e+01 1.376150026794742303e+02
7.856945844702971726e+01 1.375987524373647091e+02
7.847083218917245517e+01 1.375821362688963347e+02
7.837226824032346428e+01 1.375651544026623583e+02
7.827376795645410823e+01 1.375478070722869859e+02
7.817533269265992146e+01 1.375300945164221957e+02
7.807696380314190776e+01 1.375120169787444979e+02
7.797866264118796664e+01 1.374935747079515238e+02
7.788043055915424873e+01 1.374747679577587292e+02
7.778226890844652530e+01 1.374555969868957277e+02
7.768417903950165737e+01 1.374360620591028521e+02
7.758616230176896522e+01 1.374161634431274592e+02
7.748822004369169747e+01 1.373959014127202920e+02
7.739035361268844326e+01 1.373752762466316710e+02
7.729256435513465817e+01 1.373542882286077145e+02
7.719485361634406217e+01 1.373329376473863306e+02
7.709722274055017976e+01 1.373112247966933808e+02
7.699967307088783741e+01 1.372891499752385016e+02
7.690220594937471787e+01 1.372667134867110690e+02
7.680482271689281504e+01 1.372439156397760769e+02
7.670752471317007348e+01 1.372207567480697605e+02
7.661031327676192859e+01 1.371972371301953331e+02
7.651318974503283243e+01 1.371733571097187223e+02
7.641615545413797861e+01 1.371491170151638812e+02
7.631921173900478550e+01 1.371245171800084961e+02
7.622235993331466375e+01 1.370995579426792688e+02
7.612560136948454215e+01 1.370742396465472837e+02
7.602893737864862089e+01 1.370485626399233183e+02
7.593236929064002538e+01 1.370225272760530117e+02
7.583589843397253105e+01 1.369961339131120326e+02
7.573952613582224558e+01 1.369693829142011623e+02
7.564325372200943320e+01 1.369422746473412076e+02
7.554708251698016852e+01 1.369148094854681119e+02
7.545101384378821763e+01 1.368869878064276406e+02
7.535504902407672034e+01 1.368588099929702935e+02
7.525918937806015663e+01 1.368302764327460181e+02
7.516343622450602879e+01 1.368013875182988386e+02
7.506779088071685635e+01 1.367721436470614833e+02
7.497225466251194348e+01 1.367425452213499852e+02
7.487682888420935967e+01 1.367125926483580258e+02
7.478151485860777825e+01 1.366822863401513644e+02
7.468631389696848544e+01 1.366516267136622673e+02
7.459122730899734677e+01 1.366206141906836251e+02
7.449625640282670247e+01 1.365892491978632393e+02
7.440140248499744757e+01 1.365575321666979960e+02
7.430666686044105518e+01 1.365254635335277840e+02
7.421205083246158551e+01 1.364930437395296394e+02
7.411755570271776605e+01 1.364602732307115787e+02
7.402318277120511425e+01 1.364271524579065158e+02
7.392893333623803187e+01 1.363936818767660668e+02
7.383480869443194194e+01 1.363598619477541831e+02
7.374081014068542572e+01 1.363256931361409556e+02
7.364693896816248753e+01 1.362911759119961346e+02
7.355319646827467750e+01 1.362563107501826778e+02
7.345958393066335645e+01 1.362210981303501853e+02
7.336610264318200336e+01 1.361855385369284193e+02
7.327275389187839494e+01 1.361496324591204257e+02
7.317953896097701261e+01 1.361133803908960545e+02
7.308645913286130735e+01 1.360767828309849392e+02
7.299351568805610668e+01 1.360398402828698465e+02
7.290070990520995053e+01 1.360025532547795137e+02
7.280804306107755508e+01 1.359649222596819129e+02
7.271551643050219127e+01 1.359269478152769466e+02
7.262313128639819126e+01 1.358886304439895412e+02
7.253088889973339803e+01 1.358499706729622858e+02
7.243879053951172864e+01 1.358109690340482985e+02
7.234683747275568066e+01 1.357716260638038932e+02
7.225503096448890972e+01 1.357319423034811052e+02
7.216337227771879270e+01 1.356919182990203581e+02
7.207186267341911901e+01 1.356515546010429318e+02
7.198050341051272483e+01 1.356108517648432610e+02
7.188929574585412752e+01 1.355698103503815446e+02
7.179824093421227360e+01 1.355284309222757599e+02
7.170734022825327258e+01 1.354867140497941023e+02
7.161659487852315920e+01 1.354446603068470836e+02
7.152600613343066982e+01 1.354022702719796030e+02
7.143557523923013264e+01 1.353595445283630738e+02
7.134530344000424407e+01 1.353164836637872668e+02
7.125519197764698731e+01 1.352730882706524085e+02
7.116524209184655092e+01 1.352293589459607972e+02
7.107545502006827576e+01 1.351852962913088163e+02
7.098583199753763040e+01 1.351409009128785499e+02
7.089637425722320074e+01 1.350961734214294268e+02
7.080708302981975066e+01 1.350511144322898645e+02
7.071795954373126847e+01 1.350057245653487712e+02
7.062900502505408440e+01 1.349600044450470193e+02
7.054022069755997393e+01 1.349139547003689472e+02
7.045160778267940316e+01 1.348675759648335202e+02
7.036316749948463212e+01 1.348208688764857754e+02
7.027490106467297437e+01 1.347738340778880115e+02
7.018680969255004243e+01 1.347264722161108637e+02
7.009889459501313524e+01 1.346787839427245501e+02
7.001115698153441258e+01 1.346307699137896918e+02
6.992359805914439619e+01 1.345824307898485870e+02
6.983621903241528628e+01 1.345337672359158319e+02
6.974902110344437745e+01 1.344847799214693111e+02
6.966200547183761671e+01 1.344354695204410461e+02
6.957517333469294840e+01 1.343858367112077303e+02
6.948852588658404272e+01 1.343358821765816629e+02
6.940206431954366906e+01 1.342856066038010567e+02
6.931578982304739611e+01 1.342350106845208302e+02
6.922970358399723523e+01 1.341840951148030001e+02
6.914380678670525526e+01 1.341328605951070188e+02
6.905810061287735380e+01 1.340813078302803376e+02
6.897258624159695728e+01 1.340294375295484599e+02
6.888726484930880645e+01 1.339772504065054761e+02
6.880213760980277016e+01 1.339247471791039175e+02
6.871720569419773028e+01 1.338719285696452062e+02
6.863247027092539554e+01 1.338187953047694521e+02
6.854793250571435692e+01 1.337653481154456188e+02
6.846359356157390152e+01 1.337115877369613770e+02
6.837945459877808219e+01 1.336575149089131003e+02
6.829551677484980132e+01 1.336031303751955193e+02
6.821178124454476688e+01 1.335484348839916890e+02
6.812824915983574670e+01 1.334934291877624730e+02
6.804492166989660973e+01 1.334381140432363964e+02
6.796179992108658041e+01 1.333824902113991584e+02
6.787888505693443619e+01 1.333265584574830882e+02
6.779617821812279033e+01 1.332703195509567422e+02
6.771368054247237467e+01 1.332137742655142461e+02
6.763139316492643616e+01 1.331569233790646365e+02
6.754931721753507645e+01 1.330997676737212032e+02
6.746745382943967684e+01 1.330423079357907170e+02
6.738580412685743681e+01 1.329845449557626296e+02
6.730436923306575636e+01 1.329264795282981595e+02
6.722315026838688823e+01 1.328681124522193215e+02
6.714214835017250493e+01 1.328094445304981264e+02
6.706136459278829420e+01 1.327504765702452687e+02
6.698080010759861125e+01 1.326912093826992134e+02
6.690045600295130157e+01 1.326316437832149973e+02
6.682033338416228219e+01 1.325717805912529457e+02
6.674043335350049233e+01 1.325116206303674744e+02
6.666075701017265942e+01 1.324511647281957210e+02
6.658130545030815028e+01 1.323904137164462043e+02
6.650207976694395029e+01 1.323293684308872855e+02
6.642308105000959983e+01 1.322680297113357426e+02
6.634431038631217348e+01 1.322063984016452594e+02
6.626576885952140117e+01 1.321444753496947158e+02
6.618745755015467580e+01 1.320822614073765919e+02
6.610937753556223129e+01 1.320197574305851731e+02
6.603152988991233485e+01 1.319569642792049535e+02
6.595391568417645090e+01 1.318938828170985289e+02
6.587653598611458960e+01 1.318305139120949718e+02
6.579939186026055609e+01 1.317668584359777242e+02
6.572248436790729897e+01 1.317029172644727453e+02
6.564581456709240115e+01 1.316386912772362621e+02
6.556938351258339992e+01 1.315741813578429174e+02
6.549319225586334881e+01 1.315093883937734063e+02
6.541724184511630824e+01 1.314443132764023687e+02
6.534153332521304947e+01 1.313789569009861111e+02
6.526606773769645997e+01 1.313133201666502714e+02
6.519084612076744634e+01 1.312474039763774840e+02
6.511586950927046757e+01 1.311812092369949028e+02
6.504113893467940954e+01 1.311147368591618090e+02
6.496665542508337410e+01 1.310479877573569922e+02
6.489242000517248243e+01 1.309809628498661880e+02
6.481843369622386319e+01 1.309136630587695436e+02
6.474469751608751267e+01 1.308460893099287716e+02
6.467121247917236815e+01 1.307782425329745593e+02
6.459797959643229603e+01 1.307101236612936646e+02
6.452499987535225046e+01 1.306417336320162121e+02
6.445227431993433242e+01 1.305730733860025907e+02
6.437980393068400531e+01 1.305041438678307486e+02
6.430758970459639556e+01 1.304349460257830344e+02
6.423563263514245136e+01 1.303654808118332085e+02
6.416393371225541387e+01 1.302957491816333118e+02
6.409249392231708953e+01 1.302257520945005922e+02
6.402131424814433558e+01 1.301554905134042883e+02
6.395039566897550998e+01 1.300849654049522428e+02
6.387973916045704925e+01 1.300141777393778284e+02
6.380934569462998240e+01 1.299431284905264192e+02
6.373921623991658691e+01 1.298718186358421178e+02
6.366935176110708028e+01 1.298002491563541980e+02
6.359975321934632575e+01 1.297284210366636898e+02
6.353042157212063046e+01 1.296563352649298508e+02
6.346135777324452931e+01 1.295839928328564099e+02
6.339256277284772523e+01 1.295113947356781807e+02
6.332403751736198672e+01 1.294385419721471351e+02
6.325578294950810232e+01 1.293654355445188457e+02
6.318780000828294874e+01 1.292920764585384745e+02
6.312008962894657316e+01 1.292184657234272436e+02
6.305265274300928269e+01 1.291446043518682245e+02
6.298549027821889013e+01 1.290704933599926960e+02
6.291860315854791708e+01 1.289961337673659614e+02
6.285199230418086813e+01 1.289215265969733650e+02
6.278565863150161874e+01 1.288466728752063375e+02
6.271960305308074624e+01 1.287715736318480992e+02
6.265382647766302426e+01 1.286962299000596204e+02
6.258832981015491725e+01 1.286206427163653814e+02
6.252311395161211038e+01 1.285448131206390485e+02
6.245817979922711061e+01 1.284687421560892346e+02
6.239352824631693295e+01 1.283924308692451746e+02
6.232916018231078681e+01 1.283158803099422300e+02
6.226507649273783329e+01 1.282390915313074800e+02
6.220127805921505626e+01 1.281620655897453673e+02
6.213776575943504099e+01 1.280848035449228917e+02
6.207454046715398732e+01 1.280073064597553127e+02
6.201160305217965174e+01 1.279295754003913430e+02
6.194895438035935342e+01 1.278516114361985956e+02
6.188659531356814369e+01 1.277734156397487482e+02
6.182452670969686181e+01 1.276949890868029343e+02
6.176274942264035417e+01 1.276163328562967934e+02
6.170126430228580006e+01 1.275374480303257627e+02
6.164007219450090247e+01 1.274583356941301133e+02
6.157917394112232046e+01 1.273789969360799859e+02
6.151857037994410859e+01 1.272994328476605688e+02
6.145826234470612803e+01 1.272196445234568785e+02
6.139825066508264229e+01 1.271396330611389089e+02
6.133853616667080644e+01 1.270593995614463267e+02
6.127911967097945478e+01 1.269789451281734785e+02
6.122000199541764687e+01 1.268982708681541709e+02
6.116118395328352619e+01 1.268173778912463661e+02
6.110266635375308653e+01 1.267362673103170749e+02
6.104445000186905190e+01 1.266549402412268250e+02
6.098653569852980638e+01 1.265733978028145259e+02
6.092892424047834510e+01 1.264916411168819081e+02
6.087161642029137454e+01 1.264096713081782610e+02
6.081461302636834887e+01 1.263274895043847721e+02
6.075791484292064126e+01 1.262450968360991510e+02
6.070152264996076497e+01 1.261624944368200119e+02
6.064543722329165121e+01 1.260796834429312980e+02
6.058965933449593422e+01 1.259966649936866219e+02
6.053418975092540677e+01 1.259134402311936753e+02
6.047902923569039757e+01 1.258300103003984134e+02
6.042417854764927654e+01 1.257463763490693509e+02
6.036963844139808089e+01 1.256625395277817887e+02
6.031540966726004172e+01 1.255785009899019258e+02
6.026149297127535931e+01 1.254942618915711137e+02
6.020788909519083631e+01 1.254098233916897698e+02
6.015459877644975961e+01 1.253251866519016176e+02
6.010162274818171824e+01 1.252403528365775287e+02
6.004896173919252078e+01 1.251553231127997208e+02
5.999661647395413411e+01 1.250700986503454430e+02
5.994458767259480680e+01 1.249846806216711173e+02
5.989287605088908606e+01 1.248990702018960803e+02
5.984148232024796243e+01 1.248132685687864267e+02
5.979040718770914964e+01 1.247272769027388506e+02
5.973965135592729325e+01 1.246410963867643602e+02
5.968921552316436419e+01 1.245547282064720491e+02
5.963910038327996688e+01 1.244681735500527537e+02
5.958930662572190329e+01 1.243814336082626966e+02
5.953983493551658057e+01 1.242945095744071153e+02
5.949068599325968165e+01 1.242074026443239063e+02
5.944186047510670790e+01 1.241201140163670544e+02
5.939335905276377048e+01 1.240326448913902482e+02
5.934518239347828228e+01 1.239449964727303382e+02
5.929733116002979898e+01 1.238571699661907104e+02
5.924980601072091702e+01 1.237691665800248160e+02
5.920260759936820705e+01 1.236809875249194448e+02
5.915573657529318297e+01 1.235926340139781416e+02
5.910919358331344142e+01 1.235041072627044940e+02
5.906297926373373031e+01 1.234154084889853493e+02
5.901709425233717354e+01 1.233265389130741738e+02
5.897153918037648168e+01 1.232374997575741702e+02
5.892631467456533301e+01 1.231482922474215371e+02
5.888142135706969782e+01 1.230589176098685158e+02
5.883685984549931902e+01 1.229693770744666352e+02
5.879263075289915719e+01 1.228796718730496451e+02
5.874873468774102037e+01 1.227898032397167327e+02
5.870517225391515836e+01 1.226997724108153847e+02
5.866194405072196361e+01 1.226095806249245186e+02
5.861905067286373594e+01 1.225192291228373591e+02
5.857649271043646877e+01 1.224287191475443848e+02
5.853427074892177018e+01 1.223380519442162466e+02
5.849238536917879117e+01 1.222472287601866014e+02
5.845083714743621783e+01 1.221562508449350162e+02
5.840962665528438436e+01 1.220651194500696874e+02
5.836875445966737885e+01 1.219738358293103175e+02
5.832822112287523453e+01 1.218824012384708055e+02
5.828802720253622738e+01 1.217908169354419812e+02
5.824817325160918813e+01 1.216990841801742960e+02
5.820865981837587810e+01 1.216072042346605144e+02
5.816948744643349301e+01 1.215151783629183768e+02
5.813065667468711695e+01 1.214230078309730914e+02
5.809216803734238965e+01 1.213306939068400538e+02
5.805402206389805286e+01 1.212382378605073256e+02
5.801621927913879517e+01 1.211456409639181970e+02
5.797876020312791923e+01 1.210529044909536083e+02
5.794164535120024340e+01 1.209600297174148267e+02
5.790487523395501057e+01 1.208670179210056261e+02
5.786845035724883957e+01 1.207738703813149073e+02
5.783237122218878312e+01 1.206805883797989907e+02
5.779663832512542854e+01 1.205871731997640666e+02
5.776125215764609777e+01 1.204936261263485022e+02
5.772621320656801203e+01 1.203999484465050926e+02
5.769152195393168370e+01 1.203061414489834959e+02
5.765717887699420885e+01 1.202122064243123845e+02
5.762318444822277286e+01 1.201181446647817666e+02
5.758953913528806368e+01 1.200239574644251093e+02
5.755624340105792669e+01 1.199296461190017169e+02
5.752329770359094141e+01 1.198352119259786974e+02
5.749070249613014028e+01 1.197406561845132416e+02
5.745845822709675588e+01 1.196459801954347171e+02
5.742656534008408187e+01 1.195511852612267489e+02
5.739502427385132677e+01 1.194562726860093562e+02
5.736383546231763830e+01 1.193612437755209612e+02
5.733299933455607800e+01 1.192660998371004411e+02
5.730251631478773788e+01 1.191708421796691368e+02
5.727238682237592116e+01 1.190754721137128911e+02
5.724261127182033704e+01 1.189799909512639147e+02
5.721319007275143065e+01 1.188844000058828527e+02
5.718412362992475551e+01 1.187887005926406800e+02
5.715541234321534603e+01 1.186928940281005254e+02
5.712705660761227477e+01 1.185969816302997089e+02
5.709905681321321680e+01 1.185009647187314528e+02
5.707141334521904241e+01 1.184048446143268478e+02
5.704412658392854496e+01 1.183086226394366349e+02
5.701719690473322544e+01 1.182123001178130295e+02
5.699062467811207711e+01 1.181158783745914462e+02
5.696441026962654064e+01 1.180193587362723520e+02
5.693855403991545927e+01 1.179227425307029762e+02
5.691305634469009078e+01 1.178260310870590644e+02
5.688791753472925450e+01 1.177292257358265601e+02
5.686313795587446407e+01 1.176323278087833302e+02
5.683871794902522367e+01 1.175353386389808463e+02
5.681465785013428871e+01 1.174382595607257684e+02
5.679095799020304725e+01 1.173410919095617260e+02
5.676761869527700810e+01 1.172438370222508581e+02
5.674464028644128177e+01 1.171464962367553966e+02
5.672202307981613956e+01 1.170490708922193335e+02
5.669976738655275028e+01 1.169515623289499473e+02
5.667787351282878205e+01 1.168539718883993714e+02
5.665634175984429532e+01 1.167563009131461627e+02
5.663517242381755779e+01 1.166585507468768412e+02
5.661436579598093033e+01 1.165607227343673173e+02
5.659392216257693065e+01 1.164628182214645022e+02
5.657384180485423997e+01 1.163648385550677204e+02
5.655412499906387325e+01 1.162667850831102214e+02
5.653477201645535644e+01 1.161686591545405918e+02
5.651578312327300324e+01 1.160704621193042811e+02
5.649715858075223451e+01 1.159721953283248865e+02
5.647889864511601843e+01 1.158738601334857208e+02
5.646100356757129646e+01 1.157754578876111253e+02
5.644347359430560118e+01 1.156769899444478824e+02
5.642630896648358174e+01 1.155784576586465988e+02
5.640950992024374955e+01 1.154798623857430329e+02
5.639307668669522400e+01 1.153812054821395208e+02
5.637700949191450661e+01 1.152824883050862042e+02
5.636130855694241859e+01 1.151837122126624990e+02
5.634597409778105259e+01 1.150848785637582807e+02
5.633100632539077424e+01 1.149859887180552533e+02
5.631640544568735862e+01 1.148870440360082625e+02
5.630217165953911973e+01 1.147880458788265088e+02
5.628830516276417484e+01 1.146889956084549169e+02
5.627480614612773024e+01 1.145898945875552926e+02
5.626167479533948779e+01 1.144907441794877059e+02
5.624891129105104426e+01 1.143915457482915627e+02
5.623651580885345425e+01 1.142923006586670311e+02
5.622448851927475744e+01 1.141930102759560839e+02
5.621282958777769068e+01 1.140936759661238682e+02
5.620153917475740002e+01 1.139942990957398337e+02
5.619061743553919541e+01 1.138948810319589171e+02
5.618006452037644749e+01 1.137954231425028127e+02
5.616988057444851279e+01 1.136959267956410713e+02
5.616006573785874423e+01 1.135963933601723284e+02
5.615062014563255843e+01 1.134968242054054315e+02
5.614154392771555280e+01 1.133972207011406823e+02
5.613283720897176465e+01 1.132975842176508792e+02
5.612450010918190912e+01 1.131979161256625872e+02
5.611653274304177330e+01 1.130982177963371385e+02
5.610893522016061041e+01 1.129984906012519303e+02
5.610170764505961927e+01 1.128987359123813974e+02
5.609485011717055158e+01 1.127989551020782812e+02
5.608836273083430513e+01 1.126991495430546593e+02
5.608224557529963761e+01 1.125993206083630582e+02
5.607649873472193747e+01 1.124994696713776250e+02
5.607112228816207278e+01 1.123995981057751550e+02
5.606611630958531123e+01 1.122997072855163196e+02
5.606148086786025431e+01 1.121997985848265955e+02
5.605721602675797755e+01 1.120998733781774916e+02
5.605332184495105707e+01 1.119999330402675639e+02
5.604979837601282355e+01 1.118999789460035714e+02
5.604664566841661610e+01 1.118000124704814766e+02
5.604386376553509308e+01 1.117000349889676158e+02
5.604145270563967074e+01 1.116000478768797421e+02
5.603941252189994771e+01 1.115000525097680395e+02
5.603774324238329996e+01 1.114000502632963219e+02
5.603644489005446871e+01 1.113000425132230049e+02
5.603551748277524780e+01 1.112000306353822481e+02
5.603496103330422784e+01 1.111000160056649833e+02
5.603477554929663285e+01 1.110000000000000000e+02
5.603496103330422784e+01 1.108999839943350167e+02
5.603551748277524780e+01 1.107999693646177519e+02
5.603644489005446871e+01 1.106999574867769951e+02
5.603774324238329996e+01 1.105999497367036923e+02
5.603941252189994771e+01 1.104999474902319747e+02
5.604145270563967074e+01 1.103999521231202721e+02
5.604386376553509308e+01 1.102999650110323842e+02
5.604664566841661610e+01 1.101999875295185234e+02
5.604979837601282355e+01 1.101000210539964570e+02
5.605332184495105707e+01 1.100000669597324503e+02
5.605721602675797755e+01 1.099001266218225226e+02
5.606148086786025431e+01 1.098002014151734187e+02
5.606611630958531123e+01 1.097002927144836661e+02
5.607112228816207278e+01 1.096004018942248450e+02
5.607649873472193747e+01 1.095005303286223892e+02
5.608224557529963761e+01 1.094006793916369702e+02
5.608836273083430513e+01 1.093008504569453549e+02
5.609485011717055158e+01 1.092010448979217188e+02
5.610170764505961927e+01 1.091012640876186026e+02
5.610893522016061041e+01 1.090015093987480839e+02
5.611653274304177330e+01 1.089017822036628615e+02
5.612450010918190912e+01 1.088020838743374270e+02
5.613283720897176465e+01 1.087024157823491066e+02
5.614154392771555280e+01 1.086027792988593177e+02
5.615062014563255843e+01 1.085031757945945685e+02
5.616006573785874423e+01 1.084036066398276859e+02
5.616988057444851279e+01 1.083040732043589429e+02
5.618006452037644749e+01 1.082045768574972016e+02
5.619061743553919541e+01 1.081051189680410971e+02
5.620153917475740002e+01 1.080057009042601806e+02
5.621282958777769068e+01 1.079063240338761460e+02
5.622448851927475033e+01 1.078069897240439303e+02
5.623651580885344714e+01 1.077076993413329973e+02
5.624891129105104426e+01 1.076084542517084373e+02
5.626167479533948779e+01 1.075092558205122941e+02
5.627480614612773024e+01 1.074101054124447074e+02
5.628830516276417484e+01 1.073110043915450831e+02
5.630217165953911262e+01 1.072119541211735054e+02
5.631640544568735152e+01 1.071129559639917517e+02
5.633100632539077424e+01 1.070140112819447467e+02
5.634597409778104549e+01 1.069151214362417335e+02
5.636130855694241859e+01 1.068162877873375010e+02
5.637700949191449951e+01 1.067175116949138101e+02
5.639307668669522400e+01 1.066187945178604934e+02
5.640950992024374955e+01 1.065201376142569529e+02
5.642630896648357464e+01 1.064215423413534012e+02
5.644347359430560118e+01 1.063230100555521176e+02
5.646100356757129646e+01 1.062245421123888747e+02
5.647889864511601843e+01 1.061261398665142792e+02
5.649715858075223451e+01 1.060278046716751277e+02
5.651578312327300324e+01 1.059295378806957331e+02
5.653477201645536354e+01 1.058313408454593940e+02
5.655412499906387325e+01 1.057332149168897928e+02
5.657384180485423997e+01 1.056351614449322796e+02
5.659392216257691643e+01 1.055371817785355120e+02
5.661436579598093033e+01 1.054392772656326827e+02
5.663517242381755779e+01 1.053414492531231588e+02
5.665634175984429532e+01 1.052436990868538373e+02
5.667787351282878205e+01 1.051460281116006286e+02
5.669976738655273607e+01 1.050484376710500669e+02
5.672202307981613956e+01 1.049509291077806807e+02
5.674464028644128177e+01 1.048535037632445892e+02
5.676761869527700810e+01 1.047561629777491561e+02
5.679095799020305435e+01 1.046589080904382598e+02
5.681465785013428160e+01 1.045617404392742458e+02
5.683871794902522367e+01 1.044646613610191679e+02
5.686313795587446407e+01 1.043676721912166840e+02
5.688791753472924739e+01 1.042707742641734399e+02
5.691305634469009078e+01 1.041739689129409356e+02
5.693855403991545927e+01 1.040772574692970238e+02
5.696441026962654064e+01 1.039806412637276480e+02
5.699062467811207000e+01 1.038841216254085680e+02
5.701719690473321833e+01 1.037876998821869705e+02
5.704412658392854496e+01 1.036913773605633509e+02
5.707141334521903531e+01 1.035951553856731522e+02
5.709905681321321680e+01 1.034990352812685614e+02
5.712705660761227477e+01 1.034030183697003054e+02
5.715541234321533892e+01 1.033071059718994746e+02
5.718412362992475551e+01 1.032112994073593342e+02
5.721319007275143065e+01 1.031155999941171473e+02
5.724261127182033704e+01 1.030200090487360853e+02
5.727238682237591405e+01 1.029245278862871231e+02
5.730251631478773788e+01 1.028291578203308632e+02
5.733299933455607800e+01 1.027339001628995732e+02
5.736383546231763830e+01 1.026387562244790388e+02
5.739502427385132677e+01 1.025437273139906438e+02
5.742656534008406766e+01 1.024488147387732653e+02
5.745845822709675588e+01 1.023540198045652829e+02
5.749070249613013317e+01 1.022593438154867727e+02
5.752329770359094141e+01 1.021647880740213168e+02
5.755624340105792669e+01 1.020703538809982831e+02
5.758953913528806368e+01 1.019760425355748907e+02
5.762318444822277286e+01 1.018818553352182477e+02
5.765717887699420885e+01 1.017877935756876298e+02
5.769152195393168370e+01 1.016938585510165041e+02
5.772621320656801203e+01 1.016000515534948931e+02
5.776125215764609067e+01 1.015063738736515120e+02
5.779663832512542854e+01 1.014128268002359192e+02
5.783237122218877602e+01 1.013194116202010093e+02
5.786845035724883246e+01 1.012261296186851069e+02
5.790487523395501057e+01 1.011329820789943739e+02
5.794164535120024340e+01 1.010399702825851733e+02
5.797876020312791923e+01 1.009470955090463775e+02
5.801621927913879517e+01 1.008543590360818314e+02
5.805402206389805286e+01 1.007617621394926744e+02
5.809216803734237544e+01 1.006693060931599604e+02
5.813065667468711695e+01 1.005769921690269086e+02
5.816948744643349301e+01 1.004848216370816232e+02
5.820865981837587810e+01 1.003927957653394856e+02
5.824817325160918813e+01 1.003009158198257182e+02
5.828802720253622738e+01 1.002091830645580472e+02
5.832822112287523453e+01 1.001175987615292087e+02
5.836875445966737885e+01 1.000261641706896683e+02
5.840962665528438436e+01 9.993488054993032677e+01
5.845083714743621783e+01 9.984374915506498382e+01
5.849238536917877695e+01 9.975277123981341276e+01
5.853427074892177018e+01 9.966194805578375338e+01
5.857649271043646877e+01 9.957128085245561522e+01
5.861905067286373594e+01 9.948077087716264089e+01
5.866194405072196361e+01 9.939041937507548141e+01
5.870517225391515126e+01 9.930022758918462955e+01
5.874873468774102037e+01 9.921019676028328149e+01
5.879263075289915008e+01 9.912032812695035489e+01
5.883685984549931902e+01 9.903062292553336476e+01
5.888142135706969782e+01 9.894108239013146999e+01
5.892631467456532590e+01 9.885170775257847708e+01
5.897153918037647458e+01 9.876250024242582981e+01
5.901709425233715933e+01 9.867346108692584039e+01
5.906297926373372320e+01 9.858459151101466489e+01
5.910919358331344142e+01 9.849589273729552019e+01
5.915573657529317586e+01 9.840736598602185836e+01
5.920260759936819994e+01 9.831901247508055519e+01
5.924980601072091702e+01 9.823083341997519824e+01
5.929733116002979898e+01 9.814283003380930381e+01
5.934518239347828228e+01 9.805500352726966184e+01
5.939335905276377048e+01 9.796735510860975182e+01
5.944186047510671500e+01 9.787988598363294557e+01
5.949068599325967455e+01 9.779259735567610790e+01
5.953983493551658057e+01 9.770549042559288466e+01
5.958930662572189618e+01 9.761856639173731764e+01
5.963910038327996688e+01 9.753182644994726047e+01
5.968921552316436419e+01 9.744527179352793667e+01
5.973965135592729325e+01 9.735890361323563980e+01
5.979040718770914964e+01 9.727272309726114941e+01
5.984148232024794822e+01 9.718673143121358748e+01
5.989287605088907895e+01 9.710092979810393388e+01
5.994458767259481391e+01 9.701531937832888275e+01
5.999661647395413411e+01 9.692990134965457116e+01
6.004896173919251368e+01 9.684467688720029344e+01
6.010162274818171824e+01 9.675964716342247129e+01
6.015459877644975961e+01 9.667481334809839666e+01
6.020788909519083631e+01 9.659017660831021601e+01
6.026149297127535220e+01 9.650573810842888633e+01
6.031540966726004172e+01 9.642149901009806001e+01
6.036963844139806667e+01 9.633746047221822550e+01
6.042417854764927654e+01 9.625362365093066330e+01
6.047902923569039046e+01 9.616998969960161503e+01
6.053418975092540677e+01 9.608655976880633887e+01
6.058965933449593422e+01 9.600333500631339234e+01
6.064543722329163700e+01 9.592031655706873039e+01
6.070152264996075786e+01 9.583750556318000235e+01
6.075791484292062705e+01 9.575490316390084899e+01
6.081461302636834176e+01 9.567251049561522791e+01
6.087161642029137454e+01 9.559032869182172476e+01
6.092892424047833799e+01 9.550835888311809185e+01
6.098653569852980638e+01 9.542660219718548831e+01
6.104445000186903769e+01 9.534505975877320338e+01
6.110266635375308653e+01 9.526373268968293928e+01
6.116118395328352619e+01 9.518262210875361973e+01
6.122000199541764687e+01 9.510172913184584331e+01
6.127911967097945478e+01 9.502105487182652155e+01
6.133853616667080644e+01 9.494060043855368747e+01
6.139825066508263518e+01 9.486036693886109106e+01
6.145826234470613514e+01 9.478035547654310733e+01
6.151857037994410859e+01 9.470056715233944544e+01
6.157917394112232046e+01 9.462100306392001414e+01
6.164007219450088826e+01 9.454166430586991510e+01
6.170126430228579295e+01 9.446255196967423728e+01
6.176274942264035417e+01 9.438366714370320665e+01
6.182452670969685471e+01 9.430501091319707996e+01
6.188659531356815080e+01 9.422658436025125184e+01
6.194895438035935342e+01 9.414838856380140442e+01
6.201160305217963753e+01 9.407042459960865699e+01
6.207454046715398022e+01 9.399269354024470147e+01
6.213776575943503389e+01 9.391519645507712255e+01
6.220127805921504915e+01 9.383793441025464688e+01
6.226507649273783329e+01 9.376090846869252005e+01
6.232916018231077970e+01 9.368411969005778417e+01
6.239352824631691874e+01 9.360756913075482544e+01
6.245817979922710350e+01 9.353125784391076536e+01
6.252311395161211749e+01 9.345518687936095148e+01
6.258832981015491015e+01 9.337935728363461863e+01
6.265382647766303137e+01 9.330377009994036541e+01
6.271960305308073202e+01 9.322842636815191497e+01
6.278565863150161874e+01 9.315332712479366251e+01
6.285199230418085392e+01 9.307847340302664918e+01
6.291860315854790997e+01 9.300386623263405284e+01
6.298549027821889013e+01 9.292950664000730399e+01
6.305265274300927558e+01 9.285539564813177549e+01
6.312008962894656605e+01 9.278153427657277064e+01
6.318780000828294163e+01 9.270792354146152547e+01
6.325578294950810232e+01 9.263456445548116847e+01
6.332403751736198672e+01 9.256145802785285071e+01
6.339256277284772523e+01 9.248860526432181928e+01
6.346135777324452931e+01 9.241600716714359010e+01
6.353042157212061625e+01 9.234366473507016337e+01
6.359975321934631864e+01 9.227157896333631015e+01
6.366935176110707317e+01 9.219975084364580198e+01
6.373921623991657270e+01 9.212818136415789638e+01
6.380934569462997530e+01 9.205687150947358077e+01
6.387973916045704215e+01 9.198582226062218581e+01
6.395039566897550287e+01 9.191503459504775719e+01
6.402131424814432137e+01 9.184450948659574010e+01
6.409249392231707532e+01 9.177424790549940781e+01
6.416393371225541387e+01 9.170425081836668824e+01
6.423563263514243715e+01 9.163451918816681996e+01
6.430758970459638135e+01 9.156505397421696557e+01
6.437980393068399110e+01 9.149585613216926561e+01
6.445227431993433242e+01 9.142692661399740928e+01
6.452499987535225046e+01 9.135826636798378786e+01
6.459797959643228182e+01 9.128987633870633545e+01
6.467121247917236815e+01 9.122175746702544075e+01
6.474469751608748425e+01 9.115391069007124258e+01
6.481843369622384898e+01 9.108633694123045643e+01
6.489242000517248243e+01 9.101903715013381202e+01
6.496665542508335989e+01 9.095201224264302198e+01
6.504113893467940954e+01 9.088526314083819102e+01
6.511586950927045336e+01 9.081879076300509723e+01
6.519084612076744634e+01 9.075259602362251599e+01
6.526606773769647418e+01 9.068667983334972860e+01
6.534153332521304947e+01 9.062104309901388888e+01
6.541724184511630824e+01 9.055568672359763127e+01
6.549319225586333459e+01 9.049061160622659372e+01
6.556938351258339992e+01 9.042581864215708265e+01
6.564581456709238694e+01 9.036130872276373793e+01
6.572248436790729897e+01 9.029708273552726894e+01
6.579939186026055609e+01 9.023314156402226160e+01
6.587653598611458960e+01 9.016948608790502817e+01
6.595391568417645090e+01 9.010611718290147110e+01
6.603152988991232064e+01 9.004303572079506068e+01
6.610937753556223129e+01 8.998024256941481269e+01
6.618745755015467580e+01 8.991773859262342228e+01
6.626576885952140117e+01 8.985552465030529845e+01
6.634431038631218769e+01 8.979360159835474064e+01
6.642308105000958562e+01 8.973197028866425740e+01
6.650207976694393608e+01 8.967063156911274291e+01
6.658130545030815028e+01 8.960958628355379574e+01
6.666075701017265942e+01 8.954883527180427905e+01
6.674043335350049233e+01 8.948837936963252560e+01
6.682033338416226798e+01 8.942821940874706854e+01
6.690045600295130157e+01 8.936835621678500274e+01
6.698080010759861125e+01 8.930879061730078661e+01
6.706136459278827999e+01 8.924952342975474551e+01
6.714214835017251914e+01 8.919055546950187363e+01
6.722315026838688823e+01 8.913188754778067846e+01
6.730436923306575636e+01 8.907352047170184051e+01
6.738580412685740839e+01 8.901545504423738464e+01
6.746745382943967684e+01 8.895769206420928299e+01
6.754931721753507645e+01 8.890023232627879679e+01
6.763139316492643616e+01 8.884307662093536351e+01
6.771368054247237467e+01 8.878622573448575395e+01
6.779617821812277612e+01 8.872968044904325779e+01
6.787888505693443619e+01 8.867344154251689758e+01
6.796179992108658041e+01 8.861750978860084160e+01
6.804492166989659552e+01 8.856188595676360364e+01
6.812824915983574670e+01 8.850657081223752698e+01
6.821178124454476688e+01 8.845156511600832516e+01
6.829551677484978711e+01 8.839686962480448074e+01
6.837945459877806798e+01 8.834248509108689973e+01
6.846359356157390152e+01 8.828841226303860878e+01
6.854793250571435692e+01 8.823465188455439545e+01
6.863247027092539554e+01 8.818120469523054794e+01
6.871720569419771607e+01 8.812807143035479385e+01
6.880213760980275595e+01 8.807525282089608254e+01
6.888726484930879224e+01 8.802274959349453809e+01
6.897258624159695728e+01 8.797056247045152588e+01
6.905810061287735380e+01 8.791869216971967660e+01
6.914380678670524105e+01 8.786713940489298125e+01
6.922970358399722102e+01 8.781590488519701410e+01
6.931578982304739611e+01 8.776498931547916982e+01
6.940206431954368327e+01 8.771439339619894326e+01
6.948852588658402851e+01 8.766411782341835135e+01
6.957517333469296261e+01 8.761416328879225546e+01
6.966200547183760250e+01 8.756453047955896807e+01
6.974902110344439166e+01 8.751522007853068885e+01
6.983621903241525786e+01 8.746623276408419656e+01
6.992359805914439619e+01 8.741756921015141302e+01
7.001115698153442679e+01 8.736923008621029396e+01
7.009889459501313524e+01 8.732121605727546410e+01
7.018680969255004243e+01 8.727352778388913634e+01
7.027490106467294595e+01 8.722616592211198849e+01
7.036316749948463212e+01 8.717913112351421034e+01
7.045160778267940316e+01 8.713242403516647983e+01
7.054022069755995972e+01 8.708604529963106700e+01
7.062900502505407019e+01 8.703999555495298068e+01
7.071795954373125426e+01 8.699427543465124302e+01
7.080708302981973645e+01 8.694888556771014976e+01
7.089637425722320074e+01 8.690382657857057325e+01
7.098583199753763040e+01 8.685909908712145011e+01
7.107545502006826155e+01 8.681470370869118369e+01
7.116524209184653671e+01 8.677064105403921701e+01
7.125519197764697310e+01 8.672691172934760573e+01
7.134530344000425828e+01 8.668351633621270480e+01
7.143557523923011843e+01 8.664045547163692618e+01
7.152600613343066982e+01 8.659772972802038282e+01
7.161659487852314498e+01 8.655533969315291642e+01
7.170734022825328680e+01 8.651328595020589773e+01
7.179824093421225939e+01 8.647156907772426848e+01
7.188929574585412752e+01 8.643018964961846962e+01
7.198050341051273904e+01 8.638914823515672481e+01
7.207186267341910479e+01 8.634844539895708238e+01
7.216337227771877849e+01 8.630808170097964194e+01
7.225503096448889551e+01 8.626805769651889477e+01
7.234683747275569488e+01 8.622837393619610680e+01
7.243879053951172864e+01 8.618903096595170155e+01
7.253088889973338382e+01 8.615002932703772842e+01
7.262313128639819126e+01 8.611136955601047305e+01
7.271551643050219127e+01 8.607305218472305341e+01
7.280804306107754087e+01 8.603507774031808708e+01
7.290070990520995053e+01 8.599744674522047205e+01
7.299351568805610668e+01 8.596015971713015347e+01
7.308645913286129314e+01 8.592321716901504658e+01
7.317953896097699840e+01 8.588661960910395976e+01
7.327275389187839494e+01 8.585036754087957434e+01
7.336610264318198915e+01 8.581446146307159495e+01
7.345958393066334224e+01 8.577890186964981467e+01
7.355319646827467750e+01 8.574368924981733642e+01
7.364693896816247332e+01 8.570882408800386543e+01
7.374081014068541151e+01 8.567430686385905858e+01
7.383480869443191352e+01 8.564013805224583109e+01
7.392893333623803187e+01 8.560631812323394740e+01
7.402318277120512846e+01 8.557284754209347000e+01
7.411755570271775184e+01 8.553972676928842134e+01
7.421205083246158551e+01 8.550695626047036058e+01
7.430666686044105518e+01 8.547453646647221603e+01
7.440140248499746178e+01 8.544246783330200401e+01
7.449625640282670247e+01 8.541075080213676074e+01
7.459122730899733256e+01 8.537938580931638910e+01
7.468631389696849965e+01 8.534837328633773268e+01
7.478151485860776404e+01 8.531771365984862143e+01
7.487682888420934546e+01 8.528740735164197417e+01
7.497225466251192927e+01 8.525745477865001476e+01
7.506779088071685635e+01 8.522785635293851669e+01
7.516343622450602879e+01 8.519861248170117562e+01
7.525918937806014242e+01 8.516972356725399607e+01
7.535504902407672034e+01 8.514119000702970652e+01
7.545101384378820342e+01 8.511301219357235937e+01
7.554708251698015431e+01 8.508519051453188808e+01
7.564325372200943320e+01 8.505772535265879242e+01
7.573952613582224558e+01 8.503061708579885192e+01
7.583589843397251684e+01 8.500386608688796741e+01
7.593236929063999696e+01 8.497747272394700246e+01
7.602893737864862089e+01 8.495143736007669588e+01
7.612560136948455636e+01 8.492576035345271634e+01
7.622235993331464954e+01 8.490044205732073124e+01
7.631921173900479971e+01 8.487548281999150390e+01
7.641615545413796440e+01 8.485088298483611879e+01
7.651318974503281822e+01 8.482664289028127769e+01
7.661031327676192859e+01 8.480276286980465272e+01
7.670752471317007348e+01 8.477924325193025368e+01
7.680482271689282925e+01 8.475608436022392311e+01
7.690220594937468945e+01 8.473328651328893102e+01
7.699967307088783741e+01 8.471085002476149839e+01
7.709722274055016555e+01 8.468877520330661923e+01
7.719485361634406217e+01 8.466706235261365521e+01
7.729256435513465817e+01 8.464571177139228553e+01
7.739035361268842905e+01 8.462472375336832897e+01
7.748822004369169747e+01 8.460409858727970800e+01
7.758616230176895101e+01 8.458383655687254077e+01
7.768417903950164316e+01 8.456393794089714788e+01
7.778226890844652530e+01 8.454440301310425809e+01
7.788043055915423452e+01 8.452523204224125664e+01
7.797866264118796664e+01 8.450642529204846198e+01
7.807696380314189355e+01 8.448798302125551629e+01
7.817533269265992146e+01 8.446990548357781847e+01
7.827376795645410823e+01 8.445219292771301411e+01
7.837226824032345007e+01 8.443484559733764172e+01
7.847083218917245517e+01 8.441786373110366526e+01
7.856945844702970305e+01 8.440124756263530514e+01
7.866814565706664553e+01 8.438499732052576974e+01
7.876689246161616609e+01 8.436911322833412896e+01
7.886569750219130981e+01 8.435359550458217370e+01
7.896455941950392798e+01 8.433844436275151679e+01
7.906347685348335119e+01 8.432366001128060873e+01
7.916244844329531816e+01 8.430924265356181024e+01
7.926147282736033617e+01 8.429519248793869224e+01
7.936054864337275205e+01 8.428150970770326467e+01
7.945967452831925470e+01 8.426819450109329068e+01
7.955884911849778973e+01 8.425524705128971448e+01
7.965807104953621831e+01 8.424266753641418859e+01
7.975733895641108973e+01 8.423045612952657279e+01
7.985665147346651338e+01 8.421861299862251826e+01
7.995600723443287450e+01 8.420713830663126487e+01
8.005540487244556402e+01 8.419603221141329641e+01
8.015484302006396433e+01 8.418529486575823739e+01
8.025432030929007965e+01 8.417492641738267878e+01
8.035383537158750755e+01 8.416492700892823109e+01
8.045338683790006939e+01 8.415529677795953489e+01
8.055297333867089549e+01 8.414603585696228549e+01
8.065259350386108395e+01 8.413714437334155605e+01
8.075224596296855850e+01 8.412862244941990753e+01
8.085192934504703999e+01 8.412047020243582551e+01
8.095164227872480467e+01 8.411268774454197228e+01
8.105138339222358468e+01 8.410527518280380832e+01
8.115115131337741161e+01 8.409823261919795812e+01
8.125094466965147433e+01 8.409156015061091693e+01
8.135076208816121834e+01 8.408525786883767239e+01
8.145060219569086257e+01 8.407932586058043967e+01
8.155046361871258398e+01 8.407376420744751044e+01
8.165034498340531854e+01 8.406857298595204497e+01
8.175024491567360485e+01 8.406375226751114837e+01
8.185016204116661243e+01 8.405930211844473376e+01
8.195009498529687164e+01 8.405522259997474066e+01
8.205004237325945837e+01 8.405151376822422549e+01
8.215000283005058179e+01 8.404817567421662261e+01
8.224997498048676903e+01 8.404520836387499116e+01
8.234995744922356664e+01 8.404261187802143240e+01
8.244994886077468266e+01 8.404038625237654969e+01
8.254994783953073068e+01 8.403853151755885165e+01
8.264995300977822978e+01 8.403704769908443950e+01
8.274996299571850500e+01 8.403593481736663762e+01
8.284997642148671559e+01 8.403519288771565243e+01
8.294999191117055659e+01 8.403482192033840192e+01
8.305000808882944341e+01 8.403482192033840192e+01
8.315002357851328441e+01 8.403519288771565243e+01
8.325003700428148079e+01 8.403593481736663762e+01
8.335004699022177022e+01 8.403704769908443950e+01
8.345005216046925511e+01 8.403853151755885165e+01
8.355005113922531734e+01 8.404038625237654969e+01
8.365004255077641915e+01 8.404261187802143240e+01
8.375002501951321676e+01 8.404520836387499116e+01
8.384999716994940400e+01 8.404817567421662261e+01
8.394995762674052742e+01 8.405151376822422549e+01
8.404990501470312836e+01 8.405522259997474066e+01
8.414983795883338757e+01 8.405930211844473376e+01
8.424975508432639515e+01 8.406375226751114837e+01
8.434965501659466725e+01 8.406857298595204497e+01
8.444953638128741602e+01 8.407376420744751044e+01
8.454939780430913743e+01 8.407932586058043967e+01
8.464923791183876745e+01 8.408525786883767239e+01
8.474905533034851146e+01 8.409156015061091693e+01
8.484884868662258839e+01 8.409823261919795812e+01
8.494861660777641532e+01 8.410527518280380832e+01
8.504835772127519533e+01 8.411268774454197228e+01
8.514807065495294580e+01 8.412047020243582551e+01
8.524775403703142729e+01 8.412862244941990753e+01
8.534740649613890184e+01 8.413714437334155605e+01
8.544702666132909030e+01 8.414603585696228549e+01
8.554661316209991639e+01 8.415529677795953489e+01
8.564616462841249245e+01 8.416492700892823109e+01
8.574567969070990614e+01 8.417492641738267878e+01
8.584515697993603567e+01 8.418529486575823739e+01
8.594459512755442177e+01 8.419603221141329641e+01
8.604399276556712550e+01 8.420713830663126487e+01
8.614334852653348662e+01 8.421861299862251826e+01
8.624266104358889606e+01 8.423045612952657279e+01
8.634192895046378169e+01 8.424266753641418859e+01
8.644115088150221027e+01 8.425524705128971448e+01
8.654032547168073108e+01 8.426819450109329068e+01
8.663945135662723374e+01 8.428150970770326467e+01
8.673852717263964962e+01 8.429519248793869224e+01
8.683755155670468184e+01 8.430924265356181024e+01
8.693652314651663460e+01 8.432366001128060873e+01
8.703544058049605781e+01 8.433844436275151679e+01
8.713430249780867598e+01 8.435359550458215949e+01
8.723310753838381970e+01 8.436911322833412896e+01
8.733185434293334026e+01 8.438499732052576974e+01
8.743054155297028274e+01 8.440124756263530514e+01
8.752916781082753062e+01 8.441786373110366526e+01
8.762773175967654993e+01 8.443484559733764172e+01
8.772623204354589177e+01 8.445219292771301411e+01
8.782466730734006433e+01 8.446990548357780426e+01
8.792303619685809224e+01 8.448798302125551629e+01
8.802133735881203336e+01 8.450642529204846198e+01
8.811956944084575127e+01 8.452523204224125664e+01
8.821773109155346049e+01 8.454440301310425809e+01
8.831582096049835684e+01 8.456393794089714788e+01
8.841383769823103478e+01 8.458383655687254077e+01
8.851177995630830253e+01 8.460409858727970800e+01
8.860964638731155674e+01 8.462472375336832897e+01
8.870743564486534183e+01 8.464571177139228553e+01
8.880514638365592361e+01 8.466706235261365521e+01
8.890277725944983445e+01 8.468877520330661923e+01
8.900032692911214838e+01 8.471085002476149839e+01
8.909779405062529634e+01 8.473328651328893102e+01
8.919517728310717075e+01 8.475608436022392311e+01
8.929247528682991231e+01 8.477924325193025368e+01
8.938968672323807141e+01 8.480276286980465272e+01
8.948681025496716757e+01 8.482664289028127769e+01
8.958384454586202139e+01 8.485088298483611879e+01
8.968078826099520029e+01 8.487548281999150390e+01
8.977764006668533625e+01 8.490044205732073124e+01
8.987439863051542943e+01 8.492576035345271634e+01
8.997106262135137911e+01 8.495143736007669588e+01
9.006763070935998883e+01 8.497747272394700246e+01
9.016410156602748316e+01 8.500386608688796741e+01
9.026047386417775442e+01 8.503061708579885192e+01
9.035674627799055258e+01 8.505772535265877821e+01
9.045291748301983148e+01 8.508519051453188808e+01
9.054898615621178237e+01 8.511301219357235937e+01
9.064495097592326545e+01 8.514119000702970652e+01
9.074081062193985758e+01 8.516972356725399607e+01
9.083656377549397121e+01 8.519861248170117562e+01
9.093220911928312944e+01 8.522785635293850248e+01
9.102774533748805652e+01 8.525745477865000055e+01
9.112317111579065454e+01 8.528740735164197417e+01
9.121848514139222175e+01 8.531771365984862143e+01
9.131368610303150035e+01 8.534837328633773268e+01
9.140877269100265323e+01 8.537938580931638910e+01
9.150374359717329753e+01 8.541075080213674653e+01
9.159859751500252401e+01 8.544246783330200401e+01
9.169333313955894482e+01 8.547453646647221603e+01
9.178794916753841449e+01 8.550695626047036058e+01
9.188244429728224816e+01 8.553972676928842134e+01
9.197681722879485733e+01 8.557284754209345579e+01
9.207106666376196813e+01 8.560631812323393319e+01
9.216519130556807227e+01 8.564013805224583109e+01
9.225918985931457428e+01 8.567430686385904437e+01
9.235306103183751247e+01 8.570882408800386543e+01
9.244680353172532250e+01 8.574368924981732221e+01
9.254041606933664355e+01 8.577890186964981467e+01
9.263389735681799664e+01 8.581446146307158074e+01
9.272724610812159085e+01 8.585036754087957434e+01
9.282046103902300160e+01 8.588661960910394555e+01
9.291354086713869265e+01 8.592321716901504658e+01
9.300648431194389332e+01 8.596015971713015347e+01
9.309929009479003525e+01 8.599744674522047205e+01
9.319195693892244492e+01 8.603507774031808708e+01
9.328448356949780873e+01 8.607305218472305341e+01
9.337686871360180874e+01 8.611136955601045884e+01
9.346911110026660197e+01 8.615002932703771421e+01
9.356120946048825715e+01 8.618903096595168734e+01
9.365316252724430512e+01 8.622837393619610680e+01
9.374496903551110449e+01 8.626805769651889477e+01
9.383662772228120730e+01 8.630808170097962773e+01
9.392813732658089521e+01 8.634844539895708238e+01
9.401949658948726096e+01 8.638914823515672481e+01
9.411070425414587248e+01 8.643018964961845541e+01
9.420175906578774061e+01 8.647156907772425427e+01
9.429265977174671320e+01 8.651328595020589773e+01
9.438340512147684080e+01 8.655533969315291642e+01
9.447399386656931597e+01 8.659772972802036861e+01
9.456442476076986736e+01 8.664045547163692618e+01
9.465469655999574172e+01 8.668351633621270480e+01
9.474480802235301269e+01 8.672691172934760573e+01
9.483475790815346329e+01 8.677064105403921701e+01
9.492454497993172424e+01 8.681470370869118369e+01
9.501416800246235539e+01 8.685909908712145011e+01
9.510362574277678505e+01 8.690382657857057325e+01
9.519291697018024934e+01 8.694888556771014976e+01
9.528204045626873153e+01 8.699427543465124302e+01
9.537099497494591560e+01 8.703999555495296647e+01
9.545977930244002607e+01 8.708604529963105279e+01
9.554839221732058263e+01 8.713242403516647983e+01
9.563683250051535367e+01 8.717913112351421034e+01
9.572509893532703984e+01 8.722616592211198849e+01
9.581319030744995757e+01 8.727352778388912213e+01
9.590110540498686476e+01 8.732121605727546410e+01
9.598884301846557321e+01 8.736923008621029396e+01
9.607640194085560381e+01 8.741756921015141302e+01
9.616378096758472793e+01 8.746623276408418235e+01
9.625097889655560834e+01 8.751522007853067464e+01
9.633799452816239750e+01 8.756453047955896807e+01
9.642482666530703739e+01 8.761416328879225546e+01
9.651147411341595728e+01 8.766411782341835135e+01
9.659793568045631673e+01 8.771439339619892905e+01
9.668421017695260389e+01 8.776498931547915561e+01
9.677029641600277898e+01 8.781590488519701410e+01
9.685619321329474474e+01 8.786713940489298125e+01
9.694189938712264620e+01 8.791869216971966239e+01
9.702741375840304272e+01 8.797056247045152588e+01
9.711273515069120776e+01 8.802274959349453809e+01
9.719786239019722984e+01 8.807525282089606833e+01
9.728279430580226972e+01 8.812807143035479385e+01
9.736752972907460446e+01 8.818120469523054794e+01
9.745206749428562887e+01 8.823465188455438124e+01
9.753640643842609848e+01 8.828841226303860878e+01
9.762054540122191781e+01 8.834248509108689973e+01
9.770448322515021289e+01 8.839686962480446653e+01
9.778821875545523312e+01 8.845156511600832516e+01
9.787175084016425330e+01 8.850657081223752698e+01
9.795507833010339027e+01 8.856188595676360364e+01
9.803820007891341959e+01 8.861750978860084160e+01
9.812111494306554960e+01 8.867344154251689758e+01
9.820382178187720967e+01 8.872968044904324358e+01
9.828631945752762533e+01 8.878622573448575395e+01
9.836860683507356384e+01 8.884307662093536351e+01
9.845068278246492355e+01 8.890023232627879679e+01
9.853254617056032316e+01 8.895769206420928299e+01
9.861419587314257740e+01 8.901545504423737043e+01
9.869563076693422943e+01 8.907352047170184051e+01
9.877684973161309756e+01 8.913188754778066425e+01
9.885785164982748086e+01 8.919055546950187363e+01
9.893863540721170580e+01 8.924952342975474551e+01
9.901919989240137454e+01 8.930879061730078661e+01
9.909954399704869843e+01 8.936835621678500274e+01
9.917966661583773202e+01 8.942821940874705433e+01
9.925956664649950767e+01 8.948837936963252560e+01
9.933924298982734058e+01 8.954883527180426483e+01
9.941869454969184972e+01 8.960958628355379574e+01
9.949792023305604971e+01 8.967063156911272870e+01
9.957691894999040017e+01 8.973197028866425740e+01
9.965568961368781231e+01 8.979360159835474064e+01
9.973423114047858462e+01 8.985552465030528424e+01
9.981254244984530999e+01 8.991773859262342228e+01
9.989062246443775450e+01 8.998024256941479848e+01
9.996847011008767936e+01 9.004303572079506068e+01
1.000460843158235491e+02 9.010611718290147110e+01
1.001234640138854104e+02 9.016948608790502817e+01
1.002006081397394439e+02 9.023314156402224739e+01
1.002775156320927010e+02 9.029708273552725473e+01
1.003541854329075989e+02 9.036130872276373793e+01
1.004306164874165859e+02 9.042581864215706844e+01
1.005068077441366654e+02 9.049061160622659372e+01
1.005827581548836775e+02 9.055568672359763127e+01
1.006584666747869505e+02 9.062104309901388888e+01
1.007339322623035116e+02 9.068667983334971439e+01
1.008091538792325537e+02 9.075259602362251599e+01
1.008841304907295466e+02 9.081879076300509723e+01
1.009588610653205905e+02 9.088526314083819102e+01
1.010333445749166259e+02 9.095201224264300777e+01
1.011075799948275176e+02 9.101903715013379781e+01
1.011815663037761510e+02 9.108633694123045643e+01
1.012553024839124873e+02 9.115391069007122837e+01
1.013287875208276319e+02 9.122175746702544075e+01
1.014020204035677040e+02 9.128987633870633545e+01
1.014750001246477495e+02 9.135826636798380207e+01
1.015477256800656676e+02 9.142692661399739507e+01
1.016201960693159947e+02 9.149585613216925140e+01
1.016924102954036186e+02 9.156505397421696557e+01
1.017643673648575486e+02 9.163451918816680575e+01
1.018360662877445861e+02 9.170425081836668824e+01
1.019075060776829105e+02 9.177424790549939360e+01
1.019786857518556644e+02 9.184450948659571168e+01
1.020496043310244829e+02 9.191503459504775719e+01
1.021202608395429507e+02 9.198582226062218581e+01
1.021906543053700176e+02 9.205687150947358077e+01
1.022607837600834131e+02 9.212818136415788217e+01
1.023306482388929055e+02 9.219975084364578777e+01
1.024002467806536743e+02 9.227157896333629594e+01
1.024695784278793838e+02 9.234366473507017758e+01
1.025386422267554565e+02 9.241600716714356167e+01
1.026074372271522748e+02 9.248860526432181928e+01
1.026759624826379991e+02 9.256145802785283649e+01
1.027442170504918977e+02 9.263456445548116847e+01
1.028121999917170513e+02 9.270792354146152547e+01
1.028799103710534268e+02 9.278153427657275643e+01
1.029473472569907244e+02 9.285539564813177549e+01
1.030145097217811099e+02 9.292950664000730399e+01
1.030813968414520758e+02 9.300386623263403862e+01
1.031480076958191319e+02 9.307847340302663497e+01
1.032143413684983955e+02 9.315332712479366251e+01
1.032803969469192538e+02 9.322842636815190076e+01
1.033461735223369686e+02 9.330377009994035120e+01
1.034116701898450827e+02 9.337935728363461863e+01
1.034768860483878825e+02 9.345518687936095148e+01
1.035418202007728752e+02 9.353125784391073694e+01
1.036064717536830670e+02 9.360756913075482544e+01
1.036708398176892132e+02 9.368411969005776996e+01
1.037349235072621525e+02 9.376090846869249162e+01
1.037987219407849295e+02 9.383793441025463267e+01
1.038622342405649590e+02 9.391519645507710834e+01
1.039254595328460198e+02 9.399269354024470147e+01
1.039883969478203483e+02 9.407042459960862857e+01
1.040510456196406466e+02 9.414838856380140442e+01
1.041134046864318492e+02 9.422658436025123763e+01
1.041754732903031453e+02 9.430501091319707996e+01
1.042372505773596458e+02 9.438366714370320665e+01
1.042987356977141928e+02 9.446255196967422307e+01
1.043599278054991117e+02 9.454166430586991510e+01
1.044208260588776653e+02 9.462100306391999993e+01
1.044814296200558914e+02 9.470056715233943123e+01
1.045417376552938578e+02 9.478035547654310733e+01
1.046017493349173719e+02 9.486036693886109106e+01
1.046614638333291794e+02 9.494060043855367326e+01
1.047208803290205452e+02 9.502105487182650734e+01
1.047799980045823531e+02 9.510172913184584331e+01
1.048388160467164738e+02 9.518262210875361973e+01
1.048973336462469064e+02 9.526373268968292507e+01
1.049555499981309481e+02 9.534505975877318917e+01
1.050134643014702078e+02 9.542660219718548831e+01
1.050710757595216478e+02 9.550835888311807764e+01
1.051283835797086113e+02 9.559032869182172476e+01
1.051853869736316511e+02 9.567251049561521370e+01
1.052420851570793587e+02 9.575490316390083478e+01
1.052984773500392350e+02 9.583750556317997393e+01
1.053545627767083488e+02 9.592031655706871618e+01
1.054103406655040658e+02 9.600333500631337813e+01
1.054658102490745790e+02 9.608655976880632466e+01
1.055209707643096095e+02 9.616998969960160082e+01
1.055758214523507235e+02 9.625362365093064909e+01
1.056303615586019333e+02 9.633746047221822550e+01
1.056845903327399441e+02 9.642149901009804580e+01
1.057385070287246407e+02 9.650573810842888633e+01
1.057921109048091637e+02 9.659017660831021601e+01
1.058454012235502404e+02 9.667481334809839666e+01
1.058983772518182747e+02 9.675964716342245708e+01
1.059510382608074792e+02 9.684467688720027922e+01
1.060033835260458659e+02 9.692990134965457116e+01
1.060554123274051790e+02 9.701531937832888275e+01
1.061071239491109139e+02 9.710092979810391967e+01
1.061585176797520376e+02 9.718673143121358748e+01
1.062095928122908504e+02 9.727272309726114941e+01
1.062603486440727067e+02 9.735890361323562558e+01
1.063107844768356358e+02 9.744527179352792245e+01
1.063608996167200331e+02 9.753182644994724626e+01
1.064106933742780967e+02 9.761856639173730343e+01
1.064601650644834052e+02 9.770549042559287045e+01
1.065093140067403255e+02 9.779259735567609368e+01
1.065581395248932921e+02 9.787988598363294557e+01
1.066066409472362295e+02 9.796735510860973761e+01
1.066548176065217177e+02 9.805500352726964763e+01
1.067026688399702010e+02 9.814283003380928960e+01
1.067501939892790830e+02 9.823083341997519824e+01
1.067973924006317930e+02 9.831901247508054098e+01
1.068442634247068099e+02 9.840736598602184415e+01
1.068908064166865586e+02 9.849589273729550598e+01
1.069370207362662626e+02 9.858459151101463647e+01
1.069829057476628407e+02 9.867346108692584039e+01
1.070284608196235183e+02 9.876250024242581560e+01
1.070736853254346670e+02 9.885170775257847708e+01
1.071185786429302880e+02 9.894108239013145578e+01
1.071631401545006810e+02 9.903062292553336476e+01
1.072073692471008428e+02 9.912032812695035489e+01
1.072512653122589796e+02 9.921019676028328149e+01
1.072948277460848487e+02 9.930022758918461534e+01
1.073380559492780293e+02 9.939041937507546720e+01
1.073809493271362783e+02 9.948077087716265510e+01
1.074235072895635312e+02 9.957128085245561522e+01
1.074657292510782298e+02 9.966194805578375338e+01
1.075076146308212230e+02 9.975277123981339855e+01
1.075491628525637822e+02 9.984374915506498382e+01
1.075903733447156014e+02 9.993488054993029834e+01
1.076312455403326140e+02 1.000261641706896683e+02
1.076717788771247655e+02 1.001175987615291945e+02
1.077119727974637726e+02 1.002091830645580188e+02
1.077518267483908119e+02 1.003009158198256898e+02
1.077913401816241219e+02 1.003927957653394714e+02
1.078305125535665070e+02 1.004848216370816232e+02
1.078693433253128831e+02 1.005769921690268944e+02
1.079078319626576246e+02 1.006693060931599462e+02
1.079459779361019400e+02 1.007617621394926744e+02
1.079837807208612048e+02 1.008543590360818314e+02
1.080212397968720666e+02 1.009470955090463633e+02
1.080583546487997495e+02 1.010399702825851733e+02
1.080951247660449894e+02 1.011329820789943597e+02
1.081315496427511675e+02 1.012261296186851069e+02
1.081676287778112169e+02 1.013194116202010093e+02
1.082033616748745715e+02 1.014128268002359192e+02
1.082387478423539164e+02 1.015063738736515120e+02
1.082737867934319809e+02 1.016000515534949074e+02
1.083084780460683163e+02 1.016938585510164899e+02
1.083428211230057912e+02 1.017877935756876298e+02
1.083768155517772271e+02 1.018818553352182477e+02
1.084104608647119363e+02 1.019760425355748765e+02
1.084437565989420733e+02 1.020703538809982689e+02
1.084767022964090586e+02 1.021647880740213026e+02
1.085092975038698597e+02 1.022593438154867584e+02
1.085415417729032441e+02 1.023540198045652829e+02
1.085734346599159323e+02 1.024488147387732511e+02
1.086049757261486661e+02 1.025437273139906438e+02
1.086361645376823617e+02 1.026387562244790246e+02
1.086670006654439220e+02 1.027339001628995589e+02
1.086974836852122621e+02 1.028291578203308489e+02
1.087276131776240788e+02 1.029245278862871089e+02
1.087573887281796630e+02 1.030200090487360711e+02
1.087868099272485694e+02 1.031155999941171473e+02
1.088158763700752445e+02 1.032112994073593200e+02
1.088445876567846540e+02 1.033071059718994604e+02
1.088729433923877252e+02 1.034030183697003054e+02
1.089009431867867761e+02 1.034990352812685472e+02
1.089285866547809576e+02 1.035951553856731664e+02
1.089558734160714550e+02 1.036913773605633367e+02
1.089828030952667746e+02 1.037876998821869705e+02
1.090093753218879300e+02 1.038841216254085680e+02
1.090355897303734594e+02 1.039806412637276622e+02
1.090614459600845407e+02 1.040772574692970238e+02
1.090869436553099092e+02 1.041739689129409214e+02
1.091120824652707597e+02 1.042707742641734399e+02
1.091368620441255359e+02 1.043676721912166698e+02
1.091612820509747763e+02 1.044646613610191537e+02
1.091853421498657184e+02 1.045617404392742458e+02
1.092090420097969456e+02 1.046589080904382598e+02
1.092323813047229919e+02 1.047561629777491277e+02
1.092553597135587182e+02 1.048535037632445892e+02
1.092779769201838604e+02 1.049509291077806665e+02
1.093002326134472497e+02 1.050484376710500527e+02
1.093221264871712179e+02 1.051460281116006144e+02
1.093436582401556905e+02 1.052436990868538231e+02
1.093648275761824493e+02 1.053414492531231588e+02
1.093856342040190697e+02 1.054392772656326684e+02
1.094060778374230836e+02 1.055371817785354978e+02
1.094261581951457600e+02 1.056351614449322653e+02
1.094458750009361268e+02 1.057332149168897928e+02
1.094652279835446365e+02 1.058313408454593798e+02
1.094842168767270039e+02 1.059295378806957189e+02
1.095028414192477726e+02 1.060278046716751277e+02
1.095211013548839958e+02 1.061261398665142792e+02
1.095389964324287035e+02 1.062245421123888747e+02
1.095565264056943988e+02 1.063230100555521034e+02
1.095736910335164254e+02 1.064215423413534154e+02
1.095904900797562505e+02 1.065201376142569387e+02
1.096069233133047760e+02 1.066187945178604792e+02
1.096229905080855076e+02 1.067175116949137958e+02
1.096386914430575814e+02 1.068162877873375010e+02
1.096540259022189474e+02 1.069151214362417193e+02
1.096689936746092258e+02 1.070140112819447324e+02
1.096835945543126485e+02 1.071129559639917517e+02
1.096978283404608874e+02 1.072119541211734912e+02
1.097116948372358252e+02 1.073110043915450831e+02
1.097251938538722698e+02 1.074101054124446932e+02
1.097383252046605122e+02 1.075092558205122941e+02
1.097510887089489557e+02 1.076084542517084230e+02
1.097634841911465458e+02 1.077076993413329831e+02
1.097755114807252426e+02 1.078069897240439161e+02
1.097871704122223093e+02 1.079063240338761176e+02
1.097984608252426000e+02 1.080057009042601521e+02
1.098093825644608046e+02 1.081051189680410829e+02
1.098199354796235525e+02 1.082045768574972016e+02
1.098301194255514872e+02 1.083040732043589145e+02
1.098399342621412558e+02 1.084036066398276859e+02
1.098493798543674416e+02 1.085031757945945543e+02
1.098584560722844401e+02 1.086027792988593319e+02
1.098671627910282353e+02 1.087024157823490924e+02
1.098754998908180909e+02 1.088020838743374128e+02
1.098834672569582267e+02 1.089017822036628615e+02
1.098910647798393825e+02 1.090015093987480839e+02
1.098982923549403665e+02 1.091012640876186026e+02
1.099051498828294484e+02 1.092010448979217045e+02
1.099116372691656949e+02 1.093008504569453549e+02
1.099177544247003624e+02 1.094006793916369418e+02
1.099235012652780625e+02 1.095005303286223750e+02
1.099288777118379272e+02 1.096004018942248450e+02
1.099338836904146888e+02 1.097002927144836804e+02
1.099385191321397457e+02 1.098002014151733903e+02
1.099427839732420296e+02 1.099001266218225226e+02
1.099466781550489429e+02 1.100000669597324361e+02
1.099502016239871693e+02 1.101000210539964286e+02
1.099533543315833839e+02 1.101999875295185092e+02
1.099561362344649069e+02 1.102999650110323842e+02
1.099585472943603293e+02 1.103999521231202579e+02
1.099605874781000523e+02 1.104999474902319463e+02
1.099622567576167000e+02 1.105999497367036923e+02
1.099635551099455313e+02 1.106999574867769951e+02
1.099644825172247522e+02 1.107999693646177661e+02
1.099650389666957722e+02 1.108999839943349883e+02
1.099652244507033743e+02 1.110000000000000000e+02
