1.347126808298249614e+02 1.566474061404406370e+02
1.346126839549790759e+02 1.566466155577102199e+02
1.345126870801331904e+02 1.566458249749798028e+02
1.344126902052873049e+02 1.566450343922493857e+02
1.343126933304414194e+02 1.566442438095189686e+02
1.342126964555955340e+02 1.566434532267885515e+02
1.341126995807496485e+02 1.566426626440581344e+02
1.340127027059037630e+02 1.566418720613277173e+02
1.339127058310578775e+02 1.566410814785973002e+02
1.338127089562119920e+02 1.566402908958668831e+02
1.337127120813661065e+02 1.566395003131364660e+02
1.336127152065202210e+02 1.566387097304060489e+02
1.335127183316743356e+02 1.566379191476756318e+02
1.334127214568284501e+02 1.566371285649452147e+02
1.333127245819825646e+02 1.566363379822147976e+02
1.332127277071366791e+02 1.566355473994843805e+02
1.331127308322907936e+02 1.566347568167539634e+02
1.330127339574449081e+02 1.566339662340235463e+02
1.329127370825990226e+02 1.566331756512931292e+02
1.328127402077531372e+02 1.566323850685627121e+02
1.327127433329072517e+02 1.566315944858322950e+02
1.326127464580613662e+02 1.566308039031018779e+02
1.325127495832154807e+02 1.566300133203714608e+02
1.324127527083695952e+02 1.566292227376410438e+02
1.323127558335237097e+02 1.566284321549106267e+02
1.322127589586778242e+02 1.566276415721802096e+02
1.321127620838319388e+02 1.566268509894497925e+02
1.320127652089860533e+02 1.566260604067193754e+02
1.319127683341401678e+02 1.566252698239889583e+02
1.318127714592942823e+02 1.566244792412585412e+02
1.317127745844483968e+02 1.566236886585281241e+02
1.316127777096025113e+02 1.566228980757977070e+02
1.315127808347566258e+02 1.566221074930672899e+02
1.314127839599107404e+02 1.566213169103368728e+02
1.313127870850648549e+02 1.566205263276064557e+02
1.312127902102189694e+02 1.566197357448760386e+02
1.311127933353730839e+02 1.566189451621456215e+02
1.310127964605271984e+02 1.566181545794152044e+02
1.309127995856813129e+02 1.566173639966847873e+02
1.308128027108354274e+02 1.566165734139543702e+02
1.307128058359895419e+02 1.566157828312239531e+02
1.306128089611436565e+02 1.566149922484935360e+02
1.305128120862977710e+02 1.566142016657631189e+02
1.304128152114518855e+02 1.566134110830327018e+02
1.303128183366060000e+02 1.566126205003022847e+02
1.302128214617601145e+02 1.566118299175718676e+02
1.301128245869142290e+02 1.566110393348414505e+02
1.300128277120683435e+02 1.566102487521110334e+02
1.299128308372224581e+02 1.566094581693806163e+02
1.298128339623765726e+02 1.566086675866501992e+02
1.297128370875306871e+02 1.566078770039197821e+02
1.296128402126848016e+02 1.566070864211893650e+02
1.295128433378389161e+02 1.566062958384589479e+02
1.294128464629930306e+02 1.566055052557285308e+02
1.293128495881471451e+02 1.566047146729981137e+02
1.292128527133012597e+02 1.566039240902676966e+02
1.291128558384553742e+02 1.566031335075372795e+02
1.290128589636094887e+02 1.566023429248068624e+02
1.289128620887636032e+02 1.566015523420764453e+02
1.288128652139177177e+02 1.566007617593460282e+02
1.287128683390718322e+02 1.565999711766156111e+02
1.286128714642259467e+02 1.565991805938851940e+02
1.285128745893800613e+02 1.565983900111547769e+02
1.284128777145341758e+02 1.565975994284243598e+02
1.283128808396882903e+02 1.565968088456939427e+02
1.282128839648424048e+02 1.565960182629635256e+02
1.281128870899965193e+02 1.565952276802331085e+02
1.280128902151506338e+02 1.565944370975026914e+02
1.279128933403047341e+02 1.565936465147722743e+02
1.278128964654588344e+02 1.565928559320418572e+02
1.277128995906129347e+02 1.565920653493114401e+02
1.276129027157670350e+02 1.565912747665810230e+02
1.275129058409211353e+02 1.565904841838506059e+02
1.274129089660752356e+02 1.565896936011201888e+02
1.273129120912293359e+02 1.565889030183897717e+02
1.272129152163834362e+02 1.565881124356593546e+02
1.271129183415375365e+02 1.565873218529289375e+02
1.270129214666916369e+02 1.565865312701985204e+02
1.269129245918457372e+02 1.565857406874681033e+02
1.268129277169998375e+02 1.565849501047376862e+02
1.267129308421539378e+02 1.565841595220072691e+02
1.266129339673080381e+02 1.565833689392768520e+02
1.265129370924621384e+02 1.565825783565464349e+02
1.264129402176162387e+02 1.565817877738160178e+02
1.263129433427703390e+02 1.565809971910856007e+02
1.262129464679244393e+02 1.565802066083551836e+02
1.261129495930785396e+02 1.565794160256247665e+02
1.260129527182326399e+02 1.565786254428943494e+02
1.259129558433867402e+02 1.565778348601639323e+02
1.258129589685408405e+02 1.565770442774335152e+02
1.257129620936949408e+02 1.565762536947030981e+02
1.256129652188490411e+02 1.565754631119726810e+02
1.255129683440031414e+02 1.565746725292422639e+02
1.254129714691572417e+02 1.565738819465118468e+02
1.253129745943113420e+02 1.565730913637814297e+02
1.252129777194654423e+02 1.565723007810510126e+02
1.251129808446195426e+02 1.565715101983205955e+02
1.250129839697736429e+02 1.565707196155901784e+02
1.249129870949277432e+02 1.565699290328597613e+02
1.248129902200818435e+02 1.565691384501293442e+02
1.247129933452359438e+02 1.565683478673989271e+02
1.246129964703900441e+02 1.565675572846685100e+02
1.245129995955441444e+02 1.565667667019380929e+02
1.244130027206982447e+02 1.565659761192076758e+02
1.243130058458523450e+02 1.565651855364772587e+02
1.242130089710064453e+02 1.565643949537468416e+02
1.241130120961605456e+02 1.565636043710164245e+02
1.240130152213146459e+02 1.565628137882860074e+02
1.239130183464687462e+02 1.565620232055555903e+02
1.238130214716228465e+02 1.565612326228251732e+02
1.237130245967769469e+02 1.565604420400947561e+02
1.236130277219310472e+02 1.565596514573643390e+02
1.235130308470851475e+02 1.565588608746339219e+02
1.234130339722392478e+02 1.565580702919035048e+02
1.233130370973933481e+02 1.565572797091730877e+02
1.232130402225474484e+02 1.565564891264426706e+02
1.231130433477015487e+02 1.565556985437122535e+02
1.230130464728556490e+02 1.565549079609818364e+02
1.229130495980097493e+02 1.565541173782514193e+02
1.228130527231638496e+02 1.565533267955210022e+02
1.227130558483179499e+02 1.565525362127905851e+02
1.226130589734720502e+02 1.565517456300601680e+02
1.225130620986261505e+02 1.565509550473297509e+02
1.224130652237802508e+02 1.565501644645993338e+02
1.223130683489343511e+02 1.565493738818689167e+02
1.222130714740884514e+02 1.565485832991384996e+02
1.221130745992425517e+02 1.565477927164080825e+02
1.220130777243966520e+02 1.565470021336776654e+02
1.219130808495507523e+02 1.565462115509472483e+02
1.218130839747048526e+02 1.565454209682168312e+02
1.217130870998589529e+02 1.565446303854864141e+02
1.216130902250130532e+02 1.565438398027559970e+02
1.215130933501671535e+02 1.565430492200255799e+02
1.214130964753212538e+02 1.565422586372951628e+02
1.213130996004753541e+02 1.565414680545647457e+02
1.212131027256294544e+02 1.565406774718343286e+02
1.211131058507835547e+02 1.565398868891039115e+02
1.210131089759376550e+02 1.565390963063734944e+02
1.209131121010917553e+02 1.565383057236430773e+02
1.208131152262458556e+02 1.565375151409126602e+02
1.207131183513999559e+02 1.565367245581822431e+02
1.206131214765540562e+02 1.565359339754518260e+02
1.205131246017081565e+02 1.565351433927214089e+02
1.204131277268622568e+02 1.565343528099909918e+02
1.203131308520163572e+02 1.565335622272605747e+02
1.202131339771704575e+02 1.565327716445301576e+02
1.201131371023245578e+02 1.565319810617997405e+02
1.200131402274786581e+02 1.565311904790693234e+02
1.199131433526327584e+02 1.565303998963389063e+02
1.198131464777868587e+02 1.565296093136084892e+02
1.197131496029409590e+02 1.565288187308780721e+02
1.196131527280950593e+02 1.565280281481476550e+02
1.195131558532491596e+02 1.565272375654172379e+02
1.194131589784032599e+02 1.565264469826868208e+02
1.193131621035573602e+02 1.565256563999564037e+02
1.192131652287114605e+02 1.565248658172259866e+02
1.191131683538655608e+02 1.565240752344955695e+02
1.190131714790196611e+02 1.565232846517651524e+02
1.189131746041737614e+02 1.565224940690347353e+02
1.188131777293278617e+02 1.565217034863043182e+02
1.187131808544819620e+02 1.565209129035739011e+02
1.186131839796360623e+02 1.565201223208434840e+02
1.185131871047901626e+02 1.565193317381130669e+02
1.184131902299442629e+02 1.565185411553826498e+02
1.183131933550983632e+02 1.565177505726522327e+02
1.182131964802524635e+02 1.565169599899218156e+02
1.181131996054065638e+02 1.565161694071913985e+02
1.180132027305606641e+02 1.565153788244609814e+02
1.179132058557147644e+02 1.565145882417305643e+02
1.178132089808688647e+02 1.565137976590001472e+02
1.177132121060229650e+02 1.565130070762697301e+02
1.176132152311770653e+02 1.565122164935393130e+02
1.175132183563311656e+02 1.565114259108088959e+02
1.174132214814852659e+02 1.565106353280784788e+02
1.173132246066393662e+02 1.565098447453480617e+02
1.172132277317934665e+02 1.565090541626176446e+02
1.171132308569475668e+02 1.565082635798872275e+02
1.170132339821016672e+02 1.565074729971568104e+02
1.169132371072557675e+02 1.565066824144263933e+02
1.168132402324098678e+02 1.565058918316959762e+02
1.167132433575639681e+02 1.565051012489655591e+02
1.166132464827180684e+02 1.565043106662351420e+02
1.165132496078721687e+02 1.565035200835047249e+02
1.164132527330262690e+02 1.565027295007743078e+02
1.163132558581803693e+02 1.565019389180438907e+02
1.162132589833344696e+02 1.565011483353134736e+02
1.161132621084885699e+02 1.565003577525830565e+02
1.160132652336426702e+02 1.564995671698526394e+02
1.159132683587967705e+02 1.564987765871222223e+02
1.158132714839508708e+02 1.564979860043918052e+02
1.157132746091049711e+02 1.564971954216613881e+02
1.156132777342590714e+02 1.564964048389309710e+02
1.155132808594131717e+02 1.564956142562005539e+02
1.154132839845672720e+02 1.564948236734701368e+02
1.153132871097213723e+02 1.564940330907397197e+02
1.152132902348754726e+02 1.564932425080093026e+02
1.151132933600295729e+02 1.564924519252788855e+02
1.150132964851836732e+02 1.564916613425484684e+02
1.149132996103377735e+02 1.564908707598180513e+02
1.148133027354918738e+02 1.564900801770876342e+02
1.147133058606459741e+02 1.564892895943572171e+02
1.146133089858000744e+02 1.564884990116268000e+02
1.145133121109541747e+02 1.564877084288963829e+02
1.144133152361082750e+02 1.564869178461659658e+02
1.143133183612623753e+02 1.564861272634355487e+02
1.142133214864164756e+02 1.564853366807051316e+02
1.141133246115705759e+02 1.564845460979747145e+02
1.140133277367246762e+02 1.564837555152442974e+02
1.139133308618787765e+02 1.564829649325138803e+02
1.138133339870328768e+02 1.564821743497834632e+02
1.137133371121869772e+02 1.564813837670530461e+02
1.136133402373410775e+02 1.564805931843226290e+02
1.135133433624951778e+02 1.564798026015922119e+02
1.134133464876492781e+02 1.564790120188617948e+02
1.133133496128033784e+02 1.564782214361313777e+02
1.132133527379574787e+02 1.564774308534009606e+02
1.131133558631115790e+02 1.564766402706705435e+02
1.130133589882656793e+02 1.564758496879401264e+02
1.129133621134197796e+02 1.564750591052097093e+02
1.128133652385738799e+02 1.564742685224792922e+02
1.127133683637279802e+02 1.564734779397488751e+02
1.126133714888820805e+02 1.564726873570184580e+02
1.125133746140361808e+02 1.564718967742880409e+02
1.124133777391902811e+02 1.564711061915576238e+02
1.123133808643443814e+02 1.564703156088272067e+02
1.122133839894984817e+02 1.564695250260967896e+02
1.121133871146525820e+02 1.564687344433663725e+02
1.120133902398066823e+02 1.564679438606359554e+02
1.119133933649607826e+02 1.564671532779055383e+02
1.118133964901148829e+02 1.564663626951751212e+02
1.117133996152689832e+02 1.564655721124447041e+02
1.116134027404230835e+02 1.564647815297142870e+02
1.115134058655771838e+02 1.564639909469838699e+02
1.114134089907312841e+02 1.564632003642534528e+02
1.113134121158853844e+02 1.564624097815230357e+02
1.112134152410394847e+02 1.564616191987926186e+02
1.111134183661935850e+02 1.564608286160622015e+02
1.110134214913476853e+02 1.564600380333317844e+02
1.109134246165017856e+02 1.564592474506013673e+02
1.108134277416558859e+02 1.564584568678709502e+02
1.107134308668099862e+02 1.564576662851405331e+02
1.106134339919640865e+02 1.564568757024101160e+02
1.105134371171181868e+02 1.564560851196796989e+02
1.104134402422722872e+02 1.564552945369492818e+02
1.103134433674263875e+02 1.564545039542188647e+02
1.102134464925804878e+02 1.564537133714884476e+02
1.101134496177345881e+02 1.564529227887580305e+02
1.100134527428886884e+02 1.564521322060276134e+02
1.099134558680427887e+02 1.564513416232971963e+02
1.098134589931968890e+02 1.564505510405667792e+02
1.097134621183509893e+02 1.564497604578363621e+02
1.096134652435050896e+02 1.564489698751059450e+02
1.095134683686591899e+02 1.564481792923755279e+02
1.094134714938132902e+02 1.564473887096451108e+02
1.093134746189673905e+02 1.564465981269146937e+02
1.092134777441214908e+02 1.564458075441842766e+02
1.091134808692755911e+02 1.564450169614538595e+02
1.090134839944296914e+02 1.564442263787234424e+02
1.089134871195837917e+02 1.564434357959930253e+02
1.088134902447378920e+02 1.564426452132626082e+02
1.087134933698919923e+02 1.564418546305321911e+02
1.086134964950460926e+02 1.564410640478017740e+02
1.085134996202001929e+02 1.564402734650713569e+02
1.084135027453542932e+02 1.564394828823409398e+02
1.083135058705083935e+02 1.564386922996105227e+02
1.082135089956624938e+02 1.564379017168801056e+02
1.081135121208165941e+02 1.564371111341496885e+02
1.080135152459706944e+02 1.564363205514192714e+02
1.079135183711247947e+02 1.564355299686888543e+02
1.078135214962788950e+02 1.564347393859584372e+02
1.077135246214329953e+02 1.564339488032280201e+02
1.076135277465870956e+02 1.564331582204976030e+02
1.075135308717411959e+02 1.564323676377671859e+02
1.074135339968952962e+02 1.564315770550367688e+02
1.073135371220493965e+02 1.564307864723063517e+02
1.072135402472034968e+02 1.564299958895759346e+02
1.071135433723575971e+02 1.564292053068455175e+02
1.070135464975116975e+02 1.564284147241151004e+02
1.069135496226657978e+02 1.564276241413846833e+02
1.068135527478198981e+02 1.564268335586542662e+02
1.067135558729739984e+02 1.564260429759238491e+02
1.066135589981280987e+02 1.564252523931934320e+02
1.065135621232821990e+02 1.564244618104630149e+02
1.064135652484362993e+02 1.564236712277325978e+02
1.063135683735903996e+02 1.564228806450021807e+02
1.062135714987444999e+02 1.564220900622717636e+02
1.061135746238986002e+02 1.564212994795413465e+02
1.060135777490527005e+02 1.564205088968109294e+02
1.059135808742068008e+02 1.564197183140805123e+02
1.058135839993609011e+02 1.564189277313500952e+02
1.057135871245150014e+02 1.564181371486196781e+02
1.056135902496691017e+02 1.564173465658892610e+02
1.055135933748232020e+02 1.564165559831588439e+02
1.054135964999773023e+02 1.564157654004284268e+02
1.053135996251314026e+02 1.564149748176980097e+02
1.052136027502855029e+02 1.564141842349675926e+02
1.051136058754396032e+02 1.564133936522371755e+02
1.050136090005937035e+02 1.564126030695067584e+02
1.049136121257478038e+02 1.564118124867763413e+02
1.048136152509019041e+02 1.564110219040459242e+02
1.047136183760560044e+02 1.564102313213155071e+02
1.046136215012101047e+02 1.564094407385850900e+02
1.045136246263642050e+02 1.564086501558546729e+02
1.044136277515183053e+02 1.564078595731242558e+02
1.043136308766724056e+02 1.564070689903938387e+02
1.042136340018265059e+02 1.564062784076634216e+02
1.041136371269806062e+02 1.564054878249330045e+02
1.040136402521347065e+02 1.564046972422025874e+02
1.039136433772888068e+02 1.564039066594721703e+02
1.038136465024429071e+02 1.564031160767417532e+02
1.037136496275970075e+02 1.564023254940113361e+02
1.036136527527511078e+02 1.564015349112809190e+02
1.035136558779052081e+02 1.564007443285505019e+02
1.034136590030593084e+02 1.563999537458200848e+02
1.033136621282134087e+02 1.563991631630896677e+02
1.032136652533675090e+02 1.563983725803592506e+02
1.031136683785216093e+02 1.563975819976288335e+02
1.030136715036757096e+02 1.563967914148984164e+02
1.029136746288298099e+02 1.563960008321679993e+02
1.028136777539839102e+02 1.563952102494375822e+02
1.027136808791380105e+02 1.563944196667071651e+02
1.026136840042921108e+02 1.563936290839767480e+02
1.025136871294462111e+02 1.563928385012463309e+02
1.024136902546003114e+02 1.563920479185159138e+02
1.023136933797544117e+02 1.563912573357854967e+02
1.022136965049085120e+02 1.563904667530550796e+02
1.021136996300626123e+02 1.563896761703246625e+02
1.020137027552167126e+02 1.563888855875942454e+02
1.019137058803708129e+02 1.563880950048638283e+02
1.018137090055249132e+02 1.563873044221334112e+02
1.017137121306790135e+02 1.563865138394029941e+02
1.016137152558331138e+02 1.563857232566725770e+02
1.015137183809872141e+02 1.563849326739421599e+02
1.014137215061413144e+02 1.563841420912117428e+02
1.013137246312954147e+02 1.563833515084813257e+02
1.012137277564495150e+02 1.563825609257509086e+02
1.011137308816036153e+02 1.563817703430204915e+02
1.010137340067577156e+02 1.563809797602900744e+02
1.009137371319118159e+02 1.563801891775596573e+02
1.008137402570659162e+02 1.563793985948292402e+02
1.007137433822200165e+02 1.563786080120988231e+02
1.006137465073741168e+02 1.563778174293684060e+02
1.005137496325282171e+02 1.563770268466379889e+02
1.004137527576823175e+02 1.563762362639075718e+02
1.003137558828364178e+02 1.563754456811771547e+02
1.002137590079905181e+02 1.563746550984467376e+02
1.001137621331446184e+02 1.563738645157163205e+02
1.000137652582987187e+02 1.563730739329859034e+02
9.991376838345281897e+01 1.563722833502554863e+02
9.981377150860691927e+01 1.563714927675250692e+02
9.971377463376101957e+01 1.563707021847946521e+02
9.961377775891511988e+01 1.563699116020642350e+02
9.951378088406922018e+01 1.563691210193338179e+02
9.941378400922332048e+01 1.563683304366034008e+02
9.931378713437742078e+01 1.563675398538729837e+02
9.921379025953152109e+01 1.563667492711425666e+02
9.911379338468562139e+01 1.563659586884121495e+02
9.901379650983972169e+01 1.563651681056817324e+02
9.891379963499382200e+01 1.563643775229513153e+02
9.881380276014792230e+01 1.563635869402208982e+02
9.871380588530202260e+01 1.563627963574904811e+02
9.861380901045612291e+01 1.563620057747600640e+02
9.851381213561022321e+01 1.563612151920296469e+02
9.841381526076432351e+01 1.563604246092992298e+02
9.831381838591842381e+01 1.563596340265688127e+02
9.821382151107252412e+01 1.563588434438383956e+02
9.811382463622662442e+01 1.563580528611079785e+02
9.801382776138072472e+01 1.563572622783775614e+02
9.791383088653482503e+01 1.563564716956471443e+02
9.781383401168892533e+01 1.563556811129167272e+02
9.771383713684302563e+01 1.563548905301863101e+02
9.761384026199712594e+01 1.563540999474558930e+02
9.751384338715122624e+01 1.563533093647254759e+02
9.741384651230532654e+01 1.563525187819950588e+02
9.731384963745942684e+01 1.563517281992646417e+02
9.721385276261352715e+01 1.563509376165342246e+02
9.711385588776762745e+01 1.563501470338038075e+02
9.701385901292172775e+01 1.563493564510733904e+02
9.691386213807582806e+01 1.563485658683429733e+02
9.681386526322992836e+01 1.563477752856125562e+02
9.671386838838402866e+01 1.563469847028821391e+02
9.661387151353812897e+01 1.563461941201517220e+02
9.651387463869222927e+01 1.563454035374213049e+02
9.641387776384632957e+01 1.563446129546908878e+02
9.631388088900042987e+01 1.563438223719604707e+02
9.621388401415453018e+01 1.563430317892300536e+02
9.611388713930863048e+01 1.563422412064996365e+02
9.601389026446273078e+01 1.563414506237692194e+02
9.591389338961683109e+01 1.563406600410388023e+02
9.581389651477093139e+01 1.563398694583083852e+02
9.571389963992503169e+01 1.563390788755779681e+02
9.561390276507913200e+01 1.563382882928475510e+02
9.551390589023323230e+01 1.563374977101171339e+02
9.541390901538733260e+01 1.563367071273867168e+02
9.531391214054143290e+01 1.563359165446562997e+02
9.521391526569553321e+01 1.563351259619258826e+02
9.511391839084963351e+01 1.563343353791954655e+02
9.501392151600373381e+01 1.563335447964650484e+02
9.491392464115783412e+01 1.563327542137346313e+02
9.481392776631193442e+01 1.563319636310042142e+02
9.471393089146603472e+01 1.563311730482737971e+02
9.461393401662013503e+01 1.563303824655433800e+02
9.451393714177423533e+01 1.563295918828129629e+02
9.441394026692833563e+01 1.563288013000825458e+02
9.431394339208243593e+01 1.563280107173521287e+02
9.421394651723653624e+01 1.563272201346217116e+02
9.411394964239063654e+01 1.563264295518912945e+02
9.401395276754473684e+01 1.563256389691608774e+02
9.391395589269883715e+01 1.563248483864304603e+02
9.381395901785293745e+01 1.563240578037000432e+02
9.371396214300703775e+01 1.563232672209696261e+02
9.361396526816113806e+01 1.563224766382392090e+02
9.351396839331523836e+01 1.563216860555087919e+02
9.341397151846933866e+01 1.563208954727783748e+02
9.331397464362343896e+01 1.563201048900479577e+02
9.321397776877753927e+01 1.563193143073175406e+02
9.311398089393163957e+01 1.563185237245871235e+02
9.301398401908573987e+01 1.563177331418567064e+02
9.291398714423984018e+01 1.563169425591262893e+02
9.281399026939394048e+01 1.563161519763958722e+02
9.271399339454804078e+01 1.563153613936654551e+02
9.261399651970214109e+01 1.563145708109350380e+02
9.251399964485624139e+01 1.563137802282046209e+02
9.241400277001034169e+01 1.563129896454742038e+02
9.231400589516444199e+01 1.563121990627437867e+02
9.221400902031854230e+01 1.563114084800133696e+02
9.211401214547264260e+01 1.563106178972829525e+02
9.201401527062674290e+01 1.563098273145525354e+02
9.191401839578084321e+01 1.563090367318221183e+02
9.181402152093494351e+01 1.563082461490917012e+02
9.171402464608904381e+01 1.563074555663612841e+02
9.161402777124314412e+01 1.563066649836308670e+02
9.151403089639724442e+01 1.563058744009004499e+02
9.141403402155134472e+01 1.563050838181700328e+02
9.131403714670544502e+01 1.563042932354396157e+02
9.121404027185954533e+01 1.563035026527091986e+02
9.111404339701364563e+01 1.563027120699787815e+02
9.101404652216774593e+01 1.563019214872483644e+02
9.091404964732184624e+01 1.563011309045179473e+02
9.081405277247594654e+01 1.563003403217875302e+02
9.071405589763004684e+01 1.562995497390571131e+02
9.061405902278414715e+01 1.562987591563266960e+02
9.051406214793824745e+01 1.562979685735962789e+02
9.041406527309234775e+01 1.562971779908658618e+02
9.031406839824644806e+01 1.562963874081354447e+02
9.021407152340054836e+01 1.562955968254050276e+02
9.011407464855464866e+01 1.562948062426746105e+02
9.001407777370874896e+01 1.562940156599441934e+02
8.991408089886284927e+01 1.562932250772137763e+02
8.981408402401694957e+01 1.562924344944833592e+02
8.971408714917104987e+01 1.562916439117529421e+02
8.961409027432515018e+01 1.562908533290225250e+02
8.951409339947925048e+01 1.562900627462921079e+02
8.941409652463335078e+01 1.562892721635616908e+02
8.931409964978745109e+01 1.562884815808312737e+02
8.921410277494155139e+01 1.562876909981008566e+02
8.911410590009565169e+01 1.562869004153704395e+02
8.901410902524975199e+01 1.562861098326400224e+02
8.891411215040385230e+01 1.562853192499096053e+02
8.881411527555795260e+01 1.562845286671791882e+02
8.866994660497078939e+01 1.562833888589424873e+02
8.871367700192284644e+01 1.561934574829805058e+02
8.875740739887490349e+01 1.561035261070185243e+02
8.880113779582696054e+01 1.560135947310565427e+02
8.884486819277901759e+01 1.559236633550945612e+02
8.888859858973107464e+01 1.558337319791325797e+02
8.893232898668313169e+01 1.557438006031705982e+02
8.897605938363518874e+01 1.556538692272086166e+02
8.901978978058724579e+01 1.555639378512466351e+02
8.906352017753930284e+01 1.554740064752846536e+02
8.910725057449135988e+01 1.553840750993226720e+02
8.915098097144341693e+01 1.552941437233606905e+02
8.919471136839547398e+01 1.552042123473987090e+02
8.923844176534753103e+01 1.551142809714367274e+02
8.928217216229958808e+01 1.550243495954747459e+02
8.932590255925164513e+01 1.549344182195127644e+02
8.936963295620370218e+01 1.548444868435507829e+02
8.941336335315575923e+01 1.547545554675888013e+02
8.945709375010781628e+01 1.546646240916268198e+02
8.950082414705987333e+01 1.545746927156648383e+02
8.954455454401193037e+01 1.544847613397028567e+02
8.958828494096398742e+01 1.543948299637408752e+02
8.963201533791604447e+01 1.543048985877788937e+02
8.967574573486810152e+01 1.542149672118169121e+02
8.971947613182015857e+01 1.541250358358549306e+02
8.976320652877221562e+01 1.540351044598929491e+02
8.980693692572427267e+01 1.539451730839309676e+02
8.985066732267632972e+01 1.538552417079689860e+02
8.989439771962838677e+01 1.537653103320070045e+02
8.993812811658044382e+01 1.536753789560450230e+02
8.998185851353250087e+01 1.535854475800830414e+02
9.002558891048455791e+01 1.534955162041210599e+02
9.006931930743661496e+01 1.534055848281590784e+02
9.011304970438867201e+01 1.533156534521970968e+02
9.015678010134072906e+01 1.532257220762351153e+02
9.020051049829278611e+01 1.531357907002731338e+02
9.024424089524484316e+01 1.530458593243111522e+02
9.028797129219690021e+01 1.529559279483491707e+02
9.033170168914895726e+01 1.528659965723871892e+02
9.037543208610101431e+01 1.527760651964252077e+02
9.041916248305307136e+01 1.526861338204632261e+02
9.046289288000512840e+01 1.525962024445012446e+02
9.050662327695718545e+01 1.525062710685392631e+02
9.055035367390924250e+01 1.524163396925772815e+02
9.059408407086129955e+01 1.523264083166153000e+02
9.063781446781335660e+01 1.522364769406533185e+02
9.068154486476541365e+01 1.521465455646913369e+02
9.072527526171747070e+01 1.520566141887293554e+02
9.076900565866952775e+01 1.519666828127673739e+02
9.081273605562158480e+01 1.518767514368053924e+02
9.085646645257364185e+01 1.517868200608434108e+02
9.090019684952569889e+01 1.516968886848814293e+02
9.094392724647775594e+01 1.516069573089194478e+02
9.098765764342981299e+01 1.515170259329574662e+02
9.103138804038187004e+01 1.514270945569954847e+02
9.107511843733392709e+01 1.513371631810335032e+02
9.111884883428598414e+01 1.512472318050715216e+02
9.116257923123804119e+01 1.511573004291095401e+02
9.120630962819009824e+01 1.510673690531475586e+02
9.125004002514215529e+01 1.509774376771855771e+02
9.129377042209421234e+01 1.508875063012235955e+02
9.133750081904626938e+01 1.507975749252616140e+02
9.138123121599832643e+01 1.507076435492996325e+02
9.142496161295038348e+01 1.506177121733376509e+02
9.146869200990244053e+01 1.505277807973756694e+02
9.151242240685449758e+01 1.504378494214136879e+02
9.155615280380655463e+01 1.503479180454517063e+02
9.159988320075861168e+01 1.502579866694897248e+02
9.164361359771066873e+01 1.501680552935277433e+02
9.168734399466272578e+01 1.500781239175657618e+02
9.173107439161478283e+01 1.499881925416037802e+02
9.177480478856683987e+01 1.498982611656417987e+02
9.181853518551889692e+01 1.498083297896798172e+02
9.186226558247095397e+01 1.497183984137178356e+02
9.190599597942301102e+01 1.496284670377558541e+02
9.194972637637506807e+01 1.495385356617938726e+02
9.199345677332712512e+01 1.494486042858318910e+02
9.203718717027918217e+01 1.493586729098699095e+02
9.208091756723123922e+01 1.492687415339079280e+02
9.212464796418329627e+01 1.491788101579459465e+02
9.216837836113535332e+01 1.490888787819839649e+02
9.221210875808741037e+01 1.489989474060219834e+02
9.225583915503946741e+01 1.489090160300600019e+02
9.229956955199152446e+01 1.488190846540980203e+02
9.234329994894358151e+01 1.487291532781360388e+02
9.238703034589563856e+01 1.486392219021740573e+02
9.243076074284769561e+01 1.485492905262120757e+02
9.247449113979975266e+01 1.484593591502500942e+02
9.251822153675180971e+01 1.483694277742881127e+02
9.256195193370386676e+01 1.482794963983261312e+02
9.260568233065592381e+01 1.481895650223641496e+02
9.264941272760798086e+01 1.480996336464021681e+02
9.269314312456003790e+01 1.480097022704401866e+02
9.273687352151209495e+01 1.479197708944782050e+02
9.278060391846415200e+01 1.478298395185162235e+02
9.282433431541620905e+01 1.477399081425542420e+02
9.286806471236826610e+01 1.476499767665922604e+02
9.291179510932032315e+01 1.475600453906302789e+02
9.295552550627238020e+01 1.474701140146682974e+02
9.299925590322443725e+01 1.473801826387063159e+02
9.304298630017649430e+01 1.472902512627443343e+02
9.308671669712855135e+01 1.472003198867823528e+02
9.313044709408060839e+01 1.471103885108203713e+02
9.317417749103266544e+01 1.470204571348583897e+02
9.321790788798472249e+01 1.469305257588964082e+02
9.326163828493677954e+01 1.468405943829344267e+02
9.330536868188883659e+01 1.467506630069724451e+02
9.334909907884089364e+01 1.466607316310104636e+02
9.339282947579295069e+01 1.465708002550484821e+02
9.343655987274500774e+01 1.464808688790865006e+02
9.348029026969706479e+01 1.463909375031245190e+02
9.352402066664912184e+01 1.463010061271625375e+02
9.356775106360117888e+01 1.462110747512005560e+02
9.361148146055323593e+01 1.461211433752385744e+02
9.365521185750529298e+01 1.460312119992765929e+02
9.369894225445735003e+01 1.459412806233146114e+02
9.374267265140940708e+01 1.458513492473526298e+02
9.378640304836146413e+01 1.457614178713906483e+02
9.383013344531352118e+01 1.456714864954286668e+02
9.387386384226557823e+01 1.455815551194666853e+02
9.391759423921763528e+01 1.454916237435047037e+02
9.396132463616969233e+01 1.454016923675427222e+02
9.400505503312174937e+01 1.453117609915807407e+02
9.404878543007380642e+01 1.452218296156187591e+02
9.409251582702586347e+01 1.451318982396567776e+02
9.413624622397792052e+01 1.450419668636947961e+02
9.417997662092997757e+01 1.449520354877328145e+02
9.422370701788203462e+01 1.448621041117708330e+02
9.426743741483409167e+01 1.447721727358088515e+02
9.431116781178614872e+01 1.446822413598468700e+02
9.435489820873820577e+01 1.445923099838848884e+02
9.439862860569026282e+01 1.445023786079229069e+02
9.444235900264231987e+01 1.444124472319609254e+02
9.448608939959437691e+01 1.443225158559989438e+02
9.452981979654643396e+01 1.442325844800369623e+02
9.457355019349849101e+01 1.441426531040749808e+02
9.461728059045054806e+01 1.440527217281129992e+02
9.466101098740260511e+01 1.439627903521510177e+02
9.470474138435466216e+01 1.438728589761890362e+02
9.474847178130671921e+01 1.437829276002270547e+02
9.479220217825877626e+01 1.436929962242650731e+02
9.483593257521083331e+01 1.436030648483030916e+02
9.487966297216289036e+01 1.435131334723411101e+02
9.492339336911494740e+01 1.434232020963791285e+02
9.496712376606700445e+01 1.433332707204171470e+02
9.501085416301906150e+01 1.432433393444551655e+02
9.505458455997111855e+01 1.431534079684931839e+02
9.509831495692317560e+01 1.430634765925312024e+02
9.514204535387523265e+01 1.429735452165692209e+02
9.518577575082728970e+01 1.428836138406072394e+02
9.522950614777934675e+01 1.427936824646452578e+02
9.527323654473140380e+01 1.427037510886832763e+02
9.531696694168346085e+01 1.426138197127212948e+02
9.536069733863551789e+01 1.425238883367593132e+02
9.540442773558757494e+01 1.424339569607973317e+02
9.544815813253963199e+01 1.423440255848353502e+02
9.549188852949168904e+01 1.422540942088733686e+02
9.553561892644374609e+01 1.421641628329113871e+02
9.557934932339580314e+01 1.420742314569494056e+02
9.562307972034786019e+01 1.419843000809874241e+02
9.566681011729991724e+01 1.418943687050254425e+02
9.571054051425197429e+01 1.418044373290634610e+02
9.575427091120403134e+01 1.417145059531014795e+02
9.579800130815608838e+01 1.416245745771394979e+02
9.584173170510814543e+01 1.415346432011775164e+02
9.588546210206020248e+01 1.414447118252155349e+02
9.592919249901225953e+01 1.413547804492535533e+02
9.597292289596431658e+01 1.412648490732915718e+02
9.601665329291637363e+01 1.411749176973295903e+02
9.606038368986843068e+01 1.410849863213676088e+02
9.610411408682048773e+01 1.409950549454056272e+02
9.614784448377254478e+01 1.409051235694436457e+02
9.619157488072460183e+01 1.408151921934816642e+02
9.623530527767665887e+01 1.407252608175196826e+02
9.627903567462871592e+01 1.406353294415577011e+02
9.632276607158077297e+01 1.405453980655957196e+02
9.636649646853283002e+01 1.404554666896337380e+02
9.641022686548488707e+01 1.403655353136717565e+02
9.645395726243694412e+01 1.402756039377097750e+02
9.649768765938900117e+01 1.401856725617477935e+02
9.654141805634105822e+01 1.400957411857858119e+02
9.658514845329311527e+01 1.400058098098238304e+02
9.662887885024517232e+01 1.399158784338618489e+02
9.667260924719722937e+01 1.398259470578998673e+02
9.671633964414928641e+01 1.397360156819378858e+02
9.676007004110134346e+01 1.396460843059759043e+02
9.680380043805340051e+01 1.395561529300139227e+02
9.684753083500545756e+01 1.394662215540519412e+02
9.689126123195751461e+01 1.393762901780899597e+02
9.693499162890957166e+01 1.392863588021279782e+02
9.697872202586162871e+01 1.391964274261659966e+02
9.702245242281368576e+01 1.391064960502040151e+02
9.706618281976574281e+01 1.390165646742420336e+02
9.710991321671779986e+01 1.389266332982800520e+02
9.715364361366985690e+01 1.388367019223180705e+02
9.719737401062191395e+01 1.387467705463560890e+02
9.724110440757397100e+01 1.386568391703941074e+02
9.728483480452602805e+01 1.385669077944321259e+02
9.732856520147808510e+01 1.384769764184701444e+02
9.737229559843014215e+01 1.383870450425081629e+02
9.741602599538219920e+01 1.382971136665461813e+02
9.745975639233425625e+01 1.382071822905841998e+02
9.750348678928631330e+01 1.381172509146222183e+02
9.754721718623837035e+01 1.380273195386602367e+02
9.759094758319042739e+01 1.379373881626982552e+02
9.763467798014248444e+01 1.378474567867362737e+02
9.767840837709454149e+01 1.377575254107742921e+02
9.772213877404659854e+01 1.376675940348123106e+02
9.776586917099865559e+01 1.375776626588503291e+02
9.780959956795071264e+01 1.374877312828883476e+02
9.785332996490276969e+01 1.373977999069263660e+02
9.789706036185482674e+01 1.373078685309643845e+02
9.794079075880688379e+01 1.372179371550024030e+02
9.798452115575894084e+01 1.371280057790404214e+02
9.802825155271099788e+01 1.370380744030784399e+02
9.807198194966305493e+01 1.369481430271164584e+02
9.811571234661511198e+01 1.368582116511544768e+02
9.815944274356716903e+01 1.367682802751924953e+02
9.820317314051922608e+01 1.366783488992305138e+02
9.824690353747128313e+01 1.365884175232685322e+02
9.829063393442334018e+01 1.364984861473065507e+02
9.833436433137539723e+01 1.364085547713445692e+02
9.837809472832745428e+01 1.363186233953825877e+02
9.842182512527951133e+01 1.362286920194206061e+02
9.846555552223156837e+01 1.361387606434586246e+02
9.850928591918362542e+01 1.360488292674966431e+02
9.855301631613568247e+01 1.359588978915346615e+02
9.859674671308773952e+01 1.358689665155726800e+02
9.864047711003979657e+01 1.357790351396106985e+02
9.868420750699185362e+01 1.356891037636487169e+02
9.872793790394391067e+01 1.355991723876867354e+02
9.877166830089596772e+01 1.355092410117247539e+02
9.881539869784802477e+01 1.354193096357627724e+02
9.885912909480008182e+01 1.353293782598007908e+02
9.890285949175213887e+01 1.352394468838388093e+02
9.894658988870419591e+01 1.351495155078768278e+02
9.899032028565625296e+01 1.350595841319148462e+02
9.903405068260831001e+01 1.349696527559528647e+02
9.907778107956036706e+01 1.348797213799908832e+02
9.912151147651242411e+01 1.347897900040289016e+02
9.916524187346448116e+01 1.346998586280669201e+02
9.920897227041653821e+01 1.346099272521049386e+02
9.925270266736859526e+01 1.345199958761429571e+02
9.929643306432065231e+01 1.344300645001809755e+02
9.934016346127270936e+01 1.343401331242189940e+02
9.938389385822476640e+01 1.342502017482570125e+02
9.942762425517682345e+01 1.341602703722950309e+02
9.947135465212888050e+01 1.340703389963330494e+02
9.951508504908093755e+01 1.339804076203710679e+02
9.955881544603299460e+01 1.338904762444090863e+02
9.960254584298505165e+01 1.338005448684471048e+02
9.964627623993710870e+01 1.337106134924851233e+02
9.969000663688916575e+01 1.336206821165231418e+02
9.973373703384122280e+01 1.335307507405611602e+02
9.977746743079327985e+01 1.334408193645991787e+02
9.982119782774533689e+01 1.333508879886371972e+02
9.986492822469739394e+01 1.332609566126752156e+02
9.990865862164945099e+01 1.331710252367132341e+02
9.995238901860150804e+01 1.330810938607512526e+02
9.999611941555356509e+01 1.329911624847892710e+02
1.000398498125056221e+02 1.329012311088272895e+02
1.000835802094576792e+02 1.328112997328653080e+02
1.001273106064097362e+02 1.327213683569033265e+02
1.001710410033617933e+02 1.326314369809413449e+02
1.002147714003138503e+02 1.325415056049793634e+02
1.002585017972659074e+02 1.324515742290173819e+02
1.003022321942179644e+02 1.323616428530554003e+02
1.003459625911700215e+02 1.322717114770934188e+02
1.003896929881220785e+02 1.321817801011314373e+02
1.004334233850741356e+02 1.320918487251694557e+02
1.004771537820261926e+02 1.320019173492074742e+02
1.005208841789782497e+02 1.319119859732454927e+02
1.005646145759303067e+02 1.318220545972835112e+02
1.006083449728823638e+02 1.317321232213215296e+02
1.006520753698344208e+02 1.316421918453595481e+02
1.006958057667864779e+02 1.315522604693975666e+02
1.007395361637385349e+02 1.314623290934355850e+02
1.007832665606905920e+02 1.313723977174736035e+02
1.008269969576426490e+02 1.312824663415116220e+02
1.008707273545947061e+02 1.311925349655496404e+02
1.009144577515467631e+02 1.311026035895876589e+02
1.009581881484988202e+02 1.310126722136256774e+02
1.010019185454508772e+02 1.309227408376636959e+02
1.010456489424029343e+02 1.308328094617017143e+02
1.010893793393549913e+02 1.307428780857397328e+02
1.011331097363070484e+02 1.306529467097777513e+02
1.011768401332591054e+02 1.305630153338157697e+02
1.012205705302111625e+02 1.304730839578537882e+02
1.012643009271632195e+02 1.303831525818918067e+02
1.013080313241152766e+02 1.302932212059298251e+02
1.013517617210673336e+02 1.302032898299678436e+02
1.013954921180193907e+02 1.301133584540058621e+02
1.014569767530244349e+02 1.299869155627502835e+02
1.015349995862430461e+02 1.300494650431361379e+02
1.016130224194616574e+02 1.301120145235219923e+02
1.016910452526802686e+02 1.301745640039078467e+02
1.017690680858988799e+02 1.302371134842937010e+02
1.018470909191174911e+02 1.302996629646795554e+02
1.019251137523361024e+02 1.303622124450654098e+02
1.020031365855547136e+02 1.304247619254512642e+02
1.020811594187733249e+02 1.304873114058371186e+02
1.021591822519919361e+02 1.305498608862229730e+02
1.022372050852105474e+02 1.306124103666088274e+02
1.023152279184291586e+02 1.306749598469946818e+02
1.023932507516477699e+02 1.307375093273805362e+02
1.024712735848663812e+02 1.308000588077663906e+02
1.025492964180849924e+02 1.308626082881522450e+02
1.026273192513036037e+02 1.309251577685380994e+02
1.027053420845222149e+02 1.309877072489239538e+02
1.027833649177408262e+02 1.310502567293098082e+02
1.028613877509594374e+02 1.311128062096956626e+02
1.029394105841780487e+02 1.311753556900815170e+02
1.030174334173966599e+02 1.312379051704673714e+02
1.030954562506152712e+02 1.313004546508532258e+02
1.031734790838338824e+02 1.313630041312390802e+02
1.032515019170524937e+02 1.314255536116249345e+02
1.033295247502711049e+02 1.314881030920107889e+02
1.034075475834897162e+02 1.315506525723966433e+02
1.034855704167083275e+02 1.316132020527824977e+02
1.035635932499269387e+02 1.316757515331683521e+02
1.036416160831455500e+02 1.317383010135542065e+02
1.037196389163641612e+02 1.318008504939400609e+02
1.037976617495827725e+02 1.318633999743259153e+02
1.038756845828013837e+02 1.319259494547117697e+02
1.039537074160199950e+02 1.319884989350976241e+02
1.040317302492386062e+02 1.320510484154834785e+02
1.041097530824572175e+02 1.321135978958693329e+02
1.041877759156758287e+02 1.321761473762551873e+02
1.042657987488944400e+02 1.322386968566410417e+02
1.043438215821130512e+02 1.323012463370268961e+02
1.044218444153316625e+02 1.323637958174127505e+02
1.044998672485502738e+02 1.324263452977986049e+02
1.045778900817688850e+02 1.324888947781844593e+02
1.046559129149874963e+02 1.325514442585703137e+02
1.047339357482061075e+02 1.326139937389561680e+02
1.048119585814247188e+02 1.326765432193420224e+02
1.048899814146433300e+02 1.327390926997278768e+02
1.049680042478619413e+02 1.328016421801137312e+02
1.050460270810805525e+02 1.328641916604995856e+02
1.051240499142991638e+02 1.329267411408854400e+02
1.052020727475177750e+02 1.329892906212712944e+02
1.052800955807363863e+02 1.330518401016571488e+02
1.053581184139549975e+02 1.331143895820430032e+02
1.054361412471736088e+02 1.331769390624288576e+02
1.055141640803922201e+02 1.332394885428147120e+02
1.055921869136108313e+02 1.333020380232005664e+02
1.056702097468294426e+02 1.333645875035864208e+02
1.057482325800480538e+02 1.334271369839722752e+02
1.058262554132666651e+02 1.334896864643581296e+02
1.059042782464852763e+02 1.335522359447439840e+02
1.059823010797038876e+02 1.336147854251298384e+02
1.060603239129224988e+02 1.336773349055156928e+02
1.061383467461411101e+02 1.337398843859015471e+02
1.062163695793597213e+02 1.338024338662874015e+02
1.062943924125783326e+02 1.338649833466732559e+02
1.063724152457969439e+02 1.339275328270591103e+02
1.064504380790155551e+02 1.339900823074449647e+02
1.065284609122341664e+02 1.340526317878308191e+02
1.066064837454527776e+02 1.341151812682166735e+02
1.066845065786713889e+02 1.341777307486025279e+02
1.067625294118900001e+02 1.342402802289883823e+02
1.068405522451086114e+02 1.343028297093742367e+02
1.069185750783272226e+02 1.343653791897600911e+02
1.069965979115458339e+02 1.344279286701459455e+02
1.070746207447644451e+02 1.344904781505317999e+02
1.071526435779830564e+02 1.345530276309176543e+02
1.072306664112016676e+02 1.346155771113035087e+02
1.073086892444202789e+02 1.346781265916893631e+02
1.073867120776388902e+02 1.347406760720752175e+02
1.074647349108575014e+02 1.348032255524610719e+02
1.075427577440761127e+02 1.348657750328469263e+02
1.076207805772947239e+02 1.349283245132327806e+02
1.076988034105133352e+02 1.349908739936186350e+02
1.077768262437319464e+02 1.350534234740044894e+02
1.078548490769505577e+02 1.351159729543903438e+02
1.079328719101691689e+02 1.351785224347761982e+02
1.080108947433877802e+02 1.352410719151620526e+02
1.080889175766063914e+02 1.353036213955479070e+02
1.081669404098250027e+02 1.353661708759337614e+02
1.082449632430436139e+02 1.354287203563196158e+02
1.083229860762622252e+02 1.354912698367054702e+02
1.084010089094808365e+02 1.355538193170913246e+02
1.084790317426994477e+02 1.356163687974771790e+02
1.085570545759180590e+02 1.356789182778630334e+02
1.086350774091366702e+02 1.357414677582488878e+02
1.087131002423552815e+02 1.358040172386347422e+02
1.087911230755738927e+02 1.358665667190205966e+02
1.088691459087925040e+02 1.359291161994064510e+02
1.089471687420111152e+02 1.359916656797923054e+02
1.090251915752297265e+02 1.360542151601781597e+02
1.091032144084483377e+02 1.361167646405640141e+02
1.091812372416669490e+02 1.361793141209498685e+02
1.092592600748855602e+02 1.362418636013357229e+02
1.093372829081041715e+02 1.363044130817215773e+02
1.094153057413227828e+02 1.363669625621074317e+02
1.094933285745413940e+02 1.364295120424932861e+02
1.095713514077600053e+02 1.364920615228791405e+02
1.096493742409786165e+02 1.365546110032649949e+02
1.097273970741972278e+02 1.366171604836508493e+02
1.098054199074158390e+02 1.366797099640367037e+02
1.098834427406344503e+02 1.367422594444225581e+02
1.099614655738530615e+02 1.368048089248084125e+02
1.100394884070716728e+02 1.368673584051942669e+02
1.101175112402902840e+02 1.369299078855801213e+02
1.101955340735088953e+02 1.369924573659659757e+02
1.102735569067275065e+02 1.370550068463518301e+02
1.103515797399461178e+02 1.371175563267376845e+02
1.104296025731647291e+02 1.371801058071235389e+02
1.105076254063833403e+02 1.372426552875093932e+02
1.105856482396019516e+02 1.373052047678952476e+02
1.106636710728205628e+02 1.373677542482811020e+02
1.107416939060391741e+02 1.374303037286669564e+02
1.108197167392577853e+02 1.374928532090528108e+02
1.108977395724763966e+02 1.375554026894386652e+02
1.109757624056950078e+02 1.376179521698245196e+02
1.110537852389136191e+02 1.376805016502103740e+02
1.111318080721322303e+02 1.377430511305962284e+02
1.112098309053508416e+02 1.378056006109820828e+02
1.112878537385694528e+02 1.378681500913679372e+02
1.113658765717880641e+02 1.379306995717537916e+02
1.114438994050066754e+02 1.379932490521396460e+02
1.115219222382252866e+02 1.380557985325255004e+02
1.115999450714438979e+02 1.381183480129113548e+02
1.116779679046625091e+02 1.381808974932972092e+02
1.117559907378811204e+02 1.382434469736830636e+02
1.118340135710997316e+02 1.383059964540689180e+02
1.119120364043183429e+02 1.383685459344547724e+02
1.119900592375369541e+02 1.384310954148406267e+02
1.120680820707555654e+02 1.384936448952264811e+02
1.121461049039741766e+02 1.385561943756123355e+02
1.122241277371927879e+02 1.386187438559981899e+02
1.123021505704113991e+02 1.386812933363840443e+02
1.123801734036300104e+02 1.387438428167698987e+02
1.124581962368486217e+02 1.388063922971557531e+02
1.125362190700672329e+02 1.388689417775416075e+02
1.126142419032858442e+02 1.389314912579274619e+02
1.126922647365044554e+02 1.389940407383133163e+02
1.127702875697230667e+02 1.390565902186991707e+02
1.128483104029416779e+02 1.391191396990850251e+02
1.129263332361602892e+02 1.391816891794708795e+02
1.130043560693789004e+02 1.392442386598567339e+02
1.130823789025975117e+02 1.393067881402425883e+02
1.131604017358161229e+02 1.393693376206284427e+02
1.132384245690347342e+02 1.394318871010142971e+02
1.133164474022533454e+02 1.394944365814001515e+02
1.133944702354719567e+02 1.395569860617860058e+02
1.134724930686905680e+02 1.396195355421718602e+02
1.135505159019091792e+02 1.396820850225577146e+02
1.136285387351277905e+02 1.397446345029435690e+02
1.137065615683464017e+02 1.398071839833294234e+02
1.137845844015650130e+02 1.398697334637152778e+02
1.138626072347836242e+02 1.399322829441011322e+02
1.139406300680022355e+02 1.399948324244869866e+02
1.140186529012208467e+02 1.400573819048728410e+02
1.140966757344394580e+02 1.401199313852586954e+02
1.141746985676580692e+02 1.401824808656445498e+02
1.142527214008766805e+02 1.402450303460304042e+02
1.143307442340952917e+02 1.403075798264162586e+02
1.144087670673139030e+02 1.403701293068021130e+02
1.144867899005325143e+02 1.404326787871879674e+02
1.145648127337511255e+02 1.404952282675738218e+02
1.146428355669697368e+02 1.405577777479596762e+02
1.147208584001883480e+02 1.406203272283455306e+02
1.147988812334069593e+02 1.406828767087313850e+02
1.148769040666255705e+02 1.407454261891172393e+02
1.149549268998441818e+02 1.408079756695030937e+02
1.150329497330627930e+02 1.408705251498889481e+02
1.151109725662814043e+02 1.409330746302748025e+02
1.151889953995000155e+02 1.409956241106606569e+02
1.152670182327186268e+02 1.410581735910465113e+02
1.153450410659372380e+02 1.411207230714323657e+02
1.154230638991558493e+02 1.411832725518182201e+02
1.155010867323744606e+02 1.412458220322040745e+02
1.155791095655930718e+02 1.413083715125899289e+02
1.156571323988116831e+02 1.413709209929757833e+02
1.157351552320302943e+02 1.414334704733616377e+02
1.158131780652489056e+02 1.414960199537474921e+02
1.158912008984675168e+02 1.415585694341333465e+02
1.159692237316861281e+02 1.416211189145192009e+02
1.160472465649047393e+02 1.416836683949050553e+02
1.161252693981233506e+02 1.417462178752909097e+02
1.162032922313419618e+02 1.418087673556767641e+02
1.162813150645605731e+02 1.418713168360626184e+02
1.163593378977791843e+02 1.419338663164484728e+02
1.164373607309977956e+02 1.419964157968343272e+02
1.165153835642164069e+02 1.420589652772201816e+02
1.165934063974350181e+02 1.421215147576060360e+02
1.166714292306536294e+02 1.421840642379918904e+02
1.167494520638722406e+02 1.422466137183777448e+02
1.168274748970908519e+02 1.423091631987635992e+02
1.169054977303094631e+02 1.423717126791494536e+02
1.169835205635280744e+02 1.424342621595353080e+02
1.170615433967466856e+02 1.424968116399211624e+02
1.171395662299652969e+02 1.425593611203070168e+02
1.172175890631839081e+02 1.426219106006928712e+02
1.172956118964025194e+02 1.426844600810787256e+02
1.173736347296211306e+02 1.427470095614645800e+02
1.174516575628397419e+02 1.428095590418504344e+02
1.175296803960583532e+02 1.428721085222362888e+02
1.176077032292769644e+02 1.429346580026221432e+02
1.176857260624955757e+02 1.429972074830079976e+02
1.177637488957141869e+02 1.430597569633938519e+02
1.178417717289327982e+02 1.431223064437797063e+02
1.179197945621514094e+02 1.431848559241655607e+02
1.179978173953700207e+02 1.432474054045514151e+02
1.180758402285886319e+02 1.433099548849372695e+02
1.181538630618072432e+02 1.433725043653231239e+02
1.182318858950258544e+02 1.434350538457089783e+02
1.183099087282444657e+02 1.434976033260948327e+02
1.183879315614630769e+02 1.435601528064806871e+02
1.184659543946816882e+02 1.436227022868665415e+02
1.185439772279002995e+02 1.436852517672523959e+02
1.186220000611189107e+02 1.437478012476382503e+02
1.187000228943375220e+02 1.438103507280241047e+02
1.187780457275561332e+02 1.438729002084099591e+02
1.188560685607747445e+02 1.439354496887958135e+02
1.189340913939933557e+02 1.439979991691816679e+02
1.190121142272119670e+02 1.440605486495675223e+02
1.190901370604305782e+02 1.441230981299533767e+02
1.191681598936491895e+02 1.441856476103392311e+02
1.192461827268678007e+02 1.442481970907250854e+02
1.193242055600864120e+02 1.443107465711109398e+02
1.194022283933050232e+02 1.443732960514967942e+02
1.194802512265236345e+02 1.444358455318826486e+02
1.195582740597422458e+02 1.444983950122685030e+02
1.196362968929608570e+02 1.445609444926543574e+02
1.197143197261794683e+02 1.446234939730402118e+02
1.197923425593980795e+02 1.446860434534260662e+02
1.198703653926166908e+02 1.447485929338119206e+02
1.199483882258353020e+02 1.448111424141977750e+02
1.200264110590539133e+02 1.448736918945836294e+02
1.201044338922725245e+02 1.449362413749694838e+02
1.201824567254911358e+02 1.449987908553553382e+02
1.202604795587097470e+02 1.450613403357411926e+02
1.203385023919283583e+02 1.451238898161270470e+02
1.204165252251469695e+02 1.451864392965129014e+02
1.204945480583655808e+02 1.452489887768987558e+02
1.205725708915841921e+02 1.453115382572846102e+02
1.206505937248028033e+02 1.453740877376704645e+02
1.207286165580214146e+02 1.454366372180563189e+02
1.208066393912400258e+02 1.454991866984421733e+02
1.208846622244586371e+02 1.455617361788280277e+02
1.209626850576772483e+02 1.456242856592138821e+02
1.210407078908958596e+02 1.456868351395997365e+02
1.211187307241144708e+02 1.457493846199855909e+02
1.211967535573330821e+02 1.458119341003714453e+02
1.212747763905516933e+02 1.458744835807572997e+02
1.213527992237703046e+02 1.459370330611431541e+02
1.214308220569889158e+02 1.459995825415290085e+02
1.215088448902075271e+02 1.460621320219148629e+02
1.215868677234261384e+02 1.461246815023007173e+02
1.216648905566447496e+02 1.461872309826865717e+02
1.217429133898633609e+02 1.462497804630724261e+02
1.218209362230819721e+02 1.463123299434582805e+02
1.218989590563005834e+02 1.463748794238441349e+02
1.219769818895191946e+02 1.464374289042299893e+02
1.220550047227378059e+02 1.464999783846158437e+02
1.221330275559564171e+02 1.465625278650016980e+02
1.222110503891750284e+02 1.466250773453875524e+02
1.222890732223936396e+02 1.466876268257734068e+02
1.223670960556122509e+02 1.467501763061592612e+02
1.224451188888308621e+02 1.468127257865451156e+02
1.225231417220494734e+02 1.468752752669309700e+02
1.226011645552680847e+02 1.469378247473168244e+02
1.226791873884866959e+02 1.470003742277026788e+02
1.227572102217053072e+02 1.470629237080885332e+02
1.228352330549239184e+02 1.471254731884743876e+02
1.229132558881425297e+02 1.471880226688602420e+02
1.229912787213611409e+02 1.472505721492460964e+02
1.230693015545797522e+02 1.473131216296319508e+02
1.231473243877983634e+02 1.473756711100178052e+02
1.232253472210169747e+02 1.474382205904036596e+02
1.233033700542355859e+02 1.475007700707895140e+02
1.233813928874541972e+02 1.475633195511753684e+02
1.234594157206728084e+02 1.476258690315612228e+02
1.235374385538914197e+02 1.476884185119470771e+02
1.236154613871100310e+02 1.477509679923329315e+02
1.236934842203286422e+02 1.478135174727187859e+02
1.237715070535472535e+02 1.478760669531046403e+02
1.238495298867658647e+02 1.479386164334904947e+02
1.239275527199844760e+02 1.480011659138763491e+02
1.240055755532030872e+02 1.480637153942622035e+02
1.240835983864216985e+02 1.481262648746480579e+02
1.241616212196403097e+02 1.481888143550339123e+02
1.242396440528589210e+02 1.482513638354197667e+02
1.243176668860775322e+02 1.483139133158056211e+02
1.243956897192961435e+02 1.483764627961914755e+02
1.244737125525147547e+02 1.484390122765773299e+02
1.245517353857333660e+02 1.485015617569631843e+02
1.246297582189519773e+02 1.485641112373490387e+02
1.247077810521705885e+02 1.486266607177348931e+02
1.247858038853891998e+02 1.486892101981207475e+02
1.248638267186078110e+02 1.487517596785066019e+02
1.249418495518264223e+02 1.488143091588924563e+02
1.250198723850450335e+02 1.488768586392783106e+02
1.250978952182636448e+02 1.489394081196641650e+02
1.251759180514822560e+02 1.490019576000500194e+02
1.252539408847008673e+02 1.490645070804358738e+02
1.253319637179194785e+02 1.491270565608217282e+02
1.254099865511380898e+02 1.491896060412075826e+02
1.254880093843567010e+02 1.492521555215934370e+02
1.255660322175753123e+02 1.493147050019792914e+02
1.256440550507939236e+02 1.493772544823651458e+02
1.257220778840125348e+02 1.494398039627510002e+02
1.258001007172311461e+02 1.495023534431368546e+02
1.258781235504497573e+02 1.495649029235227090e+02
1.259561463836683686e+02 1.496274524039085634e+02
1.260341692168869798e+02 1.496900018842944178e+02
1.261121920501055911e+02 1.497525513646802722e+02
1.261902148833242023e+02 1.498151008450661266e+02
1.262682377165428136e+02 1.498776503254519810e+02
1.263462605497614248e+02 1.499401998058378354e+02
1.264242833829800361e+02 1.500027492862236898e+02
1.265023062161986473e+02 1.500652987666095441e+02
1.265803290494172586e+02 1.501278482469953985e+02
1.266583518826358699e+02 1.501903977273812529e+02
1.267363747158544811e+02 1.502529472077671073e+02
1.268143975490730924e+02 1.503154966881529617e+02
1.268924203822917036e+02 1.503780461685388161e+02
1.269704432155103149e+02 1.504405956489246705e+02
1.270484660487289261e+02 1.505031451293105249e+02
1.271264888819475374e+02 1.505656946096963793e+02
1.272045117151661486e+02 1.506282440900822337e+02
1.272825345483847599e+02 1.506907935704680881e+02
1.273605573816033711e+02 1.507533430508539425e+02
1.274385802148219824e+02 1.508158925312397969e+02
1.275166030480405936e+02 1.508784420116256513e+02
1.275946258812592049e+02 1.509409914920115057e+02
1.276726487144778162e+02 1.510035409723973601e+02
1.277506715476964274e+02 1.510660904527832145e+02
1.278286943809150387e+02 1.511286399331690689e+02
1.279067172141336499e+02 1.511911894135549232e+02
1.279847400473522612e+02 1.512537388939407776e+02
1.280627628805708866e+02 1.513162883743266320e+02
1.281407857137895121e+02 1.513788378547124864e+02
1.282188085470081376e+02 1.514413873350983408e+02
1.282968313802267630e+02 1.515039368154841952e+02
1.283748542134453885e+02 1.515664862958700496e+02
1.284528770466640140e+02 1.516290357762559040e+02
1.285308998798826394e+02 1.516915852566417584e+02
1.286089227131012649e+02 1.517541347370276128e+02
1.286869455463198904e+02 1.518166842174134672e+02
1.287649683795385158e+02 1.518792336977993216e+02
1.288429912127571413e+02 1.519417831781851760e+02
1.289210140459757667e+02 1.520043326585710304e+02
1.289990368791943922e+02 1.520668821389568848e+02
1.290770597124130177e+02 1.521294316193427392e+02
1.291550825456316431e+02 1.521919810997285936e+02
1.292331053788502686e+02 1.522545305801144480e+02
1.293111282120688941e+02 1.523170800605003024e+02
1.293891510452875195e+02 1.523796295408861567e+02
1.294671738785061450e+02 1.524421790212720111e+02
1.295451967117247705e+02 1.525047285016578655e+02
1.296232195449433959e+02 1.525672779820437199e+02
1.297012423781620214e+02 1.526298274624295743e+02
1.297792652113806469e+02 1.526923769428154287e+02
1.298572880445992723e+02 1.527549264232012831e+02
1.299353108778178978e+02 1.528174759035871375e+02
1.300133337110365233e+02 1.528800253839729919e+02
1.300913565442551487e+02 1.529425748643588463e+02
1.301693793774737742e+02 1.530051243447447007e+02
1.302474022106923996e+02 1.530676738251305551e+02
1.303254250439110251e+02 1.531302233055164095e+02
1.304034478771296506e+02 1.531927727859022639e+02
1.304814707103482760e+02 1.532553222662881183e+02
1.305594935435669015e+02 1.533178717466739727e+02
1.306375163767855270e+02 1.533804212270598271e+02
1.307155392100041524e+02 1.534429707074456815e+02
1.307935620432227779e+02 1.535055201878315358e+02
1.308715848764414034e+02 1.535680696682173902e+02
1.309496077096600288e+02 1.536306191486032446e+02
1.310276305428786543e+02 1.536931686289890990e+02
1.311056533760972798e+02 1.537557181093749534e+02
1.311836762093159052e+02 1.538182675897608078e+02
1.312616990425345307e+02 1.538808170701466622e+02
1.313397218757531562e+02 1.539433665505325166e+02
1.314177447089717816e+02 1.540059160309183710e+02
1.314957675421904071e+02 1.540684655113042254e+02
1.315737903754090325e+02 1.541310149916900798e+02
1.316518132086276580e+02 1.541935644720759342e+02
1.317298360418462835e+02 1.542561139524617886e+02
1.318078588750649089e+02 1.543186634328476430e+02
1.318858817082835344e+02 1.543812129132334974e+02
1.319639045415021599e+02 1.544437623936193518e+02
1.320419273747207853e+02 1.545063118740052062e+02
1.321199502079394108e+02 1.545688613543910606e+02
1.321979730411580363e+02 1.546314108347769150e+02
1.322759958743766617e+02 1.546939603151627693e+02
1.323540187075952872e+02 1.547565097955486237e+02
1.324320415408139127e+02 1.548190592759344781e+02
1.325100643740325381e+02 1.548816087563203325e+02
1.325880872072511636e+02 1.549441582367061869e+02
1.326661100404697891e+02 1.550067077170920413e+02
1.327441328736884145e+02 1.550692571974778957e+02
1.328221557069070400e+02 1.551318066778637501e+02
1.329001785401256654e+02 1.551943561582496045e+02
1.329782013733442909e+02 1.552569056386354589e+02
1.330562242065629164e+02 1.553194551190213133e+02
1.331342470397815418e+02 1.553820045994071677e+02
1.332122698730001673e+02 1.554445540797930221e+02
1.332902927062187928e+02 1.555071035601788765e+02
1.333683155394374182e+02 1.555696530405647309e+02
1.334463383726560437e+02 1.556322025209505853e+02
1.335243612058746692e+02 1.556947520013364397e+02
1.336023840390932946e+02 1.557573014817222941e+02
1.336804068723119201e+02 1.558198509621081485e+02
1.337584297055305456e+02 1.558824004424940028e+02
1.338364525387491710e+02 1.559449499228798572e+02
1.339144753719677965e+02 1.560074994032657116e+02
1.339924982051864220e+02 1.560700488836515660e+02
1.340705210384050474e+02 1.561325983640374204e+02
1.341485438716236729e+02 1.561951478444232748e+02
1.342265667048422983e+02 1.562576973248091292e+02
1.343045895380609238e+02 1.563202468051949836e+02
1.343826123712795493e+02 1.563827962855808380e+02
1.344606352044981747e+02 1.564453457659666924e+02
1.345386580377168002e+02 1.565078952463525468e+02
1.346166808709354257e+02 1.565704447267384012e+02
1.347126808298249614e+02 1.566474061404406370e+02
