6.074309460294311691e+01 1.671725948329078051e+02
6.064318063384414614e+01 1.671684476918576649e+02
6.054326666474517538e+01 1.671643005508075248e+02
6.044335269564620461e+01 1.671601534097573847e+02
6.034343872654723384e+01 1.671560062687072445e+02
6.024352475744826307e+01 1.671518591276571044e+02
6.014361078834929231e+01 1.671477119866069643e+02
6.004369681925032154e+01 1.671435648455568241e+02
5.994378285015135077e+01 1.671394177045066840e+02
5.984386888105238000e+01 1.671352705634565439e+02
5.974395491195340924e+01 1.671311234224064037e+02
5.964404094285443847e+01 1.671269762813562636e+02
5.954412697375546770e+01 1.671228291403061235e+02
5.944421300465649693e+01 1.671186819992559833e+02
5.934429903555752617e+01 1.671145348582058432e+02
5.924438506645855540e+01 1.671103877171557031e+02
5.914447109735958463e+01 1.671062405761055629e+02
5.904455712826061387e+01 1.671020934350554228e+02
5.894464315916164310e+01 1.670979462940052827e+02
5.884472919006267233e+01 1.670937991529551425e+02
5.874481522096370156e+01 1.670896520119050024e+02
5.864490125186473080e+01 1.670855048708548622e+02
5.854498728276576003e+01 1.670813577298047221e+02
5.844507331366678926e+01 1.670772105887545820e+02
5.834515934456781849e+01 1.670730634477044418e+02
5.824524537546884773e+01 1.670689163066543017e+02
5.814533140636987696e+01 1.670647691656041616e+02
5.804541743727090619e+01 1.670606220245540214e+02
5.794550346817193542e+01 1.670564748835038813e+02
5.784558949907296466e+01 1.670523277424537412e+02
5.774567552997399389e+01 1.670481806014036010e+02
5.764576156087502312e+01 1.670440334603534609e+02
5.754584759177605235e+01 1.670398863193033208e+02
5.744593362267708159e+01 1.670357391782531806e+02
5.734601965357811082e+01 1.670315920372030405e+02
5.724610568447914005e+01 1.670274448961529004e+02
5.714619171538016928e+01 1.670232977551027602e+02
5.704627774628119852e+01 1.670191506140526201e+02
5.694636377718222775e+01 1.670150034730024800e+02
5.684644980808325698e+01 1.670108563319523398e+02
5.674653583898428622e+01 1.670067091909021997e+02
5.664662186988531545e+01 1.670025620498520595e+02
5.654670790078634468e+01 1.669984149088019194e+02
5.644679393168737391e+01 1.669942677677517793e+02
5.634687996258840315e+01 1.669901206267016391e+02
5.624696599348943238e+01 1.669859734856514990e+02
5.614705202439046161e+01 1.669818263446013589e+02
5.604713805529149084e+01 1.669776792035512187e+02
5.594722408619252008e+01 1.669735320625010786e+02
5.584731011709354931e+01 1.669693849214509385e+02
5.574739614799457854e+01 1.669652377804007983e+02
5.564748217889560777e+01 1.669610906393506582e+02
5.554756820979663701e+01 1.669569434983005181e+02
5.544765424069766624e+01 1.669527963572503779e+02
5.534774027159869547e+01 1.669486492162002378e+02
5.524782630249972470e+01 1.669445020751500977e+02
5.514791233340075394e+01 1.669403549340999575e+02
5.504799836430178317e+01 1.669362077930498174e+02
5.494808439520281240e+01 1.669320606519996772e+02
5.484817042610384163e+01 1.669279135109495371e+02
5.474825645700487087e+01 1.669237663698993970e+02
5.464834248790590010e+01 1.669196192288492568e+02
5.454842851880692933e+01 1.669154720877991167e+02
5.444851454970795857e+01 1.669113249467489766e+02
5.434860058060898780e+01 1.669071778056988364e+02
5.424868661151001703e+01 1.669030306646486963e+02
5.414877264241104626e+01 1.668988835235985562e+02
5.404885867331207550e+01 1.668947363825484160e+02
5.394894470421310473e+01 1.668905892414982759e+02
5.384903073511413396e+01 1.668864421004481358e+02
5.374911676601516319e+01 1.668822949593979956e+02
5.364920279691619243e+01 1.668781478183478555e+02
5.354928882781722166e+01 1.668740006772977154e+02
5.344937485871825089e+01 1.668698535362475752e+02
5.334946088961928012e+01 1.668657063951974351e+02
5.324954692052030936e+01 1.668615592541472950e+02
5.314963295142133859e+01 1.668574121130971548e+02
5.304971898232236782e+01 1.668532649720470147e+02
5.294980501322339705e+01 1.668491178309968745e+02
5.284989104412442629e+01 1.668449706899467344e+02
5.274997707502545552e+01 1.668408235488965943e+02
5.265006310592648475e+01 1.668366764078464541e+02
5.255014913682751398e+01 1.668325292667963140e+02
5.245023516772854322e+01 1.668283821257461739e+02
5.235032119862957245e+01 1.668242349846960337e+02
5.225040722953060168e+01 1.668200878436458936e+02
5.215049326043163092e+01 1.668159407025957535e+02
5.205057929133266015e+01 1.668117935615456133e+02
5.195066532223368938e+01 1.668076464204954732e+02
5.185075135313471861e+01 1.668034992794453331e+02
5.175083738403574785e+01 1.667993521383951929e+02
5.165092341493677708e+01 1.667952049973450528e+02
5.155100944583780631e+01 1.667910578562949127e+02
5.145109547673883554e+01 1.667869107152447725e+02
5.135118150763986478e+01 1.667827635741946324e+02
5.125126753854089401e+01 1.667786164331444922e+02
5.115135356944192324e+01 1.667744692920943521e+02
5.105143960034295247e+01 1.667703221510442120e+02
5.095152563124398171e+01 1.667661750099940718e+02
5.085161166214501094e+01 1.667620278689439317e+02
5.075169769304604017e+01 1.667578807278937916e+02
5.065178372394706940e+01 1.667537335868436514e+02
5.055186975484809864e+01 1.667495864457935113e+02
5.045195578574912787e+01 1.667454393047433712e+02
5.035204181665015710e+01 1.667412921636932310e+02
5.025212784755118633e+01 1.667371450226430909e+02
5.015221387845221557e+01 1.667329978815929508e+02
5.005229990935324480e+01 1.667288507405428106e+02
4.995238594025427403e+01 1.667247035994926705e+02
4.985247197115530327e+01 1.667205564584425304e+02
4.975255800205633250e+01 1.667164093173923902e+02
4.965264403295736173e+01 1.667122621763422501e+02
4.955273006385839096e+01 1.667081150352921100e+02
4.945281609475942020e+01 1.667039678942419698e+02
4.935290212566044943e+01 1.666998207531918297e+02
4.925298815656147866e+01 1.666956736121416895e+02
4.915307418746250789e+01 1.666915264710915494e+02
4.905316021836353713e+01 1.666873793300414093e+02
4.895324624926456636e+01 1.666832321889912691e+02
4.885333228016559559e+01 1.666790850479411290e+02
4.875341831106662482e+01 1.666749379068909889e+02
4.865350434196765406e+01 1.666707907658408487e+02
4.855359037286868329e+01 1.666666436247907086e+02
4.845367640376971252e+01 1.666624964837405685e+02
4.835376243467074175e+01 1.666583493426904283e+02
4.825384846557177099e+01 1.666542022016402882e+02
4.815393449647280022e+01 1.666500550605901481e+02
4.805402052737382945e+01 1.666459079195400079e+02
4.795410655827485868e+01 1.666417607784898678e+02
4.785419258917588792e+01 1.666376136374397277e+02
4.775427862007691715e+01 1.666334664963895875e+02
4.765436465097794638e+01 1.666293193553394474e+02
4.755445068187897562e+01 1.666251722142893072e+02
4.745453671278000485e+01 1.666210250732391671e+02
4.735462274368103408e+01 1.666168779321890270e+02
4.725470877458206331e+01 1.666127307911388868e+02
4.715479480548309255e+01 1.666085836500887467e+02
4.705488083638412178e+01 1.666044365090386066e+02
4.695496686728515101e+01 1.666002893679884664e+02
4.685505289818618024e+01 1.665961422269383263e+02
4.675513892908720948e+01 1.665919950858881862e+02
4.665522495998823871e+01 1.665878479448380460e+02
4.655531099088926794e+01 1.665837008037879059e+02
4.645539702179029717e+01 1.665795536627377658e+02
4.635548305269132641e+01 1.665754065216876256e+02
4.625556908359235564e+01 1.665712593806374855e+02
4.615565511449338487e+01 1.665671122395873454e+02
4.605574114539441410e+01 1.665629650985372052e+02
4.595582717629544334e+01 1.665588179574870651e+02
4.585591320719647257e+01 1.665546708164369250e+02
4.575599923809750180e+01 1.665505236753867848e+02
4.565608526899853103e+01 1.665463765343366447e+02
4.555617129989956027e+01 1.665422293932865045e+02
4.545625733080058950e+01 1.665380822522363644e+02
4.535634336170161873e+01 1.665339351111862243e+02
4.525642939260264797e+01 1.665297879701360841e+02
4.515651542350367720e+01 1.665256408290859440e+02
4.505660145440470643e+01 1.665214936880358039e+02
4.495668748530573566e+01 1.665173465469856637e+02
4.485677351620676490e+01 1.665131994059355236e+02
4.475685954710779413e+01 1.665090522648853835e+02
4.465694557800882336e+01 1.665049051238352433e+02
4.455703160890985259e+01 1.665007579827851032e+02
4.445711763981088183e+01 1.664966108417349631e+02
4.435720367071191106e+01 1.664924637006848229e+02
4.425728970161294029e+01 1.664883165596346828e+02
4.415737573251396952e+01 1.664841694185845427e+02
4.405746176341499876e+01 1.664800222775344025e+02
4.395754779431602799e+01 1.664758751364842624e+02
4.385763382521705722e+01 1.664717279954341222e+02
4.375771985611808645e+01 1.664675808543839821e+02
4.365780588701911569e+01 1.664634337133338420e+02
4.355789191792014492e+01 1.664592865722837018e+02
4.345797794882117415e+01 1.664551394312335617e+02
4.335806397972220338e+01 1.664509922901834216e+02
4.325815001062323262e+01 1.664468451491332814e+02
4.315823604152426185e+01 1.664426980080831413e+02
4.305832207242529108e+01 1.664385508670330012e+02
4.295840810332632032e+01 1.664344037259828610e+02
4.285849413422734955e+01 1.664302565849327209e+02
4.275858016512837878e+01 1.664261094438825808e+02
4.265866619602940801e+01 1.664219623028324406e+02
4.255875222693043725e+01 1.664178151617823005e+02
4.245883825783146648e+01 1.664136680207321604e+02
4.235892428873249571e+01 1.664095208796820202e+02
4.225901031963352494e+01 1.664053737386318801e+02
4.215909635053455418e+01 1.664012265975817400e+02
4.205918238143558341e+01 1.663970794565315998e+02
4.195926841233661264e+01 1.663929323154814597e+02
4.185935444323764187e+01 1.663887851744313195e+02
4.175944047413867111e+01 1.663846380333811794e+02
4.165952650503970034e+01 1.663804908923310393e+02
4.155961253594072957e+01 1.663763437512808991e+02
4.145969856684175880e+01 1.663721966102307590e+02
4.135978459774278804e+01 1.663680494691806189e+02
4.125987062864381727e+01 1.663639023281304787e+02
4.115995665954484650e+01 1.663597551870803386e+02
4.106004269044587573e+01 1.663556080460301985e+02
4.096012872134690497e+01 1.663514609049800583e+02
4.086021475224793420e+01 1.663473137639299182e+02
4.076030078314896343e+01 1.663431666228797781e+02
4.066038681404999267e+01 1.663390194818296379e+02
4.056047284495102190e+01 1.663348723407794978e+02
4.046055887585205113e+01 1.663307251997293577e+02
4.036064490675308036e+01 1.663265780586792175e+02
4.026073093765410960e+01 1.663224309176290774e+02
4.016081696855513883e+01 1.663182837765789372e+02
4.006090299945616806e+01 1.663141366355287971e+02
3.996098903035719729e+01 1.663099894944786570e+02
3.986107506125822653e+01 1.663058423534285168e+02
3.976116109215925576e+01 1.663016952123783767e+02
3.966124712306028499e+01 1.662975480713282366e+02
3.956133315396131422e+01 1.662934009302780964e+02
3.946141918486234346e+01 1.662892537892279563e+02
3.936150521576337269e+01 1.662851066481778162e+02
3.926159124666440192e+01 1.662809595071276760e+02
3.916167727756543115e+01 1.662768123660775359e+02
3.906176330846646039e+01 1.662726652250273958e+02
3.896184933936748962e+01 1.662685180839772556e+02
3.886193537026851885e+01 1.662643709429271155e+02
3.876202140116954808e+01 1.662602238018769754e+02
3.866210743207057732e+01 1.662560766608268352e+02
3.856219346297160655e+01 1.662519295197766951e+02
3.846227949387263578e+01 1.662477823787265550e+02
3.836236552477366502e+01 1.662436352376764148e+02
3.826245155567469425e+01 1.662394880966262747e+02
3.816253758657572348e+01 1.662353409555761345e+02
3.806262361747675271e+01 1.662311938145259944e+02
3.796270964837778195e+01 1.662270466734758543e+02
3.786279567927881118e+01 1.662228995324257141e+02
3.776288171017984041e+01 1.662187523913755740e+02
3.766296774108086964e+01 1.662146052503254339e+02
3.756305377198189888e+01 1.662104581092752937e+02
3.746313980288292811e+01 1.662063109682251536e+02
3.736322583378395734e+01 1.662021638271750135e+02
3.726331186468498657e+01 1.661980166861248733e+02
3.716339789558601581e+01 1.661938695450747332e+02
3.706348392648704504e+01 1.661897224040245931e+02
3.696356995738807427e+01 1.661855752629744529e+02
3.686365598828910350e+01 1.661814281219243128e+02
3.676374201919013274e+01 1.661772809808741727e+02
3.666382805009116197e+01 1.661731338398240325e+02
3.656391408099219120e+01 1.661689866987738924e+02
3.646400011189322043e+01 1.661648395577237523e+02
3.636408614279424967e+01 1.661606924166736121e+02
3.626417217369527890e+01 1.661565452756234720e+02
3.616425820459630813e+01 1.661523981345733318e+02
3.606434423549733737e+01 1.661482509935231917e+02
3.596443026639836660e+01 1.661441038524730516e+02
3.586451629729939583e+01 1.661399567114229114e+02
3.576460232820042506e+01 1.661358095703727713e+02
3.566468835910145430e+01 1.661316624293226312e+02
3.556477439000248353e+01 1.661275152882724910e+02
3.546486042090351276e+01 1.661233681472223509e+02
3.536494645180454199e+01 1.661192210061722108e+02
3.526503248270557123e+01 1.661150738651220706e+02
3.516511851360660046e+01 1.661109267240719305e+02
3.506520454450762969e+01 1.661067795830217904e+02
3.496529057540865892e+01 1.661026324419716502e+02
3.486537660630968816e+01 1.660984853009215101e+02
3.476546263721071739e+01 1.660943381598713700e+02
3.466554866811174662e+01 1.660901910188212298e+02
3.456563469901277585e+01 1.660860438777710897e+02
3.446572072991380509e+01 1.660818967367209495e+02
3.436580676081483432e+01 1.660777495956708094e+02
3.426589279171586355e+01 1.660736024546206693e+02
3.416597882261689278e+01 1.660694553135705291e+02
3.406606485351792202e+01 1.660653081725203890e+02
3.396615088441895125e+01 1.660611610314702489e+02
3.386623691531998048e+01 1.660570138904201087e+02
3.376632294622100972e+01 1.660528667493699686e+02
3.366640897712203895e+01 1.660487196083198285e+02
3.356649500802306818e+01 1.660445724672696883e+02
3.346658103892409741e+01 1.660404253262195482e+02
3.336666706982512665e+01 1.660362781851694081e+02
3.326675310072615588e+01 1.660321310441192679e+02
3.316683913162718511e+01 1.660279839030691278e+02
3.306692516252821434e+01 1.660238367620189877e+02
3.296701119342924358e+01 1.660196896209688475e+02
3.286709722433027281e+01 1.660155424799187074e+02
3.276718325523130204e+01 1.660113953388685673e+02
3.266726928613233127e+01 1.660072481978184271e+02
3.256735531703336051e+01 1.660031010567682870e+02
3.246744134793438974e+01 1.659989539157181468e+02
3.236752737883541897e+01 1.659948067746680067e+02
3.226761340973644820e+01 1.659906596336178666e+02
3.216769944063747744e+01 1.659865124925677264e+02
3.206778547153850667e+01 1.659823653515175863e+02
3.196787150243953590e+01 1.659782182104674462e+02
3.186795753334056513e+01 1.659740710694173060e+02
3.176804356424159437e+01 1.659699239283671659e+02
3.166812959514262360e+01 1.659657767873170258e+02
3.156821562604365283e+01 1.659616296462668856e+02
3.146830165694468207e+01 1.659574825052167455e+02
3.136838768784571130e+01 1.659533353641666054e+02
3.126847371874674053e+01 1.659491882231164652e+02
3.116855974964776976e+01 1.659450410820663251e+02
3.106864578054879900e+01 1.659408939410161850e+02
3.096873181144982823e+01 1.659367467999660448e+02
3.086881784235085746e+01 1.659325996589159047e+02
3.076890387325188669e+01 1.659284525178657645e+02
3.066898990415291593e+01 1.659243053768156244e+02
3.056907593505394516e+01 1.659201582357654843e+02
3.046916196595497439e+01 1.659160110947153441e+02
3.036924799685600362e+01 1.659118639536652040e+02
3.026933402775703286e+01 1.659077168126150639e+02
3.016942005865806209e+01 1.659035696715649237e+02
3.006950608955909132e+01 1.658994225305147836e+02
2.996959212046012055e+01 1.658952753894646435e+02
2.986967815136114979e+01 1.658911282484145033e+02
2.976976418226217902e+01 1.658869811073643632e+02
2.966985021316320825e+01 1.658828339663142231e+02
2.956993624406423748e+01 1.658786868252640829e+02
2.947002227496526672e+01 1.658745396842139428e+02
2.937010830586629595e+01 1.658703925431638027e+02
2.927019433676732518e+01 1.658662454021136625e+02
2.917028036766835442e+01 1.658620982610635224e+02
2.907036639856938365e+01 1.658579511200133823e+02
2.897045242947041288e+01 1.658538039789632421e+02
2.887053846037144211e+01 1.658496568379131020e+02
2.877062449127247135e+01 1.658455096968629618e+02
2.867071052217350058e+01 1.658413625558128217e+02
2.857079655307452981e+01 1.658372154147626816e+02
2.847088258397555904e+01 1.658330682737125414e+02
2.837096861487658828e+01 1.658289211326624013e+02
2.827105464577761751e+01 1.658247739916122612e+02
2.817114067667864674e+01 1.658206268505621210e+02
2.807122670757967597e+01 1.658164797095119809e+02
2.797131273848070521e+01 1.658123325684618408e+02
2.787139876938173444e+01 1.658081854274117006e+02
2.777148480028276367e+01 1.658040382863615605e+02
2.767157083118379290e+01 1.657998911453114204e+02
2.757165686208482214e+01 1.657957440042612802e+02
2.747174289298585137e+01 1.657915968632111401e+02
2.737182892388688060e+01 1.657874497221610000e+02
2.727191495478790983e+01 1.657833025811108598e+02
2.717200098568893907e+01 1.657791554400607197e+02
2.707208701658996830e+01 1.657750082990105795e+02
2.697217304749099753e+01 1.657708611579604394e+02
2.687225907839202677e+01 1.657667140169102993e+02
2.677234510929305600e+01 1.657625668758601591e+02
2.667243114019408523e+01 1.657584197348100190e+02
2.657251717109511446e+01 1.657542725937598789e+02
2.647260320199614370e+01 1.657501254527097387e+02
2.637268923289717293e+01 1.657459783116595986e+02
2.627277526379820216e+01 1.657418311706094585e+02
2.617286129469923139e+01 1.657376840295593183e+02
2.607294732560026063e+01 1.657335368885091782e+02
2.597303335650128986e+01 1.657293897474590381e+02
2.587311938740231909e+01 1.657252426064088979e+02
2.577320541830334832e+01 1.657210954653587578e+02
2.567329144920437756e+01 1.657169483243086177e+02
2.557337748010540679e+01 1.657128011832584775e+02
2.547346351100643602e+01 1.657086540422083374e+02
2.537354954190746525e+01 1.657045069011581973e+02
2.527363557280849449e+01 1.657003597601080571e+02
2.517372160370952372e+01 1.656962126190579170e+02
2.507380763461055295e+01 1.656920654780077768e+02
2.497389366551158218e+01 1.656879183369576367e+02
2.487397969641261142e+01 1.656837711959074966e+02
2.477406572731364065e+01 1.656796240548573564e+02
2.467415175821466988e+01 1.656754769138072163e+02
2.457423778911569912e+01 1.656713297727570762e+02
2.447432382001672835e+01 1.656671826317069360e+02
2.437440985091775758e+01 1.656630354906567959e+02
2.427449588181878681e+01 1.656588883496066558e+02
2.417458191271981605e+01 1.656547412085565156e+02
2.407466794362084528e+01 1.656505940675063755e+02
2.397475397452187451e+01 1.656464469264562354e+02
2.387484000542290374e+01 1.656422997854060952e+02
2.377492603632393298e+01 1.656381526443559551e+02
2.367501206722496221e+01 1.656340055033058150e+02
2.357509809812599144e+01 1.656298583622556748e+02
2.347518412902702067e+01 1.656257112212055347e+02
2.337527015992804991e+01 1.656215640801553945e+02
2.327535619082907914e+01 1.656174169391052544e+02
2.317544222173010837e+01 1.656132697980551143e+02
2.307552825263113760e+01 1.656091226570049741e+02
2.297561428353216684e+01 1.656049755159548340e+02
2.287570031443319607e+01 1.656008283749046939e+02
2.277578634533422530e+01 1.655966812338545537e+02
2.267587237623525454e+01 1.655925340928044136e+02
2.257595840713628377e+01 1.655883869517542735e+02
2.247604443803731300e+01 1.655842398107041333e+02
2.237613046893834223e+01 1.655800926696539932e+02
2.227621649983937147e+01 1.655759455286038531e+02
2.217630253074040070e+01 1.655717983875537129e+02
2.207638856164142993e+01 1.655676512465035728e+02
2.197647459254245916e+01 1.655635041054534327e+02
2.187656062344348840e+01 1.655593569644032925e+02
2.177664665434451763e+01 1.655552098233531524e+02
2.167673268524554686e+01 1.655510626823030123e+02
2.157681871614657609e+01 1.655469155412528721e+02
2.147690474704760533e+01 1.655427684002027320e+02
2.137699077794863456e+01 1.655386212591525918e+02
2.127707680884966379e+01 1.655344741181024517e+02
2.117716283975069302e+01 1.655303269770523116e+02
2.107724887065172226e+01 1.655261798360021714e+02
2.097733490155275149e+01 1.655220326949520313e+02
2.087742093245378072e+01 1.655178855539018912e+02
2.077750696335480995e+01 1.655137384128517510e+02
2.067759299425583919e+01 1.655095912718016109e+02
2.057767902515686842e+01 1.655054441307514708e+02
2.047776505605789765e+01 1.655012969897013306e+02
2.037785108695892689e+01 1.654971498486511905e+02
2.027793711785995612e+01 1.654930027076010504e+02
2.017802314876098535e+01 1.654888555665509102e+02
2.007810917966201458e+01 1.654847084255007701e+02
1.997819521056304382e+01 1.654805612844506300e+02
1.987828124146407305e+01 1.654764141434004898e+02
1.977836727236510228e+01 1.654722670023503497e+02
1.967845330326613151e+01 1.654681198613002095e+02
1.957853933416716075e+01 1.654639727202500694e+02
1.947862536506818998e+01 1.654598255791999293e+02
1.937871139596921921e+01 1.654556784381497891e+02
1.927879742687024844e+01 1.654515312970996490e+02
1.917888345777127768e+01 1.654473841560495089e+02
1.907896948867230691e+01 1.654432370149993687e+02
1.897905551957333614e+01 1.654390898739492286e+02
1.887914155047436537e+01 1.654349427328990885e+02
1.877922758137539461e+01 1.654307955918489483e+02
1.867931361227642384e+01 1.654266484507988082e+02
1.857939964317745307e+01 1.654225013097486681e+02
1.847948567407848230e+01 1.654183541686985279e+02
1.837957170497951154e+01 1.654142070276483878e+02
1.827965773588054077e+01 1.654100598865982477e+02
1.817974376678157000e+01 1.654059127455481075e+02
1.807982979768259924e+01 1.654017656044979674e+02
1.797991582858362847e+01 1.653976184634478273e+02
1.788000185948465770e+01 1.653934713223976871e+02
1.778008789038568693e+01 1.653893241813475470e+02
1.768017392128671617e+01 1.653851770402974068e+02
1.758025995218774540e+01 1.653810298992472667e+02
1.748034598308877463e+01 1.653768827581971266e+02
1.738043201398980386e+01 1.653727356171469864e+02
1.728051804489083310e+01 1.653685884760968463e+02
1.718060407579186233e+01 1.653644413350467062e+02
1.708069010669289156e+01 1.653602941939965660e+02
1.698077613759392079e+01 1.653561470529464259e+02
1.688086216849495003e+01 1.653519999118962858e+02
1.678094819939597926e+01 1.653478527708461456e+02
1.668103423029700849e+01 1.653437056297960055e+02
1.658112026119803772e+01 1.653395584887458654e+02
1.648120629209906696e+01 1.653354113476957252e+02
1.638129232300009619e+01 1.653312642066455851e+02
1.628137835390112542e+01 1.653271170655954450e+02
1.618146438480215465e+01 1.653229699245453048e+02
1.608155041570318389e+01 1.653188227834951647e+02
1.598163644660421312e+01 1.653146756424450246e+02
1.588172247750524235e+01 1.653105285013948844e+02
1.578180850840627159e+01 1.653063813603447443e+02
1.568189453930730082e+01 1.653022342192946041e+02
1.558198057020833005e+01 1.652980870782444640e+02
1.548206660110935928e+01 1.652939399371943239e+02
1.538215263201038852e+01 1.652897927961441837e+02
1.528223866291141775e+01 1.652856456550940436e+02
1.518232469381244698e+01 1.652814985140439035e+02
1.508241072471347621e+01 1.652773513729937633e+02
1.498249675561450545e+01 1.652732042319436232e+02
1.488258278651553468e+01 1.652690570908934831e+02
1.478266881741656391e+01 1.652649099498433429e+02
1.468275484831759314e+01 1.652607628087932028e+02
1.458284087921862238e+01 1.652566156677430627e+02
1.448292691011965161e+01 1.652524685266929225e+02
1.438301294102068084e+01 1.652483213856427824e+02
1.428309897192171007e+01 1.652441742445926423e+02
1.418318500282273931e+01 1.652400271035425021e+02
1.408327103372376854e+01 1.652358799624923620e+02
1.398335706462479777e+01 1.652317328214422218e+02
1.388344309552582700e+01 1.652275856803920817e+02
1.378352912642685624e+01 1.652234385393419416e+02
1.368361515732788547e+01 1.652192913982918014e+02
1.358370118822891470e+01 1.652151442572416613e+02
1.348378721912994394e+01 1.652109971161915212e+02
1.338387325003097317e+01 1.652068499751413810e+02
1.328395928093200240e+01 1.652027028340912409e+02
1.318404531183303163e+01 1.651985556930411008e+02
1.308413134273406087e+01 1.651944085519909606e+02
1.298421737363509010e+01 1.651902614109408205e+02
1.288430340453611933e+01 1.651861142698906804e+02
1.278438943543714856e+01 1.651819671288405402e+02
1.268447546633817780e+01 1.651778199877904001e+02
1.258456149723920703e+01 1.651736728467402600e+02
1.248464752814023626e+01 1.651695257056901198e+02
1.238473355904126549e+01 1.651653785646399797e+02
1.228481958994229473e+01 1.651612314235898396e+02
1.218490562084332396e+01 1.651570842825396994e+02
1.208499165174435319e+01 1.651529371414895593e+02
1.198507768264538242e+01 1.651487900004394191e+02
1.188516371354641166e+01 1.651446428593892790e+02
1.178524974444744089e+01 1.651404957183391389e+02
1.168533577534847012e+01 1.651363485772889987e+02
1.158542180624949935e+01 1.651322014362388586e+02
1.148550783715052859e+01 1.651280542951887185e+02
1.138559386805155782e+01 1.651239071541385783e+02
1.128567989895258705e+01 1.651197600130884382e+02
1.118576592985361629e+01 1.651156128720382981e+02
1.108585196075464552e+01 1.651114657309881579e+02
1.096578864445056922e+01 1.651064822485737977e+02
1.105397767528429043e+01 1.650593367838862093e+02
1.114216670611801163e+01 1.650121913191986209e+02
1.123035573695173284e+01 1.649650458545110325e+02
1.131854476778545404e+01 1.649179003898234441e+02
1.140673379861917525e+01 1.648707549251358557e+02
1.149492282945289645e+01 1.648236094604482673e+02
1.158311186028661766e+01 1.647764639957606789e+02
1.167130089112033886e+01 1.647293185310730905e+02
1.175948992195406007e+01 1.646821730663855021e+02
1.184767895278778127e+01 1.646350276016979137e+02
1.193586798362150247e+01 1.645878821370103253e+02
1.202405701445522368e+01 1.645407366723227369e+02
1.211224604528894488e+01 1.644935912076351485e+02
1.220043507612266609e+01 1.644464457429475601e+02
1.228862410695638729e+01 1.643993002782599717e+02
1.237681313779010850e+01 1.643521548135723833e+02
1.246500216862382970e+01 1.643050093488847949e+02
1.255319119945755091e+01 1.642578638841972065e+02
1.264138023029127211e+01 1.642107184195096181e+02
1.272956926112499332e+01 1.641635729548220297e+02
1.281775829195871452e+01 1.641164274901344413e+02
1.290594732279243573e+01 1.640692820254468529e+02
1.299413635362615693e+01 1.640221365607592645e+02
1.308232538445987814e+01 1.639749910960716761e+02
1.317051441529359934e+01 1.639278456313840877e+02
1.325870344612732055e+01 1.638807001666964993e+02
1.334689247696104175e+01 1.638335547020089109e+02
1.343508150779476296e+01 1.637864092373213225e+02
1.352327053862848416e+01 1.637392637726337341e+02
1.361145956946220537e+01 1.636921183079461457e+02
1.369964860029592657e+01 1.636449728432585573e+02
1.378783763112964778e+01 1.635978273785709689e+02
1.387602666196336898e+01 1.635506819138833805e+02
1.396421569279709018e+01 1.635035364491957921e+02
1.405240472363081139e+01 1.634563909845082037e+02
1.414059375446453259e+01 1.634092455198206153e+02
1.422878278529825380e+01 1.633621000551330269e+02
1.431697181613197500e+01 1.633149545904454385e+02
1.440516084696569621e+01 1.632678091257578501e+02
1.449334987779941741e+01 1.632206636610702617e+02
1.458153890863313862e+01 1.631735181963826733e+02
1.466972793946685982e+01 1.631263727316950849e+02
1.475791697030058103e+01 1.630792272670074965e+02
1.484610600113430223e+01 1.630320818023199081e+02
1.493429503196802344e+01 1.629849363376323197e+02
1.502248406280174464e+01 1.629377908729447313e+02
1.511067309363546585e+01 1.628906454082571429e+02
1.519886212446918705e+01 1.628434999435695545e+02
1.528705115530290826e+01 1.627963544788819661e+02
1.537524018613662946e+01 1.627492090141943777e+02
1.546342921697035067e+01 1.627020635495067893e+02
1.555161824780407187e+01 1.626549180848192009e+02
1.563980727863779308e+01 1.626077726201316125e+02
1.572799630947151428e+01 1.625606271554440241e+02
1.581618534030523548e+01 1.625134816907564357e+02
1.590437437113895669e+01 1.624663362260688473e+02
1.599256340197267789e+01 1.624191907613812589e+02
1.608075243280639910e+01 1.623720452966936705e+02
1.616894146364012030e+01 1.623248998320060821e+02
1.625713049447384151e+01 1.622777543673184937e+02
1.634531952530756271e+01 1.622306089026309053e+02
1.643350855614128392e+01 1.621834634379433169e+02
1.652169758697500512e+01 1.621363179732557285e+02
1.660988661780872633e+01 1.620891725085681401e+02
1.669807564864244753e+01 1.620420270438805517e+02
1.678626467947616874e+01 1.619948815791929633e+02
1.687445371030988994e+01 1.619477361145053749e+02
1.696264274114361115e+01 1.619005906498177865e+02
1.705083177197733235e+01 1.618534451851301981e+02
1.713902080281105356e+01 1.618062997204426097e+02
1.722720983364477476e+01 1.617591542557550213e+02
1.731539886447849597e+01 1.617120087910674329e+02
1.740358789531221717e+01 1.616648633263798445e+02
1.749177692614593838e+01 1.616177178616922561e+02
1.757996595697965958e+01 1.615705723970046677e+02
1.766815498781338079e+01 1.615234269323170793e+02
1.775634401864710199e+01 1.614762814676294909e+02
1.784453304948082319e+01 1.614291360029419025e+02
1.793272208031454440e+01 1.613819905382543141e+02
1.802091111114826560e+01 1.613348450735667257e+02
1.810910014198198681e+01 1.612876996088791373e+02
1.819728917281570801e+01 1.612405541441915489e+02
1.828547820364942922e+01 1.611934086795039605e+02
1.837366723448315042e+01 1.611462632148163721e+02
1.846185626531687163e+01 1.610991177501287837e+02
1.855004529615059283e+01 1.610519722854411953e+02
1.863823432698431404e+01 1.610048268207536069e+02
1.872642335781803524e+01 1.609576813560660185e+02
1.881461238865175645e+01 1.609105358913784301e+02
1.890280141948547765e+01 1.608633904266908417e+02
1.899099045031919886e+01 1.608162449620032532e+02
1.907917948115292006e+01 1.607690994973156648e+02
1.916736851198664127e+01 1.607219540326280764e+02
1.925555754282036247e+01 1.606748085679404880e+02
1.934374657365408368e+01 1.606276631032528996e+02
1.943193560448780488e+01 1.605805176385653112e+02
1.952012463532152609e+01 1.605333721738777228e+02
1.960831366615524729e+01 1.604862267091901344e+02
1.969650269698896849e+01 1.604390812445025460e+02
1.978469172782268970e+01 1.603919357798149576e+02
1.987288075865641090e+01 1.603447903151273692e+02
1.996106978949013211e+01 1.602976448504397808e+02
2.004925882032385331e+01 1.602504993857521924e+02
2.013744785115757452e+01 1.602033539210646040e+02
2.022563688199129572e+01 1.601562084563770156e+02
2.031382591282501693e+01 1.601090629916894272e+02
2.040201494365873813e+01 1.600619175270018388e+02
2.049020397449245934e+01 1.600147720623142504e+02
2.057839300532618054e+01 1.599676265976266620e+02
2.066658203615990175e+01 1.599204811329390736e+02
2.075477106699362295e+01 1.598733356682514852e+02
2.084296009782734416e+01 1.598261902035638968e+02
2.093114912866106536e+01 1.597790447388763084e+02
2.101933815949478657e+01 1.597318992741887200e+02
2.110752719032850777e+01 1.596847538095011316e+02
2.119571622116222898e+01 1.596376083448135432e+02
2.128390525199595018e+01 1.595904628801259548e+02
2.137209428282967139e+01 1.595433174154383664e+02
2.146028331366339259e+01 1.594961719507507780e+02
2.154847234449711380e+01 1.594490264860631896e+02
2.163666137533083500e+01 1.594018810213756012e+02
2.172485040616455620e+01 1.593547355566880128e+02
2.181303943699827741e+01 1.593075900920004244e+02
2.190122846783199861e+01 1.592604446273128360e+02
2.198941749866571982e+01 1.592132991626252476e+02
2.207760652949944102e+01 1.591661536979376592e+02
2.216579556033316223e+01 1.591190082332500708e+02
2.225398459116688343e+01 1.590718627685624824e+02
2.234217362200060464e+01 1.590247173038748940e+02
2.243036265283432584e+01 1.589775718391873056e+02
2.251855168366804705e+01 1.589304263744997172e+02
2.260674071450176825e+01 1.588832809098121288e+02
2.269492974533548946e+01 1.588361354451245404e+02
2.278311877616921066e+01 1.587889899804369520e+02
2.287130780700293187e+01 1.587418445157493636e+02
2.295949683783665307e+01 1.586946990510617752e+02
2.304768586867037428e+01 1.586475535863741868e+02
2.313587489950409548e+01 1.586004081216865984e+02
2.322406393033781669e+01 1.585532626569990100e+02
2.331225296117153789e+01 1.585061171923114216e+02
2.340044199200525910e+01 1.584589717276238332e+02
2.348863102283898030e+01 1.584118262629362448e+02
2.357682005367270150e+01 1.583646807982486564e+02
2.366500908450642271e+01 1.583175353335610680e+02
2.375319811534014391e+01 1.582703898688734796e+02
2.384138714617386512e+01 1.582232444041858912e+02
2.392957617700758632e+01 1.581760989394983028e+02
2.401776520784130753e+01 1.581289534748107144e+02
2.410595423867502873e+01 1.580818080101231260e+02
2.419414326950874994e+01 1.580346625454355376e+02
2.428233230034247114e+01 1.579875170807479492e+02
2.437052133117619235e+01 1.579403716160603608e+02
2.445871036200991355e+01 1.578932261513727724e+02
2.454689939284363476e+01 1.578460806866851840e+02
2.463508842367735596e+01 1.577989352219975956e+02
2.472327745451107717e+01 1.577517897573100072e+02
2.481146648534479837e+01 1.577046442926224188e+02
2.489965551617851958e+01 1.576574988279348304e+02
2.498784454701224078e+01 1.576103533632472420e+02
2.507603357784596199e+01 1.575632078985596536e+02
2.516422260867968319e+01 1.575160624338720652e+02
2.525241163951340440e+01 1.574689169691844768e+02
2.534060067034712560e+01 1.574217715044968884e+02
2.542878970118084681e+01 1.573746260398093000e+02
2.551697873201456801e+01 1.573274805751217116e+02
2.560516776284828921e+01 1.572803351104341232e+02
2.569335679368201042e+01 1.572331896457465348e+02
2.578154582451573162e+01 1.571860441810589464e+02
2.586973485534945283e+01 1.571388987163713580e+02
2.595792388618317403e+01 1.570917532516837696e+02
2.604611291701689524e+01 1.570446077869961812e+02
2.613430194785061644e+01 1.569974623223085928e+02
2.622249097868433765e+01 1.569503168576210044e+02
2.631068000951805885e+01 1.569031713929334160e+02
2.639886904035178006e+01 1.568560259282458276e+02
2.648705807118550126e+01 1.568088804635582392e+02
2.657524710201922247e+01 1.567617349988706508e+02
2.666343613285294367e+01 1.567145895341830624e+02
2.675162516368666488e+01 1.566674440694954740e+02
2.683981419452038608e+01 1.566202986048078856e+02
2.692800322535410729e+01 1.565731531401202972e+02
2.701619225618782849e+01 1.565260076754327088e+02
2.710438128702154970e+01 1.564788622107451204e+02
2.719257031785527090e+01 1.564317167460575320e+02
2.728075934868899211e+01 1.563845712813699436e+02
2.736894837952271331e+01 1.563374258166823552e+02
2.745713741035643451e+01 1.562902803519947668e+02
2.754532644119015572e+01 1.562431348873071784e+02
2.763351547202387692e+01 1.561959894226195900e+02
2.772170450285759813e+01 1.561488439579320016e+02
2.780989353369131933e+01 1.561016984932444132e+02
2.789808256452504054e+01 1.560545530285568248e+02
2.798627159535876174e+01 1.560074075638692364e+02
2.807446062619248295e+01 1.559602620991816480e+02
2.816264965702620415e+01 1.559131166344940596e+02
2.825083868785992536e+01 1.558659711698064712e+02
2.833902771869364656e+01 1.558188257051188828e+02
2.842721674952736777e+01 1.557716802404312944e+02
2.851540578036108897e+01 1.557245347757437059e+02
2.860359481119481018e+01 1.556773893110561175e+02
2.869178384202853138e+01 1.556302438463685291e+02
2.877997287286225259e+01 1.555830983816809407e+02
2.886816190369597379e+01 1.555359529169933523e+02
2.895635093452969500e+01 1.554888074523057639e+02
2.904453996536341620e+01 1.554416619876181755e+02
2.913272899619713741e+01 1.553945165229305871e+02
2.922091802703085861e+01 1.553473710582429987e+02
2.930910705786457982e+01 1.553002255935554103e+02
2.939729608869830102e+01 1.552530801288678219e+02
2.948548511953202222e+01 1.552059346641802335e+02
2.957367415036574343e+01 1.551587891994926451e+02
2.966186318119946463e+01 1.551116437348050567e+02
2.975005221203318584e+01 1.550644982701174683e+02
2.983824124286690704e+01 1.550173528054298799e+02
2.992643027370062825e+01 1.549702073407422915e+02
3.001461930453434945e+01 1.549230618760547031e+02
3.010280833536807066e+01 1.548759164113671147e+02
3.019099736620179186e+01 1.548287709466795263e+02
3.027918639703551307e+01 1.547816254819919379e+02
3.036737542786923427e+01 1.547344800173043495e+02
3.045556445870295548e+01 1.546873345526167611e+02
3.054375348953667668e+01 1.546401890879291727e+02
3.063194252037039789e+01 1.545930436232415843e+02
3.072013155120411909e+01 1.545458981585539959e+02
3.080832058203784030e+01 1.544987526938664075e+02
3.089650961287156150e+01 1.544516072291788191e+02
3.098469864370528271e+01 1.544044617644912307e+02
3.107288767453900391e+01 1.543573162998036423e+02
3.116107670537272512e+01 1.543101708351160539e+02
3.124926573620644632e+01 1.542630253704284655e+02
3.133745476704016752e+01 1.542158799057408771e+02
3.142564379787388873e+01 1.541687344410532887e+02
3.151383282870760993e+01 1.541215889763657003e+02
3.160202185954133114e+01 1.540744435116781119e+02
3.169021089037505234e+01 1.540272980469905235e+02
3.177839992120877355e+01 1.539801525823029351e+02
3.186658895204249475e+01 1.539330071176153467e+02
3.195477798287621596e+01 1.538858616529277583e+02
3.204296701370993361e+01 1.538387161882401699e+02
3.213115604454365126e+01 1.537915707235525815e+02
3.221934507537736891e+01 1.537444252588649931e+02
3.230753410621108657e+01 1.536972797941774047e+02
3.239572313704480422e+01 1.536501343294898163e+02
3.248391216787852187e+01 1.536029888648022279e+02
3.257210119871223952e+01 1.535558434001146395e+02
3.266029022954595717e+01 1.535086979354270511e+02
3.274847926037967483e+01 1.534615524707394627e+02
3.283666829121339248e+01 1.534144070060518743e+02
3.292485732204711013e+01 1.533672615413642859e+02
3.301304635288082778e+01 1.533201160766766975e+02
3.310123538371454543e+01 1.532729706119891091e+02
3.318942441454826309e+01 1.532258251473015207e+02
3.327761344538198074e+01 1.531786796826139323e+02
3.336580247621569839e+01 1.531315342179263439e+02
3.345399150704941604e+01 1.530843887532387555e+02
3.354218053788313370e+01 1.530372432885511671e+02
3.363036956871685135e+01 1.529900978238635787e+02
3.371855859955056900e+01 1.529429523591759903e+02
3.380674763038428665e+01 1.528958068944884019e+02
3.389493666121800430e+01 1.528486614298008135e+02
3.398312569205172196e+01 1.528015159651132251e+02
3.407131472288543961e+01 1.527543705004256367e+02
3.415950375371915726e+01 1.527072250357380483e+02
3.424769278455287491e+01 1.526600795710504599e+02
3.433588181538659256e+01 1.526129341063628715e+02
3.442407084622031022e+01 1.525657886416752831e+02
3.451225987705402787e+01 1.525186431769876947e+02
3.460044890788774552e+01 1.524714977123001063e+02
3.468863793872146317e+01 1.524243522476125179e+02
3.477682696955518082e+01 1.523772067829249295e+02
3.486501600038889848e+01 1.523300613182373411e+02
3.495320503122261613e+01 1.522829158535497527e+02
3.504139406205633378e+01 1.522357703888621643e+02
3.512958309289005143e+01 1.521886249241745759e+02
3.521777212372376908e+01 1.521414794594869875e+02
3.530596115455748674e+01 1.520943339947993991e+02
3.539415018539120439e+01 1.520471885301118107e+02
3.548233921622492204e+01 1.520000430654242223e+02
3.557052824705863969e+01 1.519528976007366339e+02
3.565871727789235734e+01 1.519057521360490455e+02
3.574690630872607500e+01 1.518586066713614571e+02
3.583509533955979265e+01 1.518114612066738687e+02
3.592328437039351030e+01 1.517643157419862803e+02
3.601147340122722795e+01 1.517171702772986919e+02
3.609966243206094560e+01 1.516700248126111035e+02
3.618785146289466326e+01 1.516228793479235151e+02
3.627604049372838091e+01 1.515757338832359267e+02
3.636422952456209856e+01 1.515285884185483383e+02
3.645241855539581621e+01 1.514814429538607499e+02
3.654060758622953387e+01 1.514342974891731615e+02
3.662879661706325152e+01 1.513871520244855731e+02
3.671698564789696917e+01 1.513400065597979847e+02
3.680517467873068682e+01 1.512928610951103963e+02
3.689336370956440447e+01 1.512457156304228079e+02
3.698155274039812213e+01 1.511985701657352195e+02
3.706974177123183978e+01 1.511514247010476311e+02
3.715793080206555743e+01 1.511042792363600427e+02
3.724611983289927508e+01 1.510571337716724543e+02
3.733430886373299273e+01 1.510099883069848659e+02
3.742249789456671039e+01 1.509628428422972775e+02
3.751068692540042804e+01 1.509156973776096891e+02
3.759887595623414569e+01 1.508685519129221007e+02
3.768706498706786334e+01 1.508214064482345123e+02
3.777525401790158099e+01 1.507742609835469239e+02
3.786344304873529865e+01 1.507271155188593355e+02
3.795163207956901630e+01 1.506799700541717471e+02
3.803982111040273395e+01 1.506328245894841587e+02
3.812801014123645160e+01 1.505856791247965702e+02
3.821619917207016925e+01 1.505385336601089818e+02
3.830438820290388691e+01 1.504913881954213934e+02
3.839257723373760456e+01 1.504442427307338050e+02
3.848076626457132221e+01 1.503970972660462166e+02
3.856895529540503986e+01 1.503499518013586282e+02
3.865714432623875751e+01 1.503028063366710398e+02
3.874533335707247517e+01 1.502556608719834514e+02
3.883352238790619282e+01 1.502085154072958630e+02
3.892171141873991047e+01 1.501613699426082746e+02
3.900990044957362812e+01 1.501142244779206862e+02
3.909808948040734577e+01 1.500670790132330978e+02
3.918627851124106343e+01 1.500199335485455094e+02
3.927446754207478108e+01 1.499727880838579210e+02
3.936265657290849873e+01 1.499256426191703326e+02
3.945084560374221638e+01 1.498784971544827442e+02
3.953903463457593404e+01 1.498313516897951558e+02
3.962722366540965169e+01 1.497842062251075674e+02
3.971541269624336934e+01 1.497370607604199790e+02
3.980360172707708699e+01 1.496899152957323906e+02
3.989179075791080464e+01 1.496427698310448022e+02
3.997997978874452230e+01 1.495956243663572138e+02
4.006816881957823995e+01 1.495484789016696254e+02
4.015635785041195760e+01 1.495013334369820370e+02
4.024454688124567525e+01 1.494541879722944486e+02
4.033273591207939290e+01 1.494070425076068602e+02
4.042092494291311056e+01 1.493598970429192718e+02
4.050911397374682821e+01 1.493127515782316834e+02
4.059730300458054586e+01 1.492656061135440950e+02
4.068549203541426351e+01 1.492184606488565066e+02
4.077368106624798116e+01 1.491713151841689182e+02
4.086187009708169882e+01 1.491241697194813298e+02
4.095005912791541647e+01 1.490770242547937414e+02
4.103824815874913412e+01 1.490298787901061530e+02
4.112643718958285177e+01 1.489827333254185646e+02
4.121462622041656942e+01 1.489355878607309762e+02
4.130281525125028708e+01 1.488884423960433878e+02
4.139100428208400473e+01 1.488412969313557994e+02
4.147919331291772238e+01 1.487941514666682110e+02
4.156738234375144003e+01 1.487470060019806226e+02
4.165557137458515768e+01 1.486998605372930342e+02
4.174376040541887534e+01 1.486527150726054458e+02
4.183194943625259299e+01 1.486055696079178574e+02
4.192013846708631064e+01 1.485584241432302690e+02
4.200832749792002829e+01 1.485112786785426806e+02
4.209651652875374594e+01 1.484641332138550922e+02
4.218470555958746360e+01 1.484169877491675038e+02
4.227289459042118125e+01 1.483698422844799154e+02
4.236108362125489890e+01 1.483226968197923270e+02
4.244927265208861655e+01 1.482755513551047386e+02
4.253746168292233421e+01 1.482284058904171502e+02
4.262565071375605186e+01 1.481812604257295618e+02
4.271383974458976951e+01 1.481341149610419734e+02
4.280202877542348716e+01 1.480869694963543850e+02
4.289021780625720481e+01 1.480398240316667966e+02
4.297840683709092247e+01 1.479926785669792082e+02
4.306659586792464012e+01 1.479455331022916198e+02
4.315478489875835777e+01 1.478983876376040314e+02
4.324297392959207542e+01 1.478512421729164430e+02
4.333116296042579307e+01 1.478040967082288546e+02
4.341935199125951073e+01 1.477569512435412662e+02
4.350754102209322838e+01 1.477098057788536778e+02
4.359573005292694603e+01 1.476626603141660894e+02
4.368391908376066368e+01 1.476155148494785010e+02
4.377210811459438133e+01 1.475683693847909126e+02
4.386029714542809899e+01 1.475212239201033242e+02
4.394848617626181664e+01 1.474740784554157358e+02
4.403667520709553429e+01 1.474269329907281474e+02
4.412486423792925194e+01 1.473797875260405590e+02
4.421305326876296959e+01 1.473326420613529706e+02
4.430124229959668725e+01 1.472854965966653822e+02
4.438943133043040490e+01 1.472383511319777938e+02
4.447762036126412255e+01 1.471912056672902054e+02
4.456580939209784020e+01 1.471440602026026170e+02
4.465399842293155785e+01 1.470969147379150286e+02
4.474218745376527551e+01 1.470497692732274402e+02
4.483037648459899316e+01 1.470026238085398518e+02
4.491856551543271081e+01 1.469554783438522634e+02
4.500675454626642846e+01 1.469083328791646750e+02
4.509494357710014611e+01 1.468611874144770866e+02
4.518313260793386377e+01 1.468140419497894982e+02
4.527132163876758142e+01 1.467668964851019098e+02
4.535951066960129907e+01 1.467197510204143214e+02
4.544769970043501672e+01 1.466726055557267330e+02
4.553588873126873438e+01 1.466254600910391446e+02
4.562407776210245203e+01 1.465783146263515562e+02
4.571226679293616968e+01 1.465311691616639678e+02
4.580045582376988733e+01 1.464840236969763794e+02
4.588864485460360498e+01 1.464368782322887910e+02
4.597683388543732264e+01 1.463897327676012026e+02
4.606502291627104029e+01 1.463425873029136142e+02
4.615321194710475794e+01 1.462954418382260258e+02
4.624140097793847559e+01 1.462482963735384374e+02
4.632959000877219324e+01 1.462011509088508490e+02
4.641777903960591090e+01 1.461540054441632606e+02
4.650596807043962855e+01 1.461068599794756722e+02
4.659415710127334620e+01 1.460597145147880838e+02
4.668234613210706385e+01 1.460125690501004954e+02
4.677053516294078150e+01 1.459654235854129070e+02
4.685872419377449916e+01 1.459182781207253186e+02
4.694691322460821681e+01 1.458711326560377302e+02
4.703510225544193446e+01 1.458239871913501418e+02
4.712329128627565211e+01 1.457768417266625534e+02
4.721148031710936976e+01 1.457296962619749650e+02
4.729966934794308742e+01 1.456825507972873766e+02
4.738785837877680507e+01 1.456354053325997882e+02
4.747604740961052272e+01 1.455882598679121998e+02
4.756423644044424037e+01 1.455411144032246114e+02
4.765242547127795802e+01 1.454939689385370230e+02
4.774061450211167568e+01 1.454468234738494345e+02
4.782880353294539333e+01 1.453996780091618461e+02
4.791699256377911098e+01 1.453525325444742577e+02
4.800518159461282863e+01 1.453053870797866693e+02
4.809337062544654628e+01 1.452582416150990809e+02
4.818155965628026394e+01 1.452110961504114925e+02
4.826974868711398159e+01 1.451639506857239041e+02
4.835793771794769924e+01 1.451168052210363157e+02
4.844612674878141689e+01 1.450696597563487273e+02
4.853431577961513455e+01 1.450225142916611389e+02
4.862250481044885220e+01 1.449753688269735505e+02
4.871069384128256985e+01 1.449282233622859621e+02
4.879888287211628750e+01 1.448810778975983737e+02
4.888707190295000515e+01 1.448339324329107853e+02
4.897526093378372281e+01 1.447867869682231969e+02
4.906344996461744046e+01 1.447396415035356085e+02
4.915163899545115811e+01 1.446924960388480201e+02
4.923982802628487576e+01 1.446453505741604317e+02
4.932801705711859341e+01 1.445982051094728433e+02
4.941620608795231107e+01 1.445510596447852549e+02
4.950439511878602872e+01 1.445039141800976665e+02
4.959258414961974637e+01 1.444567687154100781e+02
4.968077318045346402e+01 1.444096232507224897e+02
4.976896221128718167e+01 1.443624777860349013e+02
4.985715124212089933e+01 1.443153323213473129e+02
4.994534027295461698e+01 1.442681868566597245e+02
5.003352930378833463e+01 1.442210413919721361e+02
5.012171833462205228e+01 1.441738959272845477e+02
5.020990736545576993e+01 1.441267504625969593e+02
5.029809639628948759e+01 1.440796049979093709e+02
5.038628542712320524e+01 1.440324595332217825e+02
5.047447445795692289e+01 1.439853140685341941e+02
5.056266348879064054e+01 1.439381686038466057e+02
5.065085251962435819e+01 1.438910231391590173e+02
5.073904155045807585e+01 1.438438776744714289e+02
5.082723058129179350e+01 1.437967322097838405e+02
5.091541961212551115e+01 1.437495867450962521e+02
5.100360864295922880e+01 1.437024412804086637e+02
5.109179767379294645e+01 1.436552958157210753e+02
5.117998670462666411e+01 1.436081503510334869e+02
5.126817573546038176e+01 1.435610048863458985e+02
5.135636476629409941e+01 1.435138594216583101e+02
5.144455379712781706e+01 1.434667139569707217e+02
5.153274282796153472e+01 1.434195684922831333e+02
5.162093185879525237e+01 1.433724230275955449e+02
5.170912088962897002e+01 1.433252775629079565e+02
5.179730992046268767e+01 1.432781320982203681e+02
5.188549895129640532e+01 1.432309866335327797e+02
5.197368798213012298e+01 1.431838411688451913e+02
5.206187701296384063e+01 1.431366957041576029e+02
5.215006604379755828e+01 1.430895502394700145e+02
5.223825507463127593e+01 1.430424047747824261e+02
5.232644410546499358e+01 1.429952593100948377e+02
5.241463313629871124e+01 1.429481138454072493e+02
5.250282216713242889e+01 1.429009683807196609e+02
5.259101119796614654e+01 1.428538229160320725e+02
5.267920022879986419e+01 1.428066774513444841e+02
5.276738925963358184e+01 1.427595319866568957e+02
5.285557829046729950e+01 1.427123865219693073e+02
5.294376732130101715e+01 1.426652410572817189e+02
5.303195635213473480e+01 1.426180955925941305e+02
5.312014538296845245e+01 1.425709501279065421e+02
5.320833441380217010e+01 1.425238046632189537e+02
5.329652344463588776e+01 1.424766591985313653e+02
5.338471247546960541e+01 1.424295137338437769e+02
5.347290150630332306e+01 1.423823682691561885e+02
5.356109053713704071e+01 1.423352228044686001e+02
5.364927956797075836e+01 1.422880773397810117e+02
5.373746859880447602e+01 1.422409318750934233e+02
5.382565762963819367e+01 1.421937864104058349e+02
5.391384666047191132e+01 1.421466409457182465e+02
5.400203569130562897e+01 1.420994954810306581e+02
5.409022472213934662e+01 1.420523500163430697e+02
5.417841375297306428e+01 1.420052045516554813e+02
5.426660278380678193e+01 1.419580590869678929e+02
5.435479181464049958e+01 1.419109136222803045e+02
5.444298084547421723e+01 1.418637681575927161e+02
5.453116987630793489e+01 1.418166226929051277e+02
5.461935890714165254e+01 1.417694772282175393e+02
5.470754793797537019e+01 1.417223317635299509e+02
5.479573696880908784e+01 1.416751862988423625e+02
5.488392599964280549e+01 1.416280408341547741e+02
5.497211503047652315e+01 1.415808953694671857e+02
5.506030406131024080e+01 1.415337499047795973e+02
5.514849309214395845e+01 1.414866044400920089e+02
5.523668212297767610e+01 1.414394589754044205e+02
5.532487115381139375e+01 1.413923135107168321e+02
5.541306018464511141e+01 1.413451680460292437e+02
5.550124921547882906e+01 1.412980225813416553e+02
5.558943824631254671e+01 1.412508771166540669e+02
5.567762727714626436e+01 1.412037316519664785e+02
5.576581630797998201e+01 1.411565861872788901e+02
5.585400533881369967e+01 1.411094407225913017e+02
5.594219436964741732e+01 1.410622952579037133e+02
5.603038340048113497e+01 1.410151497932161249e+02
5.611857243131485262e+01 1.409680043285285365e+02
5.620676146214857027e+01 1.409208588638409481e+02
5.629495049298228793e+01 1.408737133991533597e+02
5.638313952381600558e+01 1.408265679344657713e+02
5.647132855464972323e+01 1.407794224697781829e+02
5.655951758548344088e+01 1.407322770050905945e+02
5.664770661631715853e+01 1.406851315404030061e+02
5.673589564715087619e+01 1.406379860757154177e+02
5.682408467798459384e+01 1.405908406110278293e+02
5.691227370881831149e+01 1.405436951463402409e+02
5.700046273965202914e+01 1.404965496816526525e+02
5.708865177048574679e+01 1.404494042169650641e+02
5.717684080131946445e+01 1.404022587522774757e+02
5.726502983215318210e+01 1.403551132875898872e+02
5.735321886298689975e+01 1.403079678229022988e+02
5.744140789382061740e+01 1.402608223582147104e+02
5.752959692465433506e+01 1.402136768935271220e+02
5.761778595548805271e+01 1.401665314288395336e+02
5.770597498632177036e+01 1.401193859641519452e+02
5.779416401715548801e+01 1.400722404994643568e+02
5.788235304798920566e+01 1.400250950347767684e+02
5.797054207882292332e+01 1.399779495700891800e+02
5.805873110965664097e+01 1.399308041054015916e+02
5.814692014049035862e+01 1.398836586407140032e+02
5.823510917132407627e+01 1.398365131760264148e+02
5.832329820215779392e+01 1.397893677113388264e+02
5.841148723299151158e+01 1.397422222466512380e+02
5.849967626382522923e+01 1.396950767819636496e+02
5.858786529465894688e+01 1.396479313172760612e+02
5.867605432549266453e+01 1.396007858525884728e+02
5.876424335632638218e+01 1.395536403879008844e+02
5.885243238716009984e+01 1.395064949232132960e+02
5.894062141799381749e+01 1.394593494585257076e+02
5.902881044882753514e+01 1.394122039938381192e+02
5.911699947966125279e+01 1.393650585291505308e+02
5.920518851049497044e+01 1.393179130644629424e+02
5.929337754132868810e+01 1.392707675997753540e+02
5.938156657216240575e+01 1.392236221350877656e+02
5.946975560299612340e+01 1.391764766704001772e+02
5.955794463382984105e+01 1.391293312057125888e+02
5.964613366466355870e+01 1.390821857410250004e+02
5.973432269549727636e+01 1.390350402763374120e+02
5.984181918264180666e+01 1.389775731311498248e+02
5.984501412718290680e+01 1.390775220797655152e+02
5.984820907172400695e+01 1.391774710283812055e+02
5.985140401626510709e+01 1.392774199769968959e+02
5.985459896080620723e+01 1.393773689256125863e+02
5.985779390534730737e+01 1.394773178742282767e+02
5.986098884988840751e+01 1.395772668228439670e+02
5.986418379442950766e+01 1.396772157714596574e+02
5.986737873897060780e+01 1.397771647200753478e+02
5.987057368351170794e+01 1.398771136686910381e+02
5.987376862805280808e+01 1.399770626173067285e+02
5.987696357259390822e+01 1.400770115659224189e+02
5.988015851713500837e+01 1.401769605145381092e+02
5.988335346167610851e+01 1.402769094631537996e+02
5.988654840621720865e+01 1.403768584117694900e+02
5.988974335075830879e+01 1.404768073603851803e+02
5.989293829529940894e+01 1.405767563090008707e+02
5.989613323984050908e+01 1.406767052576165611e+02
5.989932818438160922e+01 1.407766542062322515e+02
5.990252312892270936e+01 1.408766031548479418e+02
5.990571807346380950e+01 1.409765521034636322e+02
5.990891301800490965e+01 1.410765010520793226e+02
5.991210796254600979e+01 1.411764500006950129e+02
5.991530290708710993e+01 1.412763989493107033e+02
5.991849785162821007e+01 1.413763478979263937e+02
5.992169279616931021e+01 1.414762968465420840e+02
5.992488774071041036e+01 1.415762457951577744e+02
5.992808268525151050e+01 1.416761947437734648e+02
5.993127762979261064e+01 1.417761436923891551e+02
5.993447257433371078e+01 1.418760926410048455e+02
5.993766751887481092e+01 1.419760415896205359e+02
5.994086246341591107e+01 1.420759905382362263e+02
5.994405740795701121e+01 1.421759394868519166e+02
5.994725235249811135e+01 1.422758884354676070e+02
5.995044729703921149e+01 1.423758373840832974e+02
5.995364224158031163e+01 1.424757863326989877e+02
5.995683718612141178e+01 1.425757352813146781e+02
5.996003213066251192e+01 1.426756842299303685e+02
5.996322707520361206e+01 1.427756331785460588e+02
5.996642201974471220e+01 1.428755821271617492e+02
5.996961696428581234e+01 1.429755310757774396e+02
5.997281190882691249e+01 1.430754800243931300e+02
5.997600685336801263e+01 1.431754289730088203e+02
5.997920179790911277e+01 1.432753779216245107e+02
5.998239674245021291e+01 1.433753268702402011e+02
5.998559168699131305e+01 1.434752758188558914e+02
5.998878663153241320e+01 1.435752247674715818e+02
5.999198157607351334e+01 1.436751737160872722e+02
5.999517652061461348e+01 1.437751226647029625e+02
5.999837146515571362e+01 1.438750716133186529e+02
6.000156640969681376e+01 1.439750205619343433e+02
6.000476135423791391e+01 1.440749695105500336e+02
6.000795629877901405e+01 1.441749184591657240e+02
6.001115124332011419e+01 1.442748674077814144e+02
6.001434618786121433e+01 1.443748163563971048e+02
6.001754113240231447e+01 1.444747653050127951e+02
6.002073607694341462e+01 1.445747142536284855e+02
6.002393102148451476e+01 1.446746632022441759e+02
6.002712596602561490e+01 1.447746121508598662e+02
6.003032091056671504e+01 1.448745610994755566e+02
6.003351585510781518e+01 1.449745100480912470e+02
6.003671079964891533e+01 1.450744589967069373e+02
6.003990574419001547e+01 1.451744079453226277e+02
6.004310068873111561e+01 1.452743568939383181e+02
6.004629563327221575e+01 1.453743058425540084e+02
6.004949057781331589e+01 1.454742547911696988e+02
6.005268552235441604e+01 1.455742037397853892e+02
6.005588046689551618e+01 1.456741526884010796e+02
6.005907541143661632e+01 1.457741016370167699e+02
6.006227035597771646e+01 1.458740505856324603e+02
6.006546530051881660e+01 1.459739995342481507e+02
6.006866024505991675e+01 1.460739484828638410e+02
6.007185518960101689e+01 1.461738974314795314e+02
6.007505013414211703e+01 1.462738463800952218e+02
6.007824507868321717e+01 1.463737953287109121e+02
6.008144002322431731e+01 1.464737442773266025e+02
6.008463496776541746e+01 1.465736932259422929e+02
6.008782991230651760e+01 1.466736421745579833e+02
6.009102485684761774e+01 1.467735911231736736e+02
6.009421980138871788e+01 1.468735400717893640e+02
6.009741474592981803e+01 1.469734890204050544e+02
6.010060969047091817e+01 1.470734379690207447e+02
6.010380463501201831e+01 1.471733869176364351e+02
6.010699957955311845e+01 1.472733358662521255e+02
6.011019452409421859e+01 1.473732848148678158e+02
6.011338946863531874e+01 1.474732337634835062e+02
6.011658441317641888e+01 1.475731827120991966e+02
6.011977935771751902e+01 1.476731316607148869e+02
6.012297430225861916e+01 1.477730806093305773e+02
6.012616924679971930e+01 1.478730295579462677e+02
6.012936419134081945e+01 1.479729785065619581e+02
6.013255913588191959e+01 1.480729274551776484e+02
6.013575408042301973e+01 1.481728764037933388e+02
6.013894902496411987e+01 1.482728253524090292e+02
6.014214396950522001e+01 1.483727743010247195e+02
6.014533891404632016e+01 1.484727232496404099e+02
6.014853385858742030e+01 1.485726721982561003e+02
6.015172880312852044e+01 1.486726211468717906e+02
6.015492374766962058e+01 1.487725700954874810e+02
6.015811869221072072e+01 1.488725190441031714e+02
6.016131363675182087e+01 1.489724679927188618e+02
6.016450858129292101e+01 1.490724169413345521e+02
6.016770352583402115e+01 1.491723658899502425e+02
6.017089847037512129e+01 1.492723148385659329e+02
6.017409341491622143e+01 1.493722637871816232e+02
6.017728835945732158e+01 1.494722127357973136e+02
6.018048330399842172e+01 1.495721616844130040e+02
6.018367824853952186e+01 1.496721106330286943e+02
6.018687319308062200e+01 1.497720595816443847e+02
6.019006813762172214e+01 1.498720085302600751e+02
6.019326308216282229e+01 1.499719574788757654e+02
6.019645802670392243e+01 1.500719064274914558e+02
6.019965297124502257e+01 1.501718553761071462e+02
6.020284791578612271e+01 1.502718043247228366e+02
6.020604286032722285e+01 1.503717532733385269e+02
6.020923780486832300e+01 1.504717022219542173e+02
6.021243274940942314e+01 1.505716511705699077e+02
6.021562769395052328e+01 1.506716001191855980e+02
6.021882263849162342e+01 1.507715490678012884e+02
6.022201758303272356e+01 1.508714980164169788e+02
6.022521252757382371e+01 1.509714469650326691e+02
6.022840747211492385e+01 1.510713959136483595e+02
6.023160241665602399e+01 1.511713448622640499e+02
6.023479736119712413e+01 1.512712938108797402e+02
6.023799230573822427e+01 1.513712427594954306e+02
6.024118725027932442e+01 1.514711917081111210e+02
6.024438219482042456e+01 1.515711406567268114e+02
6.024757713936152470e+01 1.516710896053425017e+02
6.025077208390262484e+01 1.517710385539581921e+02
6.025396702844372498e+01 1.518709875025738825e+02
6.025716197298482513e+01 1.519709364511895728e+02
6.026035691752592527e+01 1.520708853998052632e+02
6.026355186206702541e+01 1.521708343484209536e+02
6.026674680660812555e+01 1.522707832970366439e+02
6.026994175114922569e+01 1.523707322456523343e+02
6.027313669569032584e+01 1.524706811942680247e+02
6.027633164023142598e+01 1.525706301428837151e+02
6.027952658477252612e+01 1.526705790914994054e+02
6.028272152931362626e+01 1.527705280401150958e+02
6.028591647385472641e+01 1.528704769887307862e+02
6.028911141839582655e+01 1.529704259373464765e+02
6.029230636293692669e+01 1.530703748859621669e+02
6.029550130747802683e+01 1.531703238345778573e+02
6.029869625201912697e+01 1.532702727831935476e+02
6.030189119656022712e+01 1.533702217318092380e+02
6.030508614110132726e+01 1.534701706804249284e+02
6.030828108564242740e+01 1.535701196290406187e+02
6.031147603018352754e+01 1.536700685776563091e+02
6.031467097472462768e+01 1.537700175262719995e+02
6.031786591926572783e+01 1.538699664748876899e+02
6.032106086380682797e+01 1.539699154235033802e+02
6.032425580834792811e+01 1.540698643721190706e+02
6.032745075288902825e+01 1.541698133207347610e+02
6.033064569743012839e+01 1.542697622693504513e+02
6.033384064197122854e+01 1.543697112179661417e+02
6.033703558651232868e+01 1.544696601665818321e+02
6.034023053105342882e+01 1.545696091151975224e+02
6.034342547559452896e+01 1.546695580638132128e+02
6.034662042013562910e+01 1.547695070124289032e+02
6.034981536467672925e+01 1.548694559610445936e+02
6.035301030921782939e+01 1.549694049096602839e+02
6.035620525375892953e+01 1.550693538582759743e+02
6.035940019830002967e+01 1.551693028068916647e+02
6.036259514284112981e+01 1.552692517555073550e+02
6.036579008738222996e+01 1.553692007041230454e+02
6.036898503192333010e+01 1.554691496527387358e+02
6.037217997646443024e+01 1.555690986013544261e+02
6.037537492100553038e+01 1.556690475499701165e+02
6.037856986554663052e+01 1.557689964985858069e+02
6.038176481008773067e+01 1.558689454472014972e+02
6.038495975462883081e+01 1.559688943958171876e+02
6.038815469916993095e+01 1.560688433444328780e+02
6.039134964371103109e+01 1.561687922930485684e+02
6.039454458825213123e+01 1.562687412416642587e+02
6.039773953279323138e+01 1.563686901902799491e+02
6.040093447733433152e+01 1.564686391388956395e+02
6.040412942187543166e+01 1.565685880875113298e+02
6.040732436641653180e+01 1.566685370361270202e+02
6.041051931095763194e+01 1.567684859847427106e+02
6.041371425549873209e+01 1.568684349333584009e+02
6.041690920003983223e+01 1.569683838819740913e+02
6.042010414458093237e+01 1.570683328305897817e+02
6.042329908912203251e+01 1.571682817792054720e+02
6.042649403366313265e+01 1.572682307278211624e+02
6.042968897820423280e+01 1.573681796764368528e+02
6.043288392274533294e+01 1.574681286250525432e+02
6.043607886728643308e+01 1.575680775736682335e+02
6.043927381182753322e+01 1.576680265222839239e+02
6.044246875636863336e+01 1.577679754708996143e+02
6.044566370090973351e+01 1.578679244195153046e+02
6.044885864545083365e+01 1.579678733681309950e+02
6.045205358999193379e+01 1.580678223167466854e+02
6.045524853453303393e+01 1.581677712653623757e+02
6.045844347907413407e+01 1.582677202139780661e+02
6.046163842361523422e+01 1.583676691625937565e+02
6.046483336815633436e+01 1.584676181112094469e+02
6.046802831269743450e+01 1.585675670598251372e+02
6.047122325723853464e+01 1.586675160084408276e+02
6.047441820177963478e+01 1.587674649570565180e+02
6.047761314632073493e+01 1.588674139056722083e+02
6.048080809086183507e+01 1.589673628542878987e+02
6.048400303540293521e+01 1.590673118029035891e+02
6.048719797994403535e+01 1.591672607515192794e+02
6.049039292448513550e+01 1.592672097001349698e+02
6.049358786902623564e+01 1.593671586487506602e+02
6.049678281356733578e+01 1.594671075973663505e+02
6.049997775810843592e+01 1.595670565459820409e+02
6.050317270264953606e+01 1.596670054945977313e+02
6.050636764719063621e+01 1.597669544432134217e+02
6.050956259173173635e+01 1.598669033918291120e+02
6.051275753627283649e+01 1.599668523404448024e+02
6.051595248081393663e+01 1.600668012890604928e+02
6.051914742535503677e+01 1.601667502376761831e+02
6.052234236989613692e+01 1.602666991862918735e+02
6.052553731443723706e+01 1.603666481349075639e+02
6.052873225897833720e+01 1.604665970835232542e+02
6.053192720351943734e+01 1.605665460321389446e+02
6.053512214806053748e+01 1.606664949807546350e+02
6.053831709260163763e+01 1.607664439293703253e+02
6.054151203714273777e+01 1.608663928779860157e+02
6.054470698168383791e+01 1.609663418266017061e+02
6.054790192622493805e+01 1.610662907752173965e+02
6.055109687076603819e+01 1.611662397238330868e+02
6.055429181530713834e+01 1.612661886724487772e+02
6.055748675984823848e+01 1.613661376210644676e+02
6.056068170438933862e+01 1.614660865696801579e+02
6.056387664893043876e+01 1.615660355182958483e+02
6.056707159347153890e+01 1.616659844669115387e+02
6.057026653801263905e+01 1.617659334155272290e+02
6.057346148255373919e+01 1.618658823641429194e+02
6.057665642709483933e+01 1.619658313127586098e+02
6.057985137163593947e+01 1.620657802613743002e+02
6.058304631617703961e+01 1.621657292099899905e+02
6.058624126071813976e+01 1.622656781586056809e+02
6.058943620525923990e+01 1.623656271072213713e+02
6.059263114980034004e+01 1.624655760558370616e+02
6.059582609434144018e+01 1.625655250044527520e+02
6.059902103888254032e+01 1.626654739530684424e+02
6.060221598342364047e+01 1.627654229016841327e+02
6.060541092796474061e+01 1.628653718502998231e+02
6.060860587250584075e+01 1.629653207989155135e+02
6.061180081704694089e+01 1.630652697475312038e+02
6.061499576158804103e+01 1.631652186961468942e+02
6.061819070612914118e+01 1.632651676447625846e+02
6.062138565067024132e+01 1.633651165933782750e+02
6.062458059521134146e+01 1.634650655419939653e+02
6.062777553975244160e+01 1.635650144906096557e+02
6.063097048429354174e+01 1.636649634392253461e+02
6.063416542883464189e+01 1.637649123878410364e+02
6.063736037337574203e+01 1.638648613364567268e+02
6.064055531791684217e+01 1.639648102850724172e+02
6.064375026245794231e+01 1.640647592336881075e+02
6.064694520699904245e+01 1.641647081823037979e+02
6.065014015154014260e+01 1.642646571309194883e+02
6.065333509608124274e+01 1.643646060795351787e+02
6.065653004062234288e+01 1.644645550281508690e+02
6.065972498516344302e+01 1.645645039767665594e+02
6.066291992970454316e+01 1.646644529253822498e+02
6.066611487424564331e+01 1.647644018739979401e+02
6.066930981878674345e+01 1.648643508226136305e+02
6.067250476332784359e+01 1.649642997712293209e+02
6.067569970786894373e+01 1.650642487198450112e+02
6.067889465241004388e+01 1.651641976684607016e+02
6.068208959695114402e+01 1.652641466170763920e+02
6.068528454149224416e+01 1.653640955656920823e+02
6.068847948603334430e+01 1.654640445143077727e+02
6.069167443057444444e+01 1.655639934629234631e+02
6.069486937511554459e+01 1.656639424115391535e+02
6.069806431965664473e+01 1.657638913601548438e+02
6.070125926419774487e+01 1.658638403087705342e+02
6.070445420873884501e+01 1.659637892573862246e+02
6.070764915327994515e+01 1.660637382060019149e+02
6.071084409782104530e+01 1.661636871546176053e+02
6.071403904236214544e+01 1.662636361032332957e+02
6.071723398690324558e+01 1.663635850518489860e+02
6.072042893144434572e+01 1.664635340004646764e+02
6.072362387598544586e+01 1.665634829490803668e+02
6.072681882052654601e+01 1.666634318976960571e+02
6.073001376506764615e+01 1.667633808463117475e+02
6.073320870960874629e+01 1.668633297949274379e+02
6.073640365414984643e+01 1.669632787435431283e+02
6.073959859869094657e+01 1.670632276921588186e+02
6.074309460294311691e+01 1.671725948329078051e+02
