1.841057125675693840e+02 1.517794210117277487e+02
1.841517409170774329e+02 1.518681982106110411e+02
1.841977692665854818e+02 1.519569754094943335e+02
1.842437976160935307e+02 1.520457526083776258e+02
1.842898259656015796e+02 1.521345298072609182e+02
1.843358543151096285e+02 1.522233070061442106e+02
1.843818826646176774e+02 1.523120842050275030e+02
1.844279110141257263e+02 1.524008614039107954e+02
1.844739393636337752e+02 1.524896386027940878e+02
1.845199677131418241e+02 1.525784158016773802e+02
1.845659960626498730e+02 1.526671930005606725e+02
1.846120244121579219e+02 1.527559701994439649e+02
1.846580527616659708e+02 1.528447473983272573e+02
1.847040811111740197e+02 1.529335245972105497e+02
1.847501094606820686e+02 1.530223017960938421e+02
1.847961378101901175e+02 1.531110789949771345e+02
1.848421661596981664e+02 1.531998561938604269e+02
1.848881945092062153e+02 1.532886333927437192e+02
1.849342228587142642e+02 1.533774105916270116e+02
1.849802512082223132e+02 1.534661877905103040e+02
1.850262795577303621e+02 1.535549649893935964e+02
1.850723079072384110e+02 1.536437421882768888e+02
1.851183362567464599e+02 1.537325193871601812e+02
1.851643646062545088e+02 1.538212965860434736e+02
1.852103929557625577e+02 1.539100737849267659e+02
1.852564213052706066e+02 1.539988509838100583e+02
1.853024496547786555e+02 1.540876281826933507e+02
1.853484780042867044e+02 1.541764053815766431e+02
1.853945063537947533e+02 1.542651825804599355e+02
1.854405347033028022e+02 1.543539597793432279e+02
1.854865630528108511e+02 1.544427369782265203e+02
1.855325914023189000e+02 1.545315141771098126e+02
1.855786197518269489e+02 1.546202913759931050e+02
1.856246481013349978e+02 1.547090685748763974e+02
1.856706764508430467e+02 1.547978457737596898e+02
1.857167048003510956e+02 1.548866229726429822e+02
1.857627331498591445e+02 1.549754001715262746e+02
1.858087614993671934e+02 1.550641773704095669e+02
1.858547898488752423e+02 1.551529545692928593e+02
1.859008181983832912e+02 1.552417317681761517e+02
1.859468465478913402e+02 1.553305089670594441e+02
1.859928748973993891e+02 1.554192861659427365e+02
1.860389032469074380e+02 1.555080633648260289e+02
1.860849315964154869e+02 1.555968405637093213e+02
1.861309599459235358e+02 1.556856177625926136e+02
1.861769882954315847e+02 1.557743949614759060e+02
1.862230166449396336e+02 1.558631721603591984e+02
1.862690449944476825e+02 1.559519493592424908e+02
1.863150733439557314e+02 1.560407265581257832e+02
1.863611016934637803e+02 1.561295037570090756e+02
1.864071300429718292e+02 1.562182809558923680e+02
1.864531583924798781e+02 1.563070581547756603e+02
1.864991867419879270e+02 1.563958353536589527e+02
1.865452150914959759e+02 1.564846125525422451e+02
1.865912434410040248e+02 1.565733897514255375e+02
1.866372717905120737e+02 1.566621669503088299e+02
1.866833001400201226e+02 1.567509441491921223e+02
1.867293284895281715e+02 1.568397213480754147e+02
1.867753568390362204e+02 1.569284985469587070e+02
1.868213851885442693e+02 1.570172757458419994e+02
1.868674135380523182e+02 1.571060529447252918e+02
1.869134418875603671e+02 1.571948301436085842e+02
1.869594702370684161e+02 1.572836073424918766e+02
1.870054985865764650e+02 1.573723845413751690e+02
1.870515269360845139e+02 1.574611617402584614e+02
1.870975552855925628e+02 1.575499389391417537e+02
1.871435836351006117e+02 1.576387161380250461e+02
1.871896119846086606e+02 1.577274933369083385e+02
1.872356403341167095e+02 1.578162705357916309e+02
1.872816686836247584e+02 1.579050477346749233e+02
1.873276970331328073e+02 1.579938249335582157e+02
1.873737253826408562e+02 1.580826021324415080e+02
1.874197537321489051e+02 1.581713793313248004e+02
1.874657820816569540e+02 1.582601565302080928e+02
1.875118104311650029e+02 1.583489337290913852e+02
1.875578387806730518e+02 1.584377109279746776e+02
1.876038671301811007e+02 1.585264881268579700e+02
1.876498954796891496e+02 1.586152653257412624e+02
1.876959238291971985e+02 1.587040425246245547e+02
1.877419521787052474e+02 1.587928197235078471e+02
1.877879805282132963e+02 1.588815969223911395e+02
1.878340088777213452e+02 1.589703741212744319e+02
1.878800372272293941e+02 1.590591513201577243e+02
1.879260655767374431e+02 1.591479285190410167e+02
1.879720939262454920e+02 1.592367057179243091e+02
1.880181222757535409e+02 1.593254829168076014e+02
1.880641506252615898e+02 1.594142601156908938e+02
1.881101789747696387e+02 1.595030373145741862e+02
1.881562073242776876e+02 1.595918145134574786e+02
1.882022356737857365e+02 1.596805917123407710e+02
1.882482640232937854e+02 1.597693689112240634e+02
1.882942923728018343e+02 1.598581461101073558e+02
1.883403207223098832e+02 1.599469233089906481e+02
1.883863490718179321e+02 1.600357005078739405e+02
1.884323774213259810e+02 1.601244777067572329e+02
1.884784057708340299e+02 1.602132549056405253e+02
1.885244341203420788e+02 1.603020321045238177e+02
1.885704624698501277e+02 1.603908093034071101e+02
1.886164908193581766e+02 1.604795865022904024e+02
1.886625191688662255e+02 1.605683637011736948e+02
1.887085475183742744e+02 1.606571409000569872e+02
1.887545758678823233e+02 1.607459180989402796e+02
1.888006042173903722e+02 1.608346952978235720e+02
1.888466325668984211e+02 1.609234724967068644e+02
1.888926609164064701e+02 1.610122496955901568e+02
1.889386892659145190e+02 1.611010268944734491e+02
1.889847176154225679e+02 1.611898040933567415e+02
1.890307459649306168e+02 1.612785812922400339e+02
1.890767743144386657e+02 1.613673584911233263e+02
1.891228026639467146e+02 1.614561356900066187e+02
1.891688310134547635e+02 1.615449128888899111e+02
1.892148593629628124e+02 1.616336900877732035e+02
1.892608877124708613e+02 1.617224672866564958e+02
1.893069160619789102e+02 1.618112444855397882e+02
1.893529444114869591e+02 1.619000216844230806e+02
1.893989727609950080e+02 1.619887988833063730e+02
1.894450011105030569e+02 1.620775760821896654e+02
1.894910294600111058e+02 1.621663532810729578e+02
1.895370578095191547e+02 1.622551304799562502e+02
1.895830861590272036e+02 1.623439076788395425e+02
1.896291145085352525e+02 1.624326848777228349e+02
1.896751428580433014e+02 1.625214620766061273e+02
1.897211712075513503e+02 1.626102392754894197e+02
1.897671995570593992e+02 1.626990164743727121e+02
1.898132279065674481e+02 1.627877936732560045e+02
1.898592562560754970e+02 1.628765708721392969e+02
1.899052846055835460e+02 1.629653480710225892e+02
1.899513129550915949e+02 1.630541252699058816e+02
1.899973413045996438e+02 1.631429024687891740e+02
1.900433696541076927e+02 1.632316796676724664e+02
1.900893980036157416e+02 1.633204568665557588e+02
1.901354263531237905e+02 1.634092340654390512e+02
1.901814547026318394e+02 1.634980112643223435e+02
1.902274830521398883e+02 1.635867884632056359e+02
1.902735114016479372e+02 1.636755656620889283e+02
1.903195397511559861e+02 1.637643428609722207e+02
1.903655681006640350e+02 1.638531200598555131e+02
1.904115964501720839e+02 1.639418972587388055e+02
1.904576247996801328e+02 1.640306744576220979e+02
1.905036531491881817e+02 1.641194516565053902e+02
1.905496814986962306e+02 1.642082288553886826e+02
1.905957098482042795e+02 1.642970060542719750e+02
1.906417381977123284e+02 1.643857832531552674e+02
1.906877665472203773e+02 1.644745604520385598e+02
1.907337948967284262e+02 1.645633376509218522e+02
1.907798232462364751e+02 1.646521148498051446e+02
1.908258515957445240e+02 1.647408920486884369e+02
1.908718799452525730e+02 1.648296692475717293e+02
1.909179082947606219e+02 1.649184464464550217e+02
1.909639366442686708e+02 1.650072236453383141e+02
1.910099649937767197e+02 1.650960008442216065e+02
1.910559933432847686e+02 1.651847780431048989e+02
1.911020216927928175e+02 1.652735552419881913e+02
1.911480500423008664e+02 1.653623324408714836e+02
1.911940783918089153e+02 1.654511096397547760e+02
1.912401067413169642e+02 1.655398868386380684e+02
1.912861350908250131e+02 1.656286640375213608e+02
1.913321634403330620e+02 1.657174412364046532e+02
1.913781917898411109e+02 1.658062184352879456e+02
1.914242201393491598e+02 1.658949956341712380e+02
1.914702484888572087e+02 1.659837728330545303e+02
1.915162768383652576e+02 1.660725500319378227e+02
1.915623051878733065e+02 1.661613272308211151e+02
1.916083335373813554e+02 1.662501044297044075e+02
1.916543618868894043e+02 1.663388816285876999e+02
1.917003902363974532e+02 1.664276588274709923e+02
1.917464185859055021e+02 1.665164360263542846e+02
1.917924469354135510e+02 1.666052132252375770e+02
1.918384752849216000e+02 1.666939904241208694e+02
1.918845036344296489e+02 1.667827676230041618e+02
1.919305319839376978e+02 1.668715448218874542e+02
1.919765603334457467e+02 1.669603220207707466e+02
1.920225886829537956e+02 1.670490992196540390e+02
1.920686170324618445e+02 1.671378764185373313e+02
1.921146453819698934e+02 1.672266536174206237e+02
1.921606737314779423e+02 1.673154308163039161e+02
1.922067020809859912e+02 1.674042080151872085e+02
1.922527304304940401e+02 1.674929852140705009e+02
1.922987587800020890e+02 1.675817624129537933e+02
1.923447871295101379e+02 1.676705396118370857e+02
1.923908154790181868e+02 1.677593168107203780e+02
1.924368438285262357e+02 1.678480940096036704e+02
1.924828721780342846e+02 1.679368712084869628e+02
1.925289005275423335e+02 1.680256484073702552e+02
1.925749288770503824e+02 1.681144256062535476e+02
1.926209572265584313e+02 1.682032028051368400e+02
1.926669855760664802e+02 1.682919800040201324e+02
1.927130139255745291e+02 1.683807572029034247e+02
1.927590422750825780e+02 1.684695344017867171e+02
1.928050706245906269e+02 1.685583116006700095e+02
1.928510989740986759e+02 1.686470887995533019e+02
1.928971273236067248e+02 1.687358659984365943e+02
1.929431556731147737e+02 1.688246431973198867e+02
1.929891840226228226e+02 1.689134203962031791e+02
1.930352123721308715e+02 1.690021975950864714e+02
1.930812407216389204e+02 1.690909747939697638e+02
1.931272690711469693e+02 1.691797519928530562e+02
1.931732974206550182e+02 1.692685291917363486e+02
1.932193257701630671e+02 1.693573063906196410e+02
1.932653541196711160e+02 1.694460835895029334e+02
1.933113824691791649e+02 1.695348607883862257e+02
1.933574108186872138e+02 1.696236379872695181e+02
1.934034391681952627e+02 1.697124151861528105e+02
1.934494675177033116e+02 1.698011923850361029e+02
1.934954958672113605e+02 1.698899695839193953e+02
1.935415242167194094e+02 1.699787467828026877e+02
1.935875525662274583e+02 1.700675239816859801e+02
1.936335809157355072e+02 1.701563011805692724e+02
1.936796092652435561e+02 1.702450783794525648e+02
1.937256376147516050e+02 1.703338555783358572e+02
1.937716659642596539e+02 1.704226327772191496e+02
1.938176943137677029e+02 1.705114099761024420e+02
1.938637226632757518e+02 1.706001871749857344e+02
1.939097510127838007e+02 1.706889643738690268e+02
1.939557793622918496e+02 1.707777415727523191e+02
1.940018077117998985e+02 1.708665187716356115e+02
1.940478360613079474e+02 1.709552959705189039e+02
1.940938644108159963e+02 1.710440731694021963e+02
1.941398927603240452e+02 1.711328503682854887e+02
1.941859211098320941e+02 1.712216275671687811e+02
1.942319494593401430e+02 1.713104047660520735e+02
1.942779778088481919e+02 1.713991819649353658e+02
1.943240061583562408e+02 1.714879591638186582e+02
1.943700345078642897e+02 1.715767363627019506e+02
1.944160628573723386e+02 1.716655135615852430e+02
1.944620912068803875e+02 1.717542907604685354e+02
1.945081195563884364e+02 1.718430679593518278e+02
1.945541479058964853e+02 1.719318451582351202e+02
1.946001762554045342e+02 1.720206223571184125e+02
1.946462046049125831e+02 1.721093995560017049e+02
1.946922329544206320e+02 1.721981767548849973e+02
1.947382613039286809e+02 1.722869539537682897e+02
1.947842896534367299e+02 1.723757311526515821e+02
1.948303180029447788e+02 1.724645083515348745e+02
1.948763463524528277e+02 1.725532855504181668e+02
1.949223747019608766e+02 1.726420627493014592e+02
1.949684030514689255e+02 1.727308399481847516e+02
1.950144314009769744e+02 1.728196171470680440e+02
1.950604597504850233e+02 1.729083943459513364e+02
1.951064880999930722e+02 1.729971715448346288e+02
1.951525164495011211e+02 1.730859487437179212e+02
1.951985447990091700e+02 1.731747259426012135e+02
1.952445731485172189e+02 1.732635031414845059e+02
1.952906014980252678e+02 1.733522803403677983e+02
1.953366298475333167e+02 1.734410575392510907e+02
1.953826581970413656e+02 1.735298347381343831e+02
1.954286865465494145e+02 1.736186119370176755e+02
1.954747148960574634e+02 1.737073891359009679e+02
1.955207432455655123e+02 1.737961663347842602e+02
1.955667715950735612e+02 1.738849435336675526e+02
1.956127999445816101e+02 1.739737207325508450e+02
1.956588282940896590e+02 1.740624979314341374e+02
1.957048566435977079e+02 1.741512751303174298e+02
1.957508849931057568e+02 1.742400523292007222e+02
1.957969133426138058e+02 1.743288295280840146e+02
1.958429416921218547e+02 1.744176067269673069e+02
1.958889700416299036e+02 1.745063839258505993e+02
1.959349983911379525e+02 1.745951611247338917e+02
1.959810267406460014e+02 1.746839383236171841e+02
1.960270550901540503e+02 1.747727155225004765e+02
1.960730834396620992e+02 1.748614927213837689e+02
1.961191117891701481e+02 1.749502699202670613e+02
1.961651401386781970e+02 1.750390471191503536e+02
1.962111684881862459e+02 1.751278243180336460e+02
1.962571968376942948e+02 1.752166015169169384e+02
1.963032251872023437e+02 1.753053787158002308e+02
1.963492535367103926e+02 1.753941559146835232e+02
1.963952818862184415e+02 1.754829331135668156e+02
1.964413102357264904e+02 1.755717103124501079e+02
1.964873385852345393e+02 1.756604875113334003e+02
1.965333669347425882e+02 1.757492647102166927e+02
1.965793952842506371e+02 1.758380419090999851e+02
1.966254236337586860e+02 1.759268191079832775e+02
1.966714519832667349e+02 1.760155963068665699e+02
1.967174803327747838e+02 1.761043735057498623e+02
1.967635086822828328e+02 1.761931507046331546e+02
1.968095370317908817e+02 1.762819279035164470e+02
1.968555653812989306e+02 1.763707051023997394e+02
1.969015937308069795e+02 1.764594823012830318e+02
1.969476220803150284e+02 1.765482595001663242e+02
1.969936504298230773e+02 1.766370366990496166e+02
1.970396787793311262e+02 1.767258138979329090e+02
1.970857071288391751e+02 1.768145910968162013e+02
1.971317354783472240e+02 1.769033682956994937e+02
1.971777638278552729e+02 1.769921454945827861e+02
1.972237921773633218e+02 1.770809226934660785e+02
1.972698205268713707e+02 1.771696998923493709e+02
1.973158488763794196e+02 1.772584770912326633e+02
1.973618772258874685e+02 1.773472542901159557e+02
1.974079055753955174e+02 1.774360314889992480e+02
1.974539339249035663e+02 1.775248086878825404e+02
1.974999622744116152e+02 1.776135858867658328e+02
1.975459906239196641e+02 1.777023630856491252e+02
1.975920189734277130e+02 1.777911402845324176e+02
1.976380473229357619e+02 1.778799174834157100e+02
1.976840756724438108e+02 1.779686946822990024e+02
1.977301040219518597e+02 1.780574718811822947e+02
1.977761323714599087e+02 1.781462490800655871e+02
1.978221607209679576e+02 1.782350262789488795e+02
1.978681890704760065e+02 1.783238034778321719e+02
1.979142174199840554e+02 1.784125806767154643e+02
1.979602457694921043e+02 1.785013578755987567e+02
1.980062741190001532e+02 1.785901350744820490e+02
1.980523024685082021e+02 1.786789122733653414e+02
1.980983308180162510e+02 1.787676894722486338e+02
1.981443591675242999e+02 1.788564666711319262e+02
1.981903875170323488e+02 1.789452438700152186e+02
1.982364158665403977e+02 1.790340210688985110e+02
1.982824442160484466e+02 1.791227982677818034e+02
1.983284725655564955e+02 1.792115754666650957e+02
1.983745009150645444e+02 1.793003526655483881e+02
1.984205292645725933e+02 1.793891298644316805e+02
1.984665576140806422e+02 1.794779070633149729e+02
1.985125859635886911e+02 1.795666842621982653e+02
1.985586143130967400e+02 1.796554614610815577e+02
1.986046426626047889e+02 1.797442386599648501e+02
1.986506710121128378e+02 1.798330158588481424e+02
1.986966993616208867e+02 1.799217930577314348e+02
1.987427277111289357e+02 1.800105702566147272e+02
1.987887560606369846e+02 1.800993474554980196e+02
1.988347844101450335e+02 1.801881246543813120e+02
1.988808127596530824e+02 1.802769018532646044e+02
1.989268411091611313e+02 1.803656790521478968e+02
1.989728694586691802e+02 1.804544562510311891e+02
1.990188978081772291e+02 1.805432334499144815e+02
1.990649261576852780e+02 1.806320106487977739e+02
1.991109545071933269e+02 1.807207878476810663e+02
1.991569828567013758e+02 1.808095650465643587e+02
1.992030112062094247e+02 1.808983422454476511e+02
1.992490395557174736e+02 1.809871194443309435e+02
1.992950679052255225e+02 1.810758966432142358e+02
1.993410962547335714e+02 1.811646738420975282e+02
1.993871246042416203e+02 1.812534510409808206e+02
1.994331529537496692e+02 1.813422282398641130e+02
1.994791813032577181e+02 1.814310054387474054e+02
1.995252096527657670e+02 1.815197826376306978e+02
1.995712380022738159e+02 1.816085598365139901e+02
1.996172663517818648e+02 1.816973370353972825e+02
1.996632947012899137e+02 1.817861142342805749e+02
1.997093230507979627e+02 1.818748914331638673e+02
1.997553514003060116e+02 1.819636686320471597e+02
1.998013797498140605e+02 1.820524458309304521e+02
1.998474080993221094e+02 1.821412230298137445e+02
1.998934364488301583e+02 1.822300002286970368e+02
1.999394647983382072e+02 1.823187774275803292e+02
1.999854931478462561e+02 1.824075546264636216e+02
2.000315214973543050e+02 1.824963318253469140e+02
2.000775498468623539e+02 1.825851090242302064e+02
2.001235781963704028e+02 1.826738862231134988e+02
2.001696065458784517e+02 1.827626634219967912e+02
2.002156348953865006e+02 1.828514406208800835e+02
2.002616632448945495e+02 1.829402178197633759e+02
2.003076915944025984e+02 1.830289950186466683e+02
2.003537199439106473e+02 1.831177722175299607e+02
2.003997482934186962e+02 1.832065494164132531e+02
2.004457766429267451e+02 1.832953266152965455e+02
2.004918049924347940e+02 1.833841038141798379e+02
2.005378333419428429e+02 1.834728810130631302e+02
2.005838616914508918e+02 1.835616582119464226e+02
2.006298900409589407e+02 1.836504354108297150e+02
2.006759183904669896e+02 1.837392126097130074e+02
2.007219467399750386e+02 1.838279898085962998e+02
2.007679750894830875e+02 1.839167670074795922e+02
2.008140034389911364e+02 1.840055442063628846e+02
2.008600317884991853e+02 1.840943214052461769e+02
2.009060601380072342e+02 1.841830986041294693e+02
2.009520884875152831e+02 1.842718758030127617e+02
2.009981168370233320e+02 1.843606530018960541e+02
2.010441451865313809e+02 1.844494302007793465e+02
2.010901735360394298e+02 1.845382073996626389e+02
2.011362018855474787e+02 1.846269845985459312e+02
2.011822302350555276e+02 1.847157617974292236e+02
2.012282585845635765e+02 1.848045389963125160e+02
2.012742869340716254e+02 1.848933161951958084e+02
2.013203152835796743e+02 1.849820933940791008e+02
2.013663436330877232e+02 1.850708705929623932e+02
2.014123719825957721e+02 1.851596477918456856e+02
2.014584003321038210e+02 1.852484249907289779e+02
2.015044286816118699e+02 1.853372021896122703e+02
2.015504570311199188e+02 1.854259793884955627e+02
2.015964853806279677e+02 1.855147565873788551e+02
2.016425137301360166e+02 1.856035337862621475e+02
2.016885420796440656e+02 1.856923109851454399e+02
2.017345704291521145e+02 1.857810881840287323e+02
2.017805987786601634e+02 1.858698653829120246e+02
2.018266271281682123e+02 1.859586425817953170e+02
2.018726554776762612e+02 1.860474197806786094e+02
2.019186838271843101e+02 1.861361969795619018e+02
2.019647121766923590e+02 1.862249741784451942e+02
2.020107405262004079e+02 1.863137513773284866e+02
2.020567688757084568e+02 1.864025285762117790e+02
2.021027972252165057e+02 1.864913057750950713e+02
2.021488255747245546e+02 1.865800829739783637e+02
2.021948539242326035e+02 1.866688601728616561e+02
2.022408822737406524e+02 1.867576373717449485e+02
2.022869106232487013e+02 1.868464145706282409e+02
2.023329389727567502e+02 1.869351917695115333e+02
2.023789673222647991e+02 1.870239689683948257e+02
2.024249956717728480e+02 1.871127461672781180e+02
2.024710240212808969e+02 1.872015233661614104e+02
2.025170523707889458e+02 1.872903005650447028e+02
2.025630807202969947e+02 1.873790777639279952e+02
2.026091090698050436e+02 1.874678549628112876e+02
2.026551374193130926e+02 1.875566321616945800e+02
2.027011657688211415e+02 1.876454093605778723e+02
2.027471941183291904e+02 1.877341865594611647e+02
2.027932224678372393e+02 1.878229637583444571e+02
2.028392508173452882e+02 1.879117409572277495e+02
2.028852791668533371e+02 1.880005181561110419e+02
2.029313075163613860e+02 1.880892953549943343e+02
2.029773358658694349e+02 1.881780725538776267e+02
2.030233642153774838e+02 1.882668497527609190e+02
2.030693925648855327e+02 1.883556269516442114e+02
2.031154209143935816e+02 1.884444041505275038e+02
2.031614492639016305e+02 1.885331813494107962e+02
2.032074776134096794e+02 1.886219585482940886e+02
2.032535059629177283e+02 1.887107357471773810e+02
2.032995343124257772e+02 1.887995129460606734e+02
2.033455626619338261e+02 1.888882901449439657e+02
2.034315531319049342e+02 1.890541443008479803e+02
2.033427759330216418e+02 1.891001726503560292e+02
2.032539987341383494e+02 1.891462009998640781e+02
2.031652215352550570e+02 1.891922293493721270e+02
2.030764443363717646e+02 1.892382576988801759e+02
2.029876671374884722e+02 1.892842860483882248e+02
2.028988899386051799e+02 1.893303143978962737e+02
2.028101127397218875e+02 1.893763427474043226e+02
2.027213355408385951e+02 1.894223710969123715e+02
2.026325583419553027e+02 1.894683994464204204e+02
2.025437811430720103e+02 1.895144277959284693e+02
2.024550039441887179e+02 1.895604561454365182e+02
2.023662267453054255e+02 1.896064844949445671e+02
2.022774495464221332e+02 1.896525128444526160e+02
2.021886723475388408e+02 1.896985411939606649e+02
2.020998951486555484e+02 1.897445695434687138e+02
2.020111179497722560e+02 1.897905978929767628e+02
2.019223407508889636e+02 1.898366262424848117e+02
2.018335635520056712e+02 1.898826545919928606e+02
2.017447863531223788e+02 1.899286829415009095e+02
2.016560091542390865e+02 1.899747112910089584e+02
2.015672319553557941e+02 1.900207396405170073e+02
2.014784547564725017e+02 1.900667679900250562e+02
2.013896775575892093e+02 1.901127963395331051e+02
2.013009003587059169e+02 1.901588246890411540e+02
2.012121231598226245e+02 1.902048530385492029e+02
2.011233459609393321e+02 1.902508813880572518e+02
2.010345687620560398e+02 1.902969097375653007e+02
2.009457915631727474e+02 1.903429380870733496e+02
2.008570143642894550e+02 1.903889664365813985e+02
2.007682371654061626e+02 1.904349947860894474e+02
2.006794599665228702e+02 1.904810231355974963e+02
2.005906827676395778e+02 1.905270514851055452e+02
2.005019055687562854e+02 1.905730798346135941e+02
2.004131283698729931e+02 1.906191081841216430e+02
2.003243511709897007e+02 1.906651365336296919e+02
2.002355739721064083e+02 1.907111648831377408e+02
2.001467967732231159e+02 1.907571932326457897e+02
2.000580195743398235e+02 1.908032215821538387e+02
1.999692423754565311e+02 1.908492499316618876e+02
1.998804651765732388e+02 1.908952782811699365e+02
1.997916879776899464e+02 1.909413066306779854e+02
1.997029107788066540e+02 1.909873349801860343e+02
1.996141335799233616e+02 1.910333633296940832e+02
1.995253563810400692e+02 1.910793916792021321e+02
1.994365791821567768e+02 1.911254200287101810e+02
1.993478019832734844e+02 1.911714483782182299e+02
1.992590247843901921e+02 1.912174767277262788e+02
1.991702475855068997e+02 1.912635050772343277e+02
1.990814703866236073e+02 1.913095334267423766e+02
1.989926931877403149e+02 1.913555617762504255e+02
1.989039159888570225e+02 1.914015901257584744e+02
1.988151387899737301e+02 1.914476184752665233e+02
1.987263615910904377e+02 1.914936468247745722e+02
1.986375843922071454e+02 1.915396751742826211e+02
1.985488071933238530e+02 1.915857035237906700e+02
1.984600299944405606e+02 1.916317318732987189e+02
1.983712527955572682e+02 1.916777602228067678e+02
1.982824755966739758e+02 1.917237885723148167e+02
1.981936983977906834e+02 1.917698169218228657e+02
1.981049211989073910e+02 1.918158452713309146e+02
1.980161440000240987e+02 1.918618736208389635e+02
1.979273668011408063e+02 1.919079019703470124e+02
1.978385896022575139e+02 1.919539303198550613e+02
1.977498124033742215e+02 1.919999586693631102e+02
1.976610352044909291e+02 1.920459870188711591e+02
1.975722580056076367e+02 1.920920153683792080e+02
1.974834808067243443e+02 1.921380437178872569e+02
1.973947036078410520e+02 1.921840720673953058e+02
1.973059264089577596e+02 1.922301004169033547e+02
1.972171492100744672e+02 1.922761287664114036e+02
1.971283720111911748e+02 1.923221571159194525e+02
1.970395948123078824e+02 1.923681854654275014e+02
1.969508176134245900e+02 1.924142138149355503e+02
1.968620404145412977e+02 1.924602421644435992e+02
1.967732632156580053e+02 1.925062705139516481e+02
1.966844860167747129e+02 1.925522988634596970e+02
1.965957088178914205e+02 1.925983272129677459e+02
1.965069316190081281e+02 1.926443555624757948e+02
1.964181544201248357e+02 1.926903839119838437e+02
1.963293772212415433e+02 1.927364122614918927e+02
1.962406000223582510e+02 1.927824406109999416e+02
1.961518228234749586e+02 1.928284689605079905e+02
1.960630456245916662e+02 1.928744973100160394e+02
1.959742684257083738e+02 1.929205256595240883e+02
1.958854912268250814e+02 1.929665540090321372e+02
1.957967140279417890e+02 1.930125823585401861e+02
1.957079368290584966e+02 1.930586107080482350e+02
1.956191596301752043e+02 1.931046390575562839e+02
1.955303824312919119e+02 1.931506674070643328e+02
1.954416052324086195e+02 1.931966957565723817e+02
1.953528280335253271e+02 1.932427241060804306e+02
1.952640508346420347e+02 1.932887524555884795e+02
1.951752736357587423e+02 1.933347808050965284e+02
1.950864964368754499e+02 1.933808091546045773e+02
1.949977192379921576e+02 1.934268375041126262e+02
1.949089420391088652e+02 1.934728658536206751e+02
1.948201648402255728e+02 1.935188942031287240e+02
1.947313876413422804e+02 1.935649225526367729e+02
1.946426104424589880e+02 1.936109509021448218e+02
1.945538332435756956e+02 1.936569792516528707e+02
1.944650560446924032e+02 1.937030076011609196e+02
1.943762788458091109e+02 1.937490359506689686e+02
1.942875016469258185e+02 1.937950643001770175e+02
1.941987244480425261e+02 1.938410926496850664e+02
1.941099472491592337e+02 1.938871209991931153e+02
1.940211700502759413e+02 1.939331493487011642e+02
1.939323928513926489e+02 1.939791776982092131e+02
1.938436156525093566e+02 1.940252060477172620e+02
1.937548384536260642e+02 1.940712343972253109e+02
1.936660612547427718e+02 1.941172627467333598e+02
1.935772840558594794e+02 1.941632910962414087e+02
1.934885068569761870e+02 1.942093194457494576e+02
1.933997296580928946e+02 1.942553477952575065e+02
1.933109524592096022e+02 1.943013761447655554e+02
1.932221752603263099e+02 1.943474044942736043e+02
1.931333980614430175e+02 1.943934328437816532e+02
1.930446208625597251e+02 1.944394611932897021e+02
1.929558436636764327e+02 1.944854895427977510e+02
1.928670664647931403e+02 1.945315178923057999e+02
1.927782892659098479e+02 1.945775462418138488e+02
1.926895120670265555e+02 1.946235745913218977e+02
1.926007348681432632e+02 1.946696029408299466e+02
1.925119576692599708e+02 1.947156312903379956e+02
1.924231804703766784e+02 1.947616596398460445e+02
1.923344032714933860e+02 1.948076879893540934e+02
1.922456260726100936e+02 1.948537163388621423e+02
1.921568488737268012e+02 1.948997446883701912e+02
1.920680716748435088e+02 1.949457730378782401e+02
1.919792944759602165e+02 1.949918013873862890e+02
1.918905172770769241e+02 1.950378297368943379e+02
1.918017400781936317e+02 1.950838580864023868e+02
1.917129628793103393e+02 1.951298864359104357e+02
1.916241856804270469e+02 1.951759147854184846e+02
1.915354084815437545e+02 1.952219431349265335e+02
1.914466312826604621e+02 1.952679714844345824e+02
1.913578540837771698e+02 1.953139998339426313e+02
1.912690768848938774e+02 1.953600281834506802e+02
1.911802996860105850e+02 1.954060565329587291e+02
1.910915224871272926e+02 1.954520848824667780e+02
1.910027452882440002e+02 1.954981132319748269e+02
1.909139680893607078e+02 1.955441415814828758e+02
1.908251908904774155e+02 1.955901699309909247e+02
1.907364136915941231e+02 1.956361982804989736e+02
1.906476364927108307e+02 1.956822266300070225e+02
1.905588592938275383e+02 1.957282549795150715e+02
1.904700820949442459e+02 1.957742833290231204e+02
1.903813048960609535e+02 1.958203116785311693e+02
1.902925276971776611e+02 1.958663400280392182e+02
1.902037504982943688e+02 1.959123683775472671e+02
1.901149732994110764e+02 1.959583967270553160e+02
1.900261961005277840e+02 1.960044250765633649e+02
1.899374189016444916e+02 1.960504534260714138e+02
1.898486417027611992e+02 1.960964817755794627e+02
1.897598645038779068e+02 1.961425101250875116e+02
1.896710873049946144e+02 1.961885384745955605e+02
1.895823101061113221e+02 1.962345668241036094e+02
1.894935329072280297e+02 1.962805951736116583e+02
1.894047557083447373e+02 1.963266235231197072e+02
1.893159785094614449e+02 1.963726518726277561e+02
1.892272013105781525e+02 1.964186802221358050e+02
1.891384241116948601e+02 1.964647085716438539e+02
1.890496469128115677e+02 1.965107369211519028e+02
1.889608697139282754e+02 1.965567652706599517e+02
1.888720925150449830e+02 1.966027936201680006e+02
1.887833153161616906e+02 1.966488219696760495e+02
1.886945381172783982e+02 1.966948503191840985e+02
1.886057609183951058e+02 1.967408786686921474e+02
1.885169837195118134e+02 1.967869070182001963e+02
1.884282065206285210e+02 1.968329353677082452e+02
1.883394293217452287e+02 1.968789637172162941e+02
1.882506521228619363e+02 1.969249920667243430e+02
1.881618749239786439e+02 1.969710204162323919e+02
1.880730977250953515e+02 1.970170487657404408e+02
1.879843205262120591e+02 1.970630771152484897e+02
1.878955433273287667e+02 1.971091054647565386e+02
1.878067661284454744e+02 1.971551338142645875e+02
1.877179889295621820e+02 1.972011621637726364e+02
1.876292117306788896e+02 1.972471905132806853e+02
1.875404345317955972e+02 1.972932188627887342e+02
1.874516573329123048e+02 1.973392472122967831e+02
1.873628801340290124e+02 1.973852755618048320e+02
1.872741029351457200e+02 1.974313039113128809e+02
1.871853257362624277e+02 1.974773322608209298e+02
1.870965485373791353e+02 1.975233606103289787e+02
1.870077713384958429e+02 1.975693889598370276e+02
1.869189941396125505e+02 1.976154173093450765e+02
1.868302169407292581e+02 1.976614456588531255e+02
1.867414397418459657e+02 1.977074740083611744e+02
1.866526625429626733e+02 1.977535023578692233e+02
1.865638853440793810e+02 1.977995307073772722e+02
1.864751081451960886e+02 1.978455590568853211e+02
1.863863309463127962e+02 1.978915874063933700e+02
1.862975537474295038e+02 1.979376157559014189e+02
1.862087765485462114e+02 1.979836441054094678e+02
1.861199993496629190e+02 1.980296724549175167e+02
1.860312221507796266e+02 1.980757008044255656e+02
1.859424449518963343e+02 1.981217291539336145e+02
1.858536677530130419e+02 1.981677575034416634e+02
1.857648905541297495e+02 1.982137858529497123e+02
1.856761133552464571e+02 1.982598142024577612e+02
1.855873361563631647e+02 1.983058425519658101e+02
1.854985589574798723e+02 1.983518709014738590e+02
1.854097817585965799e+02 1.983978992509819079e+02
1.853210045597132876e+02 1.984439276004899568e+02
1.852322273608299952e+02 1.984899559499980057e+02
1.851434501619467028e+02 1.985359842995060546e+02
1.850546729630634104e+02 1.985820126490141035e+02
1.849658957641801180e+02 1.986280409985221524e+02
1.848771185652968256e+02 1.986740693480302014e+02
1.847883413664135333e+02 1.987200976975382503e+02
1.846995641675302409e+02 1.987661260470462992e+02
1.846107869686469485e+02 1.988121543965543481e+02
1.845220097697636561e+02 1.988581827460623970e+02
1.844332325708803637e+02 1.989042110955704459e+02
1.843444553719970713e+02 1.989502394450784948e+02
1.842556781731137789e+02 1.989962677945865437e+02
1.841669009742304866e+02 1.990422961440945926e+02
1.840781237753471942e+02 1.990883244936026415e+02
1.839893465764639018e+02 1.991343528431106904e+02
1.839005693775806094e+02 1.991803811926187393e+02
1.838117921786973170e+02 1.992264095421267882e+02
1.837230149798140246e+02 1.992724378916348371e+02
1.836342377809307322e+02 1.993184662411428860e+02
1.835454605820474399e+02 1.993644945906509349e+02
1.834566833831641475e+02 1.994105229401589838e+02
1.833679061842808551e+02 1.994565512896670327e+02
1.832791289853975627e+02 1.995025796391750816e+02
1.831903517865142703e+02 1.995486079886831305e+02
1.831015745876309779e+02 1.995946363381911794e+02
1.830127973887476855e+02 1.996406646876992284e+02
1.829240201898643932e+02 1.996866930372072773e+02
1.828352429909811008e+02 1.997327213867153262e+02
1.827464657920978084e+02 1.997787497362233751e+02
1.826576885932145160e+02 1.998247780857314240e+02
1.825689113943312236e+02 1.998708064352394729e+02
1.824801341954479312e+02 1.999168347847475218e+02
1.823913569965646388e+02 1.999628631342555707e+02
1.823025797976813465e+02 2.000088914837636196e+02
1.822138025987980541e+02 2.000549198332716685e+02
1.821250253999147617e+02 2.001009481827797174e+02
1.820362482010314693e+02 2.001469765322877663e+02
1.818942874324306160e+02 2.002205789882722513e+02
1.818482590829225671e+02 2.001318017893889589e+02
1.818022307334145182e+02 2.000430245905056665e+02
1.817562023839064693e+02 1.999542473916223742e+02
1.817101740343984204e+02 1.998654701927390818e+02
1.816641456848903715e+02 1.997766929938557894e+02
1.816181173353823226e+02 1.996879157949724970e+02
1.815720889858742737e+02 1.995991385960892046e+02
1.815260606363662248e+02 1.995103613972059122e+02
1.814800322868581759e+02 1.994215841983226198e+02
1.814340039373501270e+02 1.993328069994393275e+02
1.813879755878420781e+02 1.992440298005560351e+02
1.813419472383340292e+02 1.991552526016727427e+02
1.812959188888259803e+02 1.990664754027894503e+02
1.812498905393179314e+02 1.989776982039061579e+02
1.812038621898098825e+02 1.988889210050228655e+02
1.811578338403018336e+02 1.988001438061395731e+02
1.811118054907937847e+02 1.987113666072562808e+02
1.810657771412857358e+02 1.986225894083729884e+02
1.810197487917776868e+02 1.985338122094896960e+02
1.809737204422696379e+02 1.984450350106064036e+02
1.809276920927615890e+02 1.983562578117231112e+02
1.808816637432535401e+02 1.982674806128398188e+02
1.808356353937454912e+02 1.981787034139565264e+02
1.807896070442374423e+02 1.980899262150732341e+02
1.807435786947293934e+02 1.980011490161899417e+02
1.806975503452213445e+02 1.979123718173066493e+02
1.806515219957132956e+02 1.978235946184233569e+02
1.806054936462052467e+02 1.977348174195400645e+02
1.805594652966971978e+02 1.976460402206567721e+02
1.805134369471891489e+02 1.975572630217734797e+02
1.804674085976811000e+02 1.974684858228901874e+02
1.804213802481730511e+02 1.973797086240068950e+02
1.803753518986650022e+02 1.972909314251236026e+02
1.803293235491569533e+02 1.972021542262403102e+02
1.802832951996489044e+02 1.971133770273570178e+02
1.802372668501408555e+02 1.970245998284737254e+02
1.801912385006328066e+02 1.969358226295904331e+02
1.801452101511247577e+02 1.968470454307071407e+02
1.800991818016167088e+02 1.967582682318238483e+02
1.800531534521086598e+02 1.966694910329405559e+02
1.800071251026006109e+02 1.965807138340572635e+02
1.799610967530925620e+02 1.964919366351739711e+02
1.799150684035845131e+02 1.964031594362906787e+02
1.798690400540764642e+02 1.963143822374073864e+02
1.798230117045684153e+02 1.962256050385240940e+02
1.797769833550603664e+02 1.961368278396408016e+02
1.797309550055523175e+02 1.960480506407575092e+02
1.796849266560442686e+02 1.959592734418742168e+02
1.796388983065362197e+02 1.958704962429909244e+02
1.795928699570281708e+02 1.957817190441076320e+02
1.795468416075201219e+02 1.956929418452243397e+02
1.795008132580120730e+02 1.956041646463410473e+02
1.794547849085040241e+02 1.955153874474577549e+02
1.794087565589959752e+02 1.954266102485744625e+02
1.793627282094879263e+02 1.953378330496911701e+02
1.793166998599798774e+02 1.952490558508078777e+02
1.792706715104718285e+02 1.951602786519245853e+02
1.792246431609637796e+02 1.950715014530412930e+02
1.791786148114557307e+02 1.949827242541580006e+02
1.791325864619476818e+02 1.948939470552747082e+02
1.790865581124396329e+02 1.948051698563914158e+02
1.790405297629315839e+02 1.947163926575081234e+02
1.789945014134235350e+02 1.946276154586248310e+02
1.789484730639154861e+02 1.945388382597415386e+02
1.789024447144074372e+02 1.944500610608582463e+02
1.788564163648993883e+02 1.943612838619749539e+02
1.788103880153913394e+02 1.942725066630916615e+02
1.787643596658832905e+02 1.941837294642083691e+02
1.787183313163752416e+02 1.940949522653250767e+02
1.786723029668671927e+02 1.940061750664417843e+02
1.786262746173591438e+02 1.939173978675584920e+02
1.785802462678510949e+02 1.938286206686751996e+02
1.785342179183430460e+02 1.937398434697919072e+02
1.784881895688349971e+02 1.936510662709086148e+02
1.784421612193269482e+02 1.935622890720253224e+02
1.783961328698188993e+02 1.934735118731420300e+02
1.783501045203108504e+02 1.933847346742587376e+02
1.783040761708028015e+02 1.932959574753754453e+02
1.782580478212947526e+02 1.932071802764921529e+02
1.782120194717867037e+02 1.931184030776088605e+02
1.781659911222786548e+02 1.930296258787255681e+02
1.781199627727706059e+02 1.929408486798422757e+02
1.780739344232625569e+02 1.928520714809589833e+02
1.780279060737545080e+02 1.927632942820756909e+02
1.779818777242464591e+02 1.926745170831923986e+02
1.779358493747384102e+02 1.925857398843091062e+02
1.778898210252303613e+02 1.924969626854258138e+02
1.778437926757223124e+02 1.924081854865425214e+02
1.777977643262142635e+02 1.923194082876592290e+02
1.777517359767062146e+02 1.922306310887759366e+02
1.777057076271981657e+02 1.921418538898926442e+02
1.776596792776901168e+02 1.920530766910093519e+02
1.776136509281820679e+02 1.919642994921260595e+02
1.775676225786740190e+02 1.918755222932427671e+02
1.775215942291659701e+02 1.917867450943594747e+02
1.774755658796579212e+02 1.916979678954761823e+02
1.774295375301498723e+02 1.916091906965928899e+02
1.773835091806418234e+02 1.915204134977095976e+02
1.773374808311337745e+02 1.914316362988263052e+02
1.772914524816257256e+02 1.913428590999430128e+02
1.772454241321176767e+02 1.912540819010597204e+02
1.771993957826096278e+02 1.911653047021764280e+02
1.771533674331015789e+02 1.910765275032931356e+02
1.771073390835935299e+02 1.909877503044098432e+02
1.770613107340854810e+02 1.908989731055265509e+02
1.770152823845774321e+02 1.908101959066432585e+02
1.769692540350693832e+02 1.907214187077599661e+02
1.769232256855613343e+02 1.906326415088766737e+02
1.768771973360532854e+02 1.905438643099933813e+02
1.768311689865452365e+02 1.904550871111100889e+02
1.767851406370371876e+02 1.903663099122267965e+02
1.767391122875291387e+02 1.902775327133435042e+02
1.766930839380210898e+02 1.901887555144602118e+02
1.766470555885130409e+02 1.900999783155769194e+02
1.766010272390049920e+02 1.900112011166936270e+02
1.765549988894969431e+02 1.899224239178103346e+02
1.765089705399888942e+02 1.898336467189270422e+02
1.764629421904808453e+02 1.897448695200437498e+02
1.764169138409727964e+02 1.896560923211604575e+02
1.763708854914647475e+02 1.895673151222771651e+02
1.763248571419566986e+02 1.894785379233938727e+02
1.762788287924486497e+02 1.893897607245105803e+02
1.762328004429406008e+02 1.893009835256272879e+02
1.761867720934325519e+02 1.892122063267439955e+02
1.761407437439245030e+02 1.891234291278607031e+02
1.760947153944164540e+02 1.890346519289774108e+02
1.760486870449084051e+02 1.889458747300941184e+02
1.760026586954003562e+02 1.888570975312108260e+02
1.759566303458923073e+02 1.887683203323275336e+02
1.759106019963842584e+02 1.886795431334442412e+02
1.758645736468762095e+02 1.885907659345609488e+02
1.758185452973681606e+02 1.885019887356776565e+02
1.757725169478601117e+02 1.884132115367943641e+02
1.757264885983520628e+02 1.883244343379110717e+02
1.756804602488440139e+02 1.882356571390277793e+02
1.756344318993359650e+02 1.881468799401444869e+02
1.755884035498279161e+02 1.880581027412611945e+02
1.755423752003198672e+02 1.879693255423779021e+02
1.754963468508118183e+02 1.878805483434946098e+02
1.754503185013037694e+02 1.877917711446113174e+02
1.754042901517957205e+02 1.877029939457280250e+02
1.753582618022876716e+02 1.876142167468447326e+02
1.753122334527796227e+02 1.875254395479614402e+02
1.752662051032715738e+02 1.874366623490781478e+02
1.752201767537635249e+02 1.873478851501948554e+02
1.751741484042554760e+02 1.872591079513115631e+02
1.751281200547474270e+02 1.871703307524282707e+02
1.750820917052393781e+02 1.870815535535449783e+02
1.750360633557313292e+02 1.869927763546616859e+02
1.749900350062232803e+02 1.869039991557783935e+02
1.749440066567152314e+02 1.868152219568951011e+02
1.748979783072071825e+02 1.867264447580118087e+02
1.748519499576991336e+02 1.866376675591285164e+02
1.748059216081910847e+02 1.865488903602452240e+02
1.747598932586830358e+02 1.864601131613619316e+02
1.747138649091749869e+02 1.863713359624786392e+02
1.746678365596669380e+02 1.862825587635953468e+02
1.746218082101588891e+02 1.861937815647120544e+02
1.745757798606508402e+02 1.861050043658287620e+02
1.745297515111427913e+02 1.860162271669454697e+02
1.744837231616347424e+02 1.859274499680621773e+02
1.744376948121266935e+02 1.858386727691788849e+02
1.743916664626186446e+02 1.857498955702955925e+02
1.743456381131105957e+02 1.856611183714123001e+02
1.742996097636025468e+02 1.855723411725290077e+02
1.742535814140944979e+02 1.854835639736457154e+02
1.742075530645864490e+02 1.853947867747624230e+02
1.741615247150784000e+02 1.853060095758791306e+02
1.741154963655703511e+02 1.852172323769958382e+02
1.740694680160623022e+02 1.851284551781125458e+02
1.740234396665542533e+02 1.850396779792292534e+02
1.739774113170462044e+02 1.849509007803459610e+02
1.739313829675381555e+02 1.848621235814626687e+02
1.738853546180301066e+02 1.847733463825793763e+02
1.738393262685220577e+02 1.846845691836960839e+02
1.737932979190140088e+02 1.845957919848127915e+02
1.737472695695059599e+02 1.845070147859294991e+02
1.737012412199979110e+02 1.844182375870462067e+02
1.736552128704898621e+02 1.843294603881629143e+02
1.736091845209818132e+02 1.842406831892796220e+02
1.735631561714737643e+02 1.841519059903963296e+02
1.735171278219657154e+02 1.840631287915130372e+02
1.734710994724576665e+02 1.839743515926297448e+02
1.734250711229496176e+02 1.838855743937464524e+02
1.733790427734415687e+02 1.837967971948631600e+02
1.733330144239335198e+02 1.837080199959798676e+02
1.732869860744254709e+02 1.836192427970965753e+02
1.732409577249174220e+02 1.835304655982132829e+02
1.731949293754093731e+02 1.834416883993299905e+02
1.731489010259013241e+02 1.833529112004466981e+02
1.731028726763932752e+02 1.832641340015634057e+02
1.730568443268852263e+02 1.831753568026801133e+02
1.730108159773771774e+02 1.830865796037968209e+02
1.729647876278691285e+02 1.829978024049135286e+02
1.729187592783610796e+02 1.829090252060302362e+02
1.728727309288530307e+02 1.828202480071469438e+02
1.728267025793449818e+02 1.827314708082636514e+02
1.727806742298369329e+02 1.826426936093803590e+02
1.727346458803288840e+02 1.825539164104970666e+02
1.726886175308208351e+02 1.824651392116137743e+02
1.726425891813127862e+02 1.823763620127304819e+02
1.725965608318047373e+02 1.822875848138471895e+02
1.725505324822966884e+02 1.821988076149638971e+02
1.725045041327886395e+02 1.821100304160806047e+02
1.724584757832805906e+02 1.820212532171973123e+02
1.724124474337725417e+02 1.819324760183140199e+02
1.723664190842644928e+02 1.818436988194307276e+02
1.723203907347564439e+02 1.817549216205474352e+02
1.722743623852483950e+02 1.816661444216641428e+02
1.722283340357403461e+02 1.815773672227808504e+02
1.721823056862322971e+02 1.814885900238975580e+02
1.721362773367242482e+02 1.813998128250142656e+02
1.720902489872161993e+02 1.813110356261309732e+02
1.720442206377081504e+02 1.812222584272476809e+02
1.719981922882001015e+02 1.811334812283643885e+02
1.719521639386920526e+02 1.810447040294810961e+02
1.719061355891840037e+02 1.809559268305978037e+02
1.718601072396759548e+02 1.808671496317145113e+02
1.718140788901679059e+02 1.807783724328312189e+02
1.717680505406598570e+02 1.806895952339479265e+02
1.717220221911518081e+02 1.806008180350646342e+02
1.716759938416437592e+02 1.805120408361813418e+02
1.716299654921357103e+02 1.804232636372980494e+02
1.715839371426276614e+02 1.803344864384147570e+02
1.715379087931196125e+02 1.802457092395314646e+02
1.714918804436115636e+02 1.801569320406481722e+02
1.714458520941035147e+02 1.800681548417648798e+02
1.713998237445954658e+02 1.799793776428815875e+02
1.713537953950874169e+02 1.798906004439982951e+02
1.713077670455793680e+02 1.798018232451150027e+02
1.712617386960713191e+02 1.797130460462317103e+02
1.712157103465632701e+02 1.796242688473484179e+02
1.711696819970552212e+02 1.795354916484651255e+02
1.711236536475471723e+02 1.794467144495818332e+02
1.710776252980391234e+02 1.793579372506985408e+02
1.710315969485310745e+02 1.792691600518152484e+02
1.709855685990230256e+02 1.791803828529319560e+02
1.709395402495149767e+02 1.790916056540486636e+02
1.708935119000069278e+02 1.790028284551653712e+02
1.708474835504988789e+02 1.789140512562820788e+02
1.708014552009908300e+02 1.788252740573987865e+02
1.707554268514827811e+02 1.787364968585154941e+02
1.707093985019747322e+02 1.786477196596322017e+02
1.706633701524666833e+02 1.785589424607489093e+02
1.706173418029586344e+02 1.784701652618656169e+02
1.705713134534505855e+02 1.783813880629823245e+02
1.705252851039425366e+02 1.782926108640990321e+02
1.704792567544344877e+02 1.782038336652157398e+02
1.704332284049264388e+02 1.781150564663324474e+02
1.703872000554183899e+02 1.780262792674491550e+02
1.703411717059103410e+02 1.779375020685658626e+02
1.702951433564022921e+02 1.778487248696825702e+02
1.702491150068942432e+02 1.777599476707992778e+02
1.702030866573861942e+02 1.776711704719159854e+02
1.701570583078781453e+02 1.775823932730326931e+02
1.701110299583700964e+02 1.774936160741494007e+02
1.700650016088620475e+02 1.774048388752661083e+02
1.700189732593539986e+02 1.773160616763828159e+02
1.699729449098459497e+02 1.772272844774995235e+02
1.699269165603379008e+02 1.771385072786162311e+02
1.698808882108298519e+02 1.770497300797329387e+02
1.698348598613218030e+02 1.769609528808496464e+02
1.697888315118137541e+02 1.768721756819663540e+02
1.697428031623057052e+02 1.767833984830830616e+02
1.696967748127976563e+02 1.766946212841997692e+02
1.696507464632896074e+02 1.766058440853164768e+02
1.696047181137815585e+02 1.765170668864331844e+02
1.695586897642735096e+02 1.764282896875498921e+02
1.695126614147654607e+02 1.763395124886665997e+02
1.694666330652574118e+02 1.762507352897833073e+02
1.694206047157493629e+02 1.761619580909000149e+02
1.693745763662413140e+02 1.760731808920167225e+02
1.693285480167332651e+02 1.759844036931334301e+02
1.692825196672252162e+02 1.758956264942501377e+02
1.692364913177171672e+02 1.758068492953668454e+02
1.691904629682091183e+02 1.757180720964835530e+02
1.691444346187010694e+02 1.756292948976002606e+02
1.690984062691930205e+02 1.755405176987169682e+02
1.690523779196849716e+02 1.754517404998336758e+02
1.690063495701769227e+02 1.753629633009503834e+02
1.689603212206688738e+02 1.752741861020670910e+02
1.689142928711608249e+02 1.751854089031837987e+02
1.688682645216527760e+02 1.750966317043005063e+02
1.688222361721447271e+02 1.750078545054172139e+02
1.687762078226366782e+02 1.749190773065339215e+02
1.687301794731286293e+02 1.748303001076506291e+02
1.686841511236205804e+02 1.747415229087673367e+02
1.686381227741125315e+02 1.746527457098840443e+02
1.685920944246044826e+02 1.745639685110007520e+02
1.685460660750964337e+02 1.744751913121174596e+02
1.685000377255883848e+02 1.743864141132341672e+02
1.684540093760803359e+02 1.742976369143508748e+02
1.684079810265722870e+02 1.742088597154675824e+02
1.683619526770642381e+02 1.741200825165842900e+02
1.683159243275561892e+02 1.740313053177009976e+02
1.682698959780481403e+02 1.739425281188177053e+02
1.682238676285400913e+02 1.738537509199344129e+02
1.681778392790320424e+02 1.737649737210511205e+02
1.681318109295239935e+02 1.736761965221678281e+02
1.680857825800159446e+02 1.735874193232845357e+02
1.680397542305078957e+02 1.734986421244012433e+02
1.679937258809998468e+02 1.734098649255179510e+02
1.679476975314917979e+02 1.733210877266346586e+02
1.679016691819837490e+02 1.732323105277513662e+02
1.678556408324757001e+02 1.731435333288680738e+02
1.678096124829676512e+02 1.730547561299847814e+02
1.677635841334596023e+02 1.729659789311014890e+02
1.677175557839515534e+02 1.728772017322181966e+02
1.676715274344435045e+02 1.727884245333349043e+02
1.676254990849354556e+02 1.726996473344516119e+02
1.675794707354274067e+02 1.726108701355683195e+02
1.675334423859193578e+02 1.725220929366850271e+02
1.674874140364113089e+02 1.724333157378017347e+02
1.674413856869032600e+02 1.723445385389184423e+02
1.673953573373952111e+02 1.722557613400351499e+02
1.673493289878871622e+02 1.721669841411518576e+02
1.673033006383791133e+02 1.720782069422685652e+02
1.672572722888710643e+02 1.719894297433852728e+02
1.672112439393630154e+02 1.719006525445019804e+02
1.671652155898549665e+02 1.718118753456186880e+02
1.671191872403469176e+02 1.717230981467353956e+02
1.670731588908388687e+02 1.716343209478521032e+02
1.670271305413308198e+02 1.715455437489688109e+02
1.669811021918227709e+02 1.714567665500855185e+02
1.669350738423147220e+02 1.713679893512022261e+02
1.668890454928066731e+02 1.712792121523189337e+02
1.668430171432986242e+02 1.711904349534356413e+02
1.667969887937905753e+02 1.711016577545523489e+02
1.667509604442825264e+02 1.710128805556690565e+02
1.667049320947744775e+02 1.709241033567857642e+02
1.666589037452664286e+02 1.708353261579024718e+02
1.666128753957583797e+02 1.707465489590191794e+02
1.665668470462503308e+02 1.706577717601358870e+02
1.665208186967422819e+02 1.705689945612525946e+02
1.664747903472342330e+02 1.704802173623693022e+02
1.664287619977261841e+02 1.703914401634860099e+02
1.663827336482181352e+02 1.703026629646027175e+02
1.663367052987100863e+02 1.702138857657194251e+02
1.662906769492020373e+02 1.701251085668361327e+02
1.662446485996939884e+02 1.700363313679528403e+02
1.661986202501859395e+02 1.699475541690695479e+02
1.661525919006778906e+02 1.698587769701862555e+02
1.661065635511698417e+02 1.697699997713029632e+02
1.660605352016617928e+02 1.696812225724196708e+02
1.660145068521537439e+02 1.695924453735363784e+02
1.659684785026456950e+02 1.695036681746530860e+02
1.659224501531376461e+02 1.694148909757697936e+02
1.658764218036295972e+02 1.693261137768865012e+02
1.658303934541215483e+02 1.692373365780032088e+02
1.657843651046134994e+02 1.691485593791199165e+02
1.657383367551054505e+02 1.690597821802366241e+02
1.656923084055974016e+02 1.689710049813533317e+02
1.656462800560893527e+02 1.688822277824700393e+02
1.656002517065813038e+02 1.687934505835867469e+02
1.655542233570732549e+02 1.687046733847034545e+02
1.655081950075652060e+02 1.686158961858201621e+02
1.654621666580571571e+02 1.685271189869368698e+02
1.654161383085491082e+02 1.684383417880535774e+02
1.653701099590410593e+02 1.683495645891702850e+02
1.653240816095330104e+02 1.682607873902869926e+02
1.652780532600249614e+02 1.681720101914037002e+02
1.652320249105169125e+02 1.680832329925204078e+02
1.651859965610088636e+02 1.679944557936371154e+02
1.651399682115008147e+02 1.679056785947538231e+02
1.650939398619927658e+02 1.678169013958705307e+02
1.650479115124847169e+02 1.677281241969872383e+02
1.650018831629766680e+02 1.676393469981039459e+02
1.649558548134686191e+02 1.675505697992206535e+02
1.649098264639605702e+02 1.674617926003373611e+02
1.648637981144525213e+02 1.673730154014540688e+02
1.648177697649444724e+02 1.672842382025707764e+02
1.647717414154364235e+02 1.671954610036874840e+02
1.647257130659283746e+02 1.671066838048041916e+02
1.646796847164203257e+02 1.670179066059208992e+02
1.646336563669122768e+02 1.669291294070376068e+02
1.645876280174042279e+02 1.668403522081543144e+02
1.645415996678961790e+02 1.667515750092710221e+02
1.644955713183881301e+02 1.666627978103877297e+02
1.644495429688800812e+02 1.665740206115044373e+02
1.644035146193720323e+02 1.664852434126211449e+02
1.643574862698639834e+02 1.663964662137378525e+02
1.643114579203559344e+02 1.663076890148545601e+02
1.642654295708478855e+02 1.662189118159712677e+02
1.642194012213398366e+02 1.661301346170879754e+02
1.641733728718317877e+02 1.660413574182046830e+02
1.641273445223237388e+02 1.659525802193213906e+02
1.640813161728156899e+02 1.658638030204380982e+02
1.640352878233076410e+02 1.657750258215548058e+02
1.639892594737995921e+02 1.656862486226715134e+02
1.639432311242915432e+02 1.655974714237882210e+02
1.638972027747834943e+02 1.655086942249049287e+02
1.638511744252754454e+02 1.654199170260216363e+02
1.638051460757673965e+02 1.653311398271383439e+02
1.637591177262593476e+02 1.652423626282550515e+02
1.637130893767512987e+02 1.651535854293717591e+02
1.636670610272432498e+02 1.650648082304884667e+02
1.636210326777352009e+02 1.649760310316051743e+02
1.635750043282271520e+02 1.648872538327218820e+02
1.635289759787191031e+02 1.647984766338385896e+02
1.634829476292110542e+02 1.647096994349552972e+02
1.634369192797030053e+02 1.646209222360720048e+02
1.633908909301949564e+02 1.645321450371887124e+02
1.633448625806869074e+02 1.644433678383054200e+02
1.632988342311788585e+02 1.643545906394221277e+02
1.632528058816708096e+02 1.642658134405388353e+02
1.632067775321627607e+02 1.641770362416555429e+02
1.631607491826547118e+02 1.640882590427722505e+02
1.631147208331466629e+02 1.639994818438889581e+02
1.630686924836386140e+02 1.639107046450056657e+02
1.630226641341305651e+02 1.638219274461223733e+02
1.629766357846225162e+02 1.637331502472390810e+02
1.629306074351144673e+02 1.636443730483557886e+02
1.628845790856064184e+02 1.635555958494724962e+02
1.628385507360983695e+02 1.634668186505892038e+02
1.627925223865903206e+02 1.633780414517059114e+02
1.627464940370822717e+02 1.632892642528226190e+02
1.627004656875742228e+02 1.632004870539393266e+02
1.626544373380661739e+02 1.631117098550560343e+02
1.625684468680950374e+02 1.629458556991520481e+02
1.626572240669783298e+02 1.628998273496439992e+02
1.627460012658616222e+02 1.628537990001359503e+02
1.628347784647449146e+02 1.628077706506279014e+02
1.629235556636282070e+02 1.627617423011198525e+02
1.630123328625114993e+02 1.627157139516118036e+02
1.631011100613947917e+02 1.626696856021037547e+02
1.631898872602780841e+02 1.626236572525957058e+02
1.632786644591613765e+02 1.625776289030876569e+02
1.633674416580446689e+02 1.625316005535796080e+02
1.634562188569279613e+02 1.624855722040715591e+02
1.635449960558112537e+02 1.624395438545635102e+02
1.636337732546945460e+02 1.623935155050554613e+02
1.637225504535778384e+02 1.623474871555474124e+02
1.638113276524611308e+02 1.623014588060393635e+02
1.639001048513444232e+02 1.622554304565313146e+02
1.639888820502277156e+02 1.622094021070232657e+02
1.640776592491110080e+02 1.621633737575152168e+02
1.641664364479943004e+02 1.621173454080071679e+02
1.642552136468775927e+02 1.620713170584991190e+02
1.643439908457608851e+02 1.620252887089910701e+02
1.644327680446441775e+02 1.619792603594830211e+02
1.645215452435274699e+02 1.619332320099749722e+02
1.646103224424107623e+02 1.618872036604669233e+02
1.646990996412940547e+02 1.618411753109588744e+02
1.647878768401773470e+02 1.617951469614508255e+02
1.648766540390606394e+02 1.617491186119427766e+02
1.649654312379439318e+02 1.617030902624347277e+02
1.650542084368272242e+02 1.616570619129266788e+02
1.651429856357105166e+02 1.616110335634186299e+02
1.652317628345938090e+02 1.615650052139105810e+02
1.653205400334771014e+02 1.615189768644025321e+02
1.654093172323603937e+02 1.614729485148944832e+02
1.654980944312436861e+02 1.614269201653864343e+02
1.655868716301269785e+02 1.613808918158783854e+02
1.656756488290102709e+02 1.613348634663703365e+02
1.657644260278935633e+02 1.612888351168622876e+02
1.658532032267768557e+02 1.612428067673542387e+02
1.659419804256601481e+02 1.611967784178461898e+02
1.660307576245434404e+02 1.611507500683381409e+02
1.661195348234267328e+02 1.611047217188300920e+02
1.662083120223100252e+02 1.610586933693220431e+02
1.662970892211933176e+02 1.610126650198139941e+02
1.663858664200766100e+02 1.609666366703059452e+02
1.664746436189599024e+02 1.609206083207978963e+02
1.665634208178431948e+02 1.608745799712898474e+02
1.666521980167264871e+02 1.608285516217817985e+02
1.667409752156097795e+02 1.607825232722737496e+02
1.668297524144930719e+02 1.607364949227657007e+02
1.669185296133763643e+02 1.606904665732576518e+02
1.670073068122596567e+02 1.606444382237496029e+02
1.670960840111429491e+02 1.605984098742415540e+02
1.671848612100262415e+02 1.605523815247335051e+02
1.672736384089095338e+02 1.605063531752254562e+02
1.673624156077928262e+02 1.604603248257174073e+02
1.674511928066761186e+02 1.604142964762093584e+02
1.675399700055594110e+02 1.603682681267013095e+02
1.676287472044427034e+02 1.603222397771932606e+02
1.677175244033259958e+02 1.602762114276852117e+02
1.678063016022092881e+02 1.602301830781771628e+02
1.678950788010925805e+02 1.601841547286691139e+02
1.679838559999758729e+02 1.601381263791610650e+02
1.680726331988591653e+02 1.600920980296530161e+02
1.681614103977424577e+02 1.600460696801449672e+02
1.682501875966257501e+02 1.600000413306369182e+02
1.683389647955090425e+02 1.599540129811288693e+02
1.684277419943923348e+02 1.599079846316208204e+02
1.685165191932756272e+02 1.598619562821127715e+02
1.686052963921589196e+02 1.598159279326047226e+02
1.686940735910422120e+02 1.597698995830966737e+02
1.687828507899255044e+02 1.597238712335886248e+02
1.688716279888087968e+02 1.596778428840805759e+02
1.689604051876920892e+02 1.596318145345725270e+02
1.690491823865753815e+02 1.595857861850644781e+02
1.691379595854586739e+02 1.595397578355564292e+02
1.692267367843419663e+02 1.594937294860483803e+02
1.693155139832252587e+02 1.594477011365403314e+02
1.694042911821085511e+02 1.594016727870322825e+02
1.694930683809918435e+02 1.593556444375242336e+02
1.695818455798751359e+02 1.593096160880161847e+02
1.696706227787584282e+02 1.592635877385081358e+02
1.697593999776417206e+02 1.592175593890000869e+02
1.698481771765250130e+02 1.591715310394920380e+02
1.699369543754083054e+02 1.591255026899839891e+02
1.700257315742915978e+02 1.590794743404759402e+02
1.701145087731748902e+02 1.590334459909678912e+02
1.702032859720581826e+02 1.589874176414598423e+02
1.702920631709414749e+02 1.589413892919517934e+02
1.703808403698247673e+02 1.588953609424437445e+02
1.704696175687080597e+02 1.588493325929356956e+02
1.705583947675913521e+02 1.588033042434276467e+02
1.706471719664746445e+02 1.587572758939195978e+02
1.707359491653579369e+02 1.587112475444115489e+02
1.708247263642412292e+02 1.586652191949035000e+02
1.709135035631245216e+02 1.586191908453954511e+02
1.710022807620078140e+02 1.585731624958874022e+02
1.710910579608911064e+02 1.585271341463793533e+02
1.711798351597743988e+02 1.584811057968713044e+02
1.712686123586576912e+02 1.584350774473632555e+02
1.713573895575409836e+02 1.583890490978552066e+02
1.714461667564242759e+02 1.583430207483471577e+02
1.715349439553075683e+02 1.582969923988391088e+02
1.716237211541908607e+02 1.582509640493310599e+02
1.717124983530741531e+02 1.582049356998230110e+02
1.718012755519574455e+02 1.581589073503149621e+02
1.718900527508407379e+02 1.581128790008069132e+02
1.719788299497240303e+02 1.580668506512988642e+02
1.720676071486073226e+02 1.580208223017908153e+02
1.721563843474906150e+02 1.579747939522827664e+02
1.722451615463739074e+02 1.579287656027747175e+02
1.723339387452571998e+02 1.578827372532666686e+02
1.724227159441404922e+02 1.578367089037586197e+02
1.725114931430237846e+02 1.577906805542505708e+02
1.726002703419070770e+02 1.577446522047425219e+02
1.726890475407903693e+02 1.576986238552344730e+02
1.727778247396736617e+02 1.576525955057264241e+02
1.728666019385569541e+02 1.576065671562183752e+02
1.729553791374402465e+02 1.575605388067103263e+02
1.730441563363235389e+02 1.575145104572022774e+02
1.731329335352068313e+02 1.574684821076942285e+02
1.732217107340901237e+02 1.574224537581861796e+02
1.733104879329734160e+02 1.573764254086781307e+02
1.733992651318567084e+02 1.573303970591700818e+02
1.734880423307400008e+02 1.572843687096620329e+02
1.735768195296232932e+02 1.572383403601539840e+02
1.736655967285065856e+02 1.571923120106459351e+02
1.737543739273898780e+02 1.571462836611378862e+02
1.738431511262731703e+02 1.571002553116298373e+02
1.739319283251564627e+02 1.570542269621217883e+02
1.740207055240397551e+02 1.570081986126137394e+02
1.741094827229230475e+02 1.569621702631056905e+02
1.741982599218063399e+02 1.569161419135976416e+02
1.742870371206896323e+02 1.568701135640895927e+02
1.743758143195729247e+02 1.568240852145815438e+02
1.744645915184562170e+02 1.567780568650734949e+02
1.745533687173395094e+02 1.567320285155654460e+02
1.746421459162228018e+02 1.566860001660573971e+02
1.747309231151060942e+02 1.566399718165493482e+02
1.748197003139893866e+02 1.565939434670412993e+02
1.749084775128726790e+02 1.565479151175332504e+02
1.749972547117559714e+02 1.565018867680252015e+02
1.750860319106392637e+02 1.564558584185171526e+02
1.751748091095225561e+02 1.564098300690091037e+02
1.752635863084058485e+02 1.563638017195010548e+02
1.753523635072891409e+02 1.563177733699930059e+02
1.754411407061724333e+02 1.562717450204849570e+02
1.755299179050557257e+02 1.562257166709769081e+02
1.756186951039390181e+02 1.561796883214688592e+02
1.757074723028223104e+02 1.561336599719608103e+02
1.757962495017056028e+02 1.560876316224527613e+02
1.758850267005888952e+02 1.560416032729447124e+02
1.759738038994721876e+02 1.559955749234366635e+02
1.760625810983554800e+02 1.559495465739286146e+02
1.761513582972387724e+02 1.559035182244205657e+02
1.762401354961220648e+02 1.558574898749125168e+02
1.763289126950053571e+02 1.558114615254044679e+02
1.764176898938886495e+02 1.557654331758964190e+02
1.765064670927719419e+02 1.557194048263883701e+02
1.765952442916552343e+02 1.556733764768803212e+02
1.766840214905385267e+02 1.556273481273722723e+02
1.767727986894218191e+02 1.555813197778642234e+02
1.768615758883051114e+02 1.555352914283561745e+02
1.769503530871884038e+02 1.554892630788481256e+02
1.770391302860716962e+02 1.554432347293400767e+02
1.771279074849549886e+02 1.553972063798320278e+02
1.772166846838382810e+02 1.553511780303239789e+02
1.773054618827215734e+02 1.553051496808159300e+02
1.773942390816048658e+02 1.552591213313078811e+02
1.774830162804881581e+02 1.552130929817998322e+02
1.775717934793714505e+02 1.551670646322917833e+02
1.776605706782547429e+02 1.551210362827837344e+02
1.777493478771380353e+02 1.550750079332756854e+02
1.778381250760213277e+02 1.550289795837676365e+02
1.779269022749046201e+02 1.549829512342595876e+02
1.780156794737879125e+02 1.549369228847515387e+02
1.781044566726712048e+02 1.548908945352434898e+02
1.781932338715544972e+02 1.548448661857354409e+02
1.782820110704377896e+02 1.547988378362273920e+02
1.783707882693210820e+02 1.547528094867193431e+02
1.784595654682043744e+02 1.547067811372112942e+02
1.785483426670876668e+02 1.546607527877032453e+02
1.786371198659709592e+02 1.546147244381951964e+02
1.787258970648542515e+02 1.545686960886871475e+02
1.788146742637375439e+02 1.545226677391790986e+02
1.789034514626208363e+02 1.544766393896710497e+02
1.789922286615041287e+02 1.544306110401630008e+02
1.790810058603874211e+02 1.543845826906549519e+02
1.791697830592707135e+02 1.543385543411469030e+02
1.792585602581540059e+02 1.542925259916388541e+02
1.793473374570372982e+02 1.542464976421308052e+02
1.794361146559205906e+02 1.542004692926227563e+02
1.795248918548038830e+02 1.541544409431147074e+02
1.796136690536871754e+02 1.541084125936066584e+02
1.797024462525704678e+02 1.540623842440986095e+02
1.797912234514537602e+02 1.540163558945905606e+02
1.798800006503370525e+02 1.539703275450825117e+02
1.799687778492203449e+02 1.539242991955744628e+02
1.800575550481036373e+02 1.538782708460664139e+02
1.801463322469869297e+02 1.538322424965583650e+02
1.802351094458702221e+02 1.537862141470503161e+02
1.803238866447535145e+02 1.537401857975422672e+02
1.804126638436368069e+02 1.536941574480342183e+02
1.805014410425200992e+02 1.536481290985261694e+02
1.805902182414033916e+02 1.536021007490181205e+02
1.806789954402866840e+02 1.535560723995100716e+02
1.807677726391699764e+02 1.535100440500020227e+02
1.808565498380532688e+02 1.534640157004939738e+02
1.809453270369365612e+02 1.534179873509859249e+02
1.810341042358198536e+02 1.533719590014778760e+02
1.811228814347031459e+02 1.533259306519698271e+02
1.812116586335864383e+02 1.532799023024617782e+02
1.813004358324697307e+02 1.532338739529537293e+02
1.813892130313530231e+02 1.531878456034456804e+02
1.814779902302363155e+02 1.531418172539376314e+02
1.815667674291196079e+02 1.530957889044295825e+02
1.816555446280029003e+02 1.530497605549215336e+02
1.817443218268861926e+02 1.530037322054134847e+02
1.818330990257694850e+02 1.529577038559054358e+02
1.819218762246527774e+02 1.529116755063973869e+02
1.820106534235360698e+02 1.528656471568893380e+02
1.820994306224193622e+02 1.528196188073812891e+02
1.821882078213026546e+02 1.527735904578732402e+02
1.822769850201859470e+02 1.527275621083651913e+02
1.823657622190692393e+02 1.526815337588571424e+02
1.824545394179525317e+02 1.526355054093490935e+02
1.825433166168358241e+02 1.525894770598410446e+02
1.826320938157191165e+02 1.525434487103329957e+02
1.827208710146024089e+02 1.524974203608249468e+02
1.828096482134857013e+02 1.524513920113168979e+02
1.828984254123689936e+02 1.524053636618088490e+02
1.829872026112522860e+02 1.523593353123008001e+02
1.830759798101355784e+02 1.523133069627927512e+02
1.831647570090188708e+02 1.522672786132847023e+02
1.832535342079021632e+02 1.522212502637766534e+02
1.833423114067854556e+02 1.521752219142686045e+02
1.834310886056687480e+02 1.521291935647605555e+02
1.835198658045520403e+02 1.520831652152525066e+02
1.836086430034353327e+02 1.520371368657444577e+02
1.836974202023186251e+02 1.519911085162364088e+02
1.837861974012019175e+02 1.519450801667283599e+02
1.838749746000852099e+02 1.518990518172203110e+02
1.839637517989685023e+02 1.518530234677122621e+02
1.841057125675693840e+02 1.517794210117277487e+02
