1.712892048413255566e+02 9.700000000000000000e+01
1.712889989522243468e+02 9.710000861321672971e+01
1.712883812884111592e+02 9.720001553097378633e+01
1.712873518603573757e+02 9.730001905784027372e+01
1.712859106855150060e+02 9.740001749844276446e+01
1.712840577883164883e+02 9.750000915749403418e+01
1.712817932001742349e+02 9.759999233982186695e+01
1.712791169594801204e+02 9.769996535039773278e+01
1.712760291116047995e+02 9.779992649436555041e+01
1.712725297088970251e+02 9.789987407707039324e+01
1.712686188106826251e+02 9.799980640408729471e+01
1.712642964832635641e+02 9.809972178124985476e+01
1.712595627999168926e+02 9.819961851467907366e+01
1.712544178408933533e+02 9.829949491081198687e+01
1.712488616934161598e+02 9.839934927643045626e+01
1.712428944516794331e+02 9.849917991868979072e+01
1.712365162168466384e+02 9.859898514514748058e+01
1.712297270970488512e+02 9.869876326379193188e+01
1.712225272073829387e+02 9.879851258307108708e+01
1.712149166699096554e+02 9.889823141192111677e+01
1.712068956136514259e+02 9.899791805979512560e+01
1.711984641745903559e+02 9.909757083669177291e+01
1.711896224956657306e+02 9.919718805318395027e+01
1.711803707267717982e+02 9.929676802044738793e+01
1.711707090247550127e+02 9.939630905028933228e+01
1.711606375534115614e+02 9.949580945517710973e+01
1.711501564834844373e+02 9.959526754826680417e+01
1.711392659926606825e+02 9.969468164343177818e+01
1.711279662655682330e+02 9.979405005529133632e+01
1.711162574937729346e+02 9.989337109923924629e+01
1.711041398757751892e+02 9.999264309147227436e+01
1.710916136170066011e+02 1.000918643490188202e+02
1.710786789298265944e+02 1.001910331897673530e+02
1.710653360335186335e+02 1.002901479324950174e+02
1.710515851542866983e+02 1.003892068968960416e+02
1.710374265252513055e+02 1.004882084036102867e+02
1.710228603864456147e+02 1.005871507742517252e+02
1.710078869848113641e+02 1.006860323314368486e+02
1.709925065741946639e+02 1.007848513988131316e+02
1.709767194153417620e+02 1.008836063010874255e+02
1.709605257758944674e+02 1.009822953640544370e+02
1.709439259303857739e+02 1.010809169146249928e+02
1.709269201602351131e+02 1.011794692808545193e+02
1.709095087537436655e+02 1.012779507919712927e+02
1.708916920060893290e+02 1.013763597784048329e+02
1.708734702193218880e+02 1.014746945718141689e+02
1.708548437023577549e+02 1.015729535051161321e+02
1.708358127709748544e+02 1.016711349125136366e+02
1.708163777478071381e+02 1.017692371295238729e+02
1.707965389623391843e+02 1.018672584930066023e+02
1.707762967509006558e+02 1.019651973411922512e+02
1.707556514566605301e+02 1.020630520137101911e+02
1.707346034296212736e+02 1.021608208516167906e+02
1.707131530266129573e+02 1.022585021974236383e+02
1.706913006112872040e+02 1.023560943951255240e+02
1.706690465541109631e+02 1.024535957902286327e+02
1.706463912323603722e+02 1.025510047297785121e+02
1.706233350301141058e+02 1.026483195623881102e+02
1.705998783382471515e+02 1.027455386382657991e+02
1.705760215544239884e+02 1.028426603092433425e+02
1.705517650830919365e+02 1.029396829288037907e+02
1.705271093354742789e+02 1.030366048521094626e+02
1.705020547295632412e+02 1.031334244360297419e+02
1.704766016901129717e+02 1.032301400391690436e+02
1.704507506486323223e+02 1.033267500218945401e+02
1.704245020433775437e+02 1.034232527463640281e+02
1.703978563193448110e+02 1.035196465765536544e+02
1.703708139282627201e+02 1.036159298782856553e+02
1.703433753285846137e+02 1.037121010192561101e+02
1.703155409854808227e+02 1.038081583690625394e+02
1.702873113708307358e+02 1.039041002992315867e+02
1.702586869632148705e+02 1.039999251832466314e+02
1.702296682479067442e+02 1.040956313965753282e+02
1.702002557168645467e+02 1.041912173166972195e+02
1.701704498687229545e+02 1.042866813231311340e+02
1.701402512087846048e+02 1.043820217974627695e+02
1.701096602490114265e+02 1.044772371233720492e+02
1.700786775080161988e+02 1.045723256866605908e+02
1.700473035110535136e+02 1.046672858752789779e+02
1.700155387900110497e+02 1.047621160793542003e+02
1.699833838834004212e+02 1.048568146912168686e+02
1.699508393363481957e+02 1.049513801054285125e+02
1.699179057005864877e+02 1.050458107188087524e+02
1.698845835344436921e+02 1.051401049304625417e+02
1.698508734028350773e+02 1.052342611418072238e+02
1.698167758772530931e+02 1.053282777565997179e+02
1.697822915357577358e+02 1.054221531809635195e+02
1.697474209629667428e+02 1.055158858234157861e+02
1.697121647500456731e+02 1.056094740948942103e+02
1.696765234946979604e+02 1.057029164087840911e+02
1.696404978011546518e+02 1.057962111809451073e+02
1.696040882801642056e+02 1.058893568297382899e+02
1.695672955489822584e+02 1.059823517760527380e+02
1.695301202313609679e+02 1.060751944433324354e+02
1.694925629575385528e+02 1.061678832576029947e+02
1.694546243642286072e+02 1.062604166474983032e+02
1.694163050946092710e+02 1.063527930442871821e+02
1.693776057983123735e+02 1.064450108818999752e+02
1.693385271314123202e+02 1.065370685969550948e+02
1.692990697564151503e+02 1.066289646287855675e+02
1.692592343422470549e+02 1.067206974194654094e+02
1.692190215642432918e+02 1.068122654138361156e+02
1.691784321041365331e+02 1.069036670595329781e+02
1.691374666500454396e+02 1.069949008070114473e+02
1.690961258964629508e+02 1.070859651095733653e+02
1.690544105442445186e+02 1.071768584233931705e+02
1.690123213005961702e+02 1.072675792075441308e+02
1.689698588790625990e+02 1.073581259240244066e+02
1.689270239995150291e+02 1.074484970377831843e+02
1.688838173881390219e+02 1.075386910167466255e+02
1.688402397774221697e+02 1.076287063318439010e+02
1.687962919061416187e+02 1.077185414570331261e+02
1.687519745193516201e+02 1.078081948693271528e+02
1.687072883683709108e+02 1.078976650488194480e+02
1.686622342107698955e+02 1.079869504787098577e+02
1.686168128103578283e+02 1.080760496453303290e+02
1.685710249371699092e+02 1.081649610381705173e+02
1.685248713674542387e+02 1.082536831499034662e+02
1.684783528836585162e+02 1.083422144764111010e+02
1.684314702744169949e+02 1.084305535168097947e+02
1.683842243345369241e+02 1.085186987734757196e+02
1.683366158649851627e+02 1.086066487520703419e+02
1.682886456728745657e+02 1.086944019615656600e+02
1.682403145714503978e+02 1.087819569142695428e+02
1.681916233800763791e+02 1.088693121258509535e+02
1.681425729242209002e+02 1.089564661153650604e+02
1.680931640354430670e+02 1.090434174052784044e+02
1.680433975513784901e+02 1.091301645214939100e+02
1.679932743157251878e+02 1.092167059933758679e+02
1.679427951782291473e+02 1.093030403537749038e+02
1.678919609946701428e+02 1.093891661390528611e+02
1.678407726268469560e+02 1.094750818891075141e+02
1.677892309425630231e+02 1.095607861473974651e+02
1.677373368156115419e+02 1.096462774609667150e+02
1.676850911257606924e+02 1.097315543804693760e+02
1.676324947587387726e+02 1.098166154601941997e+02
1.675795486062192197e+02 1.099014592580890906e+02
1.675262535658053480e+02 1.099860843357855771e+02
1.674726105410152286e+02 1.100704892586231836e+02
1.674186204412663983e+02 1.101546725956737447e+02
1.673642841818603983e+02 1.102386329197656494e+02
1.673096026839672277e+02 1.103223688075080702e+02
1.672545768746097394e+02 1.104058788393150934e+02
1.671992076866480375e+02 1.104891615994297638e+02
1.671434960587635317e+02 1.105722156759480725e+02
1.670874429354429935e+02 1.106550396608429452e+02
1.670310492669626683e+02 1.107376321499880731e+02
1.669743160093721599e+02 1.108199917431817312e+02
1.669172441244780885e+02 1.109021170441704811e+02
1.668598345798279183e+02 1.109840066606728897e+02
1.668020883486934451e+02 1.110656592044031470e+02
1.667440064100544816e+02 1.111470732910945287e+02
1.666855897485819753e+02 1.112282475405229150e+02
1.666268393546216089e+02 1.113091805765301956e+02
1.665677562241767760e+02 1.113898710270475618e+02
1.665083413588918972e+02 1.114703175241188120e+02
1.664485957660352540e+02 1.115505187039234869e+02
1.663885204584820485e+02 1.116304732068000760e+02
1.663281164546971524e+02 1.117101796772689681e+02
1.662673847787178829e+02 1.117896367640555155e+02
1.662063264601366370e+02 1.118688431201128708e+02
1.661449425340833841e+02 1.119477974026448805e+02
1.660832340412082431e+02 1.120264982731288228e+02
1.660212020276636622e+02 1.121049443973381159e+02
1.659588475450868543e+02 1.121831344453649137e+02
1.658961716505818629e+02 1.122610670916426727e+02
1.658331754067016561e+02 1.123387410149686048e+02
1.657698598814301931e+02 1.124161548985260879e+02
1.657062261481641485e+02 1.124933074299070057e+02
1.656422752856949501e+02 1.125701973011339589e+02
1.655780083781902476e+02 1.126468232086824912e+02
1.655134265151756949e+02 1.127231838535031301e+02
1.654485307915164185e+02 1.127992779410434565e+02
1.653833223073984868e+02 1.128751041812700180e+02
1.653178021683102372e+02 1.129506612886902275e+02
1.652519714850234891e+02 1.130259479823741344e+02
1.651858313735748141e+02 1.131009629859761674e+02
1.651193829552465218e+02 1.131757050277567060e+02
1.650526273565477595e+02 1.132501728406037529e+02
1.649855657091952423e+02 1.133243651620543062e+02
1.649181991500942672e+02 1.133982807343158186e+02
1.648505288213192728e+02 1.134719183042875272e+02
1.647825558700945692e+02 1.135452766235816568e+02
1.647142814487748694e+02 1.136183544485446077e+02
1.646457067148257636e+02 1.136911505402780591e+02
1.645768328308040793e+02 1.137636636646599300e+02
1.645076609643381573e+02 1.138358925923653544e+02
1.644381922881080413e+02 1.139078360988874294e+02
1.643684279798257535e+02 1.139794929645581050e+02
1.642983692222150580e+02 1.140508619745687611e+02
1.642280172029916514e+02 1.141219419189908422e+02
1.641573731148429260e+02 1.141927315927963491e+02
1.640864381554077340e+02 1.142632297958782601e+02
1.640152135272560940e+02 1.143334353330709803e+02
1.639437004378688698e+02 1.144033470141704214e+02
1.638719000996172213e+02 1.144729636539543236e+02
1.637998137297420556e+02 1.145422840722023068e+02
1.637274425503334214e+02 1.146113070937158653e+02
1.636547877883098465e+02 1.146800315483382917e+02
1.635818506753973907e+02 1.147484562709745433e+02
1.635086324481088411e+02 1.148165801016109668e+02
1.634351343477228511e+02 1.148844018853349667e+02
1.633613576202627087e+02 1.149519204723545869e+02
1.632873035164753333e+02 1.150191347180180230e+02
1.632129732918100729e+02 1.150860434828329915e+02
1.631383682063973311e+02 1.151526456324860703e+02
1.630634895250273075e+02 1.152189400378619695e+02
1.629883385171285113e+02 1.152849255750625446e+02
1.629129164567462453e+02 1.153506011254260244e+02
1.628372246225209210e+02 1.154159655755458260e+02
1.627612642976665995e+02 1.154810178172895121e+02
1.626850367699489937e+02 1.155457567478175633e+02
1.626085433316637534e+02 1.156101812696020374e+02
1.625317852796146383e+02 1.156742902904452706e+02
1.624547639150913199e+02 1.157380827234982519e+02
1.623774805438474971e+02 1.158015574872791831e+02
1.622999364760787273e+02 1.158647135056917392e+02
1.622221330264001438e+02 1.159275497080433013e+02
1.621440715138242581e+02 1.159900650290632029e+02
1.620657532617385357e+02 1.160522584089206362e+02
1.619871795978829709e+02 1.161141287932427701e+02
1.619083518543276341e+02 1.161756751331325574e+02
1.618292713674499907e+02 1.162368963851864692e+02
1.617499394779123350e+02 1.162977915115122869e+02
1.616703575306389666e+02 1.163583594797466390e+02
1.615905268747935679e+02 1.164185992630724797e+02
1.615104488637560678e+02 1.164785098402365691e+02
1.614301248550999333e+02 1.165380901955666957e+02
1.613495562105690340e+02 1.165973393189889862e+02
1.612687442960546207e+02 1.166562562060449579e+02
1.611876904815720479e+02 1.167148398579086006e+02
1.611063961412377239e+02 1.167730892814032870e+02
1.610248626532456910e+02 1.168310034890185705e+02
1.609430913998442634e+02 1.168885814989269960e+02
1.608610837673126639e+02 1.169458223350007131e+02
1.607788411459374913e+02 1.170027250268280170e+02
1.606963649299891017e+02 1.170592886097298191e+02
1.606136565176980469e+02 1.171155121247759894e+02
1.605307173112312853e+02 1.171713946188015854e+02
1.604475487166685639e+02 1.172269351444230949e+02
1.603641521439783446e+02 1.172821327600543810e+02
1.602805290069941293e+02 1.173369865299227683e+02
1.601966807233903296e+02 1.173914955240847888e+02
1.601126087146583927e+02 1.174456588184420411e+02
1.600283144060825293e+02 1.174994754947568083e+02
1.599437992267156119e+02 1.175529446406676328e+02
1.598590646093550447e+02 1.176060653497048065e+02
1.597741119905183211e+02 1.176588367213056898e+02
1.596889428104188084e+02 1.177112578608300169e+02
1.596035585129411913e+02 1.177633278795750869e+02
1.595179605456171430e+02 1.178150458947907282e+02
1.594321503596006835e+02 1.178664110296944187e+02
1.593461294096435665e+02 1.179174224134859941e+02
1.592598991540707232e+02 1.179680791813625120e+02
1.591734610547554212e+02 1.180183804745328899e+02
1.590868165770945382e+02 1.180683254402324280e+02
1.589999671899837494e+02 1.181179132317373188e+02
1.589129143657925169e+02 1.181671430083789716e+02
1.588256595803392770e+02 1.182160139355582515e+02
1.587382043128662872e+02 1.182645251847596910e+02
1.586505500460146436e+02 1.183126759335654583e+02
1.585626982657990709e+02 1.183604653656693415e+02
1.584746504615828258e+02 1.184078926708905470e+02
1.583864081260522596e+02 1.184549570451875553e+02
1.582979727551917790e+02 1.185016576906715784e+02
1.582093458482582946e+02 1.185479938156202024e+02
1.581205289077558120e+02 1.185939646344908169e+02
1.580315234394100514e+02 1.186395693679338024e+02
1.579423309521428394e+02 1.186848072428059311e+02
1.578529529580466431e+02 1.187296774921833418e+02
1.577633909723587067e+02 1.187741793553745566e+02
1.576736465134356138e+02 1.188183120779334274e+02
1.575837211027274520e+02 1.188620749116718969e+02
1.574936162647519211e+02 1.189054671146726747e+02
1.574033335270686678e+02 1.189484879513018143e+02
1.573128744202532516e+02 1.189911366922212181e+02
1.572222404778712246e+02 1.190334126144009588e+02
1.571314332364522102e+02 1.190753150011315569e+02
1.570404542354636988e+02 1.191168431420361458e+02
1.569493050172851838e+02 1.191579963330824796e+02
1.568579871271817296e+02 1.191987738765948848e+02
1.567665021132779941e+02 1.192391750812661400e+02
1.566748515265318815e+02 1.192791992621690866e+02
1.565830369207083379e+02 1.193188457407683387e+02
1.564910598523528620e+02 1.193581138449317223e+02
1.563989218807652435e+02 1.193970029089417295e+02
1.563066245679731026e+02 1.194355122735067454e+02
1.562141694787053154e+02 1.194736412857722598e+02
1.561215581803656960e+02 1.195113892993319240e+02
1.560287922430061371e+02 1.195487556742385209e+02
1.559358732393002924e+02 1.195857397770148083e+02
1.558428027445166890e+02 1.196223409806642337e+02
1.557495823364920966e+02 1.196585586646816068e+02
1.556562135956047825e+02 1.196943922150635871e+02
1.555626981047478239e+02 1.197298410243191142e+02
1.554690374493020499e+02 1.197649044914796832e+02
1.553752332171092974e+02 1.197995820221095471e+02
1.552812869984455517e+02 1.198338730283158213e+02
1.551872003859938616e+02 1.198677769287583885e+02
1.550929749748173947e+02 1.199012931486597893e+02
1.549986123623323806e+02 1.199344211198149850e+02
1.549041141482810815e+02 1.199671602806009787e+02
1.548094819347046212e+02 1.199995100759862794e+02
1.547147173259157853e+02 1.200314699575404234e+02
1.546198219284719357e+02 1.200630393834431686e+02
1.545247973511476971e+02 1.200942178184937177e+02
1.544296452049076720e+02 1.201250047341198410e+02
1.543343671028791562e+02 1.201553996083867304e+02
1.542389646603248252e+02 1.201854019260059516e+02
1.541434394946153361e+02 1.202150111783441133e+02
1.540477932252017865e+02 1.202442268634315354e+02
1.539520274735884584e+02 1.202730484859707047e+02
1.538561438633052205e+02 1.203014755573447445e+02
1.537601440198799594e+02 1.203295075956256142e+02
1.536640295708111239e+02 1.203571441255823657e+02
1.535678021455400994e+02 1.203843846786891305e+02
1.534714633754235251e+02 1.204112287931330911e+02
1.533750148937057247e+02 1.204376760138223261e+02
1.532784583354909387e+02 1.204637258923934837e+02
1.531817953377156982e+02 1.204893779872194273e+02
1.530850275391210005e+02 1.205146318634166818e+02
1.529881565802244836e+02 1.205394870928528661e+02
1.528911841032927441e+02 1.205639432541538554e+02
1.527941117523134267e+02 1.205879999327110284e+02
1.526969411729673425e+02 1.206116567206882308e+02
1.525996740126005307e+02 1.206349132170287106e+02
1.525023119201964903e+02 1.206577690274619101e+02
1.524048565463479861e+02 1.206802237645101457e+02
1.523073095432293087e+02 1.207022770474952296e+02
1.522096725645681090e+02 1.207239285025448225e+02
1.521119472656173741e+02 1.207451777625988569e+02
1.520141353031274321e+02 1.207660244674157326e+02
1.519162383353178427e+02 1.207864682635784277e+02
1.518182580218492319e+02 1.208065088045004529e+02
1.517201960237952392e+02 1.208261457504318059e+02
1.516220540036142665e+02 1.208453787684646699e+02
1.515238336251213696e+02 1.208642075325390408e+02
1.514255365534600344e+02 1.208826317234483412e+02
1.513271644550739268e+02 1.209006510288447345e+02
1.512287189976786408e+02 1.209182651432444828e+02
1.511302018502334477e+02 1.209354737680330913e+02
1.510316146829129593e+02 1.209522766114704098e+02
1.509329591670789057e+02 1.209686733886955494e+02
1.508342369752516845e+02 1.209846638217316865e+02
1.507354497810820817e+02 1.210002476394908513e+02
1.506365992593228498e+02 1.210154245777784325e+02
1.505376870858004281e+02 1.210301943792977539e+02
1.504387149373862940e+02 1.210445567936543227e+02
1.503396844919688533e+02 1.210585115773602070e+02
1.502405974284247350e+02 1.210720584938380284e+02
1.501414554265904258e+02 1.210851973134250557e+02
1.500422601672338203e+02 1.210979278133771118e+02
1.499430133320256573e+02 1.211102497778722977e+02
1.498437166035110977e+02 1.211221629980146588e+02
1.497443716650811325e+02 1.211336672718377372e+02
1.496449802009439907e+02 1.211447624043080253e+02
1.495455438960967740e+02 1.211554482073282344e+02
1.494460644362967230e+02 1.211657244997404632e+02
1.493465435080326529e+02 1.211755911073293532e+02
1.492469827984964468e+02 1.211850478628249448e+02
1.491473839955544065e+02 1.211940946059055761e+02
1.490477487877186036e+02 1.212027311832005694e+02
1.489480788641183437e+02 1.212109574482928593e+02
1.488483759144713758e+02 1.212187732617214522e+02
1.487486416290554416e+02 1.212261784909838127e+02
1.486488776986794846e+02 1.212331730105380529e+02
1.485490858146550011e+02 1.212397567018051348e+02
1.484492676687674475e+02 1.212459294531708451e+02
1.483494249532474214e+02 1.212516911599877005e+02
1.482495593607421256e+02 1.212570417245766805e+02
1.481496725842865487e+02 1.212619810562289331e+02
1.480497663172748730e+02 1.212665090712073237e+02
1.479498422534316262e+02 1.212706256927477710e+02
1.478499020867831177e+02 1.212743308510606255e+02
1.477499475116286476e+02 1.212776244833318486e+02
1.476499802225116866e+02 1.212805065337240364e+02
1.475500019141913697e+02 1.212829769533773998e+02
1.474500142816135906e+02 1.212850357004105746e+02
1.473500190198823248e+02 1.212866827399213321e+02
1.472500178242308948e+02 1.212879180439872044e+02
1.471500123899931509e+02 1.212887415916658966e+02
1.470500044125749355e+02 1.212891533689956987e+02
1.469499955874250645e+02 1.212891533689956987e+02
1.468499876100068491e+02 1.212887415916658966e+02
1.467499821757691336e+02 1.212879180439872044e+02
1.466499809801176752e+02 1.212866827399213321e+02
1.465499857183864094e+02 1.212850357004105746e+02
1.464499980858086303e+02 1.212829769533773998e+02
1.463500197774883134e+02 1.212805065337240364e+02
1.462500524883713808e+02 1.212776244833318486e+02
1.461500979132168823e+02 1.212743308510606255e+02
1.460501577465683738e+02 1.212706256927477710e+02
1.459502336827251270e+02 1.212665090712073237e+02
1.458503274157134513e+02 1.212619810562289331e+02
1.457504406392578744e+02 1.212570417245766805e+02
1.456505750467525786e+02 1.212516911599877005e+02
1.455507323312325525e+02 1.212459294531708451e+02
1.454509141853449989e+02 1.212397567018051348e+02
1.453511223013205438e+02 1.212331730105380529e+02
1.452513583709445584e+02 1.212261784909838127e+02
1.451516240855286242e+02 1.212187732617214522e+02
1.450519211358816563e+02 1.212109574482928593e+02
1.449522512122813964e+02 1.212027311832005694e+02
1.448526160044455935e+02 1.211940946059055761e+02
1.447530172015035532e+02 1.211850478628249448e+02
1.446534564919673471e+02 1.211755911073293532e+02
1.445539355637032770e+02 1.211657244997404632e+02
1.444544561039032260e+02 1.211554482073282344e+02
1.443550197990560093e+02 1.211447624043080253e+02
1.442556283349188959e+02 1.211336672718377372e+02
1.441562833964889023e+02 1.211221629980146588e+02
1.440569866679743427e+02 1.211102497778722977e+02
1.439577398327661797e+02 1.210979278133771118e+02
1.438585445734095742e+02 1.210851973134250557e+02
1.437594025715752650e+02 1.210720584938380284e+02
1.436603155080311467e+02 1.210585115773602070e+02
1.435612850626137060e+02 1.210445567936543227e+02
1.434623129141996003e+02 1.210301943792977539e+02
1.433634007406771502e+02 1.210154245777784325e+02
1.432645502189179183e+02 1.210002476394908513e+02
1.431657630247483155e+02 1.209846638217316865e+02
1.430670408329210943e+02 1.209686733886955494e+02
1.429683853170870407e+02 1.209522766114704098e+02
1.428697981497665523e+02 1.209354737680330913e+02
1.427712810023213592e+02 1.209182651432444828e+02
1.426728355449260732e+02 1.209006510288447345e+02
1.425744634465399656e+02 1.208826317234483412e+02
1.424761663748786304e+02 1.208642075325390408e+02
1.423779459963857335e+02 1.208453787684646699e+02
1.422798039762047893e+02 1.208261457504318059e+02
1.421817419781507681e+02 1.208065088045004529e+02
1.420837616646821573e+02 1.207864682635784277e+02
1.419858646968725679e+02 1.207660244674157326e+02
1.418880527343826259e+02 1.207451777625988569e+02
1.417903274354318910e+02 1.207239285025448225e+02
1.416926904567706629e+02 1.207022770474952296e+02
1.415951434536520139e+02 1.206802237645101457e+02
1.414976880798035097e+02 1.206577690274619101e+02
1.414003259873994693e+02 1.206349132170287106e+02
1.413030588270326575e+02 1.206116567206882308e+02
1.412058882476865733e+02 1.205879999327110284e+02
1.411088158967072559e+02 1.205639432541538554e+02
1.410118434197755164e+02 1.205394870928528661e+02
1.409149724608789995e+02 1.205146318634166960e+02
1.408182046622843018e+02 1.204893779872194273e+02
1.407215416645090613e+02 1.204637258923934837e+02
1.406249851062943037e+02 1.204376760138223261e+02
1.405285366245764749e+02 1.204112287931330911e+02
1.404321978544599006e+02 1.203843846786891305e+02
1.403359704291888761e+02 1.203571441255823800e+02
1.402398559801200406e+02 1.203295075956256142e+02
1.401438561366947795e+02 1.203014755573447445e+02
1.400479725264115416e+02 1.202730484859707047e+02
1.399522067747982135e+02 1.202442268634315354e+02
1.398565605053846923e+02 1.202150111783441133e+02
1.397610353396751748e+02 1.201854019260059516e+02
1.396656328971208438e+02 1.201553996083867304e+02
1.395703547950923564e+02 1.201250047341198410e+02
1.394752026488523029e+02 1.200942178184937177e+02
1.393801780715280643e+02 1.200630393834431686e+02
1.392852826740842147e+02 1.200314699575404234e+02
1.391905180652953788e+02 1.199995100759862794e+02
1.390958858517189185e+02 1.199671602806009787e+02
1.390013876376676194e+02 1.199344211198149850e+02
1.389070250251826053e+02 1.199012931486597893e+02
1.388127996140061384e+02 1.198677769287583885e+02
1.387187130015544483e+02 1.198338730283158213e+02
1.386247667828907026e+02 1.197995820221095471e+02
1.385309625506979785e+02 1.197649044914796832e+02
1.384373018952521761e+02 1.197298410243191142e+02
1.383437864043952175e+02 1.196943922150635871e+02
1.382504176635079318e+02 1.196585586646816068e+02
1.381571972554833110e+02 1.196223409806642337e+02
1.380641267606997076e+02 1.195857397770148083e+02
1.379712077569938629e+02 1.195487556742385209e+02
1.378784418196343040e+02 1.195113892993319240e+02
1.377858305212946846e+02 1.194736412857722598e+02
1.376933754320269259e+02 1.194355122735067454e+02
1.376010781192347565e+02 1.193970029089417295e+02
1.375089401476471380e+02 1.193581138449317223e+02
1.374169630792916621e+02 1.193188457407683387e+02
1.373251484734681185e+02 1.192791992621690866e+02
1.372334978867220343e+02 1.192391750812661400e+02
1.371420128728182988e+02 1.191987738765948848e+02
1.370506949827148162e+02 1.191579963330824796e+02
1.369595457645363012e+02 1.191168431420361458e+02
1.368685667635477898e+02 1.190753150011315569e+02
1.367777595221287754e+02 1.190334126144009588e+02
1.366871255797467484e+02 1.189911366922212181e+02
1.365966664729313322e+02 1.189484879513018143e+02
1.365063837352480789e+02 1.189054671146726747e+02
1.364162788972725480e+02 1.188620749116718969e+02
1.363263534865643862e+02 1.188183120779334274e+02
1.362366090276412933e+02 1.187741793553745566e+02
1.361470470419533854e+02 1.187296774921833418e+02
1.360576690478571322e+02 1.186848072428059311e+02
1.359684765605899486e+02 1.186395693679338024e+02
1.358794710922442164e+02 1.185939646344908169e+02
1.357906541517417338e+02 1.185479938156202167e+02
1.357020272448082210e+02 1.185016576906715784e+02
1.356135918739477404e+02 1.184549570451875553e+02
1.355253495384172027e+02 1.184078926708905612e+02
1.354373017342009007e+02 1.183604653656693273e+02
1.353494499539853564e+02 1.183126759335654583e+02
1.352617956871337128e+02 1.182645251847596910e+02
1.351743404196607230e+02 1.182160139355582658e+02
1.350870856342074831e+02 1.181671430083789716e+02
1.350000328100162790e+02 1.181179132317373188e+02
1.349131834229054618e+02 1.180683254402324280e+02
1.348265389452445788e+02 1.180183804745328899e+02
1.347401008459292768e+02 1.179680791813625120e+02
1.346538705903564335e+02 1.179174224134859941e+02
1.345678496403993165e+02 1.178664110296944187e+02
1.344820394543828570e+02 1.178150458947907282e+02
1.343964414870588087e+02 1.177633278795750869e+02
1.343110571895812200e+02 1.177112578608300169e+02
1.342258880094816789e+02 1.176588367213056898e+02
1.341409353906449837e+02 1.176060653497048065e+02
1.340562007732843881e+02 1.175529446406676470e+02
1.339716855939174991e+02 1.174994754947568083e+02
1.338873912853416073e+02 1.174456588184420411e+02
1.338033192766096704e+02 1.173914955240847888e+02
1.337194709930058707e+02 1.173369865299227683e+02
1.336358478560216554e+02 1.172821327600543952e+02
1.335524512833314645e+02 1.172269351444230949e+02
1.334692826887687147e+02 1.171713946188015996e+02
1.333863434823019531e+02 1.171155121247759894e+02
1.333036350700108983e+02 1.170592886097298191e+02
1.332211588540625087e+02 1.170027250268280170e+02
1.331389162326873361e+02 1.169458223350007131e+02
1.330569086001557366e+02 1.168885814989269960e+02
1.329751373467543090e+02 1.168310034890185705e+02
1.328936038587622761e+02 1.167730892814032870e+02
1.328123095184279521e+02 1.167148398579086148e+02
1.327312557039453793e+02 1.166562562060449579e+02
1.326504437894309660e+02 1.165973393189889862e+02
1.325698751449000667e+02 1.165380901955666957e+02
1.324895511362439322e+02 1.164785098402365691e+02
1.324094731252064605e+02 1.164185992630724797e+02
1.323296424693610334e+02 1.163583594797466390e+02
1.322500605220876650e+02 1.162977915115122869e+02
1.321707286325500093e+02 1.162368963851864692e+02
1.320916481456723659e+02 1.161756751331325574e+02
1.320128204021170291e+02 1.161141287932427701e+02
1.319342467382614643e+02 1.160522584089206362e+02
1.318559284861757419e+02 1.159900650290632029e+02
1.317778669735998562e+02 1.159275497080433013e+02
1.317000635239213011e+02 1.158647135056917392e+02
1.316225194561525029e+02 1.158015574872791831e+02
1.315452360849086801e+02 1.157380827234982519e+02
1.314682147203853617e+02 1.156742902904452706e+02
1.313914566683362466e+02 1.156101812696020374e+02
1.313149632300510063e+02 1.155457567478175633e+02
1.312387357023334005e+02 1.154810178172895121e+02
1.311627753774790790e+02 1.154159655755458260e+02
1.310870835432537547e+02 1.153506011254260244e+02
1.310116614828714887e+02 1.152849255750625588e+02
1.309365104749726925e+02 1.152189400378619695e+02
1.308616317936026689e+02 1.151526456324860845e+02
1.307870267081899271e+02 1.150860434828329915e+02
1.307126964835246667e+02 1.150191347180180230e+02
1.306386423797372913e+02 1.149519204723545869e+02
1.305648656522771489e+02 1.148844018853349667e+02
1.304913675518911589e+02 1.148165801016109668e+02
1.304181493246026378e+02 1.147484562709745433e+02
1.303452122116901535e+02 1.146800315483382917e+02
1.302725574496665786e+02 1.146113070937158653e+02
1.302001862702579444e+02 1.145422840722023068e+02
1.301280999003827787e+02 1.144729636539543236e+02
1.300562995621311302e+02 1.144033470141704214e+02
1.299847864727439060e+02 1.143334353330709803e+02
1.299135618445922660e+02 1.142632297958782743e+02
1.298426268851570740e+02 1.141927315927963491e+02
1.297719827970083486e+02 1.141219419189908422e+02
1.297016307777849420e+02 1.140508619745687611e+02
1.296315720201742465e+02 1.139794929645581192e+02
1.295618077118919587e+02 1.139078360988874437e+02
1.294923390356618711e+02 1.138358925923653544e+02
1.294231671691959207e+02 1.137636636646599442e+02
1.293542932851742364e+02 1.136911505402780591e+02
1.292857185512251306e+02 1.136183544485446220e+02
1.292174441299054308e+02 1.135452766235816568e+02
1.291494711786807557e+02 1.134719183042875414e+02
1.290818008499057328e+02 1.133982807343158186e+02
1.290144342908047577e+02 1.133243651620543062e+02
1.289473726434522405e+02 1.132501728406037529e+02
1.288806170447534782e+02 1.131757050277567060e+02
1.288141686264251859e+02 1.131009629859761532e+02
1.287480285149765109e+02 1.130259479823741344e+02
1.286821978316897628e+02 1.129506612886902275e+02
1.286166776926015132e+02 1.128751041812700322e+02
1.285514692084835815e+02 1.127992779410434707e+02
1.284865734848243051e+02 1.127231838535031443e+02
1.284219916218097524e+02 1.126468232086824912e+02
1.283577247143050499e+02 1.125701973011339589e+02
1.282937738518358231e+02 1.124933074299069915e+02
1.282301401185698069e+02 1.124161548985260879e+02
1.281668245932983439e+02 1.123387410149686048e+02
1.281038283494181655e+02 1.122610670916426727e+02
1.280411524549131457e+02 1.121831344453649280e+02
1.279787979723363520e+02 1.121049443973381159e+02
1.279167659587917711e+02 1.120264982731288228e+02
1.278550574659166159e+02 1.119477974026448805e+02
1.277936735398633772e+02 1.118688431201128708e+02
1.277326152212821171e+02 1.117896367640555155e+02
1.276718835453028476e+02 1.117101796772689823e+02
1.276114795415179515e+02 1.116304732068000760e+02
1.275514042339647318e+02 1.115505187039234869e+02
1.274916586411081028e+02 1.114703175241188120e+02
1.274322437758232240e+02 1.113898710270475760e+02
1.273731606453784053e+02 1.113091805765301956e+02
1.273144102514180247e+02 1.112282475405229150e+02
1.272559935899455326e+02 1.111470732910945287e+02
1.271979116513065406e+02 1.110656592044031470e+02
1.271401654201720959e+02 1.109840066606728897e+02
1.270827558755219115e+02 1.109021170441704811e+02
1.270256839906278401e+02 1.108199917431817312e+02
1.269689507330373317e+02 1.107376321499880873e+02
1.269125570645570207e+02 1.106550396608429594e+02
1.268565039412364825e+02 1.105722156759480725e+02
1.268007923133519483e+02 1.104891615994297638e+02
1.267454231253902606e+02 1.104058788393150934e+02
1.266903973160327865e+02 1.103223688075080702e+02
1.266357158181396017e+02 1.102386329197656494e+02
1.265813795587335875e+02 1.101546725956737447e+02
1.265273894589847714e+02 1.100704892586231836e+02
1.264737464341946520e+02 1.099860843357855913e+02
1.264204513937807803e+02 1.099014592580890906e+02
1.263675052412612132e+02 1.098166154601941855e+02
1.263149088742393218e+02 1.097315543804693760e+02
1.262626631843884581e+02 1.096462774609667150e+02
1.262107690574369769e+02 1.095607861473974651e+02
1.261592273731530298e+02 1.094750818891075141e+02
1.261080390053298572e+02 1.093891661390528611e+02
1.260572048217708385e+02 1.093030403537749038e+02
1.260067256842748264e+02 1.092167059933758679e+02
1.259566024486215099e+02 1.091301645214939100e+02
1.259068359645569330e+02 1.090434174052784186e+02
1.258574270757790856e+02 1.089564661153650604e+02
1.258083766199236209e+02 1.088693121258509535e+02
1.257596854285496022e+02 1.087819569142695570e+02
1.257113543271254201e+02 1.086944019615656600e+02
1.256633841350148515e+02 1.086066487520703419e+02
1.256157756654630759e+02 1.085186987734757338e+02
1.255685297255830051e+02 1.084305535168097947e+02
1.255216471163414838e+02 1.083422144764111152e+02
1.254751286325457613e+02 1.082536831499034662e+02
1.254289750628300766e+02 1.081649610381705173e+02
1.253831871896421717e+02 1.080760496453303290e+02
1.253377657892301045e+02 1.079869504787098577e+02
1.252927116316290892e+02 1.078976650488194480e+02
1.252480254806483799e+02 1.078081948693271528e+02
1.252037080938583813e+02 1.077185414570331261e+02
1.251597602225778303e+02 1.076287063318439010e+02
1.251161826118609781e+02 1.075386910167466255e+02
1.250729760004849709e+02 1.074484970377831843e+02
1.250301411209374010e+02 1.073581259240244208e+02
1.249876786994038298e+02 1.072675792075441308e+02
1.249455894557554814e+02 1.071768584233931705e+02
1.249038741035370492e+02 1.070859651095733796e+02
1.248625333499545604e+02 1.069949008070114616e+02
1.248215678958634811e+02 1.069036670595329923e+02
1.247809784357567224e+02 1.068122654138361156e+02
1.247407656577529451e+02 1.067206974194654094e+02
1.247009302435848497e+02 1.066289646287855675e+02
1.246614728685876656e+02 1.065370685969551090e+02
1.246223942016876265e+02 1.064450108818999752e+02
1.245836949053907290e+02 1.063527930442871821e+02
1.245453756357714070e+02 1.062604166474983032e+02
1.245074370424614614e+02 1.061678832576030089e+02
1.244698797686390463e+02 1.060751944433324354e+02
1.244327044510177416e+02 1.059823517760527380e+02
1.243959117198357802e+02 1.058893568297382899e+02
1.243595021988453482e+02 1.057962111809451073e+02
1.243234765053020396e+02 1.057029164087840769e+02
1.242878352499543269e+02 1.056094740948942103e+02
1.242525790370332714e+02 1.055158858234157861e+02
1.242177084642422784e+02 1.054221531809635337e+02
1.241832241227469069e+02 1.053282777565997179e+02
1.241491265971649227e+02 1.052342611418072238e+02
1.241154164655563079e+02 1.051401049304625417e+02
1.240820942994135265e+02 1.050458107188087666e+02
1.240491606636518043e+02 1.049513801054285267e+02
1.240166161165995646e+02 1.048568146912168828e+02
1.239844612099889503e+02 1.047621160793542003e+02
1.239526964889464864e+02 1.046672858752789779e+02
1.239213224919838012e+02 1.045723256866605766e+02
1.238903397509885735e+02 1.044772371233720492e+02
1.238597487912154094e+02 1.043820217974627838e+02
1.238295501312770455e+02 1.042866813231311482e+02
1.237997442831354533e+02 1.041912173166972195e+02
1.237703317520932558e+02 1.040956313965753424e+02
1.237413130367851153e+02 1.039999251832466314e+02
1.237126886291692642e+02 1.039041002992315867e+02
1.236844590145191773e+02 1.038081583690625536e+02
1.236566246714153863e+02 1.037121010192561101e+02
1.236291860717372799e+02 1.036159298782856695e+02
1.236021436806551748e+02 1.035196465765536544e+02
1.235754979566224421e+02 1.034232527463640281e+02
1.235492493513676777e+02 1.033267500218945401e+02
1.235233983098870283e+02 1.032301400391690436e+02
1.234979452704367731e+02 1.031334244360297561e+02
1.234728906645257211e+02 1.030366048521094626e+02
1.234482349169080635e+02 1.029396829288038049e+02
1.234239784455760116e+02 1.028426603092433425e+02
1.234001216617528485e+02 1.027455386382658133e+02
1.233766649698858942e+02 1.026483195623881102e+02
1.233536087676396420e+02 1.025510047297785121e+02
1.233309534458890226e+02 1.024535957902286469e+02
1.233086993887128102e+02 1.023560943951255240e+02
1.232868469733870569e+02 1.022585021974236383e+02
1.232653965703787406e+02 1.021608208516168048e+02
1.232443485433394699e+02 1.020630520137101911e+02
1.232237032490993300e+02 1.019651973411922512e+02
1.232034610376608015e+02 1.018672584930066023e+02
1.231836222521928619e+02 1.017692371295238871e+02
1.231641872290251456e+02 1.016711349125136366e+02
1.231451562976422309e+02 1.015729535051161321e+02
1.231265297806781120e+02 1.014746945718141689e+02
1.231083079939106710e+02 1.013763597784048329e+02
1.230904912462563487e+02 1.012779507919712927e+02
1.230730798397648869e+02 1.011794692808545335e+02
1.230560740696142403e+02 1.010809169146250071e+02
1.230394742241055468e+02 1.009822953640544370e+02
1.230232805846582522e+02 1.008836063010874398e+02
1.230074934258053361e+02 1.007848513988131316e+02
1.229921130151886501e+02 1.006860323314368486e+02
1.229771396135543995e+02 1.005871507742517394e+02
1.229625734747486945e+02 1.004882084036102867e+02
1.229484148457133017e+02 1.003892068968960416e+02
1.229346639664813523e+02 1.002901479324950174e+02
1.229213210701734056e+02 1.001910331897673530e+02
1.229083863829933847e+02 1.000918643490188060e+02
1.228958601242248108e+02 9.999264309147227436e+01
1.228837425062270654e+02 9.989337109923924629e+01
1.228720337344317670e+02 9.979405005529135053e+01
1.228607340073393317e+02 9.969468164343177818e+01
1.228498435165155627e+02 9.959526754826680417e+01
1.228393624465884386e+02 9.949580945517710973e+01
1.228292909752449873e+02 9.939630905028933228e+01
1.228196292732282018e+02 9.929676802044740214e+01
1.228103775043342694e+02 9.919718805318395027e+01
1.228015358254096583e+02 9.909757083669177291e+01
1.227931043863485741e+02 9.899791805979513981e+01
1.227850833300903446e+02 9.889823141192111677e+01
1.227774727926170470e+02 9.879851258307108708e+01
1.227702729029511488e+02 9.869876326379193188e+01
1.227634837831533616e+02 9.859898514514748058e+01
1.227571055483205669e+02 9.849917991868979072e+01
1.227511383065838402e+02 9.839934927643047047e+01
1.227455821591066467e+02 9.829949491081200108e+01
1.227404372000831074e+02 9.819961851467905944e+01
1.227357035167364359e+02 9.809972178124985476e+01
1.227313811893173749e+02 9.799980640408729471e+01
1.227274702911029749e+02 9.789987407707040745e+01
1.227239708883951863e+02 9.779992649436555041e+01
1.227208830405198938e+02 9.769996535039773278e+01
1.227182067998257793e+02 9.759999233982188116e+01
1.227159422116835259e+02 9.750000915749403418e+01
1.227140893144849940e+02 9.740001749844276446e+01
1.227126481396426243e+02 9.730001905784028793e+01
1.227116187115888408e+02 9.720001553097380054e+01
1.227110010477756674e+02 9.710000861321672971e+01
1.227107951586744576e+02 9.700000000000000000e+01
1.227110010477756674e+02 9.689999138678327029e+01
1.227116187115888408e+02 9.679998446902619946e+01
1.227126481396426243e+02 9.669998094215972628e+01
1.227140893144849940e+02 9.659998250155723554e+01
1.227159422116835259e+02 9.649999084250598003e+01
1.227182067998257793e+02 9.640000766017814726e+01
1.227208830405198938e+02 9.630003464960226722e+01
1.227239708883951863e+02 9.620007350563446380e+01
1.227274702911029749e+02 9.610012592292960676e+01
1.227313811893173749e+02 9.600019359591271950e+01
1.227357035167364359e+02 9.590027821875014524e+01
1.227404372000831074e+02 9.580038148532092634e+01
1.227455821591066467e+02 9.570050508918799892e+01
1.227511383065838402e+02 9.560065072356955795e+01
1.227571055483205669e+02 9.550082008131022349e+01
1.227634837831533616e+02 9.540101485485251942e+01
1.227702729029511488e+02 9.530123673620808233e+01
1.227774727926170470e+02 9.520148741692892713e+01
1.227850833300903446e+02 9.510176858807888323e+01
1.227931043863485741e+02 9.500208194020487440e+01
1.228015358254096583e+02 9.490242916330821288e+01
1.228103775043342694e+02 9.480281194681604973e+01
1.228196292732282018e+02 9.470323197955261207e+01
1.228292909752449873e+02 9.460369094971068193e+01
1.228393624465884386e+02 9.450419054482290449e+01
1.228498435165155627e+02 9.440473245173321004e+01
1.228607340073393317e+02 9.430531835656822182e+01
1.228720337344317670e+02 9.420594994470866368e+01
1.228837425062270654e+02 9.410662890076075371e+01
1.228958601242248108e+02 9.400735690852772564e+01
1.229083863829933847e+02 9.390813565098117977e+01
1.229213210701734056e+02 9.380896681023263284e+01
1.229346639664813523e+02 9.370985206750499685e+01
1.229484148457133017e+02 9.361079310310397261e+01
1.229625734747486945e+02 9.351179159638971328e+01
1.229771396135543995e+02 9.341284922574827476e+01
1.229921130151886501e+02 9.331396766856315139e+01
1.230074934258053361e+02 9.321514860118688262e+01
1.230232805846582380e+02 9.311639369891257445e+01
1.230394742241055468e+02 9.301770463594556304e+01
1.230560740696142403e+02 9.291908308537499295e+01
1.230730798397648869e+02 9.282053071914549491e+01
1.230904912462563487e+02 9.272204920802870731e+01
1.231083079939106710e+02 9.262364022159518129e+01
1.231265297806781120e+02 9.252530542818584536e+01
1.231451562976422309e+02 9.242704649488386792e+01
1.231641872290251314e+02 9.232886508748636345e+01
1.231836222521928619e+02 9.223076287047612709e+01
1.232034610376608015e+02 9.213274150699341192e+01
1.232237032490993300e+02 9.203480265880774880e+01
1.232443485433394699e+02 9.193694798628980891e+01
1.232653965703787264e+02 9.183917914838320939e+01
1.232868469733870427e+02 9.174149780257637588e+01
1.233086993887127960e+02 9.164390560487447601e+01
1.233309534458890226e+02 9.154640420977136728e+01
1.233536087676396420e+02 9.144899527022150210e+01
1.233766649698858942e+02 9.135168043761188983e+01
1.234001216617528485e+02 9.125446136173420086e+01
1.234239784455760116e+02 9.115733969075664334e+01
1.234482349169080635e+02 9.106031707119619512e+01
1.234728906645257211e+02 9.096339514789055158e+01
1.234979452704367731e+02 9.086657556397025814e+01
1.235233983098870283e+02 9.076985996083095642e+01
1.235492493513676777e+02 9.067324997810547416e+01
1.235754979566224421e+02 9.057674725363598611e+01
1.236021436806551748e+02 9.048035342344635978e+01
1.236291860717372657e+02 9.038407012171433053e+01
1.236566246714153863e+02 9.028789898074387565e+01
1.236844590145191773e+02 9.019184163093746065e+01
1.237126886291692642e+02 9.009589970076841325e+01
1.237413130367851153e+02 9.000007481675338283e+01
1.237703317520932558e+02 8.990436860342467185e+01
1.237997442831354533e+02 8.980878268330278047e+01
1.238295501312770313e+02 8.971331867686886596e+01
1.238597487912154094e+02 8.961797820253723046e+01
1.238903397509885735e+02 8.952276287662795085e+01
1.239213224919838012e+02 8.942767431333940920e+01
1.239526964889464864e+02 8.933271412472102213e+01
1.239844612099889503e+02 8.923788392064578545e+01
1.240166161165995646e+02 8.914318530878313140e+01
1.240491606636518043e+02 8.904861989457148752e+01
1.240820942994135123e+02 8.895418928119124757e+01
1.241154164655562937e+02 8.885989506953747252e+01
1.241491265971649227e+02 8.876573885819279042e+01
1.241832241227469069e+02 8.867172224340028208e+01
1.242177084642422784e+02 8.857784681903646629e+01
1.242525790370332714e+02 8.848411417658421385e+01
1.242878352499543126e+02 8.839052590510578966e+01
1.243234765053020254e+02 8.829708359121592309e+01
1.243595021988453482e+02 8.820378881905490687e+01
1.243959117198357802e+02 8.811064317026172432e+01
1.244327044510177416e+02 8.801764822394727616e+01
1.244698797686390463e+02 8.792480555666756459e+01
1.245074370424614614e+02 8.783211674239700528e+01
1.245453756357714070e+02 8.773958335250169682e+01
1.245836949053907290e+02 8.764720695571281794e+01
1.246223942016876265e+02 8.755498911810002483e+01
1.246614728685876514e+02 8.746293140304490521e+01
1.247009302435848497e+02 8.737103537121444674e+01
1.247407656577529451e+02 8.727930258053460477e+01
1.247809784357567224e+02 8.718773458616388439e+01
1.248215678958634811e+02 8.709633294046702190e+01
1.248625333499545604e+02 8.700509919298855266e+01
1.249038741035370492e+02 8.691403489042663466e+01
1.249455894557554814e+02 8.682314157660682952e+01
1.249876786994038298e+02 8.673242079245586922e+01
1.250301411209374010e+02 8.664187407597557922e+01
1.250729760004849709e+02 8.655150296221682993e+01
1.251161826118609639e+02 8.646130898325338876e+01
1.251597602225778303e+02 8.637129366815609899e+01
1.252037080938583813e+02 8.628145854296687389e+01
1.252480254806483657e+02 8.619180513067286142e+01
1.252927116316290892e+02 8.610233495118055203e+01
1.253377657892301045e+02 8.601304952129014225e+01
1.253831871896421717e+02 8.592395035466967101e+01
1.254289750628300766e+02 8.583503896182948267e+01
1.254751286325457613e+02 8.574631685009654802e+01
1.255216471163414695e+02 8.565778552358889897e+01
1.255685297255830051e+02 8.556944648319020530e+01
1.256157756654630759e+02 8.548130122652428042e+01
1.256633841350148515e+02 8.539335124792965814e+01
1.257113543271254201e+02 8.530559803843435418e+01
1.257596854285496022e+02 8.521804308573045716e+01
1.258083766199236209e+02 8.513068787414904648e+01
1.258574270757790998e+02 8.504353388463492536e+01
1.259068359645569188e+02 8.495658259472159557e+01
1.259566024486214957e+02 8.486983547850610421e+01
1.260067256842748264e+02 8.478329400662413207e+01
1.260572048217708385e+02 8.469695964622509621e+01
1.261080390053298572e+02 8.461083386094715308e+01
1.261592273731530298e+02 8.452491811089248586e+01
1.262107690574369769e+02 8.443921385260253487e+01
1.262626631843884724e+02 8.435372253903328499e+01
1.263149088742393218e+02 8.426844561953062396e+01
1.263675052412612132e+02 8.418338453980581448e+01
1.264204513937807661e+02 8.409854074191092366e+01
1.264737464341946520e+02 8.401391566421442292e+01
1.265273894589847714e+02 8.392951074137681644e+01
1.265813795587335875e+02 8.384532740432626952e+01
1.266357158181396017e+02 8.376136708023435062e+01
1.266903973160327865e+02 8.367763119249194403e+01
1.267454231253902606e+02 8.359412116068490661e+01
1.268007923133519483e+02 8.351083840057023622e+01
1.268565039412364825e+02 8.342778432405191325e+01
1.269125570645570065e+02 8.334496033915705482e+01
1.269689507330373175e+02 8.326236785001192686e+01
1.270256839906278401e+02 8.318000825681826882e+01
1.270827558755219115e+02 8.309788295582951889e+01
1.271401654201720817e+02 8.301599333932711033e+01
1.271979116513065406e+02 8.293434079559685301e+01
1.272559935899455326e+02 8.285292670890547129e+01
1.273144102514180247e+02 8.277175245947707083e+01
1.273731606453784053e+02 8.269081942346979019e+01
1.274322437758232098e+02 8.261012897295243818e+01
1.274916586411081028e+02 8.252968247588120221e+01
1.275514042339647318e+02 8.244948129607651310e+01
1.276114795415179373e+02 8.236952679319992399e+01
1.276718835453028476e+02 8.228982032273103187e+01
1.277326152212821171e+02 8.221036323594448447e+01
1.277936735398633772e+02 8.213115687988712921e+01
1.278550574659166159e+02 8.205220259735511945e+01
1.279167659587917711e+02 8.197350172687117720e+01
1.279787979723363378e+02 8.189505560266189832e+01
1.280411524549131457e+02 8.181686555463508626e+01
1.281038283494181371e+02 8.173893290835732728e+01
1.281668245932983439e+02 8.166125898503140945e+01
1.282301401185698069e+02 8.158384510147391211e+01
1.282937738518358231e+02 8.150669257009300850e+01
1.283577247143050499e+02 8.142980269886604106e+01
1.284219916218097524e+02 8.135317679131750879e+01
1.284865734848243051e+02 8.127681614649685571e+01
1.285514692084835815e+02 8.120072205895652928e+01
1.286166776926015132e+02 8.112489581872998201e+01
1.286821978316897628e+02 8.104933871130977252e+01
1.287480285149765109e+02 8.097405201762586557e+01
1.288141686264251859e+02 8.089903701402384684e+01
1.288806170447534782e+02 8.082429497224329396e+01
1.289473726434522405e+02 8.074982715939624711e+01
1.290144342908047577e+02 8.067563483794569379e+01
1.290818008499057328e+02 8.060171926568418144e+01
1.291494711786807557e+02 8.052808169571247277e+01
1.292174441299054308e+02 8.045472337641834315e+01
1.292857185512251306e+02 8.038164555145539225e+01
1.293542932851742080e+02 8.030884945972194089e+01
1.294231671691959207e+02 8.023633633534007004e+01
1.294923390356618427e+02 8.016410740763464560e+01
1.295618077118919587e+02 8.009216390111257056e+01
1.296315720201742465e+02 8.002050703544189503e+01
1.297016307777849420e+02 7.994913802543123893e+01
1.297719827970083486e+02 7.987805808100915783e+01
1.298426268851570740e+02 7.980726840720366511e+01
1.299135618445922660e+02 7.973677020412173988e+01
1.299847864727439060e+02 7.966656466692901972e+01
1.300562995621311302e+02 7.959665298582957860e+01
1.301280999003827787e+02 7.952703634604567640e+01
1.302001862702579444e+02 7.945771592779769321e+01
1.302725574496665786e+02 7.938869290628413466e+01
1.303452122116901535e+02 7.931996845166170829e+01
1.304181493246026378e+02 7.925154372902544253e+01
1.304913675518911589e+02 7.918341989838903316e+01
1.305648656522771489e+02 7.911559811466503334e+01
1.306386423797372913e+02 7.904807952764542733e+01
1.307126964835246667e+02 7.898086528198199119e+01
1.307870267081899271e+02 7.891395651716700854e+01
1.308616317936026689e+02 7.884735436751392967e+01
1.309365104749726925e+02 7.878105996213803053e+01
1.310116614828714887e+02 7.871507442493745543e+01
1.310870835432537547e+02 7.864939887457397560e+01
1.311627753774790790e+02 7.858403442445417397e+01
1.312387357023334005e+02 7.851898218271050212e+01
1.313149632300510063e+02 7.845424325218245087e+01
1.313914566683362182e+02 7.838981873039796255e+01
1.314682147203853617e+02 7.832570970955472944e+01
1.315452360849087086e+02 7.826191727650174812e+01
1.316225194561525029e+02 7.819844251272081692e+01
1.317000635239213011e+02 7.813528649430826079e+01
1.317778669735998562e+02 7.807245029195669872e+01
1.318559284861757419e+02 7.800993497093681128e+01
1.319342467382614643e+02 7.794774159107937805e+01
1.320128204021170006e+02 7.788587120675724407e+01
1.320916481456723659e+02 7.782432486686745676e+01
1.321707286325500093e+02 7.776310361481354505e+01
1.322500605220876650e+02 7.770220848848771311e+01
1.323296424693610334e+02 7.764164052025336105e+01
1.324094731252064321e+02 7.758140073692752026e+01
1.324895511362439322e+02 7.752149015976343094e+01
1.325698751449000667e+02 7.746190980443330432e+01
1.326504437894309376e+02 7.740266068101101382e+01
1.327312557039453793e+02 7.734374379395504207e+01
1.328123095184279521e+02 7.728516014209138518e+01
1.328936038587622477e+02 7.722691071859672718e+01
1.329751373467543090e+02 7.716899651098144375e+01
1.330569086001557366e+02 7.711141850107301821e+01
1.331389162326873361e+02 7.705417766499928689e+01
1.332211588540625087e+02 7.699727497317198299e+01
1.333036350700108983e+02 7.694071139027016670e+01
1.333863434823019531e+02 7.688448787522401062e+01
1.334692826887686863e+02 7.682860538119841465e+01
1.335524512833314361e+02 7.677306485557690507e+01
1.336358478560216554e+02 7.671786723994561896e+01
1.337194709930058707e+02 7.666301347007723166e+01
1.338033192766096704e+02 7.660850447591521117e+01
1.338873912853416073e+02 7.655434118155795886e+01
1.339716855939174707e+02 7.650052450524319170e+01
1.340562007732843881e+02 7.644705535933236717e+01
1.341409353906449553e+02 7.639393465029519348e+01
1.342258880094816789e+02 7.634116327869432439e+01
1.343110571895811916e+02 7.628874213916998315e+01
1.343964414870588087e+02 7.623667212042492736e+01
1.344820394543828570e+02 7.618495410520927180e+01
1.345678496403993165e+02 7.613358897030558126e+01
1.346538705903564335e+02 7.608257758651400593e+01
1.347401008459292768e+02 7.603192081863747376e+01
1.348265389452445788e+02 7.598161952546711007e+01
1.349131834229054618e+02 7.593167455976757196e+01
1.350000328100162506e+02 7.588208676826268118e+01
1.350870856342074831e+02 7.583285699162104265e+01
1.351743404196607230e+02 7.578398606444174845e+01
1.352617956871336844e+02 7.573547481524030900e+01
1.353494499539853564e+02 7.568732406643454169e+01
1.354373017342009007e+02 7.563953463433067270e+01
1.355253495384171742e+02 7.559210732910943875e+01
1.356135918739477404e+02 7.554504295481244469e+01
1.357020272448082210e+02 7.549834230932842161e+01
1.357906541517417338e+02 7.545200618437978335e+01
1.358794710922441880e+02 7.540603536550919728e+01
1.359684765605899486e+02 7.536043063206619763e+01
1.360576690478571606e+02 7.531519275719406892e+01
1.361470470419533854e+02 7.527032250781665823e+01
1.362366090276412933e+02 7.522582064462545759e+01
1.363263534865643578e+02 7.518168792206657258e+01
1.364162788972725480e+02 7.513792508832810313e+01
1.365063837352480789e+02 7.509453288532732529e+01
1.365966664729313322e+02 7.505151204869818571e+01
1.366871255797467484e+02 7.500886330777879607e+01
1.367777595221287470e+02 7.496658738559904123e+01
1.368685667635477898e+02 7.492468499886845734e+01
1.369595457645362728e+02 7.488315685796385424e+01
1.370506949827148162e+02 7.484200366691752038e+01
1.371420128728182988e+02 7.480122612340511523e+01
1.372334978867220343e+02 7.476082491873386004e+01
1.373251484734680901e+02 7.472080073783091336e+01
1.374169630792916621e+02 7.468115425923166129e+01
1.375089401476471380e+02 7.464188615506827773e+01
1.376010781192347281e+02 7.460299709105828470e+01
1.376933754320268974e+02 7.456448772649326884e+01
1.377858305212946561e+02 7.452635871422774017e+01
1.378784418196343040e+02 7.448861070066807599e+01
1.379712077569938629e+02 7.445124432576147910e+01
1.380641267606997076e+02 7.441426022298519172e+01
1.381571972554833394e+02 7.437765901933576629e+01
1.382504176635079318e+02 7.434144133531839316e+01
1.383437864043952175e+02 7.430560778493639873e+01
1.384373018952521761e+02 7.427015897568088576e+01
1.385309625506979501e+02 7.423509550852031680e+01
1.386247667828907026e+02 7.420041797789045290e+01
1.387187130015544199e+02 7.416612697168417867e+01
1.388127996140061384e+02 7.413222307124161148e+01
1.389070250251826053e+02 7.409870685134021073e+01
1.390013876376676194e+02 7.406557888018501501e+01
1.390958858517189185e+02 7.403283971939902131e+01
1.391905180652953788e+02 7.400048992401372061e+01
1.392852826740841863e+02 7.396853004245957663e+01
1.393801780715280643e+02 7.393696061655684559e+01
1.394752026488523029e+02 7.390578218150628231e+01
1.395703547950923564e+02 7.387499526588015897e+01
1.396656328971208438e+02 7.384460039161326961e+01
1.397610353396751748e+02 7.381459807399404838e+01
1.398565605053846639e+02 7.378498882165588668e+01
1.399522067747982135e+02 7.375577313656847878e+01
1.400479725264115416e+02 7.372695151402929525e+01
1.401438561366947795e+02 7.369852444265526970e+01
1.402398559801200406e+02 7.367049240437438584e+01
1.403359704291888761e+02 7.364285587441763425e+01
1.404321978544599006e+02 7.361561532131086949e+01
1.405285366245764749e+02 7.358877120686690887e+01
1.406249851062942753e+02 7.356232398617767387e+01
1.407215416645090613e+02 7.353627410760651628e+01
1.408182046622843018e+02 7.351062201278057273e+01
1.409149724608790279e+02 7.348536813658330402e+01
1.410118434197755164e+02 7.346051290714714810e+01
1.411088158967072559e+02 7.343605674584614462e+01
1.412058882476865733e+02 7.341200006728897165e+01
1.413030588270326575e+02 7.338834327931176915e+01
1.414003259873994409e+02 7.336508678297128938e+01
1.414976880798035097e+02 7.334223097253808987e+01
1.415951434536520139e+02 7.331977623548985434e+01
1.416926904567706913e+02 7.329772295250477043e+01
1.417903274354318910e+02 7.327607149745517745e+01
1.418880527343826259e+02 7.325482223740114307e+01
1.419858646968725679e+02 7.323397553258426740e+01
1.420837616646821573e+02 7.321353173642157230e+01
1.421817419781507681e+02 7.319349119549954708e+01
1.422798039762047893e+02 7.317385424956819406e+01
1.423779459963857619e+02 7.315462123153533014e+01
1.424761663748786304e+02 7.313579246746095919e+01
1.425744634465399656e+02 7.311736827655165882e+01
1.426728355449260732e+02 7.309934897115526553e+01
1.427712810023213592e+02 7.308173485675551717e+01
1.428697981497665523e+02 7.306452623196690865e+01
1.429683853170870123e+02 7.304772338852959024e+01
1.430670408329210943e+02 7.303132661130445058e+01
1.431657630247483155e+02 7.301533617826831346e+01
1.432645502189179183e+02 7.299975236050914873e+01
1.433634007406771502e+02 7.298457542222156746e+01
1.434623129141996003e+02 7.296980562070224607e+01
1.435612850626137060e+02 7.295544320634567725e+01
1.436603155080311183e+02 7.294148842263979304e+01
1.437594025715752650e+02 7.292794150616198579e+01
1.438585445734095458e+02 7.291480268657494435e+01
1.439577398327661513e+02 7.290207218662288824e+01
1.440569866679743143e+02 7.288975022212770227e+01
1.441562833964888739e+02 7.287783700198534120e+01
1.442556283349188675e+02 7.286633272816226281e+01
1.443550197990560093e+02 7.285523759569197466e+01
1.444544561039032260e+02 7.284455179267176561e+01
1.445539355637033054e+02 7.283427550025953678e+01
1.446534564919673755e+02 7.282440889267064676e+01
1.447530172015035532e+02 7.281495213717505521e+01
1.448526160044455935e+02 7.280590539409442385e+01
1.449522512122813964e+02 7.279726881679943062e+01
1.450519211358816847e+02 7.278904255170714066e+01
1.451516240855286242e+02 7.278122673827854783e+01
1.452513583709445584e+02 7.277382150901618729e+01
1.453511223013205154e+02 7.276682698946194705e+01
1.454509141853449989e+02 7.276024329819486525e+01
1.455507323312325809e+02 7.275407054682915486e+01
1.456505750467525786e+02 7.274830884001229947e+01
1.457504406392578744e+02 7.274295827542331949e+01
1.458503274157134229e+02 7.273801894377106692e+01
1.459502336827251270e+02 7.273349092879267630e+01
1.460501577465683738e+02 7.272937430725222896e+01
1.461500979132168823e+02 7.272566914893937451e+01
1.462500524883713808e+02 7.272237551666815136e+01
1.463500197774883134e+02 7.271949346627596356e+01
1.464499980858086303e+02 7.271702304662260019e+01
1.465499857183863810e+02 7.271496429958942542e+01
1.466499809801176468e+02 7.271331726007866791e+01
1.467499821757691052e+02 7.271208195601279556e+01
1.468499876100068207e+02 7.271125840833410336e+01
1.469499955874250645e+02 7.271084663100430134e+01
1.470500044125749355e+02 7.271084663100430134e+01
1.471500123899931509e+02 7.271125840833410336e+01
1.472500178242308948e+02 7.271208195601279556e+01
1.473500190198823532e+02 7.271331726007866791e+01
1.474500142816136190e+02 7.271496429958942542e+01
1.475500019141913697e+02 7.271702304662260019e+01
1.476499802225116866e+02 7.271949346627596356e+01
1.477499475116286192e+02 7.272237551666815136e+01
1.478499020867831177e+02 7.272566914893937451e+01
1.479498422534316262e+02 7.272937430725222896e+01
1.480497663172748730e+02 7.273349092879267630e+01
1.481496725842865487e+02 7.273801894377106692e+01
1.482495593607421256e+02 7.274295827542331949e+01
1.483494249532474214e+02 7.274830884001229947e+01
1.484492676687674191e+02 7.275407054682915486e+01
1.485490858146550011e+02 7.276024329819486525e+01
1.486488776986794846e+02 7.276682698946194705e+01
1.487486416290554416e+02 7.277382150901618729e+01
1.488483759144713758e+02 7.278122673827854783e+01
1.489480788641183153e+02 7.278904255170714066e+01
1.490477487877186036e+02 7.279726881679943062e+01
1.491473839955544065e+02 7.280590539409442385e+01
1.492469827984964468e+02 7.281495213717505521e+01
1.493465435080326245e+02 7.282440889267064676e+01
1.494460644362966946e+02 7.283427550025953678e+01
1.495455438960967740e+02 7.284455179267176561e+01
1.496449802009439907e+02 7.285523759569197466e+01
1.497443716650811041e+02 7.286633272816226281e+01
1.498437166035110977e+02 7.287783700198534120e+01
1.499430133320256573e+02 7.288975022212770227e+01
1.500422601672338203e+02 7.290207218662288824e+01
1.501414554265904542e+02 7.291480268657494435e+01
1.502405974284247350e+02 7.292794150616197157e+01
1.503396844919688533e+02 7.294148842263979304e+01
1.504387149373862940e+02 7.295544320634567725e+01
1.505376870858003997e+02 7.296980562070224607e+01
1.506365992593228498e+02 7.298457542222155325e+01
1.507354497810820817e+02 7.299975236050914873e+01
1.508342369752516845e+02 7.301533617826831346e+01
1.509329591670789057e+02 7.303132661130445058e+01
1.510316146829129593e+02 7.304772338852959024e+01
1.511302018502334477e+02 7.306452623196690865e+01
1.512287189976786408e+02 7.308173485675551717e+01
1.513271644550739268e+02 7.309934897115526553e+01
1.514255365534600344e+02 7.311736827655165882e+01
1.515238336251213696e+02 7.313579246746095919e+01
1.516220540036142381e+02 7.315462123153533014e+01
1.517201960237952107e+02 7.317385424956819406e+01
1.518182580218492319e+02 7.319349119549954708e+01
1.519162383353178427e+02 7.321353173642157230e+01
1.520141353031274321e+02 7.323397553258426740e+01
1.521119472656173457e+02 7.325482223740114307e+01
1.522096725645680806e+02 7.327607149745517745e+01
1.523073095432293087e+02 7.329772295250477043e+01
1.524048565463479861e+02 7.331977623548985434e+01
1.525023119201964903e+02 7.334223097253808987e+01
1.525996740126005307e+02 7.336508678297128938e+01
1.526969411729673425e+02 7.338834327931176915e+01
1.527941117523134267e+02 7.341200006728897165e+01
1.528911841032927441e+02 7.343605674584614462e+01
1.529881565802244836e+02 7.346051290714713389e+01
1.530850275391209721e+02 7.348536813658330402e+01
1.531817953377156982e+02 7.351062201278057273e+01
1.532784583354909387e+02 7.353627410760651628e+01
1.533750148937056963e+02 7.356232398617767387e+01
1.534714633754235251e+02 7.358877120686690887e+01
1.535678021455400994e+02 7.361561532131086949e+01
1.536640295708111239e+02 7.364285587441763425e+01
1.537601440198799594e+02 7.367049240437438584e+01
1.538561438633052205e+02 7.369852444265525548e+01
1.539520274735884584e+02 7.372695151402929525e+01
1.540477932252017865e+02 7.375577313656846457e+01
1.541434394946153361e+02 7.378498882165588668e+01
1.542389646603248252e+02 7.381459807399404838e+01
1.543343671028791277e+02 7.384460039161326961e+01
1.544296452049076436e+02 7.387499526588015897e+01
1.545247973511476971e+02 7.390578218150628231e+01
1.546198219284719357e+02 7.393696061655683138e+01
1.547147173259157853e+02 7.396853004245957663e+01
1.548094819347045927e+02 7.400048992401372061e+01
1.549041141482810815e+02 7.403283971939902131e+01
1.549986123623323806e+02 7.406557888018501501e+01
1.550929749748173947e+02 7.409870685134021073e+01
1.551872003859938616e+02 7.413222307124161148e+01
1.552812869984455517e+02 7.416612697168417867e+01
1.553752332171092974e+02 7.420041797789043869e+01
1.554690374493020215e+02 7.423509550852031680e+01
1.555626981047478239e+02 7.427015897568088576e+01
1.556562135956047825e+02 7.430560778493639873e+01
1.557495823364920682e+02 7.434144133531839316e+01
1.558428027445166606e+02 7.437765901933576629e+01
1.559358732393002924e+02 7.441426022298519172e+01
1.560287922430061371e+02 7.445124432576147910e+01
1.561215581803656960e+02 7.448861070066807599e+01
1.562141694787053154e+02 7.452635871422774017e+01
1.563066245679731026e+02 7.456448772649325463e+01
1.563989218807652719e+02 7.460299709105827048e+01
1.564910598523528620e+02 7.464188615506827773e+01
1.565830369207083379e+02 7.468115425923166129e+01
1.566748515265318815e+02 7.472080073783091336e+01
1.567665021132779657e+02 7.476082491873384583e+01
1.568579871271817012e+02 7.480122612340510102e+01
1.569493050172851554e+02 7.484200366691752038e+01
1.570404542354636988e+02 7.488315685796385424e+01
1.571314332364522102e+02 7.492468499886844313e+01
1.572222404778712246e+02 7.496658738559904123e+01
1.573128744202532516e+02 7.500886330777878186e+01
1.574033335270686678e+02 7.505151204869818571e+01
1.574936162647519211e+02 7.509453288532732529e+01
1.575837211027274520e+02 7.513792508832810313e+01
1.576736465134356138e+02 7.518168792206657258e+01
1.577633909723587067e+02 7.522582064462545759e+01
1.578529529580466146e+02 7.527032250781665823e+01
1.579423309521428394e+02 7.531519275719406892e+01
1.580315234394100230e+02 7.536043063206619763e+01
1.581205289077558120e+02 7.540603536550918307e+01
1.582093458482582662e+02 7.545200618437978335e+01
1.582979727551917790e+02 7.549834230932840740e+01
1.583864081260522596e+02 7.554504295481243048e+01
1.584746504615827973e+02 7.559210732910943875e+01
1.585626982657990709e+02 7.563953463433065849e+01
1.586505500460146436e+02 7.568732406643454169e+01
1.587382043128662872e+02 7.573547481524030900e+01
1.588256595803392770e+02 7.578398606444174845e+01
1.589129143657925169e+02 7.583285699162102844e+01
1.589999671899837210e+02 7.588208676826268118e+01
1.590868165770945097e+02 7.593167455976755775e+01
1.591734610547553928e+02 7.598161952546709585e+01
1.592598991540707232e+02 7.603192081863747376e+01
1.593461294096435665e+02 7.608257758651400593e+01
1.594321503596006835e+02 7.613358897030558126e+01
1.595179605456171430e+02 7.618495410520927180e+01
1.596035585129411913e+02 7.623667212042491315e+01
1.596889428104188084e+02 7.628874213916998315e+01
1.597741119905183211e+02 7.634116327869432439e+01
1.598590646093550163e+02 7.639393465029519348e+01
1.599437992267156119e+02 7.644705535933235296e+01
1.600283144060825293e+02 7.650052450524319170e+01
1.601126087146583927e+02 7.655434118155794465e+01
1.601966807233903296e+02 7.660850447591521117e+01
1.602805290069941009e+02 7.666301347007723166e+01
1.603641521439783446e+02 7.671786723994560475e+01
1.604475487166685639e+02 7.677306485557690507e+01
1.605307173112313137e+02 7.682860538119841465e+01
1.606136565176980184e+02 7.688448787522401062e+01
1.606963649299891017e+02 7.694071139027016670e+01
1.607788411459374913e+02 7.699727497317196878e+01
1.608610837673126639e+02 7.705417766499928689e+01
1.609430913998442634e+02 7.711141850107300399e+01
1.610248626532456910e+02 7.716899651098142954e+01
1.611063961412377239e+02 7.722691071859671297e+01
1.611876904815720479e+02 7.728516014209138518e+01
1.612687442960545923e+02 7.734374379395504207e+01
1.613495562105690340e+02 7.740266068101101382e+01
1.614301248550999048e+02 7.746190980443329011e+01
1.615104488637560394e+02 7.752149015976343094e+01
1.615905268747935395e+02 7.758140073692752026e+01
1.616703575306389666e+02 7.764164052025336105e+01
1.617499394779123350e+02 7.770220848848771311e+01
1.618292713674499907e+02 7.776310361481353084e+01
1.619083518543276341e+02 7.782432486686745676e+01
1.619871795978829709e+02 7.788587120675722986e+01
1.620657532617385357e+02 7.794774159107937805e+01
1.621440715138242581e+02 7.800993497093679707e+01
1.622221330264001438e+02 7.807245029195669872e+01
1.622999364760786989e+02 7.813528649430824657e+01
1.623774805438474687e+02 7.819844251272080271e+01
1.624547639150912914e+02 7.826191727650173391e+01
1.625317852796146383e+02 7.832570970955472944e+01
1.626085433316637534e+02 7.838981873039796255e+01
1.626850367699489937e+02 7.845424325218243666e+01
1.627612642976665995e+02 7.851898218271048790e+01
1.628372246225209210e+02 7.858403442445415976e+01
1.629129164567462169e+02 7.864939887457396139e+01
1.629883385171285113e+02 7.871507442493744122e+01
1.630634895250273075e+02 7.878105996213803053e+01
1.631383682063973311e+02 7.884735436751392967e+01
1.632129732918100444e+02 7.891395651716700854e+01
1.632873035164753333e+02 7.898086528198197698e+01
1.633613576202627087e+02 7.904807952764541312e+01
1.634351343477228511e+02 7.911559811466503334e+01
1.635086324481088411e+02 7.918341989838901895e+01
1.635818506753973622e+02 7.925154372902544253e+01
1.636547877883098465e+02 7.931996845166169408e+01
1.637274425503334214e+02 7.938869290628413466e+01
1.637998137297420556e+02 7.945771592779769321e+01
1.638719000996172213e+02 7.952703634604567640e+01
1.639437004378688698e+02 7.959665298582959281e+01
1.640152135272560940e+02 7.966656466692901972e+01
1.640864381554077340e+02 7.973677020412173988e+01
1.641573731148429260e+02 7.980726840720365090e+01
1.642280172029916514e+02 7.987805808100915783e+01
1.642983692222150296e+02 7.994913802543121051e+01
1.643684279798257251e+02 8.002050703544188082e+01
1.644381922881080413e+02 8.009216390111255635e+01
1.645076609643381289e+02 8.016410740763464560e+01
1.645768328308040793e+02 8.023633633534005583e+01
1.646457067148257636e+02 8.030884945972194089e+01
1.647142814487748694e+02 8.038164555145539225e+01
1.647825558700945692e+02 8.045472337641834315e+01
1.648505288213192443e+02 8.052808169571245855e+01
1.649181991500942672e+02 8.060171926568416723e+01
1.649855657091952423e+02 8.067563483794569379e+01
1.650526273565477595e+02 8.074982715939624711e+01
1.651193829552465218e+02 8.082429497224327974e+01
1.651858313735748141e+02 8.089903701402383263e+01
1.652519714850234891e+02 8.097405201762585136e+01
1.653178021683102372e+02 8.104933871130975831e+01
1.653833223073984868e+02 8.112489581872998201e+01
1.654485307915164185e+02 8.120072205895652928e+01
1.655134265151756949e+02 8.127681614649685571e+01
1.655780083781902476e+02 8.135317679131749458e+01
1.656422752856949501e+02 8.142980269886602684e+01
1.657062261481641485e+02 8.150669257009299429e+01
1.657698598814301931e+02 8.158384510147391211e+01
1.658331754067016561e+02 8.166125898503140945e+01
1.658961716505818345e+02 8.173893290835731307e+01
1.659588475450868259e+02 8.181686555463507204e+01
1.660212020276636622e+02 8.189505560266186990e+01
1.660832340412082146e+02 8.197350172687116299e+01
1.661449425340833841e+02 8.205220259735510524e+01
1.662063264601366086e+02 8.213115687988712921e+01
1.662673847787178829e+02 8.221036323594448447e+01
1.663281164546971524e+02 8.228982032273101765e+01
1.663885204584820485e+02 8.236952679319992399e+01
1.664485957660352540e+02 8.244948129607651310e+01
1.665083413588918972e+02 8.252968247588120221e+01
1.665677562241767760e+02 8.261012897295245239e+01
1.666268393546216089e+02 8.269081942346980441e+01
1.666855897485819753e+02 8.277175245947708504e+01
1.667440064100544816e+02 8.285292670890547129e+01
1.668020883486934451e+02 8.293434079559683880e+01
1.668598345798278899e+02 8.301599333932709612e+01
1.669172441244780885e+02 8.309788295582951889e+01
1.669743160093721599e+02 8.318000825681826882e+01
1.670310492669626683e+02 8.326236785001191265e+01
1.670874429354429935e+02 8.334496033915705482e+01
1.671434960587635032e+02 8.342778432405191325e+01
1.671992076866480375e+02 8.351083840057023622e+01
1.672545768746097394e+02 8.359412116068489240e+01
1.673096026839672277e+02 8.367763119249192982e+01
1.673642841818603983e+02 8.376136708023436483e+01
1.674186204412663983e+02 8.384532740432626952e+01
1.674726105410152286e+02 8.392951074137680223e+01
1.675262535658053480e+02 8.401391566421440871e+01
1.675795486062192197e+02 8.409854074191090945e+01
1.676324947587387726e+02 8.418338453980580027e+01
1.676850911257606640e+02 8.426844561953060975e+01
1.677373368156115134e+02 8.435372253903327078e+01
1.677892309425630231e+02 8.443921385260253487e+01
1.678407726268469560e+02 8.452491811089248586e+01
1.678919609946701428e+02 8.461083386094713887e+01
1.679427951782291473e+02 8.469695964622509621e+01
1.679932743157251878e+02 8.478329400662414628e+01
1.680433975513785185e+02 8.486983547850610421e+01
1.680931640354430670e+02 8.495658259472158136e+01
1.681425729242209002e+02 8.504353388463492536e+01
1.681916233800763507e+02 8.513068787414903227e+01
1.682403145714503978e+02 8.521804308573044295e+01
1.682886456728745657e+02 8.530559803843432576e+01
1.683366158649851627e+02 8.539335124792964393e+01
1.683842243345369241e+02 8.548130122652426621e+01
1.684314702744169949e+02 8.556944648319020530e+01
1.684783528836585162e+02 8.565778552358889897e+01
1.685248713674542387e+02 8.574631685009654802e+01
1.685710249371699092e+02 8.583503896182946846e+01
1.686168128103578283e+02 8.592395035466967101e+01
1.686622342107698955e+02 8.601304952129014225e+01
1.687072883683709108e+02 8.610233495118055203e+01
1.687519745193516201e+02 8.619180513067286142e+01
1.687962919061416187e+02 8.628145854296685968e+01
1.688402397774221697e+02 8.637129366815608478e+01
1.688838173881390219e+02 8.646130898325337455e+01
1.689270239995150291e+02 8.655150296221681572e+01
1.689698588790625990e+02 8.664187407597557922e+01
1.690123213005961702e+02 8.673242079245585501e+01
1.690544105442445186e+02 8.682314157660681531e+01
1.690961258964629508e+02 8.691403489042662045e+01
1.691374666500454396e+02 8.700509919298853845e+01
1.691784321041365331e+02 8.709633294046702190e+01
1.692190215642432918e+02 8.718773458616389860e+01
1.692592343422470549e+02 8.727930258053460477e+01
1.692990697564151503e+02 8.737103537121441832e+01
1.693385271314123202e+02 8.746293140304489100e+01
1.693776057983123451e+02 8.755498911809999640e+01
1.694163050946092710e+02 8.764720695571280373e+01
1.694546243642285788e+02 8.773958335250168261e+01
1.694925629575385244e+02 8.783211674239699107e+01
1.695301202313609679e+02 8.792480555666756459e+01
1.695672955489822584e+02 8.801764822394726195e+01
1.696040882801642056e+02 8.811064317026171011e+01
1.696404978011546518e+02 8.820378881905489266e+01
1.696765234946979604e+02 8.829708359121592309e+01
1.697121647500456731e+02 8.839052590510577545e+01
1.697474209629667143e+02 8.848411417658421385e+01
1.697822915357577358e+02 8.857784681903646629e+01
1.698167758772530931e+02 8.867172224340026787e+01
1.698508734028350773e+02 8.876573885819276200e+01
1.698845835344436921e+02 8.885989506953745831e+01
1.699179057005864877e+02 8.895418928119123336e+01
1.699508393363481957e+02 8.904861989457148752e+01
1.699833838834004212e+02 8.914318530878313140e+01
1.700155387900110497e+02 8.923788392064578545e+01
1.700473035110535136e+02 8.933271412472100792e+01
1.700786775080161988e+02 8.942767431333940920e+01
1.701096602490114265e+02 8.952276287662793663e+01
1.701402512087846048e+02 8.961797820253723046e+01
1.701704498687229545e+02 8.971331867686886596e+01
1.702002557168645467e+02 8.980878268330279468e+01
1.702296682479067442e+02 8.990436860342465764e+01
1.702586869632148705e+02 9.000007481675336862e+01
1.702873113708307358e+02 9.009589970076841325e+01
1.703155409854808227e+02 9.019184163093743223e+01
1.703433753285846137e+02 9.028789898074387565e+01
1.703708139282627201e+02 9.038407012171433053e+01
1.703978563193448110e+02 9.048035342344634557e+01
1.704245020433775437e+02 9.057674725363597190e+01
1.704507506486323223e+02 9.067324997810545995e+01
1.704766016901129717e+02 9.076985996083097064e+01
1.705020547295632412e+02 9.086657556397025814e+01
1.705271093354742789e+02 9.096339514789055158e+01
1.705517650830919365e+02 9.106031707119619512e+01
1.705760215544239884e+02 9.115733969075665755e+01
1.705998783382471515e+02 9.125446136173417244e+01
1.706233350301141058e+02 9.135168043761187562e+01
1.706463912323603438e+02 9.144899527022147367e+01
1.706690465541109631e+02 9.154640420977135307e+01
1.706913006112872040e+02 9.164390560487446180e+01
1.707131530266129573e+02 9.174149780257636166e+01
1.707346034296212736e+02 9.183917914838320939e+01
1.707556514566605301e+02 9.193694798628979470e+01
1.707762967509006558e+02 9.203480265880773459e+01
1.707965389623391843e+02 9.213274150699339771e+01
1.708163777478071381e+02 9.223076287047612709e+01
1.708358127709748544e+02 9.232886508748636345e+01
1.708548437023577549e+02 9.242704649488385371e+01
1.708734702193218880e+02 9.252530542818581694e+01
1.708916920060893290e+02 9.262364022159515287e+01
1.709095087537436370e+02 9.272204920802870731e+01
1.709269201602351131e+02 9.282053071914548070e+01
1.709439259303857739e+02 9.291908308537497874e+01
1.709605257758944674e+02 9.301770463594554883e+01
1.709767194153417620e+02 9.311639369891256024e+01
1.709925065741946639e+02 9.321514860118686840e+01
1.710078869848113641e+02 9.331396766856315139e+01
1.710228603864456147e+02 9.341284922574827476e+01
1.710374265252513055e+02 9.351179159638971328e+01
1.710515851542866983e+02 9.361079310310397261e+01
1.710653360335186335e+02 9.370985206750498264e+01
1.710786789298265944e+02 9.380896681023263284e+01
1.710916136170066011e+02 9.390813565098116555e+01
1.711041398757751892e+02 9.400735690852771143e+01
1.711162574937729346e+02 9.410662890076073950e+01
1.711279662655682330e+02 9.420594994470864947e+01
1.711392659926606825e+02 9.430531835656820761e+01
1.711501564834844373e+02 9.440473245173319583e+01
1.711606375534115614e+02 9.450419054482289027e+01
1.711707090247550127e+02 9.460369094971068193e+01
1.711803707267717982e+02 9.470323197955259786e+01
1.711896224956657306e+02 9.480281194681603552e+01
1.711984641745903559e+02 9.490242916330821288e+01
1.712068956136514259e+02 9.500208194020487440e+01
1.712149166699096554e+02 9.510176858807886902e+01
1.712225272073829387e+02 9.520148741692889871e+01
1.712297270970488512e+02 9.530123673620805391e+01
1.712365162168466384e+02 9.540101485485250521e+01
1.712428944516794331e+02 9.550082008131020928e+01
1.712488616934161598e+02 9.560065072356954374e+01
1.712544178408933533e+02 9.570050508918799892e+01
1.712595627999168926e+02 9.580038148532092634e+01
1.712642964832635641e+02 9.590027821875014524e+01
1.712686188106826251e+02 9.600019359591270529e+01
1.712725297088970251e+02 9.610012592292960676e+01
1.712760291116047995e+02 9.620007350563446380e+01
1.712791169594801204e+02 9.630003464960225301e+01
1.712817932001742349e+02 9.640000766017811884e+01
1.712840577883164883e+02 9.649999084250595160e+01
1.712859106855150060e+02 9.659998250155722133e+01
1.712873518603573757e+02 9.669998094215969786e+01
1.712883812884111592e+02 9.679998446902619946e+01
1.712889989522243468e+02 9.689999138678327029e+01
1.712892048413255566e+02 9.700000000000000000e+01
