1.002578252986411087e+02 9.300000000000000000e+01
1.002576273414534285e+02 9.309999948469247499e+01
1.002570334729933705e+02 9.319999740190107218e+01
1.002560437025697695e+02 9.329999218416654116e+01
1.002546580456971839e+02 9.339998226407868742e+01
1.002528765240956830e+02 9.349996607430109918e+01
1.002506991656904773e+02 9.359994204759560432e+01
1.002481260046114784e+02 9.369990861684686934e+01
1.002451570811927866e+02 9.379986421508699834e+01
1.002417924419720237e+02 9.389980727552003259e+01
1.002380321396896505e+02 9.399973623154657787e+01
1.002338762332881004e+02 9.409964951678827560e+01
1.002293247879108691e+02 9.419954556511244448e+01
1.002243778749014922e+02 9.429942281065659415e+01
1.002190355718024364e+02 9.439927968785293899e+01
1.002132979623538773e+02 9.449911463145296864e+01
1.002071651364923781e+02 9.459892607655201857e+01
1.002006371903494824e+02 9.469871245861372699e+01
1.001937142262502221e+02 9.479847221349457698e+01
1.001863963527114976e+02 9.489820377746846702e+01
1.001786836844404007e+02 9.499790558725118217e+01
1.001705763423323674e+02 9.509757608002487927e+01
1.001620744534693586e+02 9.519721369346261497e+01
1.001531781511177712e+02 9.529681686575284516e+01
1.001438875747264206e+02 9.539638403562385349e+01
1.001342028699243656e+02 9.549591364236830771e+01
1.001241241885185786e+02 9.559540412586763125e+01
1.001136516884915579e+02 9.569485392661650280e+01
1.001027855339988832e+02 9.579426148574734157e+01
1.000915258953666864e+02 9.589362524505463625e+01
1.000798729490888945e+02 9.599294364701950144e+01
1.000678268778244586e+02 9.609221513483397814e+01
1.000553878703946111e+02 9.619143815242550488e+01
1.000425561217797963e+02 9.629061114448127512e+01
1.000293318331166006e+02 9.638973255647263727e+01
1.000157152116947259e+02 9.648880083467943791e+01
1.000017064709535930e+02 9.658781442621440760e+01
9.998730583047907317e+01 9.668677177904750408e+01
9.997251351600007752e+01 9.678567134203015598e+01
9.995732975938491904e+01 9.688451156491973393e+01
9.994175479863774569e+01 9.698329089840366635e+01
9.992578887789484554e+01 9.708200779412389636e+01
9.990943224742072459e+01 9.718066070470104023e+01
9.989268516360424144e+01 9.727924808375865950e+01
9.987554788895458557e+01 9.737776838594754736e+01
9.985802069209717047e+01 9.747622006696991548e+01
9.984010384776937030e+01 9.757460158360358093e+01
9.982179763681628515e+01 9.767291139372622411e+01
9.980310234618630716e+01 9.777114795633947608e+01
9.978401826892658733e+01 9.786930973159314817e+01
9.976454570417853063e+01 9.796739518080933351e+01
9.974468495717297856e+01 9.806540276650650867e+01
9.972443633922557638e+01 9.816333095242367790e+01
9.970380016773177090e+01 9.826117820354441790e+01
9.968277676616186511e+01 9.835894298612096520e+01
9.966136646405598754e+01 9.845662376769821833e+01
9.963956959701893368e+01 9.855421901713781097e+01
9.961738650671479434e+01 9.865172720464207146e+01
9.959481754086174021e+01 9.874914680177802495e+01
9.957186305322649389e+01 9.884647628150133869e+01
9.954852340361878760e+01 9.894371411818025308e+01
9.952479895788576414e+01 9.904085878761954120e+01
9.950069008790617886e+01 9.913790876708432620e+01
9.947619717158463004e+01 9.923486253532401236e+01
9.945132059284563297e+01 9.933171857259608828e+01
9.942606074162750929e+01 9.942847536068997272e+01
9.940041801387641840e+01 9.952513138295083195e+01
9.937439281154004789e+01 9.962168512430329770e+01
9.934798554256134651e+01 9.971813507127525611e+01
9.932119662087211509e+01 9.981447971202157987e+01
9.929402646638655483e+01 9.991071753634776087e+01
9.926647550499464501e+01 1.000068470357336849e+02
9.923854416855547811e+01 1.001028667033572077e+02
9.921023289489049546e+01 1.001987750341177446e+02
9.918154212777665180e+01 1.002945705246599744e+02
9.915247231693938090e+01 1.003902516733973016e+02
9.912302391804564650e+01 1.004858169805354180e+02
9.909319739269672311e+01 1.005812649480958498e+02
9.906299320842097700e+01 1.006765940799394059e+02
9.903241183866657593e+01 1.007718028817896112e+02
9.900145376279402853e+01 1.008668898612561833e+02
9.897011946606866672e+01 1.009618535278583948e+02
9.893840943965305712e+01 1.010566923930483938e+02
9.890632418059934139e+01 1.011514049702346654e+02
9.887386419184133501e+01 1.012459897748051532e+02
9.884102998218675395e+01 1.013404453241506928e+02
9.880782206630919973e+01 1.014347701376881474e+02
9.877424096474005921e+01 1.015289627368836847e+02
9.874028720386040447e+01 1.016230216452758981e+02
9.870596131589269362e+01 1.017169453884989849e+02
9.867126383889245744e+01 1.018107324943058387e+02
9.863619531673985819e+01 1.019043814925911420e+02
9.860075629913114881e+01 1.019978909154143878e+02
9.856494734157004700e+01 1.020912592970229156e+02
9.852876900535910920e+01 1.021844851738748616e+02
9.849222185759083459e+01 1.022775670846621381e+02
9.845530647113879752e+01 1.023705035703332982e+02
9.841802342464872311e+01 1.024632931741164157e+02
9.838037330252936385e+01 1.025559344415419218e+02
9.834235669494333365e+01 1.026484259204654279e+02
9.830397419779788493e+01 1.027407661610904483e+02
9.826522641273560055e+01 1.028329537159911808e+02
9.822611394712484412e+01 1.029249871401351015e+02
9.818663741405040923e+01 1.030168649909057308e+02
9.814679743230371400e+01 1.031085858281251575e+02
9.810659462637330819e+01 1.032001482140766484e+02
9.806602962643491139e+01 1.032915507135271866e+02
9.802510306834162179e+01 1.033827918937499533e+02
9.798381559361396853e+01 1.034738703245468230e+02
9.794216784942975096e+01 1.035647845782707179e+02
9.790016048861401998e+01 1.036555332298480607e+02
9.785779416962876098e+01 1.037461148568010287e+02
9.781506955656263358e+01 1.038365280392699503e+02
9.777198731912048402e+01 1.039267713600354455e+02
9.772854813261290019e+01 1.040168434045407651e+02
9.768475267794565298e+01 1.041067427609138605e+02
9.764060164160895283e+01 1.041964680199895668e+02
9.759609571566672059e+01 1.042860177753316862e+02
9.755123559774578723e+01 1.043753906232550150e+02
9.750602199102485201e+01 1.044645851628473707e+02
9.746045560422359699e+01 1.045535999959915472e+02
9.741453715159141780e+01 1.046424337273871998e+02
9.736826735289638179e+01 1.047310849645727444e+02
9.732164693341384520e+01 1.048195523179471991e+02
9.727467662391512704e+01 1.049078344007919270e+02
9.722735716065605516e+01 1.049959298292923791e+02
9.717968928536538442e+01 1.050838372225598505e+02
9.713167374523321485e+01 1.051715552026530105e+02
9.708331129289928185e+01 1.052590823945996021e+02
9.703460268644111864e+01 1.053464174264179434e+02
9.698554868936220430e+01 1.054335589291384565e+02
9.693615007057998412e+01 1.055205055368251124e+02
9.688640760441384714e+01 1.056072558865968460e+02
9.683632207057290486e+01 1.056938086186489159e+02
9.678589425414389780e+01 1.057801623762742054e+02
9.673512494557874675e+01 1.058663158058845681e+02
9.668401494068231727e+01 1.059522675570319024e+02
9.663256504059977203e+01 1.060380162824294530e+02
9.658077605180417891e+01 1.061235606379728438e+02
9.652864878608373544e+01 1.062088992827612373e+02
9.647618406052913542e+01 1.062940308791182247e+02
9.642338269752073643e+01 1.063789540926129007e+02
9.637024552471564220e+01 1.064636675920807534e+02
9.631677337503475655e+01 1.065481700496444972e+02
9.626296708664969515e+01 1.066324601407349206e+02
9.620882750296971153e+01 1.067165365441116478e+02
9.615435547262840998e+01 1.068003979418838298e+02
9.609955184947047258e+01 1.068840430195308073e+02
9.604441749253825833e+01 1.069674704659227444e+02
9.598895326605840239e+01 1.070506789733411495e+02
9.593316003942815939e+01 1.071336672374993668e+02
9.587703868720186051e+01 1.072164339575630407e+02
9.582059008907718578e+01 1.072989778361705220e+02
9.576381512988135114e+01 1.073812975794531610e+02
9.570671469955726707e+01 1.074633918970556152e+02
9.564928969314956930e+01 1.075452595021560711e+02
9.559154101079063537e+01 1.076268991114864235e+02
9.553346955768635951e+01 1.077083094453523842e+02
9.547507624410212657e+01 1.077894892276535188e+02
9.541636198534840219e+01 1.078704371859032989e+02
9.535732770176645090e+01 1.079511520512489966e+02
9.529797431871392632e+01 1.080316325584916086e+02
9.523830276655030502e+01 1.081118774461056660e+02
9.517831398062237724e+01 1.081918854562590298e+02
9.511800890124951025e+01 1.082716553348325874e+02
9.505738847370896849e+01 1.083511858314399205e+02
9.499645364822106330e+01 1.084304756994469017e+02
9.493520537993427411e+01 1.085095236959912626e+02
9.487364462891025596e+01 1.085883285820020205e+02
9.481177236010884712e+01 1.086668891222189330e+02
9.474958954337284922e+01 1.087452040852118671e+02
9.468709715341290689e+01 1.088232722434000976e+02
9.462429616979220270e+01 1.089010923730715348e+02
9.456118757691108101e+01 1.089786632544019227e+02
9.449777236399165758e+01 1.090559836714739390e+02
9.443405152506227296e+01 1.091330524122963084e+02
9.437002605894194573e+01 1.092098682688226887e+02
9.430569696922469802e+01 1.092864300369707564e+02
9.424106526426382402e+01 1.093627365166409504e+02
9.417613195715608754e+01 1.094387865117353584e+02
9.411089806572583427e+01 1.095145788301764327e+02
9.404536461250906143e+01 1.095901122839257056e+02
9.397953262473737368e+01 1.096653856890023633e+02
9.391340313432185383e+01 1.097403978655018619e+02
9.384697717783694770e+01 1.098151476376143734e+02
9.378025579650415011e+01 1.098896338336432592e+02
9.371324003617576182e+01 1.099638552860233744e+02
9.364593094731840495e+01 1.100378108313394705e+02
9.357832958499662368e+01 1.101114993103443140e+02
9.351043700885632859e+01 1.101849195679769480e+02
9.344225428310816994e+01 1.102580704533807250e+02
9.337378247651088259e+01 1.103309508199214690e+02
9.330502266235450293e+01 1.104035595252052531e+02
9.323597591844360011e+01 1.104758954310965180e+02
9.316664332708029406e+01 1.105479574037357366e+02
9.309702597504737298e+01 1.106197443135573195e+02
9.302712495359121192e+01 1.106912550353072362e+02
9.295694135840470551e+01 1.107624884480606795e+02
9.288647628961003022e+01 1.108334434352396727e+02
9.281573085174147764e+01 1.109041188846304919e+02
9.274470615372806037e+01 1.109745136884011458e+02
9.267340330887620325e+01 1.110446267431188119e+02
9.260182343485226397e+01 1.111144569497669607e+02
9.252996765366498266e+01 1.111840032137627645e+02
9.245783709164793152e+01 1.112532644449741213e+02
9.238543287944187909e+01 1.113222395577368218e+02
9.231275615197699835e+01 1.113909274708715458e+02
9.223980804845513148e+01 1.114593271077007728e+02
9.216658971233192688e+01 1.115274373960657215e+02
9.209310229129889080e+01 1.115952572683431185e+02
9.201934693726543912e+01 1.116627856614619105e+02
9.194532480634077842e+01 1.117300215169200044e+02
9.187103705881587246e+01 1.117969637808007803e+02
9.179648485914515277e+01 1.118636114037896334e+02
9.172166937592834302e+01 1.119299633411904580e+02
9.164659178189212696e+01 1.119960185529419903e+02
9.157125325387171699e+01 1.120617760036341082e+02
9.149565497279246529e+01 1.121272346625240601e+02
9.141979812365136127e+01 1.121923935035526654e+02
9.134368389549835854e+01 1.122572515053603155e+02
9.126731348141788658e+01 1.123218076513030894e+02
9.119068807851002134e+01 1.123860609294685844e+02
9.111380888787175536e+01 1.124500103326918605e+02
9.103667711457821099e+01 1.125136548585711722e+02
9.095929396766372577e+01 1.125769935094836995e+02
9.088166066010289512e+01 1.126400252926012087e+02
9.080377840879154405e+01 1.127027492199055700e+02
9.072564843452767036e+01 1.127651643082042767e+02
9.064727196199234527e+01 1.128272695791458631e+02
9.056865021973045771e+01 1.128890640592352099e+02
9.048978444013147282e+01 1.129505467798488212e+02
9.041067585941011941e+01 1.130117167772500011e+02
9.033132571758703477e+01 1.130725730926039887e+02
9.025173525846928158e+01 1.131331147719929220e+02
9.017190572963090744e+01 1.131933408664308871e+02
9.009183838239333397e+01 1.132532504318786835e+02
9.001153447180575995e+01 1.133128425292587309e+02
8.993099525662553617e+01 1.133721162244696785e+02
8.985022199929834130e+01 1.134310705884011412e+02
8.976921596593849983e+01 1.134897046969482233e+02
8.968797842630903006e+01 1.135480176310259992e+02
8.960651065380183411e+01 1.136060084765839235e+02
8.952481392541766070e+01 1.136636763246201696e+02
8.944288952174616725e+01 1.137210202711958686e+02
8.936073872694574050e+01 1.137780394174492642e+02
8.927836282872350182e+01 1.138347328696098657e+02
8.919576311831498572e+01 1.138910997390123612e+02
8.911294089046401723e+01 1.139471391421106290e+02
8.902989744340233358e+01 1.140028502004915367e+02
8.894663407882927686e+01 1.140582320408887256e+02
8.886315210189135883e+01 1.141132837951963381e+02
8.877945282116183989e+01 1.141680046004825329e+02
8.869553754862022288e+01 1.142223935990031123e+02
8.861140759963160463e+01 1.142764499382149239e+02
8.852706429292618395e+01 1.143301727707891899e+02
8.844250895057847117e+01 1.143835612546248370e+02
8.835774289798665393e+01 1.144366145528616983e+02
8.827276746385177830e+01 1.144893318338936012e+02
8.818758398015690148e+01 1.145417122713813995e+02
8.810219378214628705e+01 1.145937550442659756e+02
8.801659820830438719e+01 1.146454593367810446e+02
8.793079860033493844e+01 1.146968243384660013e+02
8.784479630313987286e+01 1.147478492441785818e+02
8.775859266479824328e+01 1.147985332541075110e+02
8.767218903654517703e+01 1.148488755737850084e+02
8.758558677275053128e+01 1.148988754140992654e+02
8.749878723089784671e+01 1.149485319913068366e+02
8.741179177156293179e+01 1.149978445270448617e+02
8.732460175839258909e+01 1.150468122483433149e+02
8.723721855808325643e+01 1.150954343876371269e+02
8.714964354035954841e+01 1.151437101827781930e+02
8.706187807795282652e+01 1.151916388770472679e+02
8.697392354657959856e+01 1.152392197191659875e+02
8.688578132492008876e+01 1.152864519633084655e+02
8.679745279459650931e+01 1.153333348691130738e+02
8.670893934015145987e+01 1.153798677016940530e+02
8.662024234902617081e+01 1.154260497316529950e+02
8.653136321153886001e+01 1.154718802350903246e+02
8.644230332086281976e+01 1.155173584936165696e+02
8.635306407300467413e+01 1.155624837943637147e+02
8.626364686678243743e+01 1.156072554299963002e+02
8.617405310380360106e+01 1.156516726987225354e+02
8.608428418844317775e+01 1.156957349043053398e+02
8.599434152782167473e+01 1.157394413560731721e+02
8.590422653178305268e+01 1.157827913689309298e+02
8.581394061287261366e+01 1.158257842633706503e+02
8.572348518631486058e+01 1.158684193654821826e+02
8.563286166999129989e+01 1.159106960069637466e+02
8.554207148441824415e+01 1.159526135251323922e+02
8.545111605272454369e+01 1.159941712629344011e+02
8.535999680062924710e+01 1.160353685689555761e+02
8.526871515641930444e+01 1.160762047974314726e+02
8.517727255092709981e+01 1.161166793082575026e+02
8.508567041750814042e+01 1.161567914669989676e+02
8.499391019201844699e+01 1.161965406449010061e+02
8.490199331279217176e+01 1.162359262188984843e+02
8.480992122061897476e+01 1.162749475716256882e+02
8.471769535872151380e+01 1.163136040914260434e+02
8.462531717273269294e+01 1.163518951723617505e+02
8.453278811067316667e+01 1.163898202142231781e+02
8.444010962292850309e+01 1.164273786225383560e+02
8.434728316222653177e+01 1.164645698085822829e+02
8.425431018361454960e+01 1.165013931893860928e+02
8.416119214443648389e+01 1.165378481877462633e+02
8.406793050431011238e+01 1.165739342322336398e+02
8.397452672510408433e+01 1.166096507572023881e+02
8.388098227091516890e+01 1.166449972027988480e+02
8.378729860804510565e+01 1.166799730149703436e+02
8.369347720497776777e+01 1.167145776454738240e+02
8.359951953235606936e+01 1.167488105518845174e+02
8.350542706295897233e+01 1.167826711976043583e+02
8.341120127167835108e+01 1.168161590518704713e+02
8.331684363549587147e+01 1.168492735897634134e+02
8.322235563345989817e+01 1.168820142922155014e+02
8.312773874666221730e+01 1.169143806460188415e+02
8.303299445821491531e+01 1.169463721438334574e+02
8.293812425322708748e+01 1.169779882841952059e+02
8.284312961878153203e+01 1.170092285715236358e+02
8.274801204391148701e+01 1.170400925161297465e+02
8.265277301957726763e+01 1.170705796342237051e+02
8.255741403864291783e+01 1.171006894479223917e+02
8.246193659585276237e+01 1.171304214852569032e+02
8.236634218780802996e+01 1.171597752801799572e+02
8.227063231294334855e+01 1.171887503725731676e+02
8.217480847150331158e+01 1.172173463082543208e+02
8.207887216551887377e+01 1.172455626389844099e+02
8.198282489878393164e+01 1.172733989224747404e+02
8.188666817683163401e+01 1.173008547223938081e+02
8.179040350691084882e+01 1.173279296083741485e+02
8.169403239796250205e+01 1.173546231560191302e+02
8.159755636059597350e+01 1.173809349469095338e+02
8.150097690706536468e+01 1.174068645686101462e+02
8.140429555124583771e+01 1.174324116146762549e+02
8.130751380860982636e+01 1.174575756846599859e+02
8.121063319620336074e+01 1.174823563841165424e+02
8.111365523262222155e+01 1.175067533246104574e+02
8.101658143798819367e+01 1.175307661237216763e+02
8.091941333392514935e+01 1.175543944050514966e+02
8.082215244353530181e+01 1.175776377982285084e+02
8.072480029137526003e+01 1.176004959389144062e+02
8.062735840343216864e+01 1.176229684688096881e+02
8.052982830709976270e+01 1.176450550356592402e+02
8.043221153115445077e+01 1.176667552932579213e+02
8.033450960573129862e+01 1.176880689014559209e+02
8.023672406230014076e+01 1.177089955261641876e+02
8.013885643364147882e+01 1.177295348393595305e+02
8.004090825382247942e+01 1.177496865190898774e+02
7.994288105817300050e+01 1.177694502494792914e+02
7.984477638326140436e+01 1.177888257207328593e+02
7.974659576687056983e+01 1.178078126291416794e+02
7.964834074797374797e+01 1.178264106770874520e+02
7.955001286671044625e+01 1.178446195730472823e+02
7.945161366436225592e+01 1.178624390315981998e+02
7.935314468332876459e+01 1.178798687734216486e+02
7.925460746710328408e+01 1.178969085253077935e+02
7.915600356024874884e+01 1.179135580201599112e+02
7.905733450837345799e+01 1.179298169969985253e+02
7.895860185810683163e+01 1.179456852009654710e+02
7.885980715707522393e+01 1.179611623833279452e+02
7.876095195387757997e+01 1.179762483014823289e+02
7.866203779806126306e+01 1.179909427189581095e+02
7.856306624009766892e+01 1.180052454054214621e+02
7.846403883135802459e+01 1.180191561366789301e+02
7.836495712408894576e+01 1.180326746946809067e+02
7.826582267138822147e+01 1.180458008675251165e+02
7.816663702718041407e+01 1.180585344494598274e+02
7.806740174619247341e+01 1.180708752408871902e+02
7.796811838392945049e+01 1.180828230483662793e+02
7.786878849665005475e+01 1.180943776846161910e+02
7.776941364134222567e+01 1.181055389685189283e+02
7.766999537569884637e+01 1.181163067251222571e+02
7.757053525809318728e+01 1.181266807856424634e+02
7.747103484755459135e+01 1.181366609874669962e+02
7.737149570374396035e+01 1.181462471741569971e+02
7.727191938692936901e+01 1.181554391954497447e+02
7.717230745796152291e+01 1.181642369072610563e+02
7.707266147824941527e+01 1.181726401716875046e+02
7.697298300973572793e+01 1.181806488570086060e+02
7.687327361487241717e+01 1.181882628376888533e+02
7.677353485659619992e+01 1.181954819943797190e+02
7.667376829830409690e+01 1.182023062139215170e+02
7.657397550382884788e+01 1.182087353893451223e+02
7.647415803741445472e+01 1.182147694198737611e+02
7.637431746369166774e+01 1.182204082109244752e+02
7.627445534765344348e+01 1.182256516741096846e+02
7.617457325463037421e+01 1.182304997272384952e+02
7.607467275026623099e+01 1.182349522943180915e+02
7.597475540049337894e+01 1.182390093055548448e+02
7.587482277150819243e+01 1.182426706973554076e+02
7.577487642974658399e+01 1.182459364123277794e+02
7.567491794185941956e+01 1.182488063992821452e+02
7.557494887468791944e+01 1.182512806132316712e+02
7.547497079523915886e+01 1.182533590153932721e+02
7.537498527066148313e+01 1.182550415731881515e+02
7.527499386821990868e+01 1.182563282602423556e+02
7.517499815527162355e+01 1.182572190563871573e+02
7.507499969924135996e+01 1.182577139476593970e+02
7.497500006759685220e+01 1.182578129263017246e+02
7.487500082782428024e+01 1.182575159907626414e+02
7.477500354740364230e+01 1.182568231456965719e+02
7.467500979378428383e+01 1.182557344019638208e+02
7.457502113436018476e+01 1.182542497766303597e+02
7.447503913644555951e+01 1.182523692929675576e+02
7.437506536725013007e+01 1.182500929804518677e+02
7.427510139385469756e+01 1.182474208747642876e+02
7.417514878318648641e+01 1.182443530177898623e+02
7.407520910199460218e+01 1.182408894576170013e+02
7.397528391682548943e+01 1.182370302485367404e+02
7.387537479399836116e+01 1.182327754510418600e+02
7.377548329958067086e+01 1.182281251318259621e+02
7.367561099936355618e+01 1.182230793637824462e+02
7.357575945883725410e+01 1.182176382260033165e+02
7.347593024316661570e+01 1.182118018037779450e+02
7.337612491716653551e+01 1.182055701885917927e+02
7.327634504527749471e+01 1.181989434781249315e+02
7.317659219154089101e+01 1.181919217762505241e+02
7.307686791957470973e+01 1.181845051930331465e+02
7.297717379254882530e+01 1.181766938447271826e+02
7.287751137316068650e+01 1.181684878537748631e+02
7.277788222361066062e+01 1.181598873488044319e+02
7.267828790557764762e+01 1.181508924646281287e+02
7.257872998019453803e+01 1.181415033422400143e+02
7.247921000802378444e+01 1.181317201288138534e+02
7.237972954903294465e+01 1.181215429777007131e+02
7.228029016257018213e+01 1.181109720484266035e+02
7.218089340733988024e+01 1.181000075066900195e+02
7.208154084137814266e+01 1.180886495243592407e+02
7.198223402202845023e+01 1.180768982794697308e+02
7.188297450591716142e+01 1.180647539562213240e+02
7.178376384892921180e+01 1.180522167449752828e+02
7.168460360618365712e+01 1.180392868422514141e+02
7.158549533200928749e+01 1.180259644507248566e+02
7.148644057992032685e+01 1.180122497792230547e+02
7.138744090259201869e+01 1.179981430427223899e+02
7.128849785183633969e+01 1.179836444623447846e+02
7.118961297857761394e+01 1.179687542653543346e+02
7.109078783282828340e+01 1.179534726851536846e+02
7.099202396366450785e+01 1.179377999612803762e+02
7.089332291920199225e+01 1.179217363394030542e+02
7.079468624657165776e+01 1.179052820713177425e+02
7.069611549189538380e+01 1.178884374149437519e+02
7.059761220026182116e+01 1.178712026343197010e+02
7.049917791570209147e+01 1.178535779995993948e+02
7.040081418116571399e+01 1.178355637870475618e+02
7.030252253849626243e+01 1.178171602790355337e+02
7.020430452840732016e+01 1.177983677640368114e+02
7.010616169045829338e+01 1.177791865366225608e+02
7.000809556303022418e+01 1.177596168974569650e+02
6.991010768330178848e+01 1.177396591532925356e+02
6.981219958722508068e+01 1.177193136169653229e+02
6.971437280950162574e+01 1.176985806073899568e+02
6.961662888355826340e+01 1.176774604495546868e+02
6.951896934152316021e+01 1.176559534745162807e+02
6.942139571420176480e+01 1.176340600193948660e+02
6.932390953105283415e+01 1.176117804273685579e+02
6.922651232016440304e+01 1.175891150476681730e+02
6.912920560822990979e+01 1.175660642355717158e+02
6.903199092052423680e+01 1.175426283523988076e+02
6.893486978087975103e+01 1.175188077655050165e+02
6.883784371166250082e+01 1.174946028482761307e+02
6.874091423374829901e+01 1.174700139801222889e+02
6.864408286649889135e+01 1.174450415464719981e+02
6.854735112773815331e+01 1.174196859387661362e+02
6.845072053372830112e+01 1.173939475544518416e+02
6.835419259914610279e+01 1.173678267969761748e+02
6.825776883705914599e+01 1.173413240757799372e+02
6.816145075890213434e+01 1.173144398062911336e+02
6.806523987445316948e+01 1.172871744099185065e+02
6.796913769181011844e+01 1.172595283140449709e+02
6.787314571736693836e+01 1.172315019520208352e+02
6.777726545579010065e+01 1.172030957631570800e+02
6.768149840999495837e+01 1.171743101927183943e+02
6.758584608112224146e+01 1.171451456919162979e+02
6.749030996851450936e+01 1.171156027179019929e+02
6.739489156969261785e+01 1.170856817337592162e+02
6.729959238033225688e+01 1.170553832084969770e+02
6.720441389424055956e+01 1.170247076170421963e+02
6.710935760333262579e+01 1.169936554402323168e+02
6.701442499760811700e+01 1.169622271648077145e+02
6.691961756512802140e+01 1.169304232834040533e+02
6.682493679199116343e+01 1.168982442945446394e+02
6.673038416231104009e+01 1.168656907026324916e+02
6.663596115819251509e+01 1.168327630179425540e+02
6.654166925970854152e+01 1.167994617566136526e+02
6.644750994487704077e+01 1.167657874406403380e+02
6.635348468963768198e+01 1.167317405978648139e+02
6.625959496782876101e+01 1.166973217619685954e+02
6.616584225116409357e+01 1.166625314724641669e+02
6.607222800920996519e+01 1.166273702746865126e+02
6.597875370936203865e+01 1.165918387197845618e+02
6.588542081682247442e+01 1.165559373647125767e+02
6.579223079457680967e+01 1.165196667722213988e+02
6.569918510337114981e+01 1.164830275108496522e+02
6.560628520168917532e+01 1.164460201549148053e+02
6.551353254572939022e+01 1.164086452845041606e+02
6.542092858938217148e+01 1.163709034854658313e+02
6.532847478420707432e+01 1.163327953493994471e+02
6.523617257941005221e+01 1.162943214736469741e+02
6.514402342182071948e+01 1.162554824612833215e+02
6.505202875586968503e+01 1.162162789211068770e+02
6.496019002356594285e+01 1.161767114676299570e+02
6.486850866447419151e+01 1.161367807210692149e+02
6.477698611569236675e+01 1.160964873073359058e+02
6.468562381182901788e+01 1.160558318580259964e+02
6.459442318498092561e+01 1.160148150104104161e+02
6.450338566471052104e+01 1.159734374074249104e+02
6.441251267802363145e+01 1.159316996976601075e+02
6.432180564934698452e+01 1.158896025353512158e+02
6.423126600050592572e+01 1.158471465803678768e+02
6.414089515070219250e+01 1.158043324982037490e+02
6.405069451649153223e+01 1.157611609599661335e+02
6.396066551176163273e+01 1.157176326423654018e+02
6.387080954770986807e+01 1.156737482277044080e+02
6.378112803282125753e+01 1.156295084038678453e+02
6.369162237284628958e+01 1.155849138643113747e+02
6.360229397077898028e+01 1.155399653080507960e+02
6.351314422683483230e+01 1.154946634396511200e+02
6.342417453842890751e+01 1.154490089692154839e+02
6.333538630015387128e+01 1.154030026123740100e+02
6.324678090375822137e+01 1.153566450902726501e+02
6.315835973812440329e+01 1.153099371295618312e+02
6.307012418924705344e+01 1.152628794623850581e+02
6.298207564021129201e+01 1.152154728263674741e+02
6.289421547117100886e+01 1.151677179646042788e+02
6.280654505932729137e+01 1.151196156256490895e+02
6.271906577890677426e+01 1.150711665635021745e+02
6.263177900114011720e+01 1.150223715375986728e+02
6.254468609424053938e+01 1.149732313127967132e+02
6.245778842338231129e+01 1.149237466593653210e+02
6.237108735067945275e+01 1.148739183529724812e+02
6.228458423516425313e+01 1.148237471746728602e+02
6.219828043276609719e+01 1.147732339108956410e+02
6.211217729629012041e+01 1.147223793534321459e+02
6.202627617539604898e+01 1.146711842994234729e+02
6.194057841657703278e+01 1.146196495513479903e+02
6.185508536313851380e+01 1.145677759170086745e+02
6.176979835517724382e+01 1.145155642095206048e+02
6.168471872956016711e+01 1.144630152472980598e+02
6.159984781990358016e+01 1.144101298540417986e+02
6.151518695655212809e+01 1.143569088587260865e+02
6.143073746655802836e+01 1.143033530955857486e+02
6.134650067366023052e+01 1.142494634041030395e+02
6.126247789826366841e+01 1.141952406289945401e+02
6.117867045741857623e+01 1.141406856201978712e+02
6.109507966479983310e+01 1.140857992328583919e+02
6.101170683068637857e+01 1.140305823273158268e+02
6.092855326194065668e+01 1.139750357690906810e+02
6.084562026198815943e+01 1.139191604288708106e+02
6.076290913079697020e+01 1.138629571824976523e+02
6.068042116485741388e+01 1.138064269109525668e+02
6.059815765716169267e+01 1.137495705003429975e+02
6.051611989718366402e+01 1.136923888418886008e+02
6.043430917085860443e+01 1.136348828319072624e+02
6.035272676056305130e+01 1.135770533718010569e+02
6.027137394509471591e+01 1.135189013680420942e+02
6.019025199965240347e+01 1.134604277321583652e+02
6.010936219581608952e+01 1.134016333807193888e+02
6.002870580152691815e+01 1.133425192353218875e+02
5.994828408106736362e+01 1.132830862225753208e+02
5.986809829504142755e+01 1.132233352740873755e+02
5.978814970035482190e+01 1.131632673264493434e+02
5.970843955019533666e+01 1.131028833212214693e+02
5.962896909401313650e+01 1.130421842049181720e+02
5.954973957750123503e+01 1.129811709289932082e+02
5.947075224257589809e+01 1.129198444498247369e+02
5.939200832735723168e+01 1.128582057287003835e+02
5.931350906614978413e+01 1.127962557318021624e+02
5.923525568942311281e+01 1.127339954301912428e+02
5.915724942379261364e+01 1.126714257997928428e+02
5.907949149200020145e+01 1.126085478213808813e+02
5.900198311289519637e+01 1.125453624805626021e+02
5.892472550141518184e+01 1.124818707677631267e+02
5.884771986856699755e+01 1.124180736782099359e+02
5.877096742140773245e+01 1.123539722119172666e+02
5.869446936302579587e+01 1.122895673736704225e+02
5.861822689252208818e+01 1.122248601730100575e+02
5.854224120499119977e+01 1.121598516242163441e+02
5.846651349150265276e+01 1.120945427462930155e+02
5.839104493908224924e+01 1.120289345629514770e+02
5.831583673069346219e+01 1.119630281025947340e+02
5.824089004521889024e+01 1.118968243983012059e+02
5.816620605744181205e+01 1.118303244878086389e+02
5.809178593802767665e+01 1.117635294134977784e+02
5.801763085350588511e+01 1.116964402223760118e+02
5.794374196625139462e+01 1.116290579660609978e+02
5.787012043446655696e+01 1.115613837007641962e+02
5.779676741216296421e+01 1.114934184872742406e+02
5.772368404914330142e+01 1.114251633909403694e+02
5.765087149098341968e+01 1.113566194816557413e+02
5.757833087901428115e+01 1.112877878338405822e+02
5.750606335030413163e+01 1.112186695264254297e+02
5.743407003764066587e+01 1.111492656428341803e+02
5.736235206951323562e+01 1.110795772709671212e+02
5.729091057009523524e+01 1.110096055031838489e+02
5.721974665922639502e+01 1.109393514362862021e+02
5.714886145239528048e+01 1.108688161715009954e+02
5.707825606072179880e+01 1.107980008144628385e+02
5.700793159093977636e+01 1.107269064751967278e+02
5.693788914537959300e+01 1.106555342681007090e+02
5.686812982195095856e+01 1.105838853119283698e+02
5.679865471412561817e+01 1.105119607297713316e+02
5.672946491092029930e+01 1.104397616490415999e+02
5.666056149687959476e+01 1.103672892014539713e+02
5.659194555205895938e+01 1.102945445230081987e+02
5.652361815200779205e+01 1.102215287539712563e+02
5.645558036775258870e+01 1.101482430388594480e+02
5.638783326578012378e+01 1.100746885264204309e+02
5.632037790802075961e+01 1.100008663696152809e+02
5.625321535183180544e+01 1.099267777256003455e+02
5.618634664998089079e+01 1.098524237557091396e+02
5.611977285062954479e+01 1.097778056254341550e+02
5.605349499731671870e+01 1.097029245044085712e+02
5.598751412894237944e+01 1.096277815663878954e+02
5.592183127975135903e+01 1.095523779892316725e+02
5.585644747931699783e+01 1.094767149548848550e+02
5.579136375252510049e+01 1.094007936493594286e+02
5.572658111955784932e+01 1.093246152627157102e+02
5.566210059587778147e+01 1.092481809890438029e+02
5.559792319221191548e+01 1.091714920264447670e+02
5.553404991453588480e+01 1.090945495770119180e+02
5.547048176405814957e+01 1.090173548468119264e+02
5.540721973720435756e+01 1.089399090458659884e+02
5.534426482560168381e+01 1.088622133881307832e+02
5.528161801606327685e+01 1.087842690914794730e+02
5.521928029057283283e+01 1.087060773776826466e+02
5.515725262626918379e+01 1.086276394723890917e+02
5.509553599543095004e+01 1.085489566051066532e+02
5.503413136546134865e+01 1.084700300091829348e+02
5.497303969887302344e+01 1.083908609217859720e+02
5.491226195327290327e+01 1.083114505838848345e+02
5.485179908134724514e+01 1.082318002402301431e+02
5.479165203084671276e+01 1.081519111393346293e+02
5.473182174457145521e+01 1.080717845334535099e+02
5.467230916035640576e+01 1.079914216785648620e+02
5.461311521105650257e+01 1.079108238343499693e+02
5.455424082453214396e+01 1.078299922641735265e+02
5.449568692363459377e+01 1.077489282350639002e+02
5.443745442619150765e+01 1.076676330176931913e+02
5.437954424499261563e+01 1.075861078863574107e+02
5.432195728777532651e+01 1.075043541189563712e+02
5.426469445721055251e+01 1.074223729969738343e+02
5.420775665088854112e+01 1.073401658054572465e+02
5.415114476130482046e+01 1.072577338329977010e+02
5.409485967584620170e+01 1.071750783717097590e+02
5.403890227677686653e+01 1.070922007172110852e+02
5.398327344122451166e+01 1.070091021686022259e+02
5.392797404116666371e+01 1.069257840284462588e+02
5.387300494341696577e+01 1.068422476027483015e+02
5.381836700961158471e+01 1.067584942009350755e+02
5.376406109619573925e+01 1.066745251358344291e+02
5.371008805441022105e+01 1.065903417236546602e+02
5.365644873027814299e+01 1.065059452839639960e+02
5.360314396459155262e+01 1.064213371396698022e+02
5.355017459289837234e+01 1.063365186169979353e+02
5.349754144548924728e+01 1.062514910454719086e+02
5.344524534738448551e+01 1.061662557578920172e+02
5.339328711832123986e+01 1.060808140903145613e+02
5.334166757274053339e+01 1.059951673820307576e+02
5.329038751977461175e+01 1.059093169755458774e+02
5.323944776323415340e+01 1.058232642165581012e+02
5.318884910159573565e+01 1.057370104539375291e+02
5.313859232798930776e+01 1.056505570397048928e+02
5.308867823018573517e+01 1.055639053290104954e+02
5.303910759058449287e+01 1.054770566801129519e+02
5.298988118620134458e+01 1.053900124543577874e+02
5.294099978865621381e+01 1.053027740161562633e+02
5.289246416416106911e+01 1.052153427329638333e+02
5.284427507350791586e+01 1.051277199752588274e+02
5.279643327205685210e+01 1.050399071165209079e+02
5.274893950972427348e+01 1.049519055332095689e+02
5.270179453097107114e+01 1.048637166047425069e+02
5.265499907479097885e+01 1.047753417134740772e+02
5.260855387469901245e+01 1.046867822446735943e+02
5.256245965871992354e+01 1.045980395865035746e+02
5.251671714937684499e+01 1.045091151299980368e+02
5.247132706367992228e+01 1.044200102690406595e+02
5.242629011311508691e+01 1.043307264003429680e+02
5.238160700363289379e+01 1.042412649234223778e+02
5.233727843563750071e+01 1.041516272405803676e+02
5.229330510397564069e+01 1.040618147568803664e+02
5.224968769792572942e+01 1.039718288801258126e+02
5.220642690118709339e+01 1.038816710208380982e+02
5.216352339186923359e+01 1.037913425922343436e+02
5.212097784248121002e+01 1.037008450102054553e+02
5.207879091992106169e+01 1.036101796932936736e+02
5.203696328546540428e+01 1.035193480626705735e+02
5.199549559475904914e+01 1.034283515421146262e+02
5.195438849780468615e+01 1.033371915579889446e+02
5.191364263895276565e+01 1.032458695392189583e+02
5.187325865689132343e+01 1.031543869172699317e+02
5.183323718463603313e+01 1.030627451261245966e+02
5.179357884952024449e+01 1.029709456022606275e+02
5.175428427318514935e+01 1.028789897846281605e+02
5.171535407157008990e+01 1.027868791146272542e+02
5.167678885490281004e+01 1.026946150360851959e+02
5.163858922768999093e+01 1.026021989952340050e+02
5.160075578870770840e+01 1.025096324406876533e+02
5.156328913099206090e+01 1.024169168234194416e+02
5.152618984182988982e+01 1.023240535967391764e+02
5.148945850274957081e+01 1.022310442162704618e+02
5.145309568951186918e+01 1.021378901399278334e+02
5.141710197210096567e+01 1.020445928278939363e+02
5.138147791471546100e+01 1.019511537425966026e+02
5.134622407575959357e+01 1.018575743486859722e+02
5.131134100783444296e+01 1.017638561130114994e+02
5.127682925772929678e+01 1.016700005045989599e+02
5.124268936641304606e+01 1.015760089946274576e+02
5.120892186902573684e+01 1.014818830564063319e+02
5.117552729487016450e+01 1.013876241653520935e+02
5.114250616740359590e+01 1.012932337989652467e+02
5.110985900422954131e+01 1.011987134368071679e+02
5.107758631708964003e+01 1.011040645604769281e+02
5.104568861185567386e+01 1.010092886535880297e+02
5.101416638852159480e+01 1.009143872017451571e+02
5.098302014119570913e+01 1.008193616925209284e+02
5.095225035809293956e+01 1.007242136154325607e+02
5.092185752152715139e+01 1.006289444619184508e+02
5.089184210790361362e+01 1.005335557253149261e+02
5.086220458771150277e+01 1.004380489008327544e+02
5.083294542551657003e+01 1.003424254855336812e+02
5.080406507995382270e+01 1.002466869783070393e+02
5.077556400372034773e+01 1.001508348798462293e+02
5.074744264356822043e+01 1.000548706926251583e+02
5.071970144029748440e+01 9.995879592087470655e+01
5.069234082874926628e+01 9.986261207055920863e+01
5.066536123779895462e+01 9.976632064935273547e+01
5.063876309034946388e+01 9.966992316661557538e+01
5.061254680332460509e+01 9.957342113337047351e+01
5.058671278766255597e+01 9.947681606227905604e+01
5.056126144830943758e+01 9.938010946761798436e+01
5.053619318421294793e+01 9.928330286525533666e+01
5.051150838831610912e+01 9.918639777262684731e+01
5.048720744755108569e+01 9.908939570871197589e+01
5.046329074283318050e+01 9.899229819401030284e+01
5.043975864905480933e+01 9.889510675051749899e+01
5.041661153507965309e+01 9.879782290170163606e+01
5.039384976373683855e+01 9.870044817247918445e+01
5.037147369181531076e+01 9.860298408919119595e+01
5.034948367005819136e+01 9.850543217957928732e+01
5.032788004315729324e+01 9.840779397276179452e+01
5.030666314974773456e+01 9.831007099920974213e+01
5.028583332240260262e+01 9.821226479072285542e+01
5.026539088762775975e+01 9.811437688040557248e+01
5.024533616585673457e+01 9.801640880264299938e+01
5.022566947144565574e+01 9.791836209307685124e+01
5.020639111266839905e+01 9.782023828858137904e+01
5.018750139171165614e+01 9.772203892723935326e+01
5.016900060467029476e+01 9.762376554831780595e+01
5.015088904154265492e+01 9.752541969224404284e+01
5.013316698622604406e+01 9.742700290058142798e+01
5.011583471651222510e+01 9.732851671600523957e+01
5.009889250408315320e+01 9.722996268227848304e+01
5.008234061450662011e+01 9.713134234422767577e+01
5.006617930723218279e+01 9.703265724771868861e+01
5.005040883558700671e+01 9.693390893963244537e+01
5.003502944677198627e+01 9.683509896784069326e+01
5.002004138185778004e+01 9.673622888118181606e+01
5.000544487578110875e+01 9.663730022943641984e+01
4.999124015734103921e+01 9.653831456330316030e+01
4.997742744919536051e+01 9.643927343437437116e+01
4.996400696785718765e+01 9.634017839511176362e+01
4.995097892369146564e+01 9.624103099882206891e+01
4.993834352091174367e+01 9.614183279963276618e+01
4.992610095757693500e+01 9.604258535246759720e+01
4.991425142558823325e+01 9.594329021302232263e+01
4.990279511068611384e+01 9.584394893774025093e+01
4.989173219244736401e+01 9.574456308378782410e+01
4.988106284428235426e+01 9.564513420903034557e+01
4.987078723343225306e+01 9.554566387200735278e+01
4.986090552096642625e+01 9.544615363190840185e+01
4.985141786177992174e+01 9.534660504854846863e+01
4.984232440459104652e+01 9.524701968234359128e+01
4.983362529193898638e+01 9.514739909428632814e+01
4.982532066018164585e+01 9.504774484592137185e+01
4.981741063949344550e+01 9.494805849932104991e+01
4.980989535386333955e+01 9.484834161706079669e+01
4.980277492109280502e+01 9.474859576219471080e+01
4.979604945279406536e+01 9.464882249823099869e+01
4.978971905438829992e+01 9.454902338910757464e+01
4.978378382510396705e+01 9.444919999916737652e+01
4.977824385797534035e+01 9.434935389313405096e+01
4.977309923984093132e+01 9.424948663608721233e+01
4.976835005134222456e+01 9.414959979343807106e+01
4.976399636692237038e+01 9.404969493090487731e+01
4.976003825482501952e+01 9.394977361448823672e+01
4.975647577709324310e+01 9.384983741044676719e+01
4.975330898956862313e+01 9.374988788527240047e+01
4.975053794189027911e+01 9.364992660566589677e+01
4.974816267749416454e+01 9.354995513851221745e+01
4.974618323361235639e+01 9.344997505085609646e+01
4.974459964127247247e+01 9.334998790987732775e+01
4.974341192529720956e+01 9.324999528286627992e+01
4.974262010430390291e+01 9.314999873719933987e+01
4.974222419070429169e+01 9.304999984031427118e+01
4.974222419070429169e+01 9.295000015968574303e+01
4.974262010430390291e+01 9.285000126280067434e+01
4.974341192529720956e+01 9.275000471713373429e+01
4.974459964127247247e+01 9.265001209012268646e+01
4.974618323361235639e+01 9.255002494914390354e+01
4.974816267749416454e+01 9.245004486148778255e+01
4.975053794189027201e+01 9.235007339433413165e+01
4.975330898956862313e+01 9.225011211472759953e+01
4.975647577709324310e+01 9.215016258955323281e+01
4.976003825482501952e+01 9.205022638551177749e+01
4.976399636692237038e+01 9.195030506909515111e+01
4.976835005134222456e+01 9.185040020656191473e+01
4.977309923984093132e+01 9.175051336391280188e+01
4.977824385797534035e+01 9.165064610686596325e+01
4.978378382510396705e+01 9.155080000083260927e+01
4.978971905438829992e+01 9.145097661089243957e+01
4.979604945279406536e+01 9.135117750176900131e+01
4.980277492109280502e+01 9.125140423780530341e+01
4.980989535386333955e+01 9.115165838293920331e+01
4.981741063949344550e+01 9.105194150067895009e+01
4.982532066018164585e+01 9.095225515407862815e+01
4.983362529193898638e+01 9.085260090571367186e+01
4.984232440459104652e+01 9.075298031765642293e+01
4.985141786177992174e+01 9.065339495145153137e+01
4.986090552096642625e+01 9.055384636809159815e+01
4.987078723343225306e+01 9.045433612799264722e+01
4.988106284428235426e+01 9.035486579096966864e+01
4.989173219244736401e+01 9.025543691621217590e+01
4.990279511068611384e+01 9.015605106225977750e+01
4.991425142558823325e+01 9.005670978697767737e+01
4.992610095757693500e+01 8.995741464753240280e+01
4.993834352091174367e+01 8.985816720036724803e+01
4.995097892369146564e+01 8.975896900117793109e+01
4.996400696785718765e+01 8.965982160488825059e+01
4.997742744919536051e+01 8.956072656562564305e+01
4.999124015734103921e+01 8.946168543669685391e+01
5.000544487578111585e+01 8.936269977056358016e+01
5.002004138185778004e+01 8.926377111881818394e+01
5.003502944677198627e+01 8.916490103215930674e+01
5.005040883558700671e+01 8.906609106036755463e+01
5.006617930723217569e+01 8.896734275228131139e+01
5.008234061450662011e+01 8.886865765577232423e+01
5.009889250408315320e+01 8.877003731772153117e+01
5.011583471651222510e+01 8.867148328399476043e+01
5.013316698622604406e+01 8.857299709941857202e+01
5.015088904154265492e+01 8.847458030775597138e+01
5.016900060467029476e+01 8.837623445168220826e+01
5.018750139171164903e+01 8.827796107276064674e+01
5.020639111266839194e+01 8.817976171141862096e+01
5.022566947144565574e+01 8.808163790692316297e+01
5.024533616585672746e+01 8.798359119735700062e+01
5.026539088762775975e+01 8.788562311959442752e+01
5.028583332240259551e+01 8.778773520927714458e+01
5.030666314974773456e+01 8.768992900079027208e+01
5.032788004315729324e+01 8.759220602723820548e+01
5.034948367005819136e+01 8.749456782042072689e+01
5.037147369181531076e+01 8.739701591080881826e+01
5.039384976373683855e+01 8.729955182752081555e+01
5.041661153507965309e+01 8.720217709829836394e+01
5.043975864905480933e+01 8.710489324948250101e+01
5.046329074283318050e+01 8.700770180598971137e+01
5.048720744755108569e+01 8.691060429128800990e+01
5.051150838831610201e+01 8.681360222737315269e+01
5.053619318421294793e+01 8.671669713474466334e+01
5.056126144830944469e+01 8.661989053238201564e+01
5.058671278766255597e+01 8.652318393772095817e+01
5.061254680332459799e+01 8.642657886662952649e+01
5.063876309034945677e+01 8.633007683338443883e+01
5.066536123779896172e+01 8.623367935064725032e+01
5.069234082874926628e+01 8.613738792944079137e+01
5.071970144029747729e+01 8.604120407912529345e+01
5.074744264356822043e+01 8.594512930737485590e+01
5.077556400372034773e+01 8.584916512015377066e+01
5.080406507995382270e+01 8.575331302169296066e+01
5.083294542551657003e+01 8.565757451446631876e+01
5.086220458771150277e+01 8.556195109916724562e+01
5.089184210790361362e+01 8.546644427468507388e+01
5.092185752152715139e+01 8.537105553808154923e+01
5.095225035809293246e+01 8.527578638456745352e+01
5.098302014119570913e+01 8.518063830747907161e+01
5.101416638852158769e+01 8.508561279825485713e+01
5.104568861185566675e+01 8.499071134641198455e+01
5.107758631708964003e+01 8.489593543952307186e+01
5.110985900422954131e+01 8.480128656319283209e+01
5.114250616740359590e+01 8.470676620103476751e+01
5.117552729487016450e+01 8.461237583464792067e+01
5.120892186902573684e+01 8.451811694359365390e+01
5.124268936641304606e+01 8.442399100537254242e+01
5.127682925772928968e+01 8.432999949540105433e+01
5.131134100783444296e+01 8.423614388698852906e+01
5.134622407575959357e+01 8.414242565131402785e+01
5.138147791471546100e+01 8.404884625740339743e+01
5.141710197210095856e+01 8.395540717210607795e+01
5.145309568951186918e+01 8.386210986007216661e+01
5.148945850274957081e+01 8.376895578372953821e+01
5.152618984182988982e+01 8.367594640326083777e+01
5.156328913099206090e+01 8.358308317658057263e+01
5.160075578870770840e+01 8.349036755931234666e+01
5.163858922768999093e+01 8.339780100476600921e+01
5.167678885490281004e+01 8.330538496391480408e+01
5.171535407157008990e+01 8.321312088537275997e+01
5.175428427318514935e+01 8.312101021537183954e+01
5.179357884952023738e+01 8.302905439773938667e+01
5.183323718463602603e+01 8.293725487387541762e+01
5.187325865689132343e+01 8.284561308273006830e+01
5.191364263895276565e+01 8.275413046078104173e+01
5.195438849780468615e+01 8.266280844201105538e+01
5.199549559475904914e+01 8.257164845788537377e+01
5.203696328546540428e+01 8.248065193732942646e+01
5.207879091992105458e+01 8.238982030670632639e+01
5.212097784248119581e+01 8.229915498979455890e+01
5.216352339186923359e+01 8.220865740776564223e+01
5.220642690118709339e+01 8.211832897916191598e+01
5.224968769792572232e+01 8.202817111987418741e+01
5.229330510397564069e+01 8.193818524311964779e+01
5.233727843563750781e+01 8.184837275941963242e+01
5.238160700363289379e+01 8.175873507657762218e+01
5.242629011311507270e+01 8.166927359965706046e+01
5.247132706367992228e+01 8.157998973095934048e+01
5.251671714937684499e+01 8.149088487000196324e+01
5.256245965871991643e+01 8.140196041349642542e+01
5.260855387469900535e+01 8.131321775532640572e+01
5.265499907479097885e+01 8.122465828652590858e+01
5.270179453097106403e+01 8.113628339525750732e+01
5.274893950972426637e+01 8.104809446679044527e+01
5.279643327205685210e+01 8.096009288347909205e+01
5.284427507350790165e+01 8.087228002474117261e+01
5.289246416416106911e+01 8.078465726703618088e+01
5.294099978865620670e+01 8.069722598384375090e+01
5.298988118620133747e+01 8.060998754564221258e+01
5.303910759058449287e+01 8.052294331988706233e+01
5.308867823018573517e+01 8.043609467098950461e+01
5.313859232798930066e+01 8.034944296029513566e+01
5.318884910159573565e+01 8.026298954606248515e+01
5.323944776323415340e+01 8.017673578344189877e+01
5.329038751977460464e+01 8.009068302445413678e+01
5.334166757274054049e+01 8.000483261796924239e+01
5.339328711832123275e+01 7.991918590968545288e+01
5.344524534738448551e+01 7.983374424210799702e+01
5.349754144548923307e+01 7.974850895452811983e+01
5.355017459289837944e+01 7.966348138300206472e+01
5.360314396459155262e+01 7.957866286033019776e+01
5.365644873027813588e+01 7.949405471603601825e+01
5.371008805441022815e+01 7.940965827634533980e+01
5.376406109619573215e+01 7.932547486416558513e+01
5.381836700961158471e+01 7.924150579906493874e+01
5.387300494341695867e+01 7.915775239725172696e+01
5.392797404116666371e+01 7.907421597155374116e+01
5.398327344122450455e+01 7.899089783139777410e+01
5.403890227677685942e+01 7.890779928278892896e+01
5.409485967584620170e+01 7.882492162829024096e+01
5.415114476130482046e+01 7.874226616700229897e+01
5.420775665088854112e+01 7.865983419454276770e+01
5.426469445721053830e+01 7.857762700302617986e+01
5.432195728777531940e+01 7.849564588104362883e+01
5.437954424499261563e+01 7.841389211364260348e+01
5.443745442619150765e+01 7.833236698230680872e+01
5.449568692363457956e+01 7.825107176493611405e+01
5.455424082453214396e+01 7.817000773582645934e+01
5.461311521105649547e+01 7.808917616565003073e+01
5.467230916035639154e+01 7.800857832143515225e+01
5.473182174457146232e+01 7.792821546654649012e+01
5.479165203084670566e+01 7.784808886066537070e+01
5.485179908134723803e+01 7.776819975976985688e+01
5.491226195327288906e+01 7.768854941611517972e+01
5.497303969887302344e+01 7.760913907821401381e+01
5.503413136546134865e+01 7.752996999081706520e+01
5.509553599543094293e+01 7.745104339489336098e+01
5.515725262626918379e+01 7.737236052761090832e+01
5.521928029057283283e+01 7.729392262231735344e+01
5.528161801606326975e+01 7.721573090852052701e+01
5.534426482560166960e+01 7.713778661186923102e+01
5.540721973720435756e+01 7.706009095413401155e+01
5.547048176405814246e+01 7.698264515318807355e+01
5.553404991453588480e+01 7.690545042298809619e+01
5.559792319221190837e+01 7.682850797355524719e+01
5.566210059587777437e+01 7.675181901095619708e+01
5.572658111955784932e+01 7.667538473728428983e+01
5.579136375252509339e+01 7.659920635064058558e+01
5.585644747931699072e+01 7.652328504511515916e+01
5.592183127975135903e+01 7.644762201076832753e+01
5.598751412894237944e+01 7.637221843361210460e+01
5.605349499731670448e+01 7.629707549559145718e+01
5.611977285062955900e+01 7.622219437456584501e+01
5.618634664998089079e+01 7.614757624429086036e+01
5.625321535183179833e+01 7.607322227439966866e+01
5.632037790802075961e+01 7.599913363038470493e+01
5.638783326578011668e+01 7.592531147357956911e+01
5.645558036775257449e+01 7.585175696114056620e+01
5.652361815200778494e+01 7.577847124602875795e+01
5.659194555205895938e+01 7.570545547699180133e+01
5.666056149687959476e+01 7.563271079854604295e+01
5.672946491092029220e+01 7.556023835095840013e+01
5.679865471412561817e+01 7.548803927022866844e+01
5.686812982195095145e+01 7.541611468807163021e+01
5.693788914537958590e+01 7.534446573189929097e+01
5.700793159093976215e+01 7.527309352480327220e+01
5.707825606072179880e+01 7.520199918553716145e+01
5.714886145239528048e+01 7.513118382849900456e+01
5.721974665922638792e+01 7.506064856371379790e+01
5.729091057009522103e+01 7.499039449681615110e+01
5.736235206951322851e+01 7.492042272903289302e+01
5.743407003764065166e+01 7.485073435716581969e+01
5.750606335030412453e+01 7.478133047357458452e+01
5.757833087901427405e+01 7.471221216615941785e+01
5.765087149098341968e+01 7.464338051834425869e+01
5.772368404914330142e+01 7.457483660905963063e+01
5.779676741216295000e+01 7.450658151272577356e+01
5.787012043446655696e+01 7.443861629923580381e+01
5.794374196625139462e+01 7.437094203393900216e+01
5.801763085350587801e+01 7.430355977762400244e+01
5.809178593802768376e+01 7.423647058650222164e+01
5.816620605744179784e+01 7.416967551219136112e+01
5.824089004521889024e+01 7.410317560169880835e+01
5.831583673069344798e+01 7.403697189740528017e+01
5.839104493908224924e+01 7.397106543704850878e+01
5.846651349150265276e+01 7.390545725370699870e+01
5.854224120499120687e+01 7.384014837578365587e+01
5.861822689252208107e+01 7.377513982698994255e+01
5.869446936302580298e+01 7.371043262632957749e+01
5.877096742140771823e+01 7.364602778808274763e+01
5.884771986856699755e+01 7.358192632179006409e+01
5.892472550141518184e+01 7.351812923223687335e+01
5.900198311289520348e+01 7.345463751943739794e+01
5.907949149200019434e+01 7.339145217861911874e+01
5.915724942379260654e+01 7.332857420020715722e+01
5.923525568942311281e+01 7.326600456980877141e+01
5.931350906614977703e+01 7.320374426819785185e+01
5.939200832735721747e+01 7.314179427129961653e+01
5.947075224257589809e+01 7.308015555017526310e+01
5.954973957750122082e+01 7.301882907100680598e+01
5.962896909401312939e+01 7.295781579508182801e+01
5.970843955019530824e+01 7.289711667877854495e+01
5.978814970035482190e+01 7.283673267355065661e+01
5.986809829504141334e+01 7.277666472591263869e+01
5.994828408106735651e+01 7.271691377742467921e+01
6.002870580152691105e+01 7.265748076467811245e+01
6.010936219581608952e+01 7.259836661928061119e+01
6.019025199965240347e+01 7.253957226784163481e+01
6.027137394509470170e+01 7.248109863195790581e+01
6.035272676056304419e+01 7.242294662819895734e+01
6.043430917085860443e+01 7.236511716809273764e+01
6.051611989718367113e+01 7.230761115811139916e+01
6.059815765716167846e+01 7.225042949965700245e+01
6.068042116485742099e+01 7.219357308904741899e+01
6.076290913079696310e+01 7.213704281750234770e+01
6.084562026198815943e+01 7.208083957112918938e+01
6.092855326194065668e+01 7.202496423090930477e+01
6.101170683068637857e+01 7.196941767268417323e+01
6.109507966479982599e+01 7.191420076714160814e+01
6.117867045741857623e+01 7.185931437980212877e+01
6.126247789826366841e+01 7.180475937100547412e+01
6.134650067366023052e+01 7.175053659589696053e+01
6.143073746655800704e+01 7.169664690441426558e+01
6.151518695655212809e+01 7.164309114127391354e+01
6.159984781990355884e+01 7.158987014595820142e+01
6.168471872956016000e+01 7.153698475270194024e+01
6.176979835517722250e+01 7.148443579047940943e+01
6.185508536313852090e+01 7.143222408299132553e+01
6.194057841657701857e+01 7.138035044865202394e+01
6.202627617539604188e+01 7.132881570057652709e+01
6.211217729629011330e+01 7.127762064656786833e+01
6.219828043276609719e+01 7.122676608910437324e+01
6.228458423516423892e+01 7.117625282532715403e+01
6.237108735067943144e+01 7.112608164702753299e+01
6.245778842338231129e+01 7.107625334063467903e+01
6.254468609424053227e+01 7.102676868720328685e+01
6.263177900114011720e+01 7.097762846240132717e+01
6.271906577890676004e+01 7.092883343649783967e+01
6.280654505932730558e+01 7.088038437435091055e+01
6.289421547117100175e+01 7.083228203539572121e+01
6.298207564021127780e+01 7.078452717363252589e+01
6.307012418924705344e+01 7.073712053761494190e+01
6.315835973812441040e+01 7.069006287043816883e+01
6.324678090375822137e+01 7.064335490972734988e+01
6.333538630015387128e+01 7.059699738762598997e+01
6.342417453842890041e+01 7.055099103078451606e+01
6.351314422683483940e+01 7.050533656034887997e+01
6.360229397077896607e+01 7.046003469194920399e+01
6.369162237284628958e+01 7.041508613568862529e+01
6.378112803282123622e+01 7.037049159613215465e+01
6.387080954770986096e+01 7.032625177229559199e+01
6.396066551176160431e+01 7.028236735763461240e+01
6.405069451649153223e+01 7.023883904003386647e+01
6.414089515070217828e+01 7.019566750179626524e+01
6.423126600050592572e+01 7.015285341963213739e+01
6.432180564934697031e+01 7.011039746464878419e+01
6.441251267802363145e+01 7.006830030233989248e+01
6.450338566471050683e+01 7.002656259257508964e+01
6.459442318498091140e+01 6.998518498958959810e+01
6.468562381182901788e+01 6.994416814197401777e+01
6.477698611569236675e+01 6.990351269266410839e+01
6.486850866447420572e+01 6.986321927893078509e+01
6.496019002356592864e+01 6.982328853237004296e+01
6.505202875586969924e+01 6.978372107889312304e+01
6.514402342182071948e+01 6.974451753871667847e+01
6.523617257941005221e+01 6.970567852635302586e+01
6.532847478420707432e+01 6.966720465060055290e+01
6.542092858938217148e+01 6.962909651453416870e+01
6.551353254572937601e+01 6.959135471549583940e+01
6.560628520168917532e+01 6.955397984508519471e+01
6.569918510337113560e+01 6.951697248915034777e+01
6.579223079457680967e+01 6.948033322777860121e+01
6.588542081682246021e+01 6.944406263528743750e+01
6.597875370936203865e+01 6.940816128021545239e+01
6.607222800920995098e+01 6.937262972531348737e+01
6.616584225116409357e+01 6.933746852753583312e+01
6.625959496782874680e+01 6.930267823803140459e+01
6.635348468963769619e+01 6.926825940213518606e+01
6.644750994487702656e+01 6.923421255935967622e+01
6.654166925970854152e+01 6.920053824338636161e+01
6.663596115819251509e+01 6.916723698205744597e+01
6.673038416231104009e+01 6.913430929736750841e+01
6.682493679199114922e+01 6.910175570545537482e+01
6.691961756512800719e+01 6.906957671659594666e+01
6.701442499760811700e+01 6.903777283519228547e+01
6.710935760333261157e+01 6.900634455976768322e+01
6.720441389424055956e+01 6.897529238295780374e+01
6.729959238033224267e+01 6.894461679150303723e+01
6.739489156969263206e+01 6.891431826624078383e+01
6.749030996851450936e+01 6.888439728209800705e+01
6.758584608112224146e+01 6.885485430808370211e+01
6.768149840999495837e+01 6.882568980728160568e+01
6.777726545579010065e+01 6.879690423684292000e+01
6.787314571736692415e+01 6.876849804797916477e+01
6.796913769181010423e+01 6.874047168595502910e+01
6.806523987445316948e+01 6.871282559008149349e+01
6.816145075890213434e+01 6.868556019370886645e+01
6.825776883705913178e+01 6.865867592422006283e+01
6.835419259914608858e+01 6.863217320302382518e+01
6.845072053372830112e+01 6.860605244554815840e+01
6.854735112773815331e+01 6.858031406123386375e+01
6.864408286649886293e+01 6.855495845352801609e+01
6.874091423374829901e+01 6.852998601987771110e+01
6.883784371166248661e+01 6.850539715172386934e+01
6.893486978087973682e+01 6.848119223449498350e+01
6.903199092052422259e+01 6.845737164760119242e+01
6.912920560822990979e+01 6.843393576442828419e+01
6.922651232016438883e+01 6.841088495233182698e+01
6.932390953105281994e+01 6.838821957263144213e+01
6.942139571420176480e+01 6.836593998060513400e+01
6.951896934152316021e+01 6.834404652548371928e+01
6.961662888355826340e+01 6.832253955044531324e+01
6.971437280950161153e+01 6.830141939261005746e+01
6.981219958722509489e+01 6.828068638303467708e+01
6.991010768330178848e+01 6.826034084670746438e+01
7.000809556303022418e+01 6.824038310254303497e+01
7.010616169045829338e+01 6.822081346337743923e+01
7.020430452840732016e+01 6.820163223596318858e+01
7.030252253849624822e+01 6.818283972096446632e+01
7.040081418116569978e+01 6.816443621295243815e+01
7.049917791570209147e+01 6.814642200040060516e+01
7.059761220026182116e+01 6.812879736568029898e+01
7.069611549189536959e+01 6.811156258505624805e+01
7.079468624657164355e+01 6.809471792868225748e+01
7.089332291920199225e+01 6.807826366059694578e+01
7.099202396366450785e+01 6.806220003871962376e+01
7.109078783282825498e+01 6.804652731484631545e+01
7.118961297857762816e+01 6.803124573464566538e+01
7.128849785183632548e+01 6.801635553765521536e+01
7.138744090259201869e+01 6.800185695727761015e+01
7.148644057992032685e+01 6.798775022077694530e+01
7.158549533200928749e+01 6.797403554927514335e+01
7.168460360618362870e+01 6.796071315774860011e+01
7.178376384892919759e+01 6.794778325502471716e+01
7.188297450591714721e+01 6.793524604377867604e+01
7.198223402202843602e+01 6.792310172053026918e+01
7.208154084137814266e+01 6.791135047564075933e+01
7.218089340733986603e+01 6.789999249330998055e+01
7.228029016257019634e+01 6.788902795157339654e+01
7.237972954903294465e+01 6.787845702229930112e+01
7.247921000802378444e+01 6.786827987118614658e+01
7.257872998019450961e+01 6.785849665775998574e+01
7.267828790557764762e+01 6.784910753537187134e+01
7.277788222361064641e+01 6.784011265119556811e+01
7.287751137316068650e+01 6.783151214622515113e+01
7.297717379254882530e+01 6.782330615527281736e+01
7.307686791957470973e+01 6.781549480696685350e+01
7.317659219154087680e+01 6.780807822374947591e+01
7.327634504527748049e+01 6.780105652187506848e+01
7.337612491716653551e+01 6.779442981140820734e+01
7.347593024316661570e+01 6.778819819622205500e+01
7.357575945883722568e+01 6.778236177399669771e+01
7.367561099936355618e+01 6.777692063621755381e+01
7.377548329958065665e+01 6.777187486817403794e+01
7.387537479399834695e+01 6.776722454895813996e+01
7.397528391682547522e+01 6.776296975146325963e+01
7.407520910199460218e+01 6.775911054238299869e+01
7.417514878318647220e+01 6.775564698221013771e+01
7.427510139385469756e+01 6.775257912523571235e+01
7.437506536725013007e+01 6.774990701954813233e+01
7.447503913644554530e+01 6.774763070703244239e+01
7.457502113436018476e+01 6.774575022336964025e+01
7.467500979378425541e+01 6.774426559803617920e+01
7.477500354740364230e+01 6.774317685430344227e+01
7.487500082782428024e+01 6.774248400923735858e+01
7.497500006759685220e+01 6.774218707369827541e+01
7.507499969924134575e+01 6.774228605234060296e+01
7.517499815527162355e+01 6.774278094361284275e+01
7.527499386821989447e+01 6.774367173975764445e+01
7.537498527066146892e+01 6.774495842681184854e+01
7.547497079523915886e+01 6.774664098460672790e+01
7.557494887468791944e+01 6.774871938676832883e+01
7.567491794185940535e+01 6.775119360071785479e+01
7.577487642974658399e+01 6.775406358767222059e+01
7.587482277150817822e+01 6.775732930264459242e+01
7.597475540049337894e+01 6.776099069444515521e+01
7.607467275026621678e+01 6.776504770568190850e+01
7.617457325463038842e+01 6.776950027276150479e+01
7.627445534765342927e+01 6.777434832589031544e+01
7.637431746369166774e+01 6.777959178907552484e+01
7.647415803741442630e+01 6.778523058012623892e+01
7.657397550382884788e+01 6.779126461065487774e+01
7.667376829830408269e+01 6.779769378607848296e+01
7.677353485659618570e+01 6.780451800562026676e+01
7.687327361487240296e+01 6.781173716231114668e+01
7.697298300973572793e+01 6.781935114299139400e+01
7.707266147824942948e+01 6.782735982831249544e+01
7.717230745796152291e+01 6.783576309273894367e+01
7.727191938692935480e+01 6.784456080455025528e+01
7.737149570374396035e+01 6.785375282584300294e+01
7.747103484755459135e+01 6.786333901253300382e+01
7.757053525809317307e+01 6.787331921435752236e+01
7.766999537569884637e+01 6.788369327487774285e+01
7.776941364134221146e+01 6.789446103148107170e+01
7.786878849665004054e+01 6.790562231538380900e+01
7.796811838392945049e+01 6.791717695163372071e+01
7.806740174619247341e+01 6.792912475911280978e+01
7.816663702718039985e+01 6.794146555054017256e+01
7.826582267138822147e+01 6.795419913247488353e+01
7.836495712408894576e+01 6.796732530531909333e+01
7.846403883135802459e+01 6.798084386332106988e+01
7.856306624009765471e+01 6.799475459457853788e+01
7.866203779806126306e+01 6.800905728104189052e+01
7.876095195387756576e+01 6.802375169851765691e+01
7.885980715707520972e+01 6.803883761667205476e+01
7.895860185810681742e+01 6.805431479903451475e+01
7.905733450837345799e+01 6.807018300300147473e+01
7.915600356024873463e+01 6.808644197984008883e+01
7.925460746710326987e+01 6.810309147469220648e+01
7.935314468332875038e+01 6.812013122657835140e+01
7.945161366436225592e+01 6.813756096840180021e+01
7.955001286671044625e+01 6.815538042695271770e+01
7.964834074797374797e+01 6.817358932291254803e+01
7.974659576687056983e+01 6.819218737085832061e+01
7.984477638326140436e+01 6.821117427926714072e+01
7.994288105817300050e+01 6.823054975052070859e+01
8.004090825382246521e+01 6.825031348091012262e+01
8.013885643364147882e+01 6.827046516064046955e+01
8.023672406230012655e+01 6.829100447383581241e+01
8.033450960573129862e+01 6.831193109854407908e+01
8.043221153115445077e+01 6.833324470674207873e+01
8.052982830709976270e+01 6.835494496434075984e+01
8.062735840343215443e+01 6.837703153119031185e+01
8.072480029137524582e+01 6.839950406108559378e+01
8.082215244353528760e+01 6.842236220177149164e+01
8.091941333392514935e+01 6.844560559494850338e+01
8.101658143798816525e+01 6.846923387627832369e+01
8.111365523262222155e+01 6.849324667538954259e+01
8.121063319620336074e+01 6.851764361588345764e+01
8.130751380860982636e+01 6.854242431534001412e+01
8.140429555124580929e+01 6.856758838532373090e+01
8.150097690706537890e+01 6.859313543138985381e+01
8.159755636059595929e+01 6.861906505309046622e+01
8.169403239796248783e+01 6.864537684398086981e+01
8.179040350691083461e+01 6.867207039162585147e+01
8.188666817683163401e+01 6.869914527760619194e+01
8.198282489878394586e+01 6.872660107752525960e+01
8.207887216551887377e+01 6.875443736101559011e+01
8.217480847150329737e+01 6.878265369174567923e+01
8.227063231294334855e+01 6.881124962742683238e+01
8.236634218780802996e+01 6.884022471982004276e+01
8.246193659585274816e+01 6.886957851474309678e+01
8.255741403864293204e+01 6.889931055207760835e+01
8.265277301957726763e+01 6.892942036577629494e+01
8.274801204391147280e+01 6.895990748387025349e+01
8.284312961878153203e+01 6.899077142847636424e+01
8.293812425322708748e+01 6.902201171580479411e+01
8.303299445821491531e+01 6.905362785616654264e+01
8.312773874666220308e+01 6.908561935398115850e+01
8.322235563345988396e+01 6.911798570778449857e+01
8.331684363549587147e+01 6.915072641023658662e+01
8.341120127167833687e+01 6.918384094812952867e+01
8.350542706295895812e+01 6.921732880239564167e+01
8.359951953235605515e+01 6.925118944811548261e+01
8.369347720497775356e+01 6.928542235452617604e+01
8.378729860804507723e+01 6.932002698502965643e+01
8.388098227091516890e+01 6.935500279720115202e+01
8.397452672510408433e+01 6.939034924279761185e+01
8.406793050431009817e+01 6.942606576776636018e+01
8.416119214443648389e+01 6.946215181225373669e+01
8.425431018361454960e+01 6.949860681061390721e+01
8.434728316222654598e+01 6.953543019141771708e+01
8.444010962292848888e+01 6.957262137746162978e+01
8.453278811067315246e+01 6.961017978577682186e+01
8.462531717273269294e+01 6.964810482763824950e+01
8.471769535872151380e+01 6.968639590857395660e+01
8.480992122061896055e+01 6.972505242837431183e+01
8.490199331279217176e+01 6.976407378110151569e+01
8.499391019201843278e+01 6.980345935509897970e+01
8.508567041750812621e+01 6.984320853300103238e+01
8.517727255092708560e+01 6.988332069174248318e+01
8.526871515641930444e+01 6.992379520256852743e+01
8.535999680062923289e+01 6.996463143104440974e+01
8.545111605272452948e+01 7.000582873706559894e+01
8.554207148441824415e+01 7.004738647486760783e+01
8.563286166999129989e+01 7.008930399303625336e+01
8.572348518631483216e+01 7.013158063451780322e+01
8.581394061287259944e+01 7.017421573662934975e+01
8.590422653178305268e+01 7.021720863106907018e+01
8.599434152782166052e+01 7.026055864392682793e+01
8.608428418844314933e+01 7.030426509569466020e+01
8.617405310380360106e+01 7.034832730127746458e+01
8.626364686678242322e+01 7.039274457000369978e+01
8.635306407300467413e+01 7.043751620563628535e+01
8.644230332086281976e+01 7.048264150638343040e+01
8.653136321153886001e+01 7.052811976490967538e+01
8.662024234902617081e+01 7.057395026834700502e+01
8.670893934015144566e+01 7.062013229830594696e+01
8.679745279459650931e+01 7.066666513088692625e+01
8.688578132492008876e+01 7.071354803669153455e+01
8.697392354657961278e+01 7.076078028083401250e+01
8.706187807795279809e+01 7.080836112295271789e+01
8.714964354035956262e+01 7.085628981722182118e+01
8.723721855808324221e+01 7.090456561236285893e+01
8.732460175839258909e+01 7.095318775165667091e+01
8.741179177156290336e+01 7.100215547295512408e+01
8.749878723089784671e+01 7.105146800869316337e+01
8.758558677275053128e+01 7.110112458590072038e+01
8.767218903654516282e+01 7.115112442621499156e+01
8.775859266479824328e+01 7.120146674589248903e+01
8.784479630313987286e+01 7.125215075582141822e+01
8.793079860033492423e+01 7.130317566153398445e+01
8.801659820830438719e+01 7.135454066321895539e+01
8.810219378214628705e+01 7.140624495573402442e+01
8.818758398015690148e+01 7.145828772861860045e+01
8.827276746385174988e+01 7.151066816610639876e+01
8.835774289798666814e+01 7.156338544713830174e+01
8.844250895057845696e+01 7.161643874537516297e+01
8.852706429292616974e+01 7.166982722921081006e+01
8.861140759963160463e+01 7.172355006178507608e+01
8.869553754862022288e+01 7.177760640099688771e+01
8.877945282116183989e+01 7.183199539951746715e+01
8.886315210189134461e+01 7.188671620480366187e+01
8.894663407882926265e+01 7.194176795911126021e+01
8.902989744340233358e+01 7.199714979950846327e+01
8.911294089046401723e+01 7.205286085788937100e+01
8.919576311831498572e+01 7.210890026098762462e+01
8.927836282872351603e+01 7.216526713039013430e+01
8.936073872694574050e+01 7.222196058255073581e+01
8.944288952174615304e+01 7.227897972880413135e+01
8.952481392541764649e+01 7.233632367537981622e+01
8.960651065380183411e+01 7.239399152341607646e+01
8.968797842630901584e+01 7.245198236897400079e+01
8.976921596593848562e+01 7.251029530305177673e+01
8.985022199929834130e+01 7.256892941159885879e+01
8.993099525662553617e+01 7.262788377553032149e+01
9.001153447180574574e+01 7.268715747074125488e+01
9.009183838239331976e+01 7.274674956812130233e+01
9.017190572963089323e+01 7.280665913356911290e+01
9.025173525846928158e+01 7.286688522800707801e+01
9.033132571758702056e+01 7.292742690739601130e+01
9.041067585941011941e+01 7.298828322274999891e+01
9.048978444013145861e+01 7.304945322015117881e+01
9.056865021973045771e+01 7.311093594076479008e+01
9.064727196199234527e+01 7.317273042085413692e+01
9.072564843452767036e+01 7.323483569179572328e+01
9.080377840879151563e+01 7.329725078009442996e+01
9.088166066010288091e+01 7.335997470739879134e+01
9.095929396766372577e+01 7.342300649051630046e+01
9.103667711457821099e+01 7.348634514142882779e+01
9.111380888787175536e+01 7.354998966730813947e+01
9.119068807851000713e+01 7.361393907053140140e+01
9.126731348141790079e+01 7.367819234869691059e+01
9.134368389549835854e+01 7.374274849463968451e+01
9.141979812365136127e+01 7.380760649644733462e+01
9.149565497279245108e+01 7.387276533747592566e+01
9.157125325387171699e+01 7.393822399636590603e+01
9.164659178189211275e+01 7.400398144705799552e+01
9.172166937592834302e+01 7.407003665880952781e+01
9.179648485914515277e+01 7.413638859621036659e+01
9.187103705881587246e+01 7.420303621919921966e+01
9.194532480634077842e+01 7.426997848307998140e+01
9.201934693726542491e+01 7.433721433853807525e+01
9.209310229129889080e+01 7.440474273165688146e+01
9.216658971233192688e+01 7.447256260393427851e+01
9.223980804845511727e+01 7.454067289229921300e+01
9.231275615197698414e+01 7.460907252912844001e+01
9.238543287944187909e+01 7.467776044226317822e+01
9.245783709164793152e+01 7.474673555502587874e+01
9.252996765366498266e+01 7.481599678623723548e+01
9.260182343485226397e+01 7.488554305023303925e+01
9.267340330887618904e+01 7.495537325688118813e+01
9.274470615372804616e+01 7.502548631159883996e+01
9.281573085174146343e+01 7.509588111536950805e+01
9.288647628961003022e+01 7.516655656476032732e+01
9.295694135840470551e+01 7.523751155193932050e+01
9.302712495359119771e+01 7.530874496469274959e+01
9.309702597504738719e+01 7.538025568644269470e+01
9.316664332708029406e+01 7.545204259626424914e+01
9.323597591844360011e+01 7.552410456890348200e+01
9.330502266235448872e+01 7.559644047479473272e+01
9.337378247651088259e+01 7.566904918007854519e+01
9.344225428310816994e+01 7.574192954661926080e+01
9.351043700885632859e+01 7.581508043202305203e+01
9.357832958499662368e+01 7.588850068965568596e+01
9.364593094731840495e+01 7.596218916866052950e+01
9.371324003617574760e+01 7.603614471397661134e+01
9.378025579650415011e+01 7.611036616635674079e+01
9.384697717783693349e+01 7.618485236238561242e+01
9.391340313432185383e+01 7.625960213449813807e+01
9.397953262473734526e+01 7.633461431099762251e+01
9.404536461250904722e+01 7.640988771607428021e+01
9.411089806572582006e+01 7.648542116982355310e+01
9.417613195715607333e+01 7.656121348826464157e+01
9.424106526426382402e+01 7.663726348335904959e+01
9.430569696922469802e+01 7.671356996302924358e+01
9.437002605894193152e+01 7.679013173117729707e+01
9.443405152506227296e+01 7.686694758770369162e+01
9.449777236399165758e+01 7.694401632852604678e+01
9.456118757691108101e+01 7.702133674559807730e+01
9.462429616979220270e+01 7.709890762692846522e+01
9.468709715341290689e+01 7.717672775659988815e+01
9.474958954337284922e+01 7.725479591478813290e+01
9.481177236010884712e+01 7.733311087778106696e+01
9.487364462891025596e+01 7.741167141799797946e+01
9.493520537993425989e+01 7.749047630400872322e+01
9.499645364822106330e+01 7.756952430055309833e+01
9.505738847370895428e+01 7.764881416856007945e+01
9.511800890124951025e+01 7.772834466516741259e+01
9.517831398062236303e+01 7.780811454374095604e+01
9.523830276655030502e+01 7.788812255389433403e+01
9.529797431871391211e+01 7.796836744150837717e+01
9.535732770176645090e+01 7.804884794875098919e+01
9.541636198534838798e+01 7.812956281409670112e+01
9.547507624410212657e+01 7.821051077234648119e+01
9.553346955768635951e+01 7.829169055464760163e+01
9.559154101079062116e+01 7.837310088851356227e+01
9.564928969314956930e+01 7.845474049784392889e+01
9.570671469955726707e+01 7.853660810294438477e+01
9.576381512988135114e+01 7.861870242054683899e+01
9.582059008907718578e+01 7.870102216382947802e+01
9.587703868720186051e+01 7.878356604243694505e+01
9.593316003942814518e+01 7.886633276250063318e+01
9.598895326605840239e+01 7.894932102665885054e+01
9.604441749253825833e+01 7.903252953407725556e+01
9.609955184947047258e+01 7.911595698046919267e+01
9.615435547262839577e+01 7.919960205811617016e+01
9.620882750296972574e+01 7.928346345588836641e+01
9.626296708664969515e+01 7.936753985926507937e+01
9.631677337503475655e+01 7.945182995035550277e+01
9.637024552471564220e+01 7.953633240791923242e+01
9.642338269752075064e+01 7.962104590738709931e+01
9.647618406052913542e+01 7.970596912088176111e+01
9.652864878608372123e+01 7.979110071723876274e+01
9.658077605180416469e+01 7.987643936202712780e+01
9.663256504059977203e+01 7.996198371757056123e+01
9.668401494068230306e+01 8.004773244296808343e+01
9.673512494557874675e+01 8.013368419411543186e+01
9.678589425414389780e+01 8.021983762372578042e+01
9.683632207057290486e+01 8.030619138135108415e+01
9.688640760441383293e+01 8.039274411340313975e+01
9.693615007057998412e+01 8.047949446317487343e+01
9.698554868936219009e+01 8.056644107086152928e+01
9.703460268644110442e+01 8.065358257358204241e+01
9.708331129289928185e+01 8.074091760540039786e+01
9.713167374523321485e+01 8.082844479734698950e+01
9.717968928536537021e+01 8.091616277744013530e+01
9.722735716065605516e+01 8.100407017070760674e+01
9.727467662391512704e+01 8.109216559920807299e+01
9.732164693341384520e+01 8.118044768205280093e+01
9.736826735289638179e+01 8.126891503542725559e+01
9.741453715159141780e+01 8.135756627261278595e+01
9.746045560422359699e+01 8.144640000400846702e+01
9.750602199102485201e+01 8.153541483715261506e+01
9.755123559774578723e+01 8.162460937674498496e+01
9.759609571566672059e+01 8.171398222466829964e+01
9.764060164160895283e+01 8.180353198001044746e+01
9.768475267794565298e+01 8.189325723908613952e+01
9.772854813261290019e+01 8.198315659545923495e+01
9.777198731912046981e+01 8.207322863996452611e+01
9.781506955656263358e+01 8.216347196073006387e+01
9.785779416962876098e+01 8.225388514319895705e+01
9.790016048861400577e+01 8.234446677015193927e+01
9.794216784942975096e+01 8.243521542172926786e+01
9.798381559361396853e+01 8.252612967545317701e+01
9.802510306834162179e+01 8.261720810625003253e+01
9.806602962643489718e+01 8.270844928647281336e+01
9.810659462637330819e+01 8.279985178592335160e+01
9.814679743230371400e+01 8.289141417187484251e+01
9.818663741405040923e+01 8.298313500909426921e+01
9.822611394712485833e+01 8.307501285986489847e+01
9.826522641273558634e+01 8.316704628400880495e+01
9.830397419779788493e+01 8.325923383890953744e+01
9.834235669494333365e+01 8.335157407953457209e+01
9.838037330252936385e+01 8.344406555845807816e+01
9.841802342464873732e+01 8.353670682588359853e+01
9.845530647113879752e+01 8.362949642966668762e+01
9.849222185759083459e+01 8.372243291533784770e+01
9.852876900535910920e+01 8.381551482612513837e+01
9.856494734157004700e+01 8.390874070297709864e+01
9.860075629913113460e+01 8.400210908458559800e+01
9.863619531673987240e+01 8.409561850740887223e+01
9.867126383889245744e+01 8.418926750569414708e+01
9.870596131589269362e+01 8.428305461150101507e+01
9.874028720386039026e+01 8.437697835472408769e+01
9.877424096474005921e+01 8.447103726311631533e+01
9.880782206630918552e+01 8.456522986231183836e+01
9.884102998218675395e+01 8.465955467584930716e+01
9.887386419184133501e+01 8.475401022519484684e+01
9.890632418059934139e+01 8.484859502976533463e+01
9.893840943965305712e+01 8.494330760695157778e+01
9.897011946606865251e+01 8.503814647214160516e+01
9.900145376279402853e+01 8.513311013874380251e+01
9.903241183866657593e+01 8.522819711821038879e+01
9.906299320842097700e+01 8.532340592006059410e+01
9.909319739269672311e+01 8.541873505190415017e+01
9.912302391804564650e+01 8.551418301946456779e+01
9.915247231693938090e+01 8.560974832660269840e+01
9.918154212777665180e+01 8.570542947534002565e+01
9.921023289489049546e+01 8.580122496588225545e+01
9.923854416855547811e+01 8.589713329664280650e+01
9.926647550499463080e+01 8.599315296426630084e+01
9.929402646638655483e+01 8.608928246365222492e+01
9.932119662087211509e+01 8.618552028797842013e+01
9.934798554256134651e+01 8.628186492872474389e+01
9.937439281154004789e+01 8.637831487569668809e+01
9.940041801387641840e+01 8.647486861704916805e+01
9.942606074162750929e+01 8.657152463931001307e+01
9.945132059284563297e+01 8.666828142740391172e+01
9.947619717158463004e+01 8.676513746467597343e+01
9.950069008790617886e+01 8.686209123291567380e+01
9.952479895788576414e+01 8.695914121238044459e+01
9.954852340361878760e+01 8.705628588181973271e+01
9.957186305322649389e+01 8.715352371849866131e+01
9.959481754086174021e+01 8.725085319822197505e+01
9.961738650671478013e+01 8.734827279535791433e+01
9.963956959701891947e+01 8.744578098286217482e+01
9.966136646405598754e+01 8.754337623230178167e+01
9.968277676616186511e+01 8.764105701387903480e+01
9.970380016773175669e+01 8.773882179645555368e+01
9.972443633922557638e+01 8.783666904757630789e+01
9.974468495717297856e+01 8.793459723349347712e+01
9.976454570417851642e+01 8.803260481919066649e+01
9.978401826892658733e+01 8.813069026840685183e+01
9.980310234618630716e+01 8.822885204366052392e+01
9.982179763681628515e+01 8.832708860627379011e+01
9.984010384776937030e+01 8.842539841639640485e+01
9.985802069209715626e+01 8.852377993303008452e+01
9.987554788895458557e+01 8.862223161405245264e+01
9.989268516360424144e+01 8.872075191624134050e+01
9.990943224742072459e+01 8.881933929529894556e+01
9.992578887789485975e+01 8.891799220587610364e+01
9.994175479863774569e+01 8.901670910159631944e+01
9.995732975938491904e+01 8.911548843508026607e+01
9.997251351600007752e+01 8.921432865796981559e+01
9.998730583047907317e+01 8.931322822095251013e+01
1.000017064709535930e+02 8.941218557378557819e+01
1.000157152116947259e+02 8.951119916532056209e+01
1.000293318331166006e+02 8.961026744352736273e+01
1.000425561217797963e+02 8.970938885551872488e+01
1.000553878703946111e+02 8.980856184757448091e+01
1.000678268778244586e+02 8.990778486516600765e+01
1.000798729490888803e+02 9.000705635298048435e+01
1.000915258953666864e+02 9.010637475494536375e+01
1.001027855339988832e+02 9.020573851425264422e+01
1.001136516884915437e+02 9.030514607338348299e+01
1.001241241885185786e+02 9.040459587413236875e+01
1.001342028699243656e+02 9.050408635763167808e+01
1.001438875747264206e+02 9.060361596437613230e+01
1.001531781511177712e+02 9.070318313424715484e+01
1.001620744534693586e+02 9.080278630653739924e+01
1.001705763423323674e+02 9.090242391997512073e+01
1.001786836844404007e+02 9.100209441274881783e+01
1.001863963527114976e+02 9.110179622253153298e+01
1.001937142262502221e+02 9.120152778650542302e+01
1.002006371903494824e+02 9.130128754138625879e+01
1.002071651364923781e+02 9.140107392344799564e+01
1.002132979623538773e+02 9.150088536854701715e+01
1.002190355718024364e+02 9.160072031214706101e+01
1.002243778749014922e+02 9.170057718934339164e+01
1.002293247879108691e+02 9.180045443488755552e+01
1.002338762332881004e+02 9.190035048321171018e+01
1.002380321396896505e+02 9.200026376845342213e+01
1.002417924419720237e+02 9.210019272447993899e+01
1.002451570811927866e+02 9.220013578491300166e+01
1.002481260046114784e+02 9.230009138315311645e+01
1.002506991656904773e+02 9.240005795240438147e+01
1.002528765240956830e+02 9.250003392569888661e+01
1.002546580456971839e+02 9.260001773592131258e+01
1.002560437025697695e+02 9.270000781583344462e+01
1.002570334729933705e+02 9.280000259809889940e+01
1.002576273414534285e+02 9.290000051530752501e+01
1.002578252986411087e+02 9.300000000000000000e+01
