3.804141944054925517e+01 3.745831913998463847e+01
3.794214947516785230e+01 3.747038039917157448e+01
3.784287950978644233e+01 3.748244165835851049e+01
3.774360954440503235e+01 3.749450291754544651e+01
3.764433957902362238e+01 3.750656417673238252e+01
3.754506961364221240e+01 3.751862543591931853e+01
3.744579964826080243e+01 3.753068669510625455e+01
3.734652968287939245e+01 3.754274795429319056e+01
3.724725971749798248e+01 3.755480921348012657e+01
3.714798975211657250e+01 3.756687047266706259e+01
3.704871978673516253e+01 3.757893173185399860e+01
3.694944982135375255e+01 3.759099299104093461e+01
3.685017985597234258e+01 3.760305425022787063e+01
3.675090989059093260e+01 3.761511550941480664e+01
3.665163992520952263e+01 3.762717676860174265e+01
3.655236995982811266e+01 3.763923802778867866e+01
3.645309999444670268e+01 3.765129928697561468e+01
3.635383002906529271e+01 3.766336054616255069e+01
3.625456006368388273e+01 3.767542180534948670e+01
3.615529009830247276e+01 3.768748306453642272e+01
3.605602013292106278e+01 3.769954432372335873e+01
3.595675016753965281e+01 3.771160558291029474e+01
3.585748020215824283e+01 3.772366684209723076e+01
3.575821023677683286e+01 3.773572810128416677e+01
3.565894027139542288e+01 3.774778936047110278e+01
3.555967030601401291e+01 3.775985061965803880e+01
3.546040034063260293e+01 3.777191187884497481e+01
3.536113037525119296e+01 3.778397313803191082e+01
3.526186040986978298e+01 3.779603439721884683e+01
3.516259044448837301e+01 3.780809565640578285e+01
3.506332047910696303e+01 3.782015691559271886e+01
3.496405051372555306e+01 3.783221817477965487e+01
3.486478054834414309e+01 3.784427943396659089e+01
3.476551058296273311e+01 3.785634069315352690e+01
3.466624061758132314e+01 3.786840195234046291e+01
3.456697065219991316e+01 3.788046321152739893e+01
3.446770068681850319e+01 3.789252447071433494e+01
3.436843072143709321e+01 3.790458572990127095e+01
3.426916075605568324e+01 3.791664698908820696e+01
3.416989079067427326e+01 3.792870824827514298e+01
3.407062082529286329e+01 3.794076950746207899e+01
3.397135085991145331e+01 3.795283076664901500e+01
3.387208089453004334e+01 3.796489202583595102e+01
3.377281092914863336e+01 3.797695328502288703e+01
3.367354096376722339e+01 3.798901454420982304e+01
3.357427099838581341e+01 3.800107580339675906e+01
3.347500103300440344e+01 3.801313706258369507e+01
3.337573106762299346e+01 3.802519832177063108e+01
3.327646110224158349e+01 3.803725958095756710e+01
3.317719113686017351e+01 3.804932084014450311e+01
3.307792117147876354e+01 3.806138209933143912e+01
3.297865120609735357e+01 3.807344335851837513e+01
3.287938124071594359e+01 3.808550461770531115e+01
3.278011127533453362e+01 3.809756587689224716e+01
3.268084130995312364e+01 3.810962713607918317e+01
3.258157134457171367e+01 3.812168839526611919e+01
3.248230137919030369e+01 3.813374965445305520e+01
3.238303141380889372e+01 3.814581091363999121e+01
3.228376144842748374e+01 3.815787217282692723e+01
3.218449148304607377e+01 3.816993343201386324e+01
3.208522151766466379e+01 3.818199469120079925e+01
3.198595155228325737e+01 3.819405595038773527e+01
3.188668158690185095e+01 3.820611720957467128e+01
3.178741162152044453e+01 3.821817846876160729e+01
3.168814165613903810e+01 3.823023972794854330e+01
3.158887169075763168e+01 3.824230098713547932e+01
3.148960172537622526e+01 3.825436224632241533e+01
3.139033175999481884e+01 3.826642350550935134e+01
3.129106179461341242e+01 3.827848476469628736e+01
3.119179182923200599e+01 3.829054602388322337e+01
3.109252186385059957e+01 3.830260728307015938e+01
3.099325189846919315e+01 3.831466854225709540e+01
3.089398193308778673e+01 3.832672980144403141e+01
3.079471196770638031e+01 3.833879106063096742e+01
3.069544200232497388e+01 3.835085231981790344e+01
3.059617203694356746e+01 3.836291357900483945e+01
3.049690207156216104e+01 3.837497483819177546e+01
3.039763210618075462e+01 3.838703609737871147e+01
3.029836214079934820e+01 3.839909735656564749e+01
3.019909217541794177e+01 3.841115861575258350e+01
3.009982221003653535e+01 3.842321987493951951e+01
3.000055224465512893e+01 3.843528113412645553e+01
2.990128227927372251e+01 3.844734239331339154e+01
2.980201231389231609e+01 3.845940365250032755e+01
2.970274234851090966e+01 3.847146491168726357e+01
2.960347238312950324e+01 3.848352617087419958e+01
2.950420241774809682e+01 3.849558743006113559e+01
2.940493245236669040e+01 3.850764868924807161e+01
2.930566248698528398e+01 3.851970994843500762e+01
2.920639252160387755e+01 3.853177120762194363e+01
2.910712255622247113e+01 3.854383246680887964e+01
2.900785259084106471e+01 3.855589372599581566e+01
2.890858262545965829e+01 3.856795498518275167e+01
2.880931266007825187e+01 3.858001624436968768e+01
2.871004269469684544e+01 3.859207750355662370e+01
2.861077272931543902e+01 3.860413876274355971e+01
2.851150276393403260e+01 3.861620002193049572e+01
2.841223279855262618e+01 3.862826128111743174e+01
2.831296283317121976e+01 3.864032254030436775e+01
2.821369286778981333e+01 3.865238379949130376e+01
2.811442290240840691e+01 3.866444505867823977e+01
2.801515293702700049e+01 3.867650631786517579e+01
2.791588297164559407e+01 3.868856757705211180e+01
2.781661300626418765e+01 3.870062883623904781e+01
2.771734304088278122e+01 3.871269009542598383e+01
2.761807307550137480e+01 3.872475135461291984e+01
2.751880311011996838e+01 3.873681261379985585e+01
2.741953314473856196e+01 3.874887387298679187e+01
2.732026317935715554e+01 3.876093513217372788e+01
2.722099321397574911e+01 3.877299639136066389e+01
2.712172324859434269e+01 3.878505765054759991e+01
2.702245328321293627e+01 3.879711890973453592e+01
2.692318331783152985e+01 3.880918016892147193e+01
2.682391335245012343e+01 3.882124142810840794e+01
2.672464338706871700e+01 3.883330268729534396e+01
2.662537342168731058e+01 3.884536394648227997e+01
2.652610345630590416e+01 3.885742520566921598e+01
2.642683349092449774e+01 3.886948646485615200e+01
2.632756352554309132e+01 3.888154772404308801e+01
2.622829356016168489e+01 3.889360898323002402e+01
2.612902359478027847e+01 3.890567024241696004e+01
2.602975362939887205e+01 3.891773150160389605e+01
2.593048366401746563e+01 3.892979276079083206e+01
2.583121369863605921e+01 3.894185401997776808e+01
2.573194373325465278e+01 3.895391527916470409e+01
2.563267376787324636e+01 3.896597653835164010e+01
2.553340380249183994e+01 3.897803779753857611e+01
2.543413383711043352e+01 3.899009905672551213e+01
2.533486387172902710e+01 3.900216031591244814e+01
2.523559390634762067e+01 3.901422157509938415e+01
2.513632394096621425e+01 3.902628283428632017e+01
2.503705397558480783e+01 3.903834409347325618e+01
2.493778401020340141e+01 3.905040535266019219e+01
2.483851404482199499e+01 3.906246661184712821e+01
2.473924407944058856e+01 3.907452787103406422e+01
2.463997411405918214e+01 3.908658913022100023e+01
2.454070414867777572e+01 3.909865038940793625e+01
2.444143418329636930e+01 3.911071164859487226e+01
2.434216421791496288e+01 3.912277290778180827e+01
2.424289425253355645e+01 3.913483416696874428e+01
2.414362428715215003e+01 3.914689542615568030e+01
2.404435432177074361e+01 3.915895668534261631e+01
2.394508435638933719e+01 3.917101794452955232e+01
2.384581439100793077e+01 3.918307920371648834e+01
2.374654442562652434e+01 3.919514046290342435e+01
2.364727446024511792e+01 3.920720172209036036e+01
2.354800449486371150e+01 3.921926298127729638e+01
2.344873452948230508e+01 3.923132424046423239e+01
2.334946456410089866e+01 3.924338549965116840e+01
2.325019459871949223e+01 3.925544675883810442e+01
2.315092463333808581e+01 3.926750801802504043e+01
2.305165466795667939e+01 3.927956927721197644e+01
2.295238470257527297e+01 3.929163053639891245e+01
2.285311473719386655e+01 3.930369179558584847e+01
2.275384477181246012e+01 3.931575305477278448e+01
2.265457480643105370e+01 3.932781431395972049e+01
2.255530484104964728e+01 3.933987557314665651e+01
2.245603487566824086e+01 3.935193683233359252e+01
2.235676491028683444e+01 3.936399809152052853e+01
2.225749494490542801e+01 3.937605935070746455e+01
2.215822497952402159e+01 3.938812060989440056e+01
2.205895501414261517e+01 3.940018186908133657e+01
2.195968504876120875e+01 3.941224312826827259e+01
2.186041508337980233e+01 3.942430438745520860e+01
2.176114511799839590e+01 3.943636564664214461e+01
2.166187515261698948e+01 3.944842690582908062e+01
2.156260518723558306e+01 3.946048816501601664e+01
2.146333522185417664e+01 3.947254942420295265e+01
2.136406525647277022e+01 3.948461068338988866e+01
2.126479529109136379e+01 3.949667194257682468e+01
2.116552532570995737e+01 3.950873320176376069e+01
2.106625536032855095e+01 3.952079446095069670e+01
2.096698539494714453e+01 3.953285572013763272e+01
2.086771542956573811e+01 3.954491697932456873e+01
2.076844546418433168e+01 3.955697823851150474e+01
2.066917549880292526e+01 3.956903949769844075e+01
2.056990553342151884e+01 3.958110075688537677e+01
2.047063556804011242e+01 3.959316201607231278e+01
2.037136560265870600e+01 3.960522327525924879e+01
2.027209563727729957e+01 3.961728453444618481e+01
2.017282567189589315e+01 3.962934579363312082e+01
2.007355570651448673e+01 3.964140705282005683e+01
1.997428574113308031e+01 3.965346831200699285e+01
1.987501577575167389e+01 3.966552957119392886e+01
1.977574581037026746e+01 3.967759083038086487e+01
1.967647584498886104e+01 3.968965208956780089e+01
1.957720587960745462e+01 3.970171334875473690e+01
1.947793591422604820e+01 3.971377460794167291e+01
1.937866594884464178e+01 3.972583586712860892e+01
1.927939598346323535e+01 3.973789712631554494e+01
1.918012601808182893e+01 3.974995838550248095e+01
1.908085605270042251e+01 3.976201964468941696e+01
1.898158608731901609e+01 3.977408090387635298e+01
1.888231612193760967e+01 3.978614216306328899e+01
1.878304615655620324e+01 3.979820342225022500e+01
1.868377619117479682e+01 3.981026468143716102e+01
1.858450622579339040e+01 3.982232594062409703e+01
1.848523626041198398e+01 3.983438719981103304e+01
1.838596629503057756e+01 3.984644845899796906e+01
1.828669632964917113e+01 3.985850971818490507e+01
1.818742636426776471e+01 3.987057097737184108e+01
1.808815639888635829e+01 3.988263223655877709e+01
1.798888643350495187e+01 3.989469349574571311e+01
1.788961646812354545e+01 3.990675475493264912e+01
1.779034650274213902e+01 3.991881601411958513e+01
1.769107653736073260e+01 3.993087727330652115e+01
1.759180657197932618e+01 3.994293853249345716e+01
1.749253660659791976e+01 3.995499979168039317e+01
1.739326664121651334e+01 3.996706105086732919e+01
1.729399667583510691e+01 3.997912231005426520e+01
1.719472671045370049e+01 3.999118356924120121e+01
1.709545674507229407e+01 4.000324482842813723e+01
1.699618677969088765e+01 4.001530608761507324e+01
1.689691681430948123e+01 4.002736734680200925e+01
1.679764684892807480e+01 4.003942860598894526e+01
1.669837688354666838e+01 4.005148986517588128e+01
1.659910691816526196e+01 4.006355112436281729e+01
1.649983695278385554e+01 4.007561238354975330e+01
1.640056698740244912e+01 4.008767364273668932e+01
1.630129702202104269e+01 4.009973490192362533e+01
1.620202705663963627e+01 4.011179616111056134e+01
1.610275709125822985e+01 4.012385742029749736e+01
1.600348712587682343e+01 4.013591867948443337e+01
1.590421716049541700e+01 4.014797993867136938e+01
1.580494719511401058e+01 4.016004119785830540e+01
1.570567722973260416e+01 4.017210245704524141e+01
1.560640726435119774e+01 4.018416371623217742e+01
1.550713729896979132e+01 4.019622497541911343e+01
1.540786733358838489e+01 4.020828623460604945e+01
1.530859736820697847e+01 4.022034749379298546e+01
1.520932740282557205e+01 4.023240875297992147e+01
1.511005743744416563e+01 4.024447001216685749e+01
1.501078747206275921e+01 4.025653127135379350e+01
1.491151750668135278e+01 4.026859253054072951e+01
1.481224754129994636e+01 4.028065378972766553e+01
1.471297757591853994e+01 4.029271504891460154e+01
1.461370761053713352e+01 4.030477630810153755e+01
1.451443764515572710e+01 4.031683756728847356e+01
1.441516767977432067e+01 4.032889882647540958e+01
1.431589771439291425e+01 4.034096008566234559e+01
1.421662774901150783e+01 4.035302134484928160e+01
1.411735778363010141e+01 4.036508260403621762e+01
1.401808781824869499e+01 4.037714386322315363e+01
1.391881785286728856e+01 4.038920512241008964e+01
1.381954788748588214e+01 4.040126638159702566e+01
1.372027792210447572e+01 4.041332764078396167e+01
1.362100795672306930e+01 4.042538889997089768e+01
1.352173799134166288e+01 4.043745015915783370e+01
1.342246802596025645e+01 4.044951141834476971e+01
1.332319806057885003e+01 4.046157267753170572e+01
1.322392809519744361e+01 4.047363393671864173e+01
1.312465812981603719e+01 4.048569519590557775e+01
1.302538816443463077e+01 4.049775645509251376e+01
1.292611819905322434e+01 4.050981771427944977e+01
1.282684823367181792e+01 4.052187897346638579e+01
1.272757826829041150e+01 4.053394023265332180e+01
1.262830830290900508e+01 4.054600149184025781e+01
1.252903833752759866e+01 4.055806275102719383e+01
1.242976837214619223e+01 4.057012401021412984e+01
1.233049840676478581e+01 4.058218526940106585e+01
1.223122844138337939e+01 4.059424652858800187e+01
1.213195847600197297e+01 4.060630778777493788e+01
1.203268851062056655e+01 4.061836904696187389e+01
1.193341854523916012e+01 4.063043030614880990e+01
1.183414857985775370e+01 4.064249156533574592e+01
1.173487861447634728e+01 4.065455282452268193e+01
1.163560864909494086e+01 4.066661408370961794e+01
1.153633868371353444e+01 4.067867534289655396e+01
1.143706871833212801e+01 4.069073660208348997e+01
1.133779875295072159e+01 4.070279786127042598e+01
1.123852878756931517e+01 4.071485912045736200e+01
1.113925882218790875e+01 4.072692037964429801e+01
1.103998885680650233e+01 4.073898163883123402e+01
1.094071889142509590e+01 4.075104289801817004e+01
1.084144892604368948e+01 4.076310415720510605e+01
1.074217896066228306e+01 4.077516541639204206e+01
1.064290899528087664e+01 4.078722667557897807e+01
1.054363902989947022e+01 4.079928793476591409e+01
1.044436906451806379e+01 4.081134919395285010e+01
1.034509909913665737e+01 4.082341045313978611e+01
1.024582913375525095e+01 4.083547171232672213e+01
1.014655916837384453e+01 4.084753297151365814e+01
1.004728920299243811e+01 4.085959423070059415e+01
9.948019237611031684e+00 4.087165548988753017e+01
9.848749272229625262e+00 4.088371674907446618e+01
9.749479306848218840e+00 4.089577800826140219e+01
9.650209341466812418e+00 4.090783926744833821e+01
9.550939376085405996e+00 4.091990052663527422e+01
9.451669410703999574e+00 4.093196178582221023e+01
9.352399445322593152e+00 4.094402304500914624e+01
9.253129479941186730e+00 4.095608430419608226e+01
9.153859514559780308e+00 4.096814556338301827e+01
9.054589549178373886e+00 4.098020682256995428e+01
8.955319583796967464e+00 4.099226808175689030e+01
8.856049618415561042e+00 4.100432934094382631e+01
8.756779653034154620e+00 4.101639060013076232e+01
8.657509687652748198e+00 4.102845185931769834e+01
8.558239722271341776e+00 4.104051311850463435e+01
8.458969756889935354e+00 4.105257437769157036e+01
8.359699791508528932e+00 4.106463563687850638e+01
8.260429826127122510e+00 4.107669689606544239e+01
8.161159860745716088e+00 4.108875815525237840e+01
8.061889895364309666e+00 4.110081941443931441e+01
7.962619929982903244e+00 4.111288067362625043e+01
7.863349964601496822e+00 4.112494193281318644e+01
7.764079999220090400e+00 4.113700319200012245e+01
7.664810033838683978e+00 4.114906445118705847e+01
7.565540068457277556e+00 4.116112571037399448e+01
7.437718041236612621e+00 4.117665603310643974e+01
7.425656782049680160e+00 4.107738606772502976e+01
7.413595522862747700e+00 4.097811610234361979e+01
7.401534263675815239e+00 4.087884613696220981e+01
7.389473004488882779e+00 4.077957617158079984e+01
7.377411745301950319e+00 4.068030620619938986e+01
7.365350486115017858e+00 4.058103624081797989e+01
7.353289226928085398e+00 4.048176627543656991e+01
7.341227967741152938e+00 4.038249631005515994e+01
7.329166708554220477e+00 4.028322634467374996e+01
7.317105449367288017e+00 4.018395637929233999e+01
7.305044190180355557e+00 4.008468641391093001e+01
7.292982930993423096e+00 3.998541644852952004e+01
7.280921671806490636e+00 3.988614648314811006e+01
7.268860412619558176e+00 3.978687651776670009e+01
7.256799153432625715e+00 3.968760655238529012e+01
7.244737894245693255e+00 3.958833658700388014e+01
7.232676635058760795e+00 3.948906662162247017e+01
7.220615375871828334e+00 3.938979665624106019e+01
7.208554116684895874e+00 3.929052669085965022e+01
7.196492857497963413e+00 3.919125672547824024e+01
7.184431598311030953e+00 3.909198676009683027e+01
7.172370339124098493e+00 3.899271679471542029e+01
7.160309079937166032e+00 3.889344682933401032e+01
7.148247820750233572e+00 3.879417686395260034e+01
7.136186561563301112e+00 3.869490689857119037e+01
7.124125302376368651e+00 3.859563693318978039e+01
7.112064043189436191e+00 3.849636696780837042e+01
7.100002784002503731e+00 3.839709700242696044e+01
7.087941524815571270e+00 3.829782703704555047e+01
7.075880265628638810e+00 3.819855707166414049e+01
7.063819006441706350e+00 3.809928710628273052e+01
7.051757747254773889e+00 3.800001714090132054e+01
7.039696488067841429e+00 3.790074717551991057e+01
7.027635228880908969e+00 3.780147721013850060e+01
7.015573969693976508e+00 3.770220724475709062e+01
7.003512710507044048e+00 3.760293727937568065e+01
6.991451451320111588e+00 3.750366731399427067e+01
6.979390192133179127e+00 3.740439734861286070e+01
6.967328932946246667e+00 3.730512738323145072e+01
6.955267673759314206e+00 3.720585741785004075e+01
6.943206414572381746e+00 3.710658745246863077e+01
6.931145155385449286e+00 3.700731748708722080e+01
6.919083896198516825e+00 3.690804752170581082e+01
6.907022637011584365e+00 3.680877755632440085e+01
6.894961377824651905e+00 3.670950759094299087e+01
6.882900118637719444e+00 3.661023762556158090e+01
6.870838859450786984e+00 3.651096766018017092e+01
6.858777600263854524e+00 3.641169769479876095e+01
6.846716341076922063e+00 3.631242772941735097e+01
6.834655081889989603e+00 3.621315776403594100e+01
6.822593822703057143e+00 3.611388779865453103e+01
6.810532563516124682e+00 3.601461783327312105e+01
6.798471304329192222e+00 3.591534786789171108e+01
6.786410045142259762e+00 3.581607790251030110e+01
6.774348785955327301e+00 3.571680793712889113e+01
6.762287526768394841e+00 3.561753797174748115e+01
6.750226267581462380e+00 3.551826800636607118e+01
6.738165008394529920e+00 3.541899804098466120e+01
6.726103749207597460e+00 3.531972807560325123e+01
6.714042490020664999e+00 3.522045811022184125e+01
6.701981230833732539e+00 3.512118814484043128e+01
6.689919971646800079e+00 3.502191817945902130e+01
6.677858712459867618e+00 3.492264821407761133e+01
6.665797453272935158e+00 3.482337824869620135e+01
6.653736194086002698e+00 3.472410828331479138e+01
6.641674934899070237e+00 3.462483831793338140e+01
6.629613675712137777e+00 3.452556835255197143e+01
6.617552416525205317e+00 3.442629838717056145e+01
6.605491157338272856e+00 3.432702842178915148e+01
6.593429898151340396e+00 3.422775845640774151e+01
6.581368638964407936e+00 3.412848849102633153e+01
6.569307379777475475e+00 3.402921852564492156e+01
6.557246120590543015e+00 3.392994856026351158e+01
6.545184861403610554e+00 3.383067859488210161e+01
6.533123602216678094e+00 3.373140862950069163e+01
6.521062343029745634e+00 3.363213866411928166e+01
6.509001083842813173e+00 3.353286869873787168e+01
6.496939824655880713e+00 3.343359873335646171e+01
6.484878565468948253e+00 3.333432876797505173e+01
6.472817306282015792e+00 3.323505880259364176e+01
6.460756047095083332e+00 3.313578883721223178e+01
6.448694787908150872e+00 3.303651887183082181e+01
6.436633528721218411e+00 3.293724890644941183e+01
6.424572269534285951e+00 3.283797894106800186e+01
6.412511010347353491e+00 3.273870897568659188e+01
6.400449751160421030e+00 3.263943901030518191e+01
6.388388491973488570e+00 3.254016904492377193e+01
6.376327232786556110e+00 3.244089907954236196e+01
6.364265973599623649e+00 3.234162911416095199e+01
6.352204714412691189e+00 3.224235914877954201e+01
6.340143455225758728e+00 3.214308918339813204e+01
6.328082196038826268e+00 3.204381921801672206e+01
6.316020936851893808e+00 3.194454925263531564e+01
6.303959677664961347e+00 3.184527928725390922e+01
6.291898418478028887e+00 3.174600932187250280e+01
6.279837159291096427e+00 3.164673935649109637e+01
6.267775900104163966e+00 3.154746939110968995e+01
6.255714640917231506e+00 3.144819942572828353e+01
6.243653381730299046e+00 3.134892946034687711e+01
6.231592122543366585e+00 3.124965949496547069e+01
6.219530863356434125e+00 3.115038952958406426e+01
6.207469604169501665e+00 3.105111956420265784e+01
6.195408344982569204e+00 3.095184959882125142e+01
6.183347085795636744e+00 3.085257963343984500e+01
6.171285826608704284e+00 3.075330966805843858e+01
6.159224567421771823e+00 3.065403970267703215e+01
6.147163308234839363e+00 3.055476973729562573e+01
6.135102049047906903e+00 3.045549977191421931e+01
6.123040789860974442e+00 3.035622980653281289e+01
6.110979530674041982e+00 3.025695984115140647e+01
6.098918271487109521e+00 3.015768987577000004e+01
6.086857012300177061e+00 3.005841991038859362e+01
6.074795753113244601e+00 2.995914994500718720e+01
6.062734493926312140e+00 2.985987997962578078e+01
6.050673234739379680e+00 2.976061001424437436e+01
6.038611975552447220e+00 2.966134004886296793e+01
6.026550716365514759e+00 2.956207008348156151e+01
6.014489457178582299e+00 2.946280011810015509e+01
6.002428197991649839e+00 2.936353015271874867e+01
5.990366938804717378e+00 2.926426018733734224e+01
5.978305679617784918e+00 2.916499022195593582e+01
5.966244420430852458e+00 2.906572025657452940e+01
5.954183161243919997e+00 2.896645029119312298e+01
5.942121902056987537e+00 2.886718032581171656e+01
5.930060642870055077e+00 2.876791036043031013e+01
5.917999383683122616e+00 2.866864039504890371e+01
5.905938124496190156e+00 2.856937042966749729e+01
5.893876865309257695e+00 2.847010046428609087e+01
5.881815606122325235e+00 2.837083049890468445e+01
5.869754346935392775e+00 2.827156053352327802e+01
5.857693087748460314e+00 2.817229056814187160e+01
5.845631828561527854e+00 2.807302060276046518e+01
5.833570569374595394e+00 2.797375063737905876e+01
5.821509310187662933e+00 2.787448067199765234e+01
5.809448051000730473e+00 2.777521070661624591e+01
5.797386791813798013e+00 2.767594074123483949e+01
5.785325532626865552e+00 2.757667077585343307e+01
5.773264273439933092e+00 2.747740081047202665e+01
5.761203014253000632e+00 2.737813084509062023e+01
5.749141755066068171e+00 2.727886087970921380e+01
5.737080495879135711e+00 2.717959091432780738e+01
5.725019236692203251e+00 2.708032094894640096e+01
5.712957977505270790e+00 2.698105098356499454e+01
5.700896718318338330e+00 2.688178101818358812e+01
5.688835459131405869e+00 2.678251105280218169e+01
5.676774199944473409e+00 2.668324108742077527e+01
5.664712940757540949e+00 2.658397112203936885e+01
5.652651681570608488e+00 2.648470115665796243e+01
5.640590422383676028e+00 2.638543119127655601e+01
5.628529163196743568e+00 2.628616122589514958e+01
5.616467904009811107e+00 2.618689126051374316e+01
5.604406644822878647e+00 2.608762129513233674e+01
5.592345385635946187e+00 2.598835132975093032e+01
5.580284126449013726e+00 2.588908136436952390e+01
5.568222867262081266e+00 2.578981139898811747e+01
5.556161608075148806e+00 2.569054143360671105e+01
5.544100348888216345e+00 2.559127146822530463e+01
5.532039089701283885e+00 2.549200150284389821e+01
5.519977830514351425e+00 2.539273153746249179e+01
5.507916571327418964e+00 2.529346157208108536e+01
5.495855312140486504e+00 2.519419160669967894e+01
5.483794052953554043e+00 2.509492164131827252e+01
5.471732793766621583e+00 2.499565167593686610e+01
5.459671534579689123e+00 2.489638171055545968e+01
5.447610275392756662e+00 2.479711174517405325e+01
5.435549016205824202e+00 2.469784177979264683e+01
5.423487757018891742e+00 2.459857181441124041e+01
5.411426497831959281e+00 2.449930184902983399e+01
5.399365238645026821e+00 2.440003188364842757e+01
5.387303979458094361e+00 2.430076191826702114e+01
5.375242720271161900e+00 2.420149195288561472e+01
5.363181461084229440e+00 2.410222198750420830e+01
5.351120201897296980e+00 2.400295202212280188e+01
5.339058942710364519e+00 2.390368205674139546e+01
5.326997683523432059e+00 2.380441209135998903e+01
5.314936424336499599e+00 2.370514212597858261e+01
5.302875165149567138e+00 2.360587216059717619e+01
5.290813905962634678e+00 2.350660219521576977e+01
5.278752646775702217e+00 2.340733222983436335e+01
5.266691387588769757e+00 2.330806226445295692e+01
5.254630128401837297e+00 2.320879229907155050e+01
5.242568869214904836e+00 2.310952233369014408e+01
5.230507610027972376e+00 2.301025236830873766e+01
5.218446350841039916e+00 2.291098240292733124e+01
5.206385091654107455e+00 2.281171243754592481e+01
5.194323832467174995e+00 2.271244247216451839e+01
5.182262573280242535e+00 2.261317250678311197e+01
5.170201314093310074e+00 2.251390254140170555e+01
5.158140054906377614e+00 2.241463257602029913e+01
5.146078795719445154e+00 2.231536261063889270e+01
5.134017536532512693e+00 2.221609264525748628e+01
5.121956277345580233e+00 2.211682267987607986e+01
5.109895018158647773e+00 2.201755271449467344e+01
5.097833758971715312e+00 2.191828274911326702e+01
5.085772499784782852e+00 2.181901278373186059e+01
5.073711240597850392e+00 2.171974281835045417e+01
5.061649981410917931e+00 2.162047285296904775e+01
5.049588722223985471e+00 2.152120288758764133e+01
5.037527463037053010e+00 2.142193292220623491e+01
5.025466203850120550e+00 2.132266295682482848e+01
5.013404944663188090e+00 2.122339299144342206e+01
5.001343685476255629e+00 2.112412302606201564e+01
4.989282426289323169e+00 2.102485306068060922e+01
4.977221167102390709e+00 2.092558309529920280e+01
4.965159907915458248e+00 2.082631312991779637e+01
4.953098648728525788e+00 2.072704316453638995e+01
4.941037389541593328e+00 2.062777319915498353e+01
4.928976130354660867e+00 2.052850323377357711e+01
4.916914871167728407e+00 2.042923326839217069e+01
4.904853611980795947e+00 2.032996330301076426e+01
4.892792352793863486e+00 2.023069333762935784e+01
4.880731093606931026e+00 2.013142337224795142e+01
4.868669834419998566e+00 2.003215340686654500e+01
4.856608575233066105e+00 1.993288344148513858e+01
4.844547316046133645e+00 1.983361347610373215e+01
4.832486056859201184e+00 1.973434351072232573e+01
4.820424797672268724e+00 1.963507354534091931e+01
4.808363538485336264e+00 1.953580357995951289e+01
4.796302279298403803e+00 1.943653361457810647e+01
4.784241020111471343e+00 1.933726364919670004e+01
4.772179760924538883e+00 1.923799368381529362e+01
4.760118501737606422e+00 1.913872371843388720e+01
4.748057242550673962e+00 1.903945375305248078e+01
4.735995983363741502e+00 1.894018378767107436e+01
4.723934724176809041e+00 1.884091382228966793e+01
4.711873464989876581e+00 1.874164385690826151e+01
4.699812205802944121e+00 1.864237389152685509e+01
4.687750946616011660e+00 1.854310392614544867e+01
4.675689687429079200e+00 1.844383396076404225e+01
4.663628428242146740e+00 1.834456399538263582e+01
4.651567169055214279e+00 1.824529403000122940e+01
4.639505909868281819e+00 1.814602406461982298e+01
4.627444650681349358e+00 1.804675409923841656e+01
4.615383391494416898e+00 1.794748413385701014e+01
4.603322132307484438e+00 1.784821416847560371e+01
4.591260873120551977e+00 1.774894420309419729e+01
4.579199613933619517e+00 1.764967423771279087e+01
4.567138354746687057e+00 1.755040427233138445e+01
4.555077095559754596e+00 1.745113430694997803e+01
4.543015836372822136e+00 1.735186434156857160e+01
4.530954577185889676e+00 1.725259437618716518e+01
4.518893317998957215e+00 1.715332441080575876e+01
4.506832058812024755e+00 1.705405444542435234e+01
4.494770799625092295e+00 1.695478448004294592e+01
4.482709540438159834e+00 1.685551451466153949e+01
4.470648281251227374e+00 1.675624454928013307e+01
4.458587022064294914e+00 1.665697458389872665e+01
4.446525762877362453e+00 1.655770461851732023e+01
4.434464503690429993e+00 1.645843465313591381e+01
4.422403244503497532e+00 1.635916468775450738e+01
4.410341985316565072e+00 1.625989472237310096e+01
4.398280726129632612e+00 1.616062475699169454e+01
4.386219466942700151e+00 1.606135479161028812e+01
4.374158207755767691e+00 1.596208482622888170e+01
4.362096948568835231e+00 1.586281486084747527e+01
4.350035689381902770e+00 1.576354489546606885e+01
4.337974430194970310e+00 1.566427493008466243e+01
4.325913171008037850e+00 1.556500496470325601e+01
4.313851911821105389e+00 1.546573499932184959e+01
4.301790652634172929e+00 1.536646503394044316e+01
4.289729393447240469e+00 1.526719506855903674e+01
4.277668134260308008e+00 1.516792510317763032e+01
4.265606875073375548e+00 1.506865513779622390e+01
4.253545615886443088e+00 1.496938517241481748e+01
4.241484356699510627e+00 1.487011520703341105e+01
4.229423097512578167e+00 1.477084524165200463e+01
4.217361838325645707e+00 1.467157527627059821e+01
4.205300579138713246e+00 1.457230531088919179e+01
4.193239319951780786e+00 1.447303534550778537e+01
4.181178060764848325e+00 1.437376538012637894e+01
4.169116801577915865e+00 1.427449541474497252e+01
4.157055542390983405e+00 1.417522544936356610e+01
4.144994283204050944e+00 1.407595548398215968e+01
4.132933024017118484e+00 1.397668551860075326e+01
4.120871764830186024e+00 1.387741555321934683e+01
4.108810505643253563e+00 1.377814558783794041e+01
4.096749246456321103e+00 1.367887562245653399e+01
4.084687987269388643e+00 1.357960565707512757e+01
4.072626728082456182e+00 1.348033569169372115e+01
4.060565468895523722e+00 1.338106572631231472e+01
4.048504209708591262e+00 1.328179576093090830e+01
4.036442950521658801e+00 1.318252579554950188e+01
4.024381691334726341e+00 1.308325583016809546e+01
4.012320432147793881e+00 1.298398586478668904e+01
4.000259172960861420e+00 1.288471589940528261e+01
3.988197913773928516e+00 1.278544593402387619e+01
3.976136654586995611e+00 1.268617596864246977e+01
3.958580559450744829e+00 1.254168086001536153e+01
4.057850524832151251e+00 1.252961960082842907e+01
4.157120490213557673e+00 1.251755834164149661e+01
4.256390455594964095e+00 1.250549708245456415e+01
4.355660420976370517e+00 1.249343582326763169e+01
4.454930386357776939e+00 1.248137456408069923e+01
4.554200351739183361e+00 1.246931330489376677e+01
4.653470317120589783e+00 1.245725204570683431e+01
4.752740282501996205e+00 1.244519078651990185e+01
4.852010247883402627e+00 1.243312952733296939e+01
4.951280213264809049e+00 1.242106826814603693e+01
5.050550178646215471e+00 1.240900700895910447e+01
5.149820144027621893e+00 1.239694574977217201e+01
5.249090109409028315e+00 1.238488449058523955e+01
5.348360074790434737e+00 1.237282323139830709e+01
5.447630040171841159e+00 1.236076197221137463e+01
5.546900005553247581e+00 1.234870071302444217e+01
5.646169970934654003e+00 1.233663945383750971e+01
5.745439936316060425e+00 1.232457819465057725e+01
5.844709901697466847e+00 1.231251693546364478e+01
5.943979867078873269e+00 1.230045567627671232e+01
6.043249832460279691e+00 1.228839441708977986e+01
6.142519797841686113e+00 1.227633315790284740e+01
6.241789763223092535e+00 1.226427189871591494e+01
6.341059728604498957e+00 1.225221063952898248e+01
6.440329693985905379e+00 1.224014938034205002e+01
6.539599659367311801e+00 1.222808812115511756e+01
6.638869624748718223e+00 1.221602686196818510e+01
6.738139590130124645e+00 1.220396560278125264e+01
6.837409555511531067e+00 1.219190434359432018e+01
6.936679520892937489e+00 1.217984308440738772e+01
7.035949486274343911e+00 1.216778182522045526e+01
7.135219451655750333e+00 1.215572056603352280e+01
7.234489417037156755e+00 1.214365930684659034e+01
7.333759382418563177e+00 1.213159804765965788e+01
7.433029347799969599e+00 1.211953678847272542e+01
7.532299313181376021e+00 1.210747552928579296e+01
7.631569278562782443e+00 1.209541427009886050e+01
7.730839243944188865e+00 1.208335301091192804e+01
7.830109209325595288e+00 1.207129175172499558e+01
7.929379174707001710e+00 1.205923049253806312e+01
8.028649140088408132e+00 1.204716923335113066e+01
8.127919105469814554e+00 1.203510797416419820e+01
8.227189070851220976e+00 1.202304671497726574e+01
8.326459036232627398e+00 1.201098545579033328e+01
8.425729001614033820e+00 1.199892419660340082e+01
8.524998966995440242e+00 1.198686293741646836e+01
8.624268932376846664e+00 1.197480167822953590e+01
8.723538897758253086e+00 1.196274041904260343e+01
8.822808863139659508e+00 1.195067915985567097e+01
8.922078828521065930e+00 1.193861790066873851e+01
9.021348793902472352e+00 1.192655664148180605e+01
9.120618759283878774e+00 1.191449538229487359e+01
9.219888724665285196e+00 1.190243412310794113e+01
9.319158690046691618e+00 1.189037286392100867e+01
9.418428655428098040e+00 1.187831160473407621e+01
9.517698620809504462e+00 1.186625034554714375e+01
9.616968586190910884e+00 1.185418908636021129e+01
9.716238551572317306e+00 1.184212782717327883e+01
9.815508516953723728e+00 1.183006656798634637e+01
9.914778482335130150e+00 1.181800530879941391e+01
1.001404844771653657e+01 1.180594404961248145e+01
1.011331841309794299e+01 1.179388279042554899e+01
1.021258837847934942e+01 1.178182153123861653e+01
1.031185834386075584e+01 1.176976027205168407e+01
1.041112830924216226e+01 1.175769901286475161e+01
1.051039827462356868e+01 1.174563775367781915e+01
1.060966824000497510e+01 1.173357649449088669e+01
1.070893820538638153e+01 1.172151523530395423e+01
1.080820817076778795e+01 1.170945397611702177e+01
1.090747813614919437e+01 1.169739271693008931e+01
1.100674810153060079e+01 1.168533145774315685e+01
1.110601806691200721e+01 1.167327019855622439e+01
1.120528803229341364e+01 1.166120893936929193e+01
1.130455799767482006e+01 1.164914768018235947e+01
1.140382796305622648e+01 1.163708642099542701e+01
1.150309792843763290e+01 1.162502516180849454e+01
1.160236789381903932e+01 1.161296390262156208e+01
1.170163785920044575e+01 1.160090264343462962e+01
1.180090782458185217e+01 1.158884138424769716e+01
1.190017778996325859e+01 1.157678012506076470e+01
1.199944775534466501e+01 1.156471886587383224e+01
1.209871772072607143e+01 1.155265760668689978e+01
1.219798768610747786e+01 1.154059634749996732e+01
1.229725765148888428e+01 1.152853508831303486e+01
1.239652761687029070e+01 1.151647382912610240e+01
1.249579758225169712e+01 1.150441256993916994e+01
1.259506754763310354e+01 1.149235131075223748e+01
1.269433751301450997e+01 1.148029005156530502e+01
1.279360747839591639e+01 1.146822879237837256e+01
1.289287744377732281e+01 1.145616753319144010e+01
1.299214740915872923e+01 1.144410627400450764e+01
1.309141737454013565e+01 1.143204501481757518e+01
1.319068733992154208e+01 1.141998375563064272e+01
1.328995730530294850e+01 1.140792249644371026e+01
1.338922727068435492e+01 1.139586123725677780e+01
1.348849723606576134e+01 1.138379997806984534e+01
1.358776720144716776e+01 1.137173871888291288e+01
1.368703716682857419e+01 1.135967745969598042e+01
1.378630713220998061e+01 1.134761620050904796e+01
1.388557709759138703e+01 1.133555494132211550e+01
1.398484706297279345e+01 1.132349368213518304e+01
1.408411702835419987e+01 1.131143242294825058e+01
1.418338699373560630e+01 1.129937116376131812e+01
1.428265695911701272e+01 1.128730990457438565e+01
1.438192692449841914e+01 1.127524864538745319e+01
1.448119688987982556e+01 1.126318738620052073e+01
1.458046685526123198e+01 1.125112612701358827e+01
1.467973682064263841e+01 1.123906486782665581e+01
1.477900678602404483e+01 1.122700360863972335e+01
1.487827675140545125e+01 1.121494234945279089e+01
1.497754671678685767e+01 1.120288109026585843e+01
1.507681668216826409e+01 1.119081983107892597e+01
1.517608664754967052e+01 1.117875857189199351e+01
1.527535661293107694e+01 1.116669731270506105e+01
1.537462657831248336e+01 1.115463605351812859e+01
1.547389654369388978e+01 1.114257479433119613e+01
1.557316650907529620e+01 1.113051353514426367e+01
1.567243647445670263e+01 1.111845227595733121e+01
1.577170643983810905e+01 1.110639101677039875e+01
1.587097640521951547e+01 1.109432975758346629e+01
1.597024637060092189e+01 1.108226849839653383e+01
1.606951633598232831e+01 1.107020723920960137e+01
1.616878630136373474e+01 1.105814598002266891e+01
1.626805626674514116e+01 1.104608472083573645e+01
1.636732623212654758e+01 1.103402346164880399e+01
1.646659619750795400e+01 1.102196220246187153e+01
1.656586616288936042e+01 1.100990094327493907e+01
1.666513612827076685e+01 1.099783968408800661e+01
1.676440609365217327e+01 1.098577842490107415e+01
1.686367605903357969e+01 1.097371716571414169e+01
1.696294602441498611e+01 1.096165590652720923e+01
1.706221598979639253e+01 1.094959464734027677e+01
1.716148595517779896e+01 1.093753338815334430e+01
1.726075592055920538e+01 1.092547212896641184e+01
1.736002588594061180e+01 1.091341086977947938e+01
1.745929585132201822e+01 1.090134961059254692e+01
1.755856581670342464e+01 1.088928835140561446e+01
1.765783578208483107e+01 1.087722709221868200e+01
1.775710574746623749e+01 1.086516583303174954e+01
1.785637571284764391e+01 1.085310457384481708e+01
1.795564567822905033e+01 1.084104331465788462e+01
1.805491564361045675e+01 1.082898205547095216e+01
1.815418560899186318e+01 1.081692079628401970e+01
1.825345557437326960e+01 1.080485953709708724e+01
1.835272553975467602e+01 1.079279827791015478e+01
1.845199550513608244e+01 1.078073701872322232e+01
1.855126547051748886e+01 1.076867575953628986e+01
1.865053543589889529e+01 1.075661450034935740e+01
1.874980540128030171e+01 1.074455324116242494e+01
1.884907536666170813e+01 1.073249198197549248e+01
1.894834533204311455e+01 1.072043072278856002e+01
1.904761529742452097e+01 1.070836946360162756e+01
1.914688526280592740e+01 1.069630820441469510e+01
1.924615522818733382e+01 1.068424694522776264e+01
1.934542519356874024e+01 1.067218568604083018e+01
1.944469515895014666e+01 1.066012442685389772e+01
1.954396512433155308e+01 1.064806316766696526e+01
1.964323508971295951e+01 1.063600190848003280e+01
1.974250505509436593e+01 1.062394064929310034e+01
1.984177502047577235e+01 1.061187939010616788e+01
1.994104498585717877e+01 1.059981813091923541e+01
2.004031495123858519e+01 1.058775687173230295e+01
2.013958491661999162e+01 1.057569561254537049e+01
2.023885488200139804e+01 1.056363435335843803e+01
2.033812484738280446e+01 1.055157309417150557e+01
2.043739481276421088e+01 1.053951183498457311e+01
2.053666477814561730e+01 1.052745057579764065e+01
2.063593474352702373e+01 1.051538931661070819e+01
2.073520470890843015e+01 1.050332805742377573e+01
2.083447467428983657e+01 1.049126679823684327e+01
2.093374463967124299e+01 1.047920553904991081e+01
2.103301460505264942e+01 1.046714427986297835e+01
2.113228457043405584e+01 1.045508302067604589e+01
2.123155453581546226e+01 1.044302176148911343e+01
2.133082450119686868e+01 1.043096050230218097e+01
2.143009446657827510e+01 1.041889924311524851e+01
2.152936443195968153e+01 1.040683798392831605e+01
2.162863439734108795e+01 1.039477672474138359e+01
2.172790436272249437e+01 1.038271546555445113e+01
2.182717432810390079e+01 1.037065420636751867e+01
2.192644429348530721e+01 1.035859294718058621e+01
2.202571425886671364e+01 1.034653168799365375e+01
2.212498422424812006e+01 1.033447042880672129e+01
2.222425418962952648e+01 1.032240916961978883e+01
2.232352415501093290e+01 1.031034791043285637e+01
2.242279412039233932e+01 1.029828665124592391e+01
2.252206408577374575e+01 1.028622539205899145e+01
2.262133405115515217e+01 1.027416413287205899e+01
2.272060401653655859e+01 1.026210287368512653e+01
2.281987398191796501e+01 1.025004161449819406e+01
2.291914394729937143e+01 1.023798035531126160e+01
2.301841391268077786e+01 1.022591909612432914e+01
2.311768387806218428e+01 1.021385783693739668e+01
2.321695384344359070e+01 1.020179657775046422e+01
2.331622380882499712e+01 1.018973531856353176e+01
2.341549377420640354e+01 1.017767405937659930e+01
2.351476373958780997e+01 1.016561280018966684e+01
2.361403370496921639e+01 1.015355154100273438e+01
2.371330367035062281e+01 1.014149028181580192e+01
2.381257363573202923e+01 1.012942902262886946e+01
2.391184360111343565e+01 1.011736776344193700e+01
2.401111356649484208e+01 1.010530650425500454e+01
2.411038353187624850e+01 1.009324524506807208e+01
2.420965349725765492e+01 1.008118398588113962e+01
2.430892346263906134e+01 1.006912272669420716e+01
2.440819342802046776e+01 1.005706146750727470e+01
2.450746339340187419e+01 1.004500020832034224e+01
2.460673335878328061e+01 1.003293894913340978e+01
2.470600332416468703e+01 1.002087768994647732e+01
2.480527328954609345e+01 1.000881643075954486e+01
2.490454325492749987e+01 9.996755171572612397e+00
2.500381322030890630e+01 9.984693912385679937e+00
2.510308318569031272e+01 9.972632653198747477e+00
2.520235315107171914e+01 9.960571394011815016e+00
2.530162311645312556e+01 9.948510134824882556e+00
2.540089308183453198e+01 9.936448875637950096e+00
2.550016304721593841e+01 9.924387616451017635e+00
2.559943301259734483e+01 9.912326357264085175e+00
2.569870297797875125e+01 9.900265098077152714e+00
2.579797294336015767e+01 9.888203838890220254e+00
2.589724290874156409e+01 9.876142579703287794e+00
2.599651287412297052e+01 9.864081320516355333e+00
2.609578283950437694e+01 9.852020061329422873e+00
2.619505280488578336e+01 9.839958802142490413e+00
2.629432277026718978e+01 9.827897542955557952e+00
2.639359273564859620e+01 9.815836283768625492e+00
2.649286270103000263e+01 9.803775024581693032e+00
2.659213266641140905e+01 9.791713765394760571e+00
2.669140263179281547e+01 9.779652506207828111e+00
2.679067259717422189e+01 9.767591247020895651e+00
2.688994256255562831e+01 9.755529987833963190e+00
2.698921252793703474e+01 9.743468728647030730e+00
2.708848249331844116e+01 9.731407469460098270e+00
2.718775245869984758e+01 9.719346210273165809e+00
2.728702242408125400e+01 9.707284951086233349e+00
2.738629238946266042e+01 9.695223691899300889e+00
2.748556235484406685e+01 9.683162432712368428e+00
2.758483232022547327e+01 9.671101173525435968e+00
2.768410228560687969e+01 9.659039914338503507e+00
2.778337225098828611e+01 9.646978655151571047e+00
2.788264221636969253e+01 9.634917395964638587e+00
2.798191218175109896e+01 9.622856136777706126e+00
2.808118214713250538e+01 9.610794877590773666e+00
2.818045211251391180e+01 9.598733618403841206e+00
2.827972207789531822e+01 9.586672359216908745e+00
2.837899204327672464e+01 9.574611100029976285e+00
2.847826200865813107e+01 9.562549840843043825e+00
2.857753197403953749e+01 9.550488581656111364e+00
2.867680193942094391e+01 9.538427322469178904e+00
2.877607190480235033e+01 9.526366063282246444e+00
2.887534187018375675e+01 9.514304804095313983e+00
2.897461183556516318e+01 9.502243544908381523e+00
2.907388180094656960e+01 9.490182285721449063e+00
2.917315176632797602e+01 9.478121026534516602e+00
2.927242173170938244e+01 9.466059767347584142e+00
2.937169169709078886e+01 9.453998508160651681e+00
2.947096166247219529e+01 9.441937248973719221e+00
2.957023162785360171e+01 9.429875989786786761e+00
2.966950159323500813e+01 9.417814730599854300e+00
2.976877155861641455e+01 9.405753471412921840e+00
2.986804152399782097e+01 9.393692212225989380e+00
2.996731148937922740e+01 9.381630953039056919e+00
3.006658145476063382e+01 9.369569693852124459e+00
3.016585142014204024e+01 9.357508434665191999e+00
3.026512138552344666e+01 9.345447175478259538e+00
3.036439135090485308e+01 9.333385916291327078e+00
3.046366131628625951e+01 9.321324657104394618e+00
3.056293128166766593e+01 9.309263397917462157e+00
3.066220124704907235e+01 9.297202138730529697e+00
3.076147121243047877e+01 9.285140879543597237e+00
3.086074117781188519e+01 9.273079620356664776e+00
3.096001114319329162e+01 9.261018361169732316e+00
3.105928110857469804e+01 9.248957101982799855e+00
3.115855107395610446e+01 9.236895842795867395e+00
3.125782103933751088e+01 9.224834583608934935e+00
3.135709100471891730e+01 9.212773324422002474e+00
3.145636097010032373e+01 9.200712065235070014e+00
3.155563093548173015e+01 9.188650806048137554e+00
3.165490090086313657e+01 9.176589546861205093e+00
3.175417086624454299e+01 9.164528287674272633e+00
3.185344083162594941e+01 9.152467028487340173e+00
3.195271079700735584e+01 9.140405769300407712e+00
3.205198076238876581e+01 9.128344510113475252e+00
3.215125072777017579e+01 9.116283250926542792e+00
3.225052069315158576e+01 9.104221991739610331e+00
3.234979065853299574e+01 9.092160732552677871e+00
3.244906062391440571e+01 9.080099473365745411e+00
3.254833058929581568e+01 9.068038214178812950e+00
3.264760055467722566e+01 9.055976954991880490e+00
3.274687052005863563e+01 9.043915695804948029e+00
3.284614048544004561e+01 9.031854436618015569e+00
3.294541045082145558e+01 9.019793177431083109e+00
3.304468041620286556e+01 9.007731918244150648e+00
3.314395038158427553e+01 8.995670659057218188e+00
3.324322034696568551e+01 8.983609399870285728e+00
3.334249031234709548e+01 8.971548140683353267e+00
3.344176027772850546e+01 8.959486881496420807e+00
3.354103024310991543e+01 8.947425622309488347e+00
3.364030020849132541e+01 8.935364363122555886e+00
3.373957017387273538e+01 8.923303103935623426e+00
3.383884013925414536e+01 8.911241844748690966e+00
3.393811010463555533e+01 8.899180585561758505e+00
3.403738007001696531e+01 8.887119326374826045e+00
3.413665003539837528e+01 8.875058067187893585e+00
3.423592000077978525e+01 8.862996808000961124e+00
3.433518996616119523e+01 8.850935548814028664e+00
3.443445993154260520e+01 8.838874289627096204e+00
3.456228195876338560e+01 8.823343966893560264e+00
3.457434321795032162e+01 8.922613932274966686e+00
3.458640447713725763e+01 9.021883897656373108e+00
3.459846573632419364e+01 9.121153863037779530e+00
3.461052699551112966e+01 9.220423828419185952e+00
3.462258825469806567e+01 9.319693793800592374e+00
3.463464951388500168e+01 9.418963759181998796e+00
3.464671077307193769e+01 9.518233724563405218e+00
3.465877203225887371e+01 9.617503689944811640e+00
3.467083329144580972e+01 9.716773655326218062e+00
3.468289455063274573e+01 9.816043620707624484e+00
3.469495580981968175e+01 9.915313586089030906e+00
3.470701706900661776e+01 1.001458355147043733e+01
3.471907832819355377e+01 1.011385351685184375e+01
3.473113958738048979e+01 1.021312348223325017e+01
3.474320084656742580e+01 1.031239344761465659e+01
3.475526210575436181e+01 1.041166341299606302e+01
3.476732336494129783e+01 1.051093337837746944e+01
3.477938462412823384e+01 1.061020334375887586e+01
3.479144588331516985e+01 1.070947330914028228e+01
3.480350714250210586e+01 1.080874327452168870e+01
3.481556840168904188e+01 1.090801323990309513e+01
3.482762966087597789e+01 1.100728320528450155e+01
3.483969092006291390e+01 1.110655317066590797e+01
3.485175217924984992e+01 1.120582313604731439e+01
3.486381343843678593e+01 1.130509310142872081e+01
3.487587469762372194e+01 1.140436306681012724e+01
3.488793595681065796e+01 1.150363303219153366e+01
3.489999721599759397e+01 1.160290299757294008e+01
3.491205847518452998e+01 1.170217296295434650e+01
3.492411973437146600e+01 1.180144292833575292e+01
3.493618099355840201e+01 1.190071289371715935e+01
3.494824225274533802e+01 1.199998285909856577e+01
3.496030351193227403e+01 1.209925282447997219e+01
3.497236477111921005e+01 1.219852278986137861e+01
3.498442603030614606e+01 1.229779275524278503e+01
3.499648728949308207e+01 1.239706272062419146e+01
3.500854854868001809e+01 1.249633268600559788e+01
3.502060980786695410e+01 1.259560265138700430e+01
3.503267106705389011e+01 1.269487261676841072e+01
3.504473232624082613e+01 1.279414258214981714e+01
3.505679358542776214e+01 1.289341254753122357e+01
3.506885484461469815e+01 1.299268251291262999e+01
3.508091610380163416e+01 1.309195247829403641e+01
3.509297736298857018e+01 1.319122244367544283e+01
3.510503862217550619e+01 1.329049240905684925e+01
3.511709988136244220e+01 1.338976237443825568e+01
3.512916114054937822e+01 1.348903233981966210e+01
3.514122239973631423e+01 1.358830230520106852e+01
3.515328365892325024e+01 1.368757227058247494e+01
3.516534491811018626e+01 1.378684223596388136e+01
3.517740617729712227e+01 1.388611220134528779e+01
3.518946743648405828e+01 1.398538216672669421e+01
3.520152869567099430e+01 1.408465213210810063e+01
3.521358995485793031e+01 1.418392209748950705e+01
3.522565121404486632e+01 1.428319206287091347e+01
3.523771247323180233e+01 1.438246202825231990e+01
3.524977373241873835e+01 1.448173199363372632e+01
3.526183499160567436e+01 1.458100195901513274e+01
3.527389625079261037e+01 1.468027192439653916e+01
3.528595750997954639e+01 1.477954188977794558e+01
3.529801876916648240e+01 1.487881185515935201e+01
3.531008002835341841e+01 1.497808182054075843e+01
3.532214128754035443e+01 1.507735178592216485e+01
3.533420254672729044e+01 1.517662175130357127e+01
3.534626380591422645e+01 1.527589171668497769e+01
3.535832506510116247e+01 1.537516168206638412e+01
3.537038632428809848e+01 1.547443164744779054e+01
3.538244758347503449e+01 1.557370161282919696e+01
3.539450884266197050e+01 1.567297157821060338e+01
3.540657010184890652e+01 1.577224154359200980e+01
3.541863136103584253e+01 1.587151150897341623e+01
3.543069262022277854e+01 1.597078147435482265e+01
3.544275387940971456e+01 1.607005143973622907e+01
3.545481513859665057e+01 1.616932140511763549e+01
3.546687639778358658e+01 1.626859137049904191e+01
3.547893765697052260e+01 1.636786133588044834e+01
3.549099891615745861e+01 1.646713130126185476e+01
3.550306017534439462e+01 1.656640126664326118e+01
3.551512143453133064e+01 1.666567123202466760e+01
3.552718269371826665e+01 1.676494119740607402e+01
3.553924395290520266e+01 1.686421116278748045e+01
3.555130521209213867e+01 1.696348112816888687e+01
3.556336647127907469e+01 1.706275109355029329e+01
3.557542773046601070e+01 1.716202105893169971e+01
3.558748898965294671e+01 1.726129102431310613e+01
3.559955024883988273e+01 1.736056098969451256e+01
3.561161150802681874e+01 1.745983095507591898e+01
3.562367276721375475e+01 1.755910092045732540e+01
3.563573402640069077e+01 1.765837088583873182e+01
3.564779528558762678e+01 1.775764085122013825e+01
3.565985654477456279e+01 1.785691081660154467e+01
3.567191780396149881e+01 1.795618078198295109e+01
3.568397906314843482e+01 1.805545074736435751e+01
3.569604032233537083e+01 1.815472071274576393e+01
3.570810158152230684e+01 1.825399067812717036e+01
3.572016284070924286e+01 1.835326064350857678e+01
3.573222409989617887e+01 1.845253060888998320e+01
3.574428535908311488e+01 1.855180057427138962e+01
3.575634661827005090e+01 1.865107053965279604e+01
3.576840787745698691e+01 1.875034050503420247e+01
3.578046913664392292e+01 1.884961047041560889e+01
3.579253039583085894e+01 1.894888043579701531e+01
3.580459165501779495e+01 1.904815040117842173e+01
3.581665291420473096e+01 1.914742036655982815e+01
3.582871417339166698e+01 1.924669033194123458e+01
3.584077543257860299e+01 1.934596029732264100e+01
3.585283669176553900e+01 1.944523026270404742e+01
3.586489795095247501e+01 1.954450022808545384e+01
3.587695921013941103e+01 1.964377019346686026e+01
3.588902046932634704e+01 1.974304015884826669e+01
3.590108172851328305e+01 1.984231012422967311e+01
3.591314298770021907e+01 1.994158008961107953e+01
3.592520424688715508e+01 2.004085005499248595e+01
3.593726550607409109e+01 2.014012002037389237e+01
3.594932676526102711e+01 2.023938998575529880e+01
3.596138802444796312e+01 2.033865995113670522e+01
3.597344928363489913e+01 2.043792991651811164e+01
3.598551054282183514e+01 2.053719988189951806e+01
3.599757180200877116e+01 2.063646984728092448e+01
3.600963306119570717e+01 2.073573981266233091e+01
3.602169432038264318e+01 2.083500977804373733e+01
3.603375557956957920e+01 2.093427974342514375e+01
3.604581683875651521e+01 2.103354970880655017e+01
3.605787809794345122e+01 2.113281967418795659e+01
3.606993935713038724e+01 2.123208963956936302e+01
3.608200061631732325e+01 2.133135960495076944e+01
3.609406187550425926e+01 2.143062957033217586e+01
3.610612313469119528e+01 2.152989953571358228e+01
3.611818439387813129e+01 2.162916950109498870e+01
3.613024565306506730e+01 2.172843946647639513e+01
3.614230691225200331e+01 2.182770943185780155e+01
3.615436817143893933e+01 2.192697939723920797e+01
3.616642943062587534e+01 2.202624936262061439e+01
3.617849068981281135e+01 2.212551932800202081e+01
3.619055194899974737e+01 2.222478929338342724e+01
3.620261320818668338e+01 2.232405925876483366e+01
3.621467446737361939e+01 2.242332922414624008e+01
3.622673572656055541e+01 2.252259918952764650e+01
3.623879698574749142e+01 2.262186915490905292e+01
3.625085824493442743e+01 2.272113912029045935e+01
3.626291950412136345e+01 2.282040908567186577e+01
3.627498076330829946e+01 2.291967905105327219e+01
3.628704202249523547e+01 2.301894901643467861e+01
3.629910328168217148e+01 2.311821898181608503e+01
3.631116454086910750e+01 2.321748894719749146e+01
3.632322580005604351e+01 2.331675891257889788e+01
3.633528705924297952e+01 2.341602887796030430e+01
3.634734831842991554e+01 2.351529884334171072e+01
3.635940957761685155e+01 2.361456880872311714e+01
3.637147083680378756e+01 2.371383877410452357e+01
3.638353209599072358e+01 2.381310873948592999e+01
3.639559335517765959e+01 2.391237870486733641e+01
3.640765461436459560e+01 2.401164867024874283e+01
3.641971587355153162e+01 2.411091863563014925e+01
3.643177713273846763e+01 2.421018860101155568e+01
3.644383839192540364e+01 2.430945856639296210e+01
3.645589965111233965e+01 2.440872853177436852e+01
3.646796091029927567e+01 2.450799849715577494e+01
3.648002216948621168e+01 2.460726846253718136e+01
3.649208342867314769e+01 2.470653842791858779e+01
3.650414468786008371e+01 2.480580839329999421e+01
3.651620594704701972e+01 2.490507835868140063e+01
3.652826720623395573e+01 2.500434832406280705e+01
3.654032846542089175e+01 2.510361828944421347e+01
3.655238972460782776e+01 2.520288825482561990e+01
3.656445098379476377e+01 2.530215822020702632e+01
3.657651224298169979e+01 2.540142818558843274e+01
3.658857350216863580e+01 2.550069815096983916e+01
3.660063476135557181e+01 2.559996811635124558e+01
3.661269602054250782e+01 2.569923808173265201e+01
3.662475727972944384e+01 2.579850804711405843e+01
3.663681853891637985e+01 2.589777801249546485e+01
3.664887979810331586e+01 2.599704797787687127e+01
3.666094105729025188e+01 2.609631794325827769e+01
3.667300231647718789e+01 2.619558790863968412e+01
3.668506357566412390e+01 2.629485787402109054e+01
3.669712483485105992e+01 2.639412783940249696e+01
3.670918609403799593e+01 2.649339780478390338e+01
3.672124735322493194e+01 2.659266777016530980e+01
3.673330861241186795e+01 2.669193773554671623e+01
3.674536987159880397e+01 2.679120770092812265e+01
3.675743113078573998e+01 2.689047766630952907e+01
3.676949238997267599e+01 2.698974763169093549e+01
3.678155364915961201e+01 2.708901759707234191e+01
3.679361490834654802e+01 2.718828756245374834e+01
3.680567616753348403e+01 2.728755752783515476e+01
3.681773742672042005e+01 2.738682749321656118e+01
3.682979868590735606e+01 2.748609745859796760e+01
3.684185994509429207e+01 2.758536742397937402e+01
3.685392120428122809e+01 2.768463738936078045e+01
3.686598246346816410e+01 2.778390735474218687e+01
3.687804372265510011e+01 2.788317732012359329e+01
3.689010498184203612e+01 2.798244728550499971e+01
3.690216624102897214e+01 2.808171725088640613e+01
3.691422750021590815e+01 2.818098721626781256e+01
3.692628875940284416e+01 2.828025718164921898e+01
3.693835001858978018e+01 2.837952714703062540e+01
3.695041127777671619e+01 2.847879711241203182e+01
3.696247253696365220e+01 2.857806707779343824e+01
3.697453379615058822e+01 2.867733704317484467e+01
3.698659505533752423e+01 2.877660700855625109e+01
3.699865631452446024e+01 2.887587697393765751e+01
3.701071757371139626e+01 2.897514693931906393e+01
3.702277883289833227e+01 2.907441690470047035e+01
3.703484009208526828e+01 2.917368687008187678e+01
3.704690135127220429e+01 2.927295683546328320e+01
3.705896261045914031e+01 2.937222680084468962e+01
3.707102386964607632e+01 2.947149676622609604e+01
3.708308512883301233e+01 2.957076673160750246e+01
3.709514638801994835e+01 2.967003669698890889e+01
3.710720764720688436e+01 2.976930666237031531e+01
3.711926890639382037e+01 2.986857662775172173e+01
3.713133016558075639e+01 2.996784659313312815e+01
3.714339142476769240e+01 3.006711655851453457e+01
3.715545268395462841e+01 3.016638652389594100e+01
3.716751394314156443e+01 3.026565648927734742e+01
3.717957520232850044e+01 3.036492645465875384e+01
3.719163646151543645e+01 3.046419642004016026e+01
3.720369772070237246e+01 3.056346638542156668e+01
3.721575897988930848e+01 3.066273635080297311e+01
3.722782023907624449e+01 3.076200631618437953e+01
3.723988149826318050e+01 3.086127628156578595e+01
3.725194275745011652e+01 3.096054624694719237e+01
3.726400401663705253e+01 3.105981621232859879e+01
3.727606527582398854e+01 3.115908617771000522e+01
3.728812653501092456e+01 3.125835614309141164e+01
3.730018779419786057e+01 3.135762610847281806e+01
3.731224905338479658e+01 3.145689607385422448e+01
3.732431031257173260e+01 3.155616603923563090e+01
3.733637157175866861e+01 3.165543600461703733e+01
3.734843283094560462e+01 3.175470596999844375e+01
3.736049409013254063e+01 3.185397593537985017e+01
3.737255534931947665e+01 3.195324590076125659e+01
3.738461660850641266e+01 3.205251586614266301e+01
3.739667786769334867e+01 3.215178583152406588e+01
3.740873912688028469e+01 3.225105579690547586e+01
3.742080038606722070e+01 3.235032576228688583e+01
3.743286164525415671e+01 3.244959572766829581e+01
3.744492290444109273e+01 3.254886569304970578e+01
3.745698416362802874e+01 3.264813565843111576e+01
3.746904542281496475e+01 3.274740562381252573e+01
3.748110668200190077e+01 3.284667558919393571e+01
3.749316794118883678e+01 3.294594555457534568e+01
3.750522920037577279e+01 3.304521551995675566e+01
3.751729045956270880e+01 3.314448548533816563e+01
3.752935171874964482e+01 3.324375545071957561e+01
3.754141297793658083e+01 3.334302541610098558e+01
3.755347423712351684e+01 3.344229538148239556e+01
3.756553549631045286e+01 3.354156534686380553e+01
3.757759675549738887e+01 3.364083531224521550e+01
3.758965801468432488e+01 3.374010527762662548e+01
3.760171927387126090e+01 3.383937524300803545e+01
3.761378053305819691e+01 3.393864520838944543e+01
3.762584179224513292e+01 3.403791517377085540e+01
3.763790305143206893e+01 3.413718513915226538e+01
3.764996431061900495e+01 3.423645510453367535e+01
3.766202556980594096e+01 3.433572506991508533e+01
3.767408682899287697e+01 3.443499503529649530e+01
3.768614808817981299e+01 3.453426500067790528e+01
3.769820934736674900e+01 3.463353496605931525e+01
3.771027060655368501e+01 3.473280493144072523e+01
3.772233186574062103e+01 3.483207489682213520e+01
3.773439312492755704e+01 3.493134486220354518e+01
3.774645438411449305e+01 3.503061482758495515e+01
3.775851564330142907e+01 3.512988479296636513e+01
3.777057690248836508e+01 3.522915475834777510e+01
3.778263816167530109e+01 3.532842472372918508e+01
3.779469942086223710e+01 3.542769468911059505e+01
3.780676068004917312e+01 3.552696465449200502e+01
3.781882193923610913e+01 3.562623461987341500e+01
3.783088319842304514e+01 3.572550458525482497e+01
3.784294445760998116e+01 3.582477455063623495e+01
3.785500571679691717e+01 3.592404451601764492e+01
3.786706697598385318e+01 3.602331448139905490e+01
3.787912823517078920e+01 3.612258444678046487e+01
3.789118949435772521e+01 3.622185441216187485e+01
3.790325075354466122e+01 3.632112437754328482e+01
3.791531201273159724e+01 3.642039434292469480e+01
3.792737327191853325e+01 3.651966430830610477e+01
3.793943453110546926e+01 3.661893427368751475e+01
3.795149579029240527e+01 3.671820423906892472e+01
3.796355704947934129e+01 3.681747420445033470e+01
3.797561830866627730e+01 3.691674416983174467e+01
3.798767956785321331e+01 3.701601413521315465e+01
3.799974082704014933e+01 3.711528410059456462e+01
3.801180208622708534e+01 3.721455406597597459e+01
3.802386334541402135e+01 3.731382403135738457e+01
3.804141944054925517e+01 3.745831913998463847e+01
