1.937289637096957904e+02 5.326207826312255378e+01
1.936728902769141598e+02 5.317927868500717636e+01
1.936168168441325292e+02 5.309647910689179895e+01
1.935607434113508987e+02 5.301367952877642153e+01
1.935046699785692681e+02 5.293087995066104412e+01
1.934485965457876375e+02 5.284808037254566671e+01
1.933925231130060070e+02 5.276528079443028929e+01
1.933364496802243764e+02 5.268248121631491188e+01
1.932803762474427458e+02 5.259968163819953446e+01
1.932243028146611152e+02 5.251688206008415705e+01
1.931682293818794847e+02 5.243408248196877963e+01
1.931121559490978541e+02 5.235128290385340222e+01
1.930560825163162235e+02 5.226848332573802480e+01
1.930000090835345929e+02 5.218568374762264739e+01
1.929439356507529624e+02 5.210288416950726997e+01
1.928878622179713318e+02 5.202008459139189256e+01
1.928317887851897012e+02 5.193728501327651514e+01
1.927757153524080707e+02 5.185448543516113773e+01
1.927196419196264401e+02 5.177168585704576032e+01
1.926635684868448095e+02 5.168888627893038290e+01
1.926074950540631789e+02 5.160608670081500549e+01
1.925514216212815484e+02 5.152328712269962807e+01
1.924953481884999178e+02 5.144048754458425066e+01
1.924392747557182872e+02 5.135768796646887324e+01
1.923832013229366567e+02 5.127488838835349583e+01
1.923271278901550261e+02 5.119208881023811841e+01
1.922710544573733955e+02 5.110928923212274100e+01
1.922149810245917649e+02 5.102648965400736358e+01
1.921589075918101344e+02 5.094369007589198617e+01
1.921028341590285038e+02 5.086089049777660875e+01
1.920467607262468732e+02 5.077809091966123134e+01
1.919906872934652426e+02 5.069529134154585392e+01
1.919346138606836121e+02 5.061249176343047651e+01
1.918785404279019815e+02 5.052969218531509910e+01
1.918224669951203509e+02 5.044689260719972168e+01
1.917663935623387204e+02 5.036409302908434427e+01
1.917103201295570898e+02 5.028129345096896685e+01
1.916542466967754592e+02 5.019849387285358944e+01
1.915981732639938286e+02 5.011569429473821202e+01
1.915420998312121981e+02 5.003289471662283461e+01
1.914860263984305675e+02 4.995009513850745719e+01
1.914299529656489369e+02 4.986729556039207978e+01
1.913738795328673064e+02 4.978449598227670236e+01
1.913178061000856758e+02 4.970169640416132495e+01
1.912617326673040452e+02 4.961889682604594753e+01
1.912056592345224146e+02 4.953609724793057012e+01
1.911495858017407841e+02 4.945329766981519271e+01
1.910935123689591535e+02 4.937049809169981529e+01
1.910374389361775229e+02 4.928769851358443788e+01
1.909813655033958923e+02 4.920489893546906046e+01
1.909252920706142618e+02 4.912209935735368305e+01
1.908692186378326312e+02 4.903929977923830563e+01
1.908131452050510006e+02 4.895650020112292822e+01
1.907570717722693701e+02 4.887370062300755080e+01
1.907009983394877395e+02 4.879090104489217339e+01
1.906449249067061089e+02 4.870810146677679597e+01
1.905888514739244783e+02 4.862530188866141856e+01
1.905327780411428478e+02 4.854250231054604114e+01
1.904767046083612172e+02 4.845970273243066373e+01
1.904206311755795866e+02 4.837690315431528632e+01
1.903645577427979561e+02 4.829410357619990890e+01
1.903084843100163255e+02 4.821130399808453149e+01
1.902524108772346949e+02 4.812850441996915407e+01
1.901963374444530643e+02 4.804570484185377666e+01
1.901402640116714338e+02 4.796290526373839924e+01
1.900841905788898032e+02 4.788010568562302183e+01
1.900281171461081726e+02 4.779730610750764441e+01
1.899720437133265420e+02 4.771450652939226700e+01
1.899159702805449115e+02 4.763170695127688958e+01
1.898598968477632809e+02 4.754890737316151217e+01
1.898038234149816503e+02 4.746610779504613475e+01
1.897477499822000198e+02 4.738330821693075734e+01
1.896916765494183892e+02 4.730050863881537992e+01
1.896356031166367586e+02 4.721770906070000251e+01
1.895795296838551280e+02 4.713490948258462510e+01
1.895234562510734975e+02 4.705210990446924768e+01
1.894673828182918669e+02 4.696931032635387027e+01
1.894113093855102363e+02 4.688651074823849285e+01
1.893552359527286058e+02 4.680371117012311544e+01
1.892991625199469752e+02 4.672091159200773802e+01
1.892430890871653446e+02 4.663811201389236061e+01
1.891870156543837140e+02 4.655531243577698319e+01
1.891309422216020835e+02 4.647251285766160578e+01
1.890748687888204529e+02 4.638971327954622836e+01
1.890187953560388223e+02 4.630691370143085095e+01
1.889627219232571917e+02 4.622411412331547353e+01
1.889066484904755612e+02 4.614131454520009612e+01
1.888505750576939306e+02 4.605851496708471871e+01
1.887945016249123000e+02 4.597571538896934129e+01
1.887384281921306695e+02 4.589291581085396388e+01
1.886823547593490389e+02 4.581011623273858646e+01
1.886262813265674083e+02 4.572731665462320905e+01
1.885702078937857777e+02 4.564451707650783163e+01
1.885141344610041472e+02 4.556171749839245422e+01
1.884580610282225166e+02 4.547891792027707680e+01
1.884019875954408860e+02 4.539611834216169939e+01
1.883459141626592555e+02 4.531331876404632197e+01
1.882898407298776249e+02 4.523051918593094456e+01
1.882337672970959943e+02 4.514771960781556714e+01
1.881776938643143637e+02 4.506492002970018973e+01
1.881216204315327332e+02 4.498212045158481232e+01
1.880655469987511026e+02 4.489932087346943490e+01
1.880094735659694720e+02 4.481652129535405749e+01
1.879534001331878414e+02 4.473372171723868007e+01
1.878973267004062109e+02 4.465092213912330266e+01
1.878412532676245803e+02 4.456812256100792524e+01
1.877851798348429497e+02 4.448532298289254783e+01
1.877291064020613192e+02 4.440252340477717041e+01
1.876730329692796886e+02 4.431972382666179300e+01
1.876169595364980580e+02 4.423692424854641558e+01
1.875608861037164274e+02 4.415412467043103817e+01
1.875048126709347969e+02 4.407132509231566075e+01
1.874487392381531663e+02 4.398852551420028334e+01
1.873926658053715357e+02 4.390572593608490592e+01
1.873365923725899052e+02 4.382292635796952851e+01
1.872805189398082746e+02 4.374012677985415110e+01
1.872244455070266440e+02 4.365732720173877368e+01
1.871683720742450134e+02 4.357452762362339627e+01
1.871122986414633829e+02 4.349172804550801885e+01
1.870562252086817523e+02 4.340892846739264144e+01
1.870001517759001217e+02 4.332612888927726402e+01
1.869440783431184911e+02 4.324332931116188661e+01
1.868880049103368606e+02 4.316052973304650919e+01
1.868319314775552300e+02 4.307773015493113178e+01
1.867758580447735994e+02 4.299493057681575436e+01
1.867197846119919689e+02 4.291213099870037695e+01
1.866637111792103383e+02 4.282933142058499953e+01
1.866076377464287077e+02 4.274653184246962212e+01
1.865515643136470771e+02 4.266373226435424471e+01
1.864954908808654466e+02 4.258093268623886729e+01
1.864394174480838160e+02 4.249813310812348988e+01
1.863833440153021854e+02 4.241533353000811246e+01
1.863272705825205549e+02 4.233253395189273505e+01
1.862711971497389243e+02 4.224973437377735763e+01
1.862151237169572937e+02 4.216693479566198022e+01
1.861590502841756631e+02 4.208413521754660280e+01
1.861029768513940326e+02 4.200133563943122539e+01
1.860469034186124020e+02 4.191853606131584797e+01
1.859908299858307714e+02 4.183573648320047056e+01
1.859347565530491408e+02 4.175293690508509314e+01
1.858786831202675103e+02 4.167013732696971573e+01
1.858226096874858797e+02 4.158733774885433832e+01
1.857665362547042491e+02 4.150453817073896090e+01
1.857104628219226186e+02 4.142173859262358349e+01
1.856543893891409880e+02 4.133893901450820607e+01
1.855983159563593574e+02 4.125613943639282866e+01
1.855422425235777268e+02 4.117333985827745124e+01
1.854861690907960963e+02 4.109054028016207383e+01
1.854300956580144657e+02 4.100774070204669641e+01
1.853740222252328351e+02 4.092494112393131900e+01
1.853179487924512046e+02 4.084214154581594158e+01
1.852618753596695740e+02 4.075934196770056417e+01
1.852058019268879434e+02 4.067654238958518675e+01
1.851497284941063128e+02 4.059374281146980934e+01
1.850936550613246823e+02 4.051094323335443192e+01
1.850375816285430517e+02 4.042814365523905451e+01
1.849815081957614211e+02 4.034534407712367710e+01
1.849254347629797905e+02 4.026254449900829968e+01
1.848693613301981600e+02 4.017974492089292227e+01
1.848132878974165294e+02 4.009694534277754485e+01
1.847572144646348988e+02 4.001414576466216744e+01
1.847011410318532683e+02 3.993134618654679002e+01
1.846450675990716377e+02 3.984854660843141261e+01
1.845889941662900071e+02 3.976574703031603519e+01
1.845329207335083765e+02 3.968294745220065778e+01
1.844768473007267460e+02 3.960014787408528036e+01
1.844207738679451154e+02 3.951734829596990295e+01
1.843647004351634848e+02 3.943454871785452553e+01
1.843086270023818543e+02 3.935174913973914812e+01
1.842525535696002237e+02 3.926894956162377071e+01
1.841964801368185931e+02 3.918614998350839329e+01
1.841404067040369625e+02 3.910335040539301588e+01
1.840843332712553320e+02 3.902055082727763846e+01
1.840282598384737014e+02 3.893775124916226105e+01
1.839721864056920708e+02 3.885495167104688363e+01
1.839161129729104402e+02 3.877215209293150622e+01
1.838600395401288097e+02 3.868935251481612880e+01
1.838039661073471791e+02 3.860655293670075139e+01
1.837478926745655485e+02 3.852375335858537397e+01
1.836918192417839180e+02 3.844095378046999656e+01
1.836357458090022874e+02 3.835815420235461914e+01
1.835796723762206568e+02 3.827535462423924173e+01
1.835235989434390262e+02 3.819255504612386432e+01
1.834675255106573957e+02 3.810975546800848690e+01
1.834114520778757651e+02 3.802695588989310949e+01
1.833553786450941345e+02 3.794415631177773207e+01
1.832993052123125040e+02 3.786135673366235466e+01
1.832432317795308734e+02 3.777855715554697724e+01
1.831871583467492428e+02 3.769575757743159983e+01
1.831310849139676122e+02 3.761295799931622241e+01
1.830750114811859817e+02 3.753015842120084500e+01
1.830189380484043511e+02 3.744735884308546758e+01
1.829628646156227205e+02 3.736455926497009017e+01
1.829067911828410899e+02 3.728175968685471275e+01
1.828507177500594594e+02 3.719896010873933534e+01
1.827946443172778288e+02 3.711616053062395792e+01
1.827385708844961982e+02 3.703336095250858051e+01
1.826824974517145677e+02 3.695056137439320310e+01
1.826264240189329371e+02 3.686776179627782568e+01
1.825703505861513065e+02 3.678496221816244827e+01
1.825142771533696759e+02 3.670216264004707085e+01
1.824582037205880454e+02 3.661936306193169344e+01
1.824021302878064148e+02 3.653656348381631602e+01
1.823460568550247842e+02 3.645376390570093861e+01
1.822899834222431537e+02 3.637096432758556119e+01
1.822339099894615231e+02 3.628816474947018378e+01
1.821778365566798925e+02 3.620536517135480636e+01
1.821217631238982619e+02 3.612256559323942895e+01
1.820656896911166314e+02 3.603976601512405153e+01
1.820096162583350008e+02 3.595696643700867412e+01
1.819535428255533702e+02 3.587416685889329671e+01
1.818974693927717396e+02 3.579136728077791929e+01
1.818413959599901091e+02 3.570856770266254188e+01
1.817853225272084785e+02 3.562576812454716446e+01
1.817292490944268479e+02 3.554296854643178705e+01
1.816731756616452174e+02 3.546016896831640963e+01
1.816171022288635868e+02 3.537736939020103222e+01
1.815610287960819562e+02 3.529456981208565480e+01
1.815049553633003256e+02 3.521177023397027739e+01
1.814488819305186951e+02 3.512897065585489997e+01
1.813928084977370645e+02 3.504617107773952256e+01
1.813367350649554339e+02 3.496337149962414514e+01
1.812806616321738034e+02 3.488057192150876773e+01
1.812245881993921728e+02 3.479777234339339032e+01
1.811685147666105422e+02 3.471497276527801290e+01
1.811124413338289116e+02 3.463217318716263549e+01
1.810563679010472811e+02 3.454937360904725807e+01
1.810002944682656505e+02 3.446657403093188066e+01
1.809442210354840199e+02 3.438377445281650324e+01
1.808881476027023893e+02 3.430097487470112583e+01
1.808320741699207588e+02 3.421817529658574841e+01
1.807760007371391282e+02 3.413537571847037100e+01
1.807199273043574976e+02 3.405257614035499358e+01
1.806638538715758671e+02 3.396977656223961617e+01
1.806077804387942365e+02 3.388697698412423875e+01
1.805517070060126059e+02 3.380417740600886134e+01
1.804956335732309753e+02 3.372137782789348392e+01
1.804395601404493448e+02 3.363857824977810651e+01
1.803834867076677142e+02 3.355577867166272910e+01
1.803274132748860836e+02 3.347297909354735168e+01
1.802713398421044531e+02 3.339017951543197427e+01
1.802152664093228225e+02 3.330737993731659685e+01
1.801591929765411919e+02 3.322458035920121944e+01
1.801031195437595613e+02 3.314178078108584202e+01
1.800470461109779308e+02 3.305898120297046461e+01
1.799909726781963002e+02 3.297618162485508719e+01
1.799348992454146696e+02 3.289338204673970978e+01
1.798788258126330390e+02 3.281058246862433236e+01
1.798227523798514085e+02 3.272778289050895495e+01
1.797666789470697779e+02 3.264498331239357753e+01
1.797106055142881473e+02 3.256218373427820012e+01
1.796545320815065168e+02 3.247938415616282271e+01
1.795984586487248862e+02 3.239658457804744529e+01
1.795423852159432556e+02 3.231378499993206788e+01
1.794863117831616250e+02 3.223098542181669046e+01
1.794302383503799945e+02 3.214818584370131305e+01
1.793741649175983639e+02 3.206538626558593563e+01
1.793180914848167333e+02 3.198258668747055466e+01
1.792620180520351028e+02 3.189978710935517370e+01
1.792059446192534722e+02 3.181698753123979273e+01
1.791498711864718416e+02 3.173418795312441176e+01
1.790937977536902110e+02 3.165138837500903080e+01
1.790377243209085805e+02 3.156858879689364983e+01
1.789816508881269499e+02 3.148578921877826886e+01
1.789255774553453193e+02 3.140298964066288789e+01
1.788695040225636887e+02 3.132019006254750693e+01
1.788134305897820582e+02 3.123739048443212596e+01
1.787573571570004276e+02 3.115459090631674499e+01
1.787012837242187970e+02 3.107179132820136402e+01
1.786452102914371665e+02 3.098899175008598306e+01
1.785891368586555359e+02 3.090619217197060209e+01
1.785330634258739053e+02 3.082339259385522112e+01
1.784769899930922747e+02 3.074059301573984015e+01
1.784209165603106442e+02 3.065779343762445919e+01
1.783648431275290136e+02 3.057499385950907822e+01
1.783087696947473830e+02 3.049219428139369725e+01
1.782526962619657525e+02 3.040939470327831629e+01
1.781966228291841219e+02 3.032659512516293532e+01
1.781405493964024913e+02 3.024379554704755435e+01
1.780844759636208607e+02 3.016099596893217338e+01
1.780284025308392302e+02 3.007819639081679242e+01
1.779723290980575996e+02 2.999539681270141145e+01
1.779162556652759690e+02 2.991259723458603048e+01
1.778601822324943385e+02 2.982979765647064951e+01
1.778041087997127079e+02 2.974699807835526855e+01
1.777480353669310773e+02 2.966419850023988758e+01
1.776919619341494467e+02 2.958139892212450661e+01
1.776358885013678162e+02 2.949859934400912564e+01
1.775798150685861856e+02 2.941579976589374468e+01
1.775237416358045550e+02 2.933300018777836371e+01
1.774676682030229244e+02 2.925020060966298274e+01
1.774115947702412939e+02 2.916740103154760178e+01
1.773555213374596633e+02 2.908460145343222081e+01
1.772994479046780327e+02 2.900180187531683984e+01
1.772433744718964022e+02 2.891900229720145887e+01
1.771873010391147716e+02 2.883620271908607791e+01
1.771312276063331410e+02 2.875340314097069694e+01
1.770751541735515104e+02 2.867060356285531597e+01
1.770190807407698799e+02 2.858780398473993500e+01
1.769630073079882493e+02 2.850500440662455404e+01
1.769069338752066187e+02 2.842220482850917307e+01
1.768508604424249882e+02 2.833940525039379210e+01
1.767947870096433576e+02 2.825660567227841113e+01
1.767387135768617270e+02 2.817380609416303017e+01
1.766826401440800964e+02 2.809100651604764920e+01
1.766265667112984659e+02 2.800820693793226823e+01
1.765704932785168353e+02 2.792540735981688726e+01
1.765144198457352047e+02 2.784260778170150630e+01
1.764583464129535741e+02 2.775980820358612533e+01
1.764022729801719436e+02 2.767700862547074436e+01
1.763461995473903130e+02 2.759420904735536340e+01
1.762901261146086824e+02 2.751140946923998243e+01
1.762340526818270519e+02 2.742860989112460146e+01
1.761779792490454213e+02 2.734581031300922049e+01
1.761219058162637907e+02 2.726301073489383953e+01
1.760658323834821601e+02 2.718021115677845856e+01
1.760097589507005296e+02 2.709741157866307759e+01
1.759536855179188990e+02 2.701461200054769662e+01
1.758976120851372684e+02 2.693181242243231566e+01
1.758415386523556379e+02 2.684901284431693469e+01
1.757854652195740073e+02 2.676621326620155372e+01
1.757293917867923767e+02 2.668341368808617275e+01
1.756733183540107461e+02 2.660061410997079179e+01
1.756172449212291156e+02 2.651781453185541082e+01
1.755611714884474850e+02 2.643501495374002985e+01
1.755050980556658544e+02 2.635221537562464889e+01
1.754490246228842238e+02 2.626941579750926792e+01
1.753929511901025933e+02 2.618661621939388695e+01
1.753368777573209627e+02 2.610381664127850598e+01
1.752808043245393321e+02 2.602101706316312502e+01
1.752247308917577016e+02 2.593821748504774405e+01
1.751686574589760710e+02 2.585541790693236308e+01
1.751125840261944404e+02 2.577261832881698211e+01
1.750565105934128098e+02 2.568981875070160115e+01
1.750004371606311793e+02 2.560701917258622018e+01
1.749443637278495487e+02 2.552421959447083921e+01
1.748882902950679181e+02 2.544142001635545824e+01
1.748322168622862876e+02 2.535862043824007728e+01
1.747761434295046570e+02 2.527582086012469631e+01
1.747200699967230264e+02 2.519302128200931534e+01
1.746639965639413958e+02 2.511022170389393438e+01
1.746079231311597653e+02 2.502742212577855341e+01
1.745518496983781347e+02 2.494462254766317244e+01
1.744957762655965041e+02 2.486182296954779147e+01
1.744397028328148735e+02 2.477902339143241051e+01
1.743836294000332430e+02 2.469622381331702954e+01
1.743275559672516124e+02 2.461342423520164857e+01
1.742714825344699818e+02 2.453062465708626760e+01
1.742154091016883513e+02 2.444782507897088664e+01
1.741593356689067207e+02 2.436502550085550567e+01
1.741032622361250901e+02 2.428222592274012470e+01
1.740471888033434595e+02 2.419942634462474373e+01
1.739911153705618290e+02 2.411662676650936277e+01
1.739350419377801984e+02 2.403382718839398180e+01
1.738789685049985678e+02 2.395102761027860083e+01
1.738228950722169373e+02 2.386822803216321986e+01
1.737145584412817811e+02 2.370825517351682521e+01
1.738065928879350963e+02 2.366914429741801129e+01
1.738986273345884115e+02 2.363003342131919737e+01
1.739906617812417267e+02 2.359092254522038345e+01
1.740826962278950418e+02 2.355181166912156954e+01
1.741747306745483570e+02 2.351270079302275562e+01
1.742667651212016722e+02 2.347358991692394170e+01
1.743587995678549873e+02 2.343447904082512778e+01
1.744508340145083025e+02 2.339536816472631386e+01
1.745428684611616177e+02 2.335625728862749995e+01
1.746349029078149329e+02 2.331714641252868603e+01
1.747269373544682480e+02 2.327803553642987211e+01
1.748189718011215632e+02 2.323892466033105819e+01
1.749110062477748784e+02 2.319981378423224427e+01
1.750030406944281935e+02 2.316070290813343036e+01
1.750950751410815087e+02 2.312159203203461644e+01
1.751871095877348239e+02 2.308248115593580252e+01
1.752791440343881391e+02 2.304337027983698860e+01
1.753711784810414542e+02 2.300425940373817468e+01
1.754632129276947694e+02 2.296514852763936076e+01
1.755552473743480846e+02 2.292603765154054685e+01
1.756472818210013997e+02 2.288692677544173293e+01
1.757393162676547149e+02 2.284781589934291901e+01
1.758313507143080301e+02 2.280870502324410509e+01
1.759233851609613453e+02 2.276959414714529117e+01
1.760154196076146604e+02 2.273048327104647726e+01
1.761074540542679756e+02 2.269137239494766334e+01
1.761994885009212908e+02 2.265226151884884942e+01
1.762915229475746060e+02 2.261315064275003550e+01
1.763835573942279211e+02 2.257403976665122158e+01
1.764755918408812363e+02 2.253492889055240767e+01
1.765676262875345515e+02 2.249581801445359375e+01
1.766596607341878666e+02 2.245670713835477983e+01
1.767516951808411818e+02 2.241759626225596591e+01
1.768437296274944970e+02 2.237848538615715199e+01
1.769357640741478122e+02 2.233937451005833807e+01
1.770277985208011273e+02 2.230026363395952416e+01
1.771198329674544425e+02 2.226115275786071024e+01
1.772118674141077577e+02 2.222204188176189632e+01
1.773039018607610728e+02 2.218293100566308240e+01
1.773959363074143880e+02 2.214382012956426848e+01
1.774879707540677032e+02 2.210470925346545457e+01
1.775800052007210184e+02 2.206559837736664065e+01
1.776720396473743335e+02 2.202648750126782673e+01
1.777640740940276487e+02 2.198737662516901281e+01
1.778561085406809639e+02 2.194826574907019889e+01
1.779481429873342790e+02 2.190915487297138498e+01
1.780401774339875942e+02 2.187004399687257106e+01
1.781322118806409094e+02 2.183093312077375714e+01
1.782242463272942246e+02 2.179182224467494322e+01
1.783162807739475397e+02 2.175271136857612930e+01
1.784083152206008549e+02 2.171360049247731538e+01
1.785003496672541701e+02 2.167448961637850147e+01
1.785923841139074852e+02 2.163537874027968755e+01
1.786844185605608004e+02 2.159626786418087363e+01
1.787764530072141156e+02 2.155715698808205971e+01
1.788684874538674308e+02 2.151804611198324579e+01
1.789605219005207459e+02 2.147893523588443188e+01
1.790525563471740611e+02 2.143982435978561796e+01
1.791445907938273763e+02 2.140071348368680404e+01
1.792366252404806914e+02 2.136160260758799012e+01
1.793286596871340066e+02 2.132249173148917620e+01
1.794206941337873218e+02 2.128338085539036229e+01
1.795127285804406370e+02 2.124426997929154837e+01
1.796047630270939521e+02 2.120515910319273445e+01
1.796967974737472673e+02 2.116604822709392053e+01
1.797888319204005825e+02 2.112693735099510661e+01
1.798808663670538976e+02 2.108782647489629269e+01
1.799729008137072128e+02 2.104871559879747878e+01
1.800649352603605280e+02 2.100960472269866486e+01
1.801569697070138432e+02 2.097049384659985094e+01
1.802490041536671583e+02 2.093138297050103702e+01
1.803410386003204735e+02 2.089227209440222310e+01
1.804330730469737887e+02 2.085316121830340919e+01
1.805251074936271038e+02 2.081405034220459527e+01
1.806171419402804190e+02 2.077493946610578135e+01
1.807091763869337342e+02 2.073582859000696743e+01
1.808012108335870494e+02 2.069671771390815351e+01
1.808932452802403645e+02 2.065760683780933959e+01
1.809852797268936797e+02 2.061849596171052568e+01
1.810773141735469949e+02 2.057938508561171176e+01
1.811693486202003101e+02 2.054027420951289784e+01
1.812613830668536252e+02 2.050116333341408392e+01
1.813534175135069404e+02 2.046205245731527000e+01
1.814454519601602556e+02 2.042294158121645609e+01
1.815374864068135707e+02 2.038383070511764217e+01
1.816295208534668859e+02 2.034471982901882825e+01
1.817215553001202011e+02 2.030560895292001433e+01
1.818135897467735163e+02 2.026649807682120041e+01
1.819056241934268314e+02 2.022738720072238650e+01
1.819976586400801466e+02 2.018827632462357258e+01
1.820896930867334618e+02 2.014916544852475866e+01
1.821817275333867769e+02 2.011005457242594474e+01
1.822737619800400921e+02 2.007094369632713082e+01
1.823657964266934073e+02 2.003183282022831690e+01
1.824578308733467225e+02 1.999272194412950299e+01
1.825498653200000376e+02 1.995361106803068907e+01
1.826418997666533528e+02 1.991450019193187515e+01
1.827339342133066680e+02 1.987538931583306123e+01
1.828259686599599831e+02 1.983627843973424731e+01
1.829180031066132983e+02 1.979716756363543340e+01
1.830100375532666135e+02 1.975805668753661948e+01
1.831020719999199287e+02 1.971894581143780556e+01
1.831941064465732438e+02 1.967983493533899164e+01
1.832861408932265590e+02 1.964072405924017772e+01
1.833781753398798742e+02 1.960161318314136381e+01
1.834702097865331893e+02 1.956250230704254989e+01
1.835622442331865045e+02 1.952339143094373597e+01
1.836542786798398197e+02 1.948428055484492205e+01
1.837463131264931349e+02 1.944516967874610813e+01
1.838383475731464500e+02 1.940605880264729421e+01
1.839303820197997652e+02 1.936694792654848030e+01
1.840224164664530804e+02 1.932783705044966638e+01
1.841144509131063955e+02 1.928872617435085246e+01
1.842064853597597107e+02 1.924961529825203854e+01
1.842985198064130259e+02 1.921050442215322462e+01
1.843905542530663411e+02 1.917139354605441071e+01
1.844825886997196562e+02 1.913228266995559679e+01
1.845746231463729714e+02 1.909317179385678287e+01
1.846666575930262866e+02 1.905406091775796895e+01
1.847586920396796017e+02 1.901495004165915503e+01
1.848507264863329169e+02 1.897583916556034112e+01
1.849427609329862321e+02 1.893672828946152720e+01
1.850347953796395473e+02 1.889761741336271328e+01
1.851268298262928624e+02 1.885850653726389936e+01
1.852188642729461776e+02 1.881939566116508544e+01
1.853108987195994928e+02 1.878028478506627152e+01
1.854029331662528080e+02 1.874117390896745761e+01
1.854949676129061231e+02 1.870206303286864369e+01
1.855870020595594383e+02 1.866295215676982977e+01
1.856790365062127535e+02 1.862384128067101585e+01
1.857710709528660686e+02 1.858473040457220193e+01
1.858631053995193838e+02 1.854561952847338802e+01
1.859551398461726990e+02 1.850650865237457410e+01
1.860471742928260142e+02 1.846739777627576018e+01
1.861392087394793293e+02 1.842828690017694626e+01
1.862312431861326445e+02 1.838917602407813234e+01
1.863232776327859597e+02 1.835006514797931843e+01
1.864153120794392748e+02 1.831095427188050451e+01
1.865073465260925900e+02 1.827184339578169059e+01
1.865993809727459052e+02 1.823273251968287667e+01
1.866914154193992204e+02 1.819362164358406275e+01
1.867834498660525355e+02 1.815451076748524883e+01
1.868754843127058507e+02 1.811539989138643492e+01
1.869675187593591659e+02 1.807628901528762100e+01
1.870595532060124810e+02 1.803717813918880708e+01
1.871515876526657962e+02 1.799806726308999316e+01
1.872436220993191114e+02 1.795895638699117924e+01
1.873356565459724266e+02 1.791984551089236533e+01
1.874276909926257417e+02 1.788073463479355141e+01
1.875197254392790569e+02 1.784162375869473749e+01
1.876117598859323721e+02 1.780251288259592357e+01
1.877037943325856872e+02 1.776340200649710965e+01
1.877958287792390024e+02 1.772429113039829573e+01
1.878878632258923176e+02 1.768518025429948182e+01
1.879798976725456328e+02 1.764606937820066790e+01
1.880719321191989479e+02 1.760695850210185398e+01
1.881639665658522631e+02 1.756784762600304006e+01
1.882560010125055783e+02 1.752873674990422614e+01
1.883480354591588934e+02 1.748962587380541223e+01
1.884400699058122086e+02 1.745051499770659831e+01
1.885321043524655238e+02 1.741140412160778439e+01
1.886241387991188390e+02 1.737229324550897047e+01
1.887161732457721541e+02 1.733318236941015655e+01
1.888082076924254693e+02 1.729407149331134264e+01
1.889002421390787845e+02 1.725496061721252872e+01
1.889922765857320996e+02 1.721584974111371480e+01
1.890843110323854148e+02 1.717673886501490088e+01
1.891763454790387300e+02 1.713762798891608696e+01
1.892683799256920452e+02 1.709851711281727304e+01
1.893604143723453603e+02 1.705940623671845913e+01
1.894524488189986755e+02 1.702029536061964521e+01
1.895444832656519907e+02 1.698118448452083129e+01
1.896365177123053058e+02 1.694207360842201737e+01
1.897285521589586210e+02 1.690296273232320345e+01
1.898205866056119362e+02 1.686385185622438954e+01
1.899126210522652514e+02 1.682474098012557562e+01
1.900046554989185665e+02 1.678563010402676170e+01
1.900966899455718817e+02 1.674651922792794778e+01
1.901887243922251969e+02 1.670740835182913386e+01
1.902807588388785121e+02 1.666829747573031995e+01
1.903727932855318272e+02 1.662918659963150603e+01
1.904648277321851424e+02 1.659007572353269211e+01
1.905568621788384576e+02 1.655096484743387819e+01
1.906488966254917727e+02 1.651185397133506427e+01
1.907409310721450879e+02 1.647274309523625035e+01
1.908329655187984031e+02 1.643363221913743644e+01
1.909249999654517183e+02 1.639452134303862252e+01
1.910170344121050334e+02 1.635541046693980860e+01
1.911090688587583486e+02 1.631629959084099468e+01
1.912011033054116638e+02 1.627718871474218076e+01
1.912931377520649789e+02 1.623807783864336685e+01
1.913851721987182941e+02 1.619896696254455293e+01
1.914772066453716093e+02 1.615985608644573901e+01
1.915692410920249245e+02 1.612074521034692509e+01
1.916612755386782396e+02 1.608163433424811117e+01
1.917533099853315548e+02 1.604252345814929726e+01
1.918453444319848700e+02 1.600341258205048334e+01
1.919373788786381851e+02 1.596430170595166764e+01
1.920294133252915003e+02 1.592519082985285195e+01
1.921214477719448155e+02 1.588607995375403625e+01
1.922134822185981307e+02 1.584696907765522056e+01
1.923055166652514458e+02 1.580785820155640486e+01
1.923975511119047610e+02 1.576874732545758917e+01
1.924895855585580762e+02 1.572963644935877348e+01
1.925816200052113913e+02 1.569052557325995778e+01
1.926736544518647065e+02 1.565141469716114209e+01
1.927656888985180217e+02 1.561230382106232639e+01
1.928577233451713369e+02 1.557319294496351070e+01
1.929497577918246520e+02 1.553408206886469500e+01
1.930417922384779672e+02 1.549497119276587931e+01
1.931338266851312824e+02 1.545586031666706361e+01
1.932258611317845975e+02 1.541674944056824792e+01
1.933178955784379127e+02 1.537763856446943223e+01
1.934099300250912279e+02 1.533852768837061653e+01
1.935019644717445431e+02 1.529941681227180084e+01
1.935939989183978582e+02 1.526030593617298514e+01
1.936860333650511734e+02 1.522119506007416945e+01
1.937780678117044886e+02 1.518208418397535375e+01
1.938701022583578037e+02 1.514297330787653806e+01
1.939621367050111189e+02 1.510386243177772236e+01
1.940541711516644341e+02 1.506475155567890667e+01
1.941462055983177493e+02 1.502564067958009097e+01
1.942382400449710644e+02 1.498652980348127528e+01
1.943302744916243796e+02 1.494741892738245959e+01
1.944223089382776948e+02 1.490830805128364389e+01
1.945143433849310100e+02 1.486919717518482820e+01
1.946063778315843251e+02 1.483008629908601250e+01
1.946984122782376403e+02 1.479097542298719681e+01
1.947904467248909555e+02 1.475186454688838111e+01
1.948824811715442706e+02 1.471275367078956542e+01
1.949745156181975858e+02 1.467364279469074972e+01
1.950665500648509010e+02 1.463453191859193403e+01
1.951585845115042162e+02 1.459542104249311834e+01
1.952506189581575313e+02 1.455631016639430264e+01
1.953426534048108465e+02 1.451719929029548695e+01
1.954346878514641617e+02 1.447808841419667125e+01
1.955267222981174768e+02 1.443897753809785556e+01
1.956187567447707920e+02 1.439986666199903986e+01
1.957107911914241072e+02 1.436075578590022417e+01
1.958028256380774224e+02 1.432164490980140847e+01
1.958948600847307375e+02 1.428253403370259278e+01
1.959868945313840527e+02 1.424342315760377709e+01
1.960789289780373679e+02 1.420431228150496139e+01
1.961709634246906830e+02 1.416520140540614570e+01
1.962629978713439982e+02 1.412609052930733000e+01
1.963550323179973134e+02 1.408697965320851431e+01
1.964470667646506286e+02 1.404786877710969861e+01
1.965391012113039437e+02 1.400875790101088292e+01
1.966311356579572589e+02 1.396964702491206722e+01
1.967231701046105741e+02 1.393053614881325153e+01
1.968152045512638892e+02 1.389142527271443583e+01
1.969072389979172044e+02 1.385231439661562014e+01
1.969992734445705196e+02 1.381320352051680445e+01
1.970913078912238348e+02 1.377409264441798875e+01
1.971833423378771499e+02 1.373498176831917306e+01
1.972753767845304651e+02 1.369587089222035736e+01
1.973674112311837803e+02 1.365676001612154167e+01
1.974594456778370954e+02 1.361764914002272597e+01
1.975514801244904106e+02 1.357853826392391028e+01
1.976435145711437258e+02 1.353942738782509458e+01
1.977355490177970410e+02 1.350031651172627889e+01
1.978275834644503561e+02 1.346120563562746320e+01
1.979196179111036713e+02 1.342209475952864750e+01
1.980116523577569865e+02 1.338298388342983181e+01
1.981036868044103016e+02 1.334387300733101611e+01
1.981957212510636168e+02 1.330476213123220042e+01
1.982877556977169320e+02 1.326565125513338472e+01
1.983797901443702472e+02 1.322654037903456903e+01
1.984718245910235623e+02 1.318742950293575333e+01
1.985638590376768775e+02 1.314831862683693764e+01
1.986558934843301927e+02 1.310920775073812194e+01
1.987479279309835078e+02 1.307009687463930625e+01
1.988399623776368230e+02 1.303098599854049056e+01
1.989319968242901382e+02 1.299187512244167486e+01
1.990240312709434534e+02 1.295276424634285917e+01
1.991160657175967685e+02 1.291365337024404347e+01
1.992081001642500837e+02 1.287454249414522778e+01
1.993001346109033989e+02 1.283543161804641208e+01
1.993921690575567141e+02 1.279632074194759639e+01
1.994842035042100292e+02 1.275720986584878069e+01
1.995762379508633444e+02 1.271809898974996500e+01
1.996682723975166596e+02 1.267898811365114931e+01
1.997603068441699747e+02 1.263987723755233361e+01
1.998523412908232899e+02 1.260076636145351792e+01
1.999443757374766051e+02 1.256165548535470222e+01
2.000364101841299203e+02 1.252254460925588653e+01
2.001284446307832354e+02 1.248343373315707083e+01
2.002204790774365506e+02 1.244432285705825514e+01
2.003125135240898658e+02 1.240521198095943944e+01
2.004045479707431809e+02 1.236610110486062375e+01
2.004965824173964961e+02 1.232699022876180805e+01
2.005886168640498113e+02 1.228787935266299236e+01
2.006806513107031265e+02 1.224876847656417667e+01
2.007726857573564416e+02 1.220965760046536097e+01
2.008647202040097568e+02 1.217054672436654528e+01
2.009567546506630720e+02 1.213143584826772958e+01
2.010487890973163871e+02 1.209232497216891389e+01
2.011408235439697023e+02 1.205321409607009819e+01
2.012328579906230175e+02 1.201410321997128250e+01
2.013248924372763327e+02 1.197499234387246680e+01
2.014169268839296478e+02 1.193588146777365111e+01
2.015089613305829630e+02 1.189677059167483542e+01
2.016009957772362782e+02 1.185765971557601972e+01
2.016930302238895933e+02 1.181854883947720403e+01
2.017850646705429085e+02 1.177943796337838833e+01
2.018770991171962237e+02 1.174032708727957264e+01
2.019691335638495389e+02 1.170121621118075694e+01
2.020611680105028540e+02 1.166210533508194125e+01
2.021532024571561692e+02 1.162299445898312555e+01
2.022452369038094844e+02 1.158388358288430986e+01
2.023372713504627995e+02 1.154477270678549417e+01
2.024293057971161147e+02 1.150566183068667847e+01
2.025213402437694299e+02 1.146655095458786278e+01
2.026133746904227451e+02 1.142744007848904708e+01
2.027054091370760602e+02 1.138832920239023139e+01
2.027974435837293754e+02 1.134921832629141569e+01
2.028894780303826906e+02 1.131010745019260000e+01
2.029815124770360057e+02 1.127099657409378430e+01
2.030735469236893209e+02 1.123188569799496861e+01
2.031655813703426361e+02 1.119277482189615291e+01
2.032576158169959513e+02 1.115366394579733722e+01
2.033633861813781039e+02 1.110871586639196806e+01
2.033411050897976224e+02 1.120620203442611817e+01
2.033188239982171410e+02 1.130368820246026829e+01
2.032965429066366596e+02 1.140117437049441840e+01
2.032742618150561782e+02 1.149866053852856851e+01
2.032519807234756968e+02 1.159614670656271862e+01
2.032296996318952154e+02 1.169363287459686873e+01
2.032074185403147339e+02 1.179111904263101884e+01
2.031851374487342525e+02 1.188860521066516895e+01
2.031628563571537711e+02 1.198609137869931907e+01
2.031405752655732897e+02 1.208357754673346918e+01
2.031182941739928083e+02 1.218106371476761929e+01
2.030960130824123269e+02 1.227854988280176940e+01
2.030737319908318455e+02 1.237603605083591951e+01
2.030514508992513640e+02 1.247352221887006962e+01
2.030291698076708826e+02 1.257100838690421973e+01
2.030068887160904012e+02 1.266849455493836984e+01
2.029846076245099198e+02 1.276598072297251996e+01
2.029623265329294384e+02 1.286346689100667007e+01
2.029400454413489570e+02 1.296095305904082018e+01
2.029177643497684755e+02 1.305843922707497029e+01
2.028954832581879941e+02 1.315592539510912040e+01
2.028732021666075127e+02 1.325341156314327051e+01
2.028509210750270313e+02 1.335089773117742062e+01
2.028286399834465499e+02 1.344838389921157074e+01
2.028063588918660685e+02 1.354587006724572085e+01
2.027840778002855870e+02 1.364335623527987096e+01
2.027617967087051056e+02 1.374084240331402107e+01
2.027395156171246242e+02 1.383832857134817118e+01
2.027172345255441428e+02 1.393581473938232129e+01
2.026949534339636614e+02 1.403330090741647140e+01
2.026726723423831800e+02 1.413078707545062151e+01
2.026503912508026986e+02 1.422827324348477163e+01
2.026281101592222171e+02 1.432575941151892174e+01
2.026058290676417357e+02 1.442324557955307185e+01
2.025835479760612543e+02 1.452073174758722196e+01
2.025612668844807729e+02 1.461821791562137207e+01
2.025389857929002915e+02 1.471570408365552218e+01
2.025167047013198101e+02 1.481319025168967229e+01
2.024944236097393286e+02 1.491067641972382241e+01
2.024721425181588472e+02 1.500816258775797252e+01
2.024498614265783658e+02 1.510564875579212263e+01
2.024275803349978844e+02 1.520313492382627274e+01
2.024052992434174030e+02 1.530062109186042285e+01
2.023830181518369216e+02 1.539810725989457296e+01
2.023607370602564401e+02 1.549559342792872307e+01
2.023384559686759587e+02 1.559307959596287319e+01
2.023161748770954773e+02 1.569056576399702330e+01
2.022938937855149959e+02 1.578805193203117341e+01
2.022716126939345145e+02 1.588553810006532352e+01
2.022493316023540331e+02 1.598302426809947363e+01
2.022270505107735517e+02 1.608051043613362552e+01
2.022047694191930702e+02 1.617799660416777741e+01
2.021824883276125888e+02 1.627548277220192929e+01
2.021602072360321074e+02 1.637296894023608118e+01
2.021379261444516260e+02 1.647045510827023307e+01
2.021156450528711446e+02 1.656794127630438496e+01
2.020933639612906632e+02 1.666542744433853684e+01
2.020710828697101817e+02 1.676291361237268873e+01
2.020488017781297003e+02 1.686039978040684062e+01
2.020265206865492189e+02 1.695788594844099251e+01
2.020042395949687375e+02 1.705537211647514440e+01
2.019819585033882561e+02 1.715285828450929628e+01
2.019596774118077747e+02 1.725034445254344817e+01
2.019373963202272932e+02 1.734783062057760006e+01
2.019151152286468118e+02 1.744531678861175195e+01
2.018928341370663304e+02 1.754280295664590383e+01
2.018705530454858490e+02 1.764028912468005572e+01
2.018482719539053676e+02 1.773777529271420761e+01
2.018259908623248862e+02 1.783526146074835950e+01
2.018037097707444048e+02 1.793274762878251138e+01
2.017814286791639233e+02 1.803023379681666327e+01
2.017591475875834419e+02 1.812771996485081516e+01
2.017368664960029605e+02 1.822520613288496705e+01
2.017145854044224791e+02 1.832269230091911894e+01
2.016923043128419977e+02 1.842017846895327082e+01
2.016700232212615163e+02 1.851766463698742271e+01
2.016477421296810348e+02 1.861515080502157460e+01
2.016254610381005534e+02 1.871263697305572649e+01
2.016031799465200720e+02 1.881012314108987837e+01
2.015808988549395906e+02 1.890760930912403026e+01
2.015586177633591092e+02 1.900509547715818215e+01
2.015363366717786278e+02 1.910258164519233404e+01
2.015140555801981463e+02 1.920006781322648592e+01
2.014917744886176649e+02 1.929755398126063781e+01
2.014694933970371835e+02 1.939504014929478970e+01
2.014472123054567021e+02 1.949252631732894159e+01
2.014249312138762207e+02 1.959001248536309348e+01
2.014026501222957393e+02 1.968749865339724536e+01
2.013803690307152578e+02 1.978498482143139725e+01
2.013580879391347764e+02 1.988247098946554914e+01
2.013358068475542950e+02 1.997995715749970103e+01
2.013135257559738136e+02 2.007744332553385291e+01
2.012912446643933322e+02 2.017492949356800480e+01
2.012689635728128508e+02 2.027241566160215669e+01
2.012466824812323694e+02 2.036990182963630858e+01
2.012244013896518879e+02 2.046738799767046046e+01
2.012021202980714065e+02 2.056487416570461235e+01
2.011798392064909251e+02 2.066236033373876424e+01
2.011575581149104437e+02 2.075984650177291613e+01
2.011352770233299623e+02 2.085733266980706802e+01
2.011129959317494809e+02 2.095481883784121990e+01
2.010907148401689994e+02 2.105230500587537179e+01
2.010684337485885180e+02 2.114979117390952368e+01
2.010461526570080366e+02 2.124727734194367557e+01
2.010238715654275552e+02 2.134476350997782745e+01
2.010015904738470738e+02 2.144224967801197934e+01
2.009793093822665924e+02 2.153973584604613123e+01
2.009570282906861109e+02 2.163722201408028312e+01
2.009347471991056295e+02 2.173470818211443500e+01
2.009124661075251481e+02 2.183219435014858689e+01
2.008901850159446667e+02 2.192968051818273878e+01
2.008679039243641853e+02 2.202716668621689067e+01
2.008456228327837039e+02 2.212465285425104256e+01
2.008233417412032225e+02 2.222213902228519444e+01
2.008010606496227410e+02 2.231962519031934633e+01
2.007787795580422596e+02 2.241711135835349822e+01
2.007564984664617782e+02 2.251459752638765011e+01
2.007342173748812968e+02 2.261208369442180199e+01
2.007119362833008154e+02 2.270956986245595388e+01
2.006896551917203340e+02 2.280705603049010577e+01
2.006673741001398525e+02 2.290454219852425766e+01
2.006450930085593711e+02 2.300202836655840954e+01
2.006228119169788897e+02 2.309951453459256143e+01
2.006005308253984083e+02 2.319700070262671332e+01
2.005782497338179269e+02 2.329448687066086521e+01
2.005559686422374455e+02 2.339197303869501710e+01
2.005336875506569640e+02 2.348945920672916898e+01
2.005114064590764826e+02 2.358694537476332087e+01
2.004891253674960012e+02 2.368443154279747276e+01
2.004668442759155198e+02 2.378191771083162465e+01
2.004445631843350384e+02 2.387940387886577653e+01
2.004222820927545570e+02 2.397689004689992842e+01
2.004000010011740756e+02 2.407437621493408031e+01
2.003777199095935941e+02 2.417186238296823220e+01
2.003554388180131127e+02 2.426934855100238408e+01
2.003331577264326313e+02 2.436683471903653597e+01
2.003108766348521499e+02 2.446432088707068786e+01
2.002885955432716685e+02 2.456180705510483975e+01
2.002663144516911871e+02 2.465929322313899164e+01
2.002440333601107056e+02 2.475677939117314352e+01
2.002217522685302242e+02 2.485426555920729541e+01
2.001994711769497428e+02 2.495175172724144730e+01
2.001771900853692614e+02 2.504923789527559919e+01
2.001549089937887800e+02 2.514672406330975107e+01
2.001326279022082986e+02 2.524421023134390296e+01
2.001103468106278171e+02 2.534169639937805485e+01
2.000880657190473357e+02 2.543918256741220674e+01
2.000657846274668543e+02 2.553666873544635862e+01
2.000435035358863729e+02 2.563415490348051051e+01
2.000212224443058915e+02 2.573164107151466240e+01
1.999989413527254101e+02 2.582912723954881429e+01
1.999766602611449287e+02 2.592661340758296618e+01
1.999543791695644472e+02 2.602409957561711806e+01
1.999320980779839658e+02 2.612158574365126995e+01
1.999098169864034844e+02 2.621907191168542184e+01
1.998875358948230030e+02 2.631655807971957373e+01
1.998652548032425216e+02 2.641404424775372561e+01
1.998429737116620402e+02 2.651153041578787750e+01
1.998206926200815587e+02 2.660901658382202939e+01
1.997984115285010773e+02 2.670650275185618128e+01
1.997761304369205959e+02 2.680398891989033316e+01
1.997538493453401145e+02 2.690147508792448505e+01
1.997315682537596331e+02 2.699896125595863694e+01
1.997092871621791517e+02 2.709644742399278883e+01
1.996870060705986702e+02 2.719393359202694072e+01
1.996647249790181888e+02 2.729141976006109260e+01
1.996424438874377074e+02 2.738890592809524449e+01
1.996201627958572260e+02 2.748639209612939638e+01
1.995978817042767446e+02 2.758387826416354827e+01
1.995756006126962632e+02 2.768136443219770015e+01
1.995533195211157818e+02 2.777885060023185204e+01
1.995310384295353003e+02 2.787633676826600393e+01
1.995087573379548189e+02 2.797382293630015582e+01
1.994864762463743375e+02 2.807130910433430770e+01
1.994641951547938561e+02 2.816879527236845959e+01
1.994419140632133747e+02 2.826628144040261148e+01
1.994196329716328933e+02 2.836376760843676337e+01
1.993973518800524118e+02 2.846125377647091526e+01
1.993750707884719304e+02 2.855873994450506714e+01
1.993527896968914490e+02 2.865622611253921903e+01
1.993305086053109676e+02 2.875371228057337092e+01
1.993082275137304862e+02 2.885119844860752281e+01
1.992859464221500048e+02 2.894868461664167469e+01
1.992636653305695233e+02 2.904617078467582658e+01
1.992413842389890419e+02 2.914365695270997847e+01
1.992191031474085605e+02 2.924114312074413036e+01
1.991968220558280791e+02 2.933862928877828224e+01
1.991745409642475977e+02 2.943611545681243413e+01
1.991522598726671163e+02 2.953360162484658602e+01
1.991299787810866349e+02 2.963108779288073791e+01
1.991076976895061534e+02 2.972857396091488980e+01
1.990854165979256720e+02 2.982606012894904168e+01
1.990631355063451906e+02 2.992354629698319357e+01
1.990408544147647092e+02 3.002103246501734546e+01
1.990185733231842278e+02 3.011851863305149735e+01
1.989962922316037464e+02 3.021600480108564923e+01
1.989740111400232649e+02 3.031349096911980112e+01
1.989517300484427835e+02 3.041097713715395301e+01
1.989294489568623021e+02 3.050846330518810490e+01
1.989071678652818207e+02 3.060594947322225678e+01
1.988848867737013393e+02 3.070343564125640867e+01
1.988626056821208579e+02 3.080092180929056056e+01
1.988403245905403764e+02 3.089840797732471245e+01
1.988180434989598950e+02 3.099589414535886434e+01
1.987957624073794136e+02 3.109338031339301622e+01
1.987734813157989322e+02 3.119086648142716811e+01
1.987512002242184508e+02 3.128835264946132000e+01
1.987289191326379694e+02 3.138583881749547189e+01
1.987066380410574880e+02 3.148332498552962377e+01
1.986843569494770065e+02 3.158081115356377566e+01
1.986620758578965251e+02 3.167829732159792755e+01
1.986397947663160437e+02 3.177578348963207944e+01
1.986175136747355623e+02 3.187326965766623132e+01
1.985952325831550809e+02 3.197075582570038321e+01
1.985729514915745995e+02 3.206824199373453155e+01
1.985506703999941180e+02 3.216572816176868344e+01
1.985283893084136366e+02 3.226321432980283532e+01
1.985061082168331552e+02 3.236070049783698721e+01
1.984838271252526738e+02 3.245818666587113910e+01
1.984615460336721924e+02 3.255567283390529099e+01
1.984392649420917110e+02 3.265315900193944287e+01
1.984169838505112295e+02 3.275064516997359476e+01
1.983947027589307481e+02 3.284813133800774665e+01
1.983724216673502667e+02 3.294561750604189854e+01
1.983501405757697853e+02 3.304310367407605042e+01
1.983278594841893039e+02 3.314058984211020231e+01
1.983055783926088225e+02 3.323807601014435420e+01
1.982832973010283411e+02 3.333556217817850609e+01
1.982610162094478596e+02 3.343304834621265798e+01
1.982387351178673782e+02 3.353053451424680986e+01
1.982164540262868968e+02 3.362802068228096175e+01
1.981941729347064154e+02 3.372550685031511364e+01
1.981718918431259340e+02 3.382299301834926553e+01
1.981496107515454526e+02 3.392047918638341741e+01
1.981273296599649711e+02 3.401796535441756930e+01
1.981050485683844897e+02 3.411545152245172119e+01
1.980827674768040083e+02 3.421293769048587308e+01
1.980604863852235269e+02 3.431042385852002496e+01
1.980382052936430455e+02 3.440791002655417685e+01
1.980159242020625641e+02 3.450539619458832874e+01
1.979936431104820826e+02 3.460288236262248063e+01
1.979713620189016012e+02 3.470036853065663252e+01
1.979490809273211198e+02 3.479785469869078440e+01
1.979267998357406384e+02 3.489534086672493629e+01
1.979045187441601570e+02 3.499282703475908818e+01
1.978822376525796756e+02 3.509031320279324007e+01
1.978599565609991942e+02 3.518779937082739195e+01
1.978376754694187127e+02 3.528528553886154384e+01
1.978153943778382313e+02 3.538277170689569573e+01
1.977931132862577499e+02 3.548025787492984762e+01
1.977708321946772685e+02 3.557774404296399950e+01
1.977485511030967871e+02 3.567523021099815139e+01
1.977262700115163057e+02 3.577271637903230328e+01
1.977039889199358242e+02 3.587020254706645517e+01
1.976817078283553428e+02 3.596768871510060706e+01
1.976594267367748614e+02 3.606517488313475894e+01
1.976371456451943800e+02 3.616266105116891083e+01
1.976148645536138986e+02 3.626014721920306272e+01
1.975925834620334172e+02 3.635763338723721461e+01
1.975703023704529357e+02 3.645511955527136649e+01
1.975480212788724543e+02 3.655260572330551838e+01
1.975257401872919729e+02 3.665009189133967027e+01
1.975034590957114915e+02 3.674757805937382216e+01
1.974811780041310101e+02 3.684506422740797404e+01
1.974588969125505287e+02 3.694255039544212593e+01
1.974366158209700473e+02 3.704003656347627782e+01
1.974143347293895658e+02 3.713752273151042971e+01
1.973920536378090844e+02 3.723500889954458160e+01
1.973697725462286030e+02 3.733249506757873348e+01
1.973474914546481216e+02 3.742998123561288537e+01
1.973252103630676402e+02 3.752746740364703726e+01
1.973029292714871588e+02 3.762495357168118915e+01
1.972806481799066773e+02 3.772243973971534103e+01
1.972583670883261959e+02 3.781992590774949292e+01
1.972360859967457145e+02 3.791741207578364481e+01
1.972138049051652331e+02 3.801489824381779670e+01
1.971915238135847517e+02 3.811238441185194858e+01
1.971692427220042703e+02 3.820987057988610047e+01
1.971469616304237888e+02 3.830735674792025236e+01
1.971246805388433074e+02 3.840484291595440425e+01
1.971023994472628260e+02 3.850232908398855614e+01
1.970801183556823446e+02 3.859981525202270802e+01
1.970578372641018632e+02 3.869730142005685991e+01
1.970355561725213818e+02 3.879478758809101180e+01
1.970132750809409004e+02 3.889227375612516369e+01
1.969909939893604189e+02 3.898975992415931557e+01
1.969687128977799375e+02 3.908724609219346746e+01
1.969464318061994561e+02 3.918473226022761935e+01
1.969241507146189747e+02 3.928221842826177124e+01
1.969018696230384933e+02 3.937970459629592312e+01
1.968795885314580119e+02 3.947719076433007501e+01
1.968573074398775304e+02 3.957467693236422690e+01
1.968350263482970490e+02 3.967216310039837879e+01
1.968127452567165676e+02 3.976964926843253068e+01
1.967904641651360862e+02 3.986713543646668256e+01
1.967681830735556048e+02 3.996462160450083445e+01
1.967459019819751234e+02 4.006210777253498634e+01
1.967236208903946419e+02 4.015959394056913823e+01
1.967013397988141605e+02 4.025708010860329011e+01
1.966790587072336791e+02 4.035456627663744200e+01
1.966567776156531977e+02 4.045205244467159389e+01
1.966344965240727163e+02 4.054953861270574578e+01
1.966122154324922349e+02 4.064702478073989766e+01
1.965899343409117535e+02 4.074451094877404955e+01
1.965676532493312720e+02 4.084199711680820144e+01
1.965453721577507906e+02 4.093948328484235333e+01
1.965230910661703092e+02 4.103696945287650522e+01
1.965008099745898278e+02 4.113445562091065710e+01
1.964785288830093464e+02 4.123194178894480899e+01
1.964562477914288650e+02 4.132942795697896088e+01
1.964339666998483835e+02 4.142691412501311277e+01
1.964116856082679021e+02 4.152440029304726465e+01
1.963894045166874207e+02 4.162188646108141654e+01
1.963671234251069393e+02 4.171937262911556843e+01
1.963448423335264579e+02 4.181685879714972032e+01
1.963225612419459765e+02 4.191434496518387220e+01
1.963002801503654950e+02 4.201183113321802409e+01
1.962779990587850136e+02 4.210931730125217598e+01
1.962557179672045322e+02 4.220680346928632787e+01
1.962334368756240508e+02 4.230428963732047976e+01
1.962111557840435694e+02 4.240177580535463164e+01
1.961888746924630880e+02 4.249926197338878353e+01
1.961665936008826066e+02 4.259674814142293542e+01
1.961443125093021251e+02 4.269423430945708731e+01
1.961220314177216437e+02 4.279172047749123919e+01
1.960997503261411623e+02 4.288920664552539108e+01
1.960774692345606809e+02 4.298669281355954297e+01
1.960551881429801995e+02 4.308417898159369486e+01
1.960329070513997181e+02 4.318166514962784674e+01
1.960106259598192366e+02 4.327915131766199863e+01
1.959883448682387552e+02 4.337663748569615052e+01
1.959660637766582738e+02 4.347412365373030241e+01
1.959437826850777924e+02 4.357160982176445430e+01
1.959215015934973110e+02 4.366909598979860618e+01
1.958992205019168296e+02 4.376658215783275807e+01
1.958769394103363481e+02 4.386406832586690996e+01
1.958546583187558667e+02 4.396155449390106185e+01
1.958323772271753853e+02 4.405904066193521373e+01
1.958100961355949039e+02 4.415652682996936562e+01
1.957878150440144225e+02 4.425401299800351751e+01
1.957655339524339411e+02 4.435149916603766940e+01
1.957432528608534597e+02 4.444898533407182128e+01
1.957209717692729782e+02 4.454647150210597317e+01
1.956986906776924968e+02 4.464395767014012506e+01
1.956764095861120154e+02 4.474144383817427695e+01
1.956541284945315340e+02 4.483893000620842884e+01
1.956318474029510526e+02 4.493641617424258072e+01
1.956095663113705712e+02 4.503390234227673261e+01
1.955872852197900897e+02 4.513138851031088450e+01
1.955650041282096083e+02 4.522887467834503639e+01
1.955427230366291269e+02 4.532636084637918827e+01
1.955204419450486455e+02 4.542384701441334016e+01
1.954981608534681641e+02 4.552133318244749205e+01
1.954758797618876827e+02 4.561881935048164394e+01
1.954535986703072012e+02 4.571630551851579582e+01
1.954313175787267198e+02 4.581379168654994771e+01
1.954090364871462384e+02 4.591127785458409960e+01
1.953867553955657570e+02 4.600876402261825149e+01
1.953644743039852756e+02 4.610625019065240338e+01
1.953421932124047942e+02 4.620373635868655526e+01
1.953199121208243128e+02 4.630122252672070715e+01
1.952976310292438313e+02 4.639870869475485904e+01
1.952753499376633499e+02 4.649619486278901093e+01
1.952530688460828685e+02 4.659368103082316281e+01
1.952307877545023871e+02 4.669116719885731470e+01
1.952085066629219057e+02 4.678865336689146659e+01
1.951862255713414243e+02 4.688613953492561848e+01
1.951639444797609428e+02 4.698362570295977036e+01
1.951416633881804614e+02 4.708111187099392225e+01
1.951193822965999800e+02 4.717859803902807414e+01
1.950971012050194986e+02 4.727608420706222603e+01
1.950748201134390172e+02 4.737357037509637792e+01
1.950525390218585358e+02 4.747105654313052980e+01
1.950302579302780543e+02 4.756854271116468169e+01
1.950079768386975729e+02 4.766602887919883358e+01
1.949856957471170915e+02 4.776351504723298547e+01
1.949634146555366101e+02 4.786100121526713735e+01
1.949411335639561287e+02 4.795848738330128924e+01
1.949188524723756473e+02 4.805597355133544113e+01
1.948965713807951659e+02 4.815345971936959302e+01
1.948742902892146844e+02 4.825094588740374490e+01
1.948520091976342030e+02 4.834843205543789679e+01
1.948297281060537216e+02 4.844591822347204868e+01
1.948074470144732402e+02 4.854340439150620057e+01
1.947851659228927588e+02 4.864089055954035246e+01
1.947628848313122774e+02 4.873837672757450434e+01
1.947406037397317959e+02 4.883586289560865623e+01
1.947183226481513145e+02 4.893334906364280812e+01
1.946960415565708331e+02 4.903083523167696001e+01
1.946737604649903517e+02 4.912832139971111189e+01
1.946514793734098703e+02 4.922580756774526378e+01
1.946291982818293889e+02 4.932329373577941567e+01
1.946069171902489074e+02 4.942077990381356756e+01
1.945846360986684260e+02 4.951826607184771945e+01
1.945623550070879446e+02 4.961575223988187133e+01
1.945400739155074632e+02 4.971323840791602322e+01
1.945177928239269818e+02 4.981072457595017511e+01
1.944955117323465004e+02 4.990821074398432700e+01
1.944732306407660190e+02 5.000569691201847888e+01
1.944509495491855375e+02 5.010318308005263077e+01
1.944286684576050561e+02 5.020066924808678266e+01
1.944063873660245747e+02 5.029815541612093455e+01
1.943841062744440933e+02 5.039564158415508643e+01
1.943618251828636119e+02 5.049312775218923832e+01
1.943395440912831305e+02 5.059061392022339021e+01
1.943172629997026490e+02 5.068810008825754210e+01
1.942949819081221676e+02 5.078558625629169399e+01
1.942727008165416862e+02 5.088307242432584587e+01
1.942504197249612048e+02 5.098055859235999776e+01
1.942281386333807234e+02 5.107804476039414965e+01
1.942058575418002420e+02 5.117553092842830154e+01
1.941835764502197605e+02 5.127301709646245342e+01
1.941612953586392791e+02 5.137050326449660531e+01
1.941390142670587977e+02 5.146798943253075720e+01
1.941167331754783163e+02 5.156547560056490909e+01
1.940944520838978349e+02 5.166296176859906097e+01
1.940721709923173535e+02 5.176044793663321286e+01
1.940498899007368721e+02 5.185793410466736475e+01
1.940276088091563906e+02 5.195542027270151664e+01
1.940053277175759092e+02 5.205290644073566853e+01
1.939830466259954278e+02 5.215039260876982041e+01
1.939607655344149464e+02 5.224787877680397230e+01
1.939384844428344650e+02 5.234536494483812419e+01
1.939162033512539836e+02 5.244285111287227608e+01
1.938939222596735021e+02 5.254033728090642796e+01
1.938716411680930207e+02 5.263782344894057985e+01
1.938493600765125393e+02 5.273530961697473174e+01
1.938270789849320579e+02 5.283279578500888363e+01
1.938047978933515765e+02 5.293028195304303551e+01
1.937825168017710951e+02 5.302776812107718740e+01
1.937602357101906136e+02 5.312525428911133929e+01
1.937289637096957904e+02 5.326207826312255378e+01
