1.038725411274723740e+02 1.990000000000000000e+02
1.038723549645913948e+02 1.991000265199525643e+02
1.038717964785278269e+02 1.992000516540127251e+02
1.038708656770196228e+02 1.993000740163072919e+02
1.038695625729632610e+02 1.994000922210015290e+02
1.038678871844135756e+02 1.995001048823181975e+02
1.038658395345835004e+02 1.996001106145569395e+02
1.038634196518437420e+02 1.997001080321134054e+02
1.038606275697223538e+02 1.998000957494984107e+02
1.038574633269043375e+02 1.999000723813572051e+02
1.038539269672310894e+02 2.000000365424885729e+02
1.038500185396997324e+02 2.000999868478641304e+02
1.038457380984625189e+02 2.001999219126474827e+02
1.038410857028260352e+02 2.002998403522133515e+02
1.038360614172503489e+02 2.003997407821668162e+02
1.038306653113482270e+02 2.004996218183625274e+02
1.038248974598840420e+02 2.005994820769238061e+02
1.038187579427728338e+02 2.006993201742618282e+02
1.038122468450791160e+02 2.007991347270948665e+02
1.038053642570157962e+02 2.008989243524673896e+02
1.037981102739428536e+02 2.009986876677692180e+02
1.037904849963660041e+02 2.010984232907547664e+02
1.037824885299353923e+02 2.011981298395620570e+02
1.037741209854440569e+02 2.012978059327319897e+02
1.037653824788263961e+02 2.013974501892274418e+02
1.037562731311566182e+02 2.014970612284523384e+02
1.037467930686470083e+02 2.015966376702709226e+02
1.037369424226461945e+02 2.016961781350267415e+02
1.037267213296373143e+02 2.017956812435618019e+02
1.037161299312361962e+02 2.018951456172357268e+02
1.037051683741892845e+02 2.019945698779447980e+02
1.036938368103716925e+02 2.020939526481410553e+02
1.036821353967850712e+02 2.021932925508514529e+02
1.036700642955554059e+02 2.022925882096968451e+02
1.036576236739308285e+02 2.023918382489110854e+02
1.036448137042792723e+02 2.024910412933601549e+02
1.036316345640860277e+02 2.025901959685610905e+02
1.036180864359513976e+02 2.026893009007011415e+02
1.036041695075880682e+02 2.027883547166567553e+02
1.035898839718185513e+02 2.028873560440125630e+02
1.035752300265725125e+02 2.029863035110805072e+02
1.035602078748840142e+02 2.030851957469187425e+02
1.035448177248887305e+02 2.031840313813506498e+02
1.035290597898210194e+02 2.032828090449838783e+02
1.035129342880109959e+02 2.033815273692292465e+02
1.034964414428815189e+02 2.034801849863197276e+02
1.034795814829450791e+02 2.035787805293294355e+02
1.034623546418006015e+02 2.036773126321924963e+02
1.034447611581303050e+02 2.037757799297220913e+02
1.034268012756962776e+02 2.038741810576291869e+02
1.034084752433371648e+02 2.039725146525416619e+02
1.033897833149647312e+02 2.040707793520230098e+02
1.033707257495603073e+02 2.041689737945912668e+02
1.033513028111711947e+02 2.042670966197379698e+02
1.033315147689070699e+02 2.043651464679468575e+02
1.033113618969361909e+02 2.044631219807128844e+02
1.032908444744816308e+02 2.045610218005608090e+02
1.032699627858173983e+02 2.046588445710642361e+02
1.032487171202644873e+02 2.047565889368642615e+02
1.032271077721868977e+02 2.048542535436883156e+02
1.032051350409875567e+02 2.049518370383689216e+02
1.031827992311041129e+02 2.050493380688623688e+02
1.031601006520048003e+02 2.051467552842676128e+02
1.031370396181840903e+02 2.052440873348447781e+02
1.031136164491583713e+02 2.053413328720340587e+02
1.030898314694614726e+02 2.054384905484742205e+02
1.030656850086402301e+02 2.055355590180214733e+02
1.030411774012498825e+02 2.056325369357679165e+02
1.030163089868494666e+02 2.057294229580603258e+02
1.029910801099970428e+02 2.058262157425186842e+02
1.029654911202449910e+02 2.059229139480547985e+02
1.029395423721351790e+02 2.060195162348909435e+02
1.029132342251939605e+02 2.061160212645782792e+02
1.028865670439272719e+02 2.062124277000155814e+02
1.028595411978155880e+02 2.063087342054676299e+02
1.028321570613087204e+02 2.064049394465837395e+02
1.028044150138207300e+02 2.065010420904163198e+02
1.027763154397246126e+02 2.065970408054392351e+02
1.027478587283469551e+02 2.066929342615663643e+02
1.027190452739626068e+02 2.067887211301699324e+02
1.026898754757891652e+02 2.068844000840989850e+02
1.026603497379814769e+02 2.069799697976977484e+02
1.026304684696259812e+02 2.070754289468239620e+02
1.026002320847351115e+02 2.071707762088673519e+02
1.025696410022415392e+02 2.072660102627677645e+02
1.025386956459923340e+02 2.073611297890336402e+02
1.025073964447431365e+02 2.074561334697602319e+02
1.024757438321521761e+02 2.075510199886478233e+02
1.024437382467743021e+02 2.076457880310200039e+02
1.024113801320548873e+02 2.077404362838419161e+02
1.023786699363236750e+02 2.078349634357384161e+02
1.023456081127886108e+02 2.079293681770122078e+02
1.023121951195294912e+02 2.080236491996620600e+02
1.022784314194916675e+02 2.081178051974008838e+02
1.022443174804796371e+02 2.082118348656738362e+02
1.022098537751505489e+02 2.083057369016763687e+02
1.021750407810076240e+02 2.083995100043724165e+02
1.021398789803935756e+02 2.084931528745121909e+02
1.021043688604839303e+02 2.085866642146503693e+02
1.020685109132802779e+02 2.086800427291640290e+02
1.020323056356033931e+02 2.087732871242705244e+02
1.019957535290864570e+02 2.088663961080455067e+02
1.019588551001680088e+02 2.089593683904407726e+02
1.019216108600849964e+02 2.090522026833021698e+02
1.018840213248656426e+02 2.091448977003873892e+02
1.018460870153223539e+02 2.092374521573838706e+02
1.018078084570444446e+02 2.093298647719264807e+02
1.017691861803909035e+02 2.094221342636154191e+02
1.017302207204829898e+02 2.095142593540338112e+02
1.016909126171968865e+02 2.096062387667656139e+02
1.016512624151561539e+02 2.096980712274130667e+02
1.016112706637242553e+02 2.097897554636145401e+02
1.015709379169968827e+02 2.098812902050620437e+02
1.015302647337942830e+02 2.099726741835189046e+02
1.014892516776535842e+02 2.100639061328373032e+02
1.014478993168208945e+02 2.101549847889758382e+02
1.014062082242434997e+02 2.102459088900169775e+02
1.013641789775618918e+02 2.103366771761846223e+02
1.013218121591017535e+02 2.104272883898615305e+02
1.012791083558659295e+02 2.105177412756067383e+02
1.012360681595262832e+02 2.106080345801728981e+02
1.011926921664154690e+02 2.106981670525238144e+02
1.011489809775186757e+02 2.107881374438515536e+02
1.011049351984653555e+02 2.108779445075938952e+02
1.010605554395207548e+02 2.109675869994515836e+02
1.010158423155774869e+02 2.110570636774055231e+02
1.009707964461470766e+02 2.111463733017340019e+02
1.009254184553512630e+02 2.112355146350298867e+02
1.008797089719134306e+02 2.113244864422178182e+02
1.008336686291498836e+02 2.114132874905711503e+02
1.007872980649610639e+02 2.115019165497292306e+02
1.007405979218226832e+02 2.115903723917143111e+02
1.006935688467768983e+02 2.116786537909486583e+02
1.006462114914232728e+02 2.117667595242714640e+02
1.005985265119097676e+02 2.118546883709557846e+02
1.005505145689236883e+02 2.119424391127255092e+02
1.005021763276824771e+02 2.120300105337722130e+02
1.004535124579245178e+02 2.121174014207720688e+02
1.004045236338998848e+02 2.122046105629024737e+02
1.003552105343609639e+02 2.122916367518589880e+02
1.003055738425530166e+02 2.123784787818721327e+02
1.002556142462048143e+02 2.124651354497238458e+02
1.002053324375190329e+02 2.125516055547643646e+02
1.001547291131626736e+02 2.126378878989288808e+02
1.001038049742574145e+02 2.127239812867539399e+02
1.000525607263699186e+02 2.128098845253941533e+02
1.000009970795020138e+02 2.128955964246387680e+02
9.994911474808088769e+01 2.129811157969280089e+02
9.989691445094919686e+01 2.130664414573696490e+02
9.984439691135509065e+01 2.131515722237553518e+02
9.979156285694216422e+01 2.132365069165771274e+02
9.973841301973943985e+01 2.133212443590435896e+02
9.968494813615114936e+01 2.134057833770963839e+02
9.963116894694661596e+01 2.134901227994262740e+02
9.957707619724992298e+01 2.135742614574895128e+02
9.952267063652959678e+01 2.136581981855240713e+02
9.946795301858827543e+01 2.137419318205655543e+02
9.941292410155219272e+01 2.138254612024636288e+02
9.935758464786073318e+01 2.139087851738978259e+02
9.930193542425583075e+01 2.139919025803937416e+02
9.924597720177135329e+01 2.140748122703389811e+02
9.918971075572245866e+01 2.141575130949991035e+02
9.913313686569476602e+01 2.142400039085335095e+02
9.907625631553365508e+01 2.143222835680114713e+02
9.901906989333333797e+01 2.144043509334277076e+02
9.896157839142595947e+01 2.144862048677184418e+02
9.890378260637062624e+01 2.145678442367769492e+02
9.884568333894235082e+01 2.146492679094694438e+02
9.878728139412098130e+01 2.147304747576506259e+02
9.872857758108006010e+01 2.148114636561793134e+02
9.866957271317551204e+01 2.148922334829341310e+02
9.861026760793454571e+01 2.149727831188289997e+02
9.855066308704418532e+01 2.150531114478285986e+02
9.849075997633991619e+01 2.151332173569638542e+02
9.843055910579431611e+01 2.152130997363474876e+02
9.837006130950543081e+01 2.152927574791891061e+02
9.830926742568534848e+01 2.153721894818108922e+02
9.824817829664847579e+01 2.154513946436625815e+02
9.818679476879995605e+01 2.155303718673369247e+02
9.812511769262388839e+01 2.156091200585847787e+02
9.806314792267151859e+01 2.156876381263302846e+02
9.800088631754951507e+01 2.157659249826860446e+02
9.793833373990790392e+01 2.158439795429680998e+02
9.787549105642828806e+01 2.159218007257110798e+02
9.781235913781171121e+01 2.159993874526830950e+02
9.774893885876666388e+01 2.160767386489006299e+02
9.768523109799693316e+01 2.161538532426436063e+02
9.762123673818943814e+01 2.162307301654700495e+02
9.755695666600200866e+01 2.163073683522310660e+02
9.749239177205106444e+01 2.163837667410854237e+02
9.742754295089933692e+01 2.164599242735143889e+02
9.736241110104342056e+01 2.165358398943363341e+02
9.729699712490133834e+01 2.166115125517214040e+02
9.723130192880005040e+01 2.166869411972060675e+02
9.716532642296289168e+01 2.167621247857076128e+02
9.709907152149696685e+01 2.168370622755386421e+02
9.703253814238044583e+01 2.169117526284215387e+02
9.696572720744991614e+01 2.169861948095028765e+02
9.689863964238753624e+01 2.170603877873676026e+02
9.683127637670826005e+01 2.171343305340535323e+02
9.676363834374694761e+01 2.172080220250654747e+02
9.669572648064541909e+01 2.172814612393893867e+02
9.662754172833948019e+01 2.173546471595066691e+02
9.655908503154587663e+01 2.174275787714081503e+02
9.649035733874923437e+01 2.175002550646080977e+02
9.642135960218888613e+01 2.175726750321584007e+02
9.635209277784566950e+01 2.176448376706622696e+02
9.628255782542873931e+01 2.177167419802884183e+02
9.621275570836219515e+01 2.177883869647846495e+02
9.614268739377179429e+01 2.178597716314918387e+02
9.607235385247150816e+01 2.179308949913576328e+02
9.600175605895010733e+01 2.180017560589500931e+02
9.593089499135763276e+01 2.180723538524715082e+02
9.585977163149183866e+01 2.181426873937717801e+02
9.578838696478464954e+01 2.182127557083621809e+02
9.571674198028841829e+01 2.182825578254287393e+02
9.564483767066228381e+01 2.183520927778456553e+02
9.557267503215838644e+01 2.184213596021888861e+02
9.550025506460809765e+01 2.184903573387492202e+02
9.542757877140815026e+01 2.185590850315458624e+02
9.535464715950666914e+01 2.186275417283394802e+02
9.528146123938938672e+01 2.186957264806454191e+02
9.520802202506547474e+01 2.187636383437469476e+02
9.513433053405354656e+01 2.188312763767082743e+02
9.506038778736760264e+01 2.188986396423875362e+02
9.498619480950287652e+01 2.189657272074499019e+02
9.491175262842155291e+01 2.190325381423804458e+02
9.483706227553864210e+01 2.190990715214969669e+02
9.476212478570759856e+01 2.191653264229628917e+02
9.468694119720606750e+01 2.192313019288000646e+02
9.461151255172140395e+01 2.192969971249013383e+02
9.453583989433633405e+01 2.193624111010434206e+02
9.445992427351437470e+01 2.194275429508993511e+02
9.438376674108542375e+01 2.194923917720510644e+02
9.430736835223106596e+01 2.195569566660020087e+02
9.423073016547006375e+01 2.196212367381894524e+02
9.415385324264360634e+01 2.196852310979969332e+02
9.407673864890062987e+01 2.197489388587666497e+02
9.399938745268309503e+01 2.198123591378117112e+02
9.392180072571109406e+01 2.198754910564282739e+02
9.384397954296811406e+01 2.199383337399079039e+02
9.376592498268604459e+01 2.200008863175495151e+02
9.368763812633028465e+01 2.200631479226715328e+02
9.360912005858477869e+01 2.201251176926238884e+02
9.353037186733693886e+01 2.201867947687999560e+02
9.345139464366259574e+01 2.202481782966484900e+02
9.337218948181089218e+01 2.203092674256853343e+02
9.329275747918912032e+01 2.203700613095054450e+02
9.321309973634747337e+01 2.204305591057943161e+02
9.313321735696386838e+01 2.204907599763399162e+02
9.305311144782858435e+01 2.205506630870441711e+02
9.297278311882899970e+01 2.206102676079345599e+02
9.289223348293413096e+01 2.206695727131755120e+02
9.281146365617931338e+01 2.207285775810800601e+02
9.273047475765061165e+01 2.207872813941209813e+02
9.264926790946945800e+01 2.208456833389423650e+02
9.256784423677694917e+01 2.209037826063706120e+02
9.248620486771842764e+01 2.209615783914259737e+02
9.240435093342770756e+01 2.210190698933333522e+02
9.232228356801147129e+01 2.210762563155336693e+02
9.224000390853352371e+01 2.211331368656947802e+02
9.215751309499910349e+01 2.211897107557224444e+02
9.207481227033898108e+01 2.212459772017713533e+02
9.199190258039374157e+01 2.213019354242558165e+02
9.190878517389782587e+01 2.213575846478607332e+02
9.182546120246362875e+01 2.214129241015521927e+02
9.174193182056556850e+01 2.214679530185882754e+02
9.165819818552407128e+01 2.215226706365295968e+02
9.157426145748952706e+01 2.215770761972499372e+02
9.149012279942625980e+01 2.216311689469466160e+02
9.140578337709636969e+01 2.216849481361511494e+02
9.132124435904358961e+01 2.217384130197394256e+02
9.123650691657711320e+01 2.217915628569421642e+02
9.115157222375535184e+01 2.218443969113550907e+02
9.106644145736963480e+01 2.218969144509491969e+02
9.098111579692800888e+01 2.219491147480808877e+02
9.089559642463876799e+01 2.220009970795020138e+02
9.080988452539416755e+01 2.220525607263699044e+02
9.072398128675392570e+01 2.221038049742574287e+02
9.063788789892888076e+01 2.221547291131626594e+02
9.055160555476437878e+01 2.222053324375190186e+02
9.046513544972383158e+01 2.222556142462048001e+02
9.037847878187211847e+01 2.223055738425530308e+02
9.029163675185900217e+01 2.223552105343609639e+02
9.020461056290245949e+01 2.224045236338998848e+02
9.011740142077206883e+01 2.224535124579245178e+02
9.003001053377222718e+01 2.225021763276824913e+02
8.994243911272550918e+01 2.225505145689236883e+02
8.985468837095577044e+01 2.225985265119097676e+02
8.976675952427146399e+01 2.226462114914232586e+02
8.967865379094867251e+01 2.226935688467768841e+02
8.959037239171432532e+01 2.227405979218226832e+02
8.950191654972923061e+01 2.227872980649610497e+02
8.941328749057115033e+01 2.228336686291498836e+02
8.932448644221781819e+01 2.228797089719134306e+02
8.923551463502990089e+01 2.229254184553512630e+02
8.914637330173400187e+01 2.229707964461470908e+02
8.905706367740552309e+01 2.230158423155774869e+02
8.896758699945158355e+01 2.230605554395207548e+02
8.887794450759389520e+01 2.231049351984653413e+02
8.878813744385155360e+01 2.231489809775186757e+02
8.869816705252381439e+01 2.231926921664154690e+02
8.860803458017291234e+01 2.232360681595262690e+02
8.851774127560672412e+01 2.232791083558659295e+02
8.842728838986153050e+01 2.233218121591017393e+02
8.833667717618462234e+01 2.233641789775618918e+02
8.824590889001697747e+01 2.234062082242434997e+02
8.815498478897583823e+01 2.234478993168208945e+02
8.806390613283730318e+01 2.234892516776535842e+02
8.797267418351890456e+01 2.235302647337942972e+02
8.788129020506204370e+01 2.235709379169968827e+02
8.778975546361454008e+01 2.236112706637242695e+02
8.769807122741306671e+01 2.236512624151561681e+02
8.760623876676561395e+01 2.236909126171968865e+02
8.751425935403382539e+01 2.237302207204829756e+02
8.742213426361541906e+01 2.237691861803909035e+02
8.732986477192648067e+01 2.238078084570444446e+02
8.723745215738387060e+01 2.238460870153223539e+02
8.714489770038740346e+01 2.238840213248656426e+02
8.705220268330218403e+01 2.239216108600849964e+02
8.695936839044078681e+01 2.239588551001680230e+02
8.686639610804550671e+01 2.239957535290864712e+02
8.677328712427052437e+01 2.240323056356033931e+02
8.668004272916402897e+01 2.240685109132802779e+02
8.658666421465036933e+01 2.241043688604839303e+02
8.649315287451219092e+01 2.241398789803935756e+02
8.639951000437241646e+01 2.241750407810076240e+02
8.630573690167638290e+01 2.242098537751505489e+02
8.621183486567382204e+01 2.242443174804796513e+02
8.611780519740088380e+01 2.242784314194916533e+02
8.602364919966206003e+01 2.243121951195294912e+02
8.592936817701220775e+01 2.243456081127885966e+02
8.583496343573840193e+01 2.243786699363236892e+02
8.574043628384191607e+01 2.244113801320548873e+02
8.564578803102000393e+01 2.244437382467743021e+02
8.555101998864780910e+01 2.244757438321521761e+02
8.545613346976023195e+01 2.245073964447431365e+02
8.536112978903365445e+01 2.245386956459923340e+02
8.526601026276776452e+01 2.245696410022415535e+02
8.517077620886735190e+01 2.246002320847351257e+02
8.507542894682397616e+01 2.246304684696259812e+02
8.497996979769774839e+01 2.246603497379814769e+02
8.488440008409898496e+01 2.246898754757891652e+02
8.478872113016994660e+01 2.247190452739625925e+02
8.469293426156636428e+01 2.247478587283469551e+02
8.459704080543924931e+01 2.247763154397246126e+02
8.450104209041631975e+01 2.248044150138207158e+02
8.440493944658373948e+01 2.248321570613087204e+02
8.430873420546762986e+01 2.248595411978155880e+02
8.421242770001558142e+01 2.248865670439272719e+02
8.411602126457829343e+01 2.249132342251939463e+02
8.401951623489094345e+01 2.249395423721351790e+02
8.392291394805481275e+01 2.249654911202449910e+02
8.382621574251868424e+01 2.249910801099970286e+02
8.372942295806033997e+01 2.250163089868494808e+02
8.363253693576793069e+01 2.250411774012498825e+02
8.353555901802147332e+01 2.250656850086402301e+02
8.343849054847422053e+01 2.250898314694614726e+02
8.334133287203404450e+01 2.251136164491583713e+02
8.324408733484477807e+01 2.251370396181840761e+02
8.314675528426761275e+01 2.251601006520048145e+02
8.304933806886238301e+01 2.251827992311041271e+02
8.295183703836892164e+01 2.252051350409875567e+02
8.285425354368831563e+01 2.252271077721869119e+02
8.275658893686426154e+01 2.252487171202644731e+02
8.265884457106423611e+01 2.252699627858173983e+02
8.256102180056080897e+01 2.252908444744816165e+02
8.246312198071287014e+01 2.253113618969362051e+02
8.236514646794687167e+01 2.253315147689070557e+02
8.226709661973795562e+01 2.253513028111711947e+02
8.216897379459126682e+01 2.253707257495603073e+02
8.207077935202299557e+01 2.253897833149647454e+02
8.197251465254167613e+01 2.254084752433371648e+02
8.187418105762920106e+01 2.254268012756962776e+02
8.177577992972209131e+01 2.254447611581303192e+02
8.167731263219249627e+01 2.254623546418006015e+02
8.157878052932943547e+01 2.254795814829450649e+02
8.148018498631972761e+01 2.254964414428815189e+02
8.138152736922924646e+01 2.255129342880109959e+02
8.128280904498389248e+01 2.255290597898210194e+02
8.118403138135066399e+01 2.255448177248887305e+02
8.108519574691874254e+01 2.255602078748840142e+02
8.098630351108052139e+01 2.255752300265725125e+02
8.088735604401256296e+01 2.255898839718185513e+02
8.078835471665675527e+01 2.256041695075880682e+02
8.068930090070114147e+01 2.256180864359513976e+02
8.059019596856109047e+01 2.256316345640860277e+02
8.049104129336015490e+01 2.256448137042792723e+02
8.039183824891109964e+01 2.256576236739308285e+02
8.029258820969684507e+01 2.256700642955553917e+02
8.019329255085145292e+01 2.256821353967850712e+02
8.009395264814105531e+01 2.256938368103716925e+02
7.999456987794478380e+01 2.257051683741892703e+02
7.989514561723572683e+01 2.257161299312361962e+02
7.979568124356181613e+01 2.257267213296373143e+02
7.969617813502674153e+01 2.257369424226461945e+02
7.959663767027093684e+01 2.257467930686470083e+02
7.949706122845233836e+01 2.257562731311566324e+02
7.939745018922742759e+01 2.257653824788263819e+02
7.929780593273198974e+01 2.257741209854440569e+02
7.919812983956205699e+01 2.257824885299353923e+02
7.909842329075476641e+01 2.257904849963659899e+02
7.899868766776923223e+01 2.257981102739428536e+02
7.889892435246738955e+01 2.258053642570158104e+02
7.879913472709488076e+01 2.258122468450791303e+02
7.869932017426182824e+01 2.258187579427728338e+02
7.859948207692380606e+01 2.258248974598840277e+02
7.849962181836252739e+01 2.258306653113482128e+02
7.839974078216683040e+01 2.258360614172503347e+02
7.829984035221333727e+01 2.258410857028260352e+02
7.819992191264746850e+01 2.258457380984625331e+02
7.809998684786413037e+01 2.258500185396997324e+02
7.800003654248857288e+01 2.258539269672311036e+02
7.790007238135720513e+01 2.258574633269043375e+02
7.780009574949842488e+01 2.258606275697223396e+02
7.770010803211341965e+01 2.258634196518437420e+02
7.760011061455695369e+01 2.258658395345835004e+02
7.750010488231819750e+01 2.258678871844135756e+02
7.740009222100151476e+01 2.258695625729632468e+02
7.730007401630729191e+01 2.258708656770196228e+02
7.720005165401271086e+01 2.258717964785278127e+02
7.710002651995255007e+01 2.258723549645914090e+02
7.700000000000000000e+01 2.258725411274723740e+02
7.689997348004744993e+01 2.258723549645914090e+02
7.679994834598728914e+01 2.258717964785278127e+02
7.669992598369270809e+01 2.258708656770196228e+02
7.659990777899848524e+01 2.258695625729632468e+02
7.649989511768180250e+01 2.258678871844135756e+02
7.639988938544304631e+01 2.258658395345835004e+02
7.629989196788659456e+01 2.258634196518437420e+02
7.619990425050158933e+01 2.258606275697223396e+02
7.609992761864280908e+01 2.258574633269043375e+02
7.599996345751144133e+01 2.258539269672311036e+02
7.590001315213586963e+01 2.258500185396997324e+02
7.580007808735253150e+01 2.258457380984625331e+02
7.570015964778666273e+01 2.258410857028260352e+02
7.560025921783318381e+01 2.258360614172503347e+02
7.550037818163745840e+01 2.258306653113482128e+02
7.540051792307619394e+01 2.258248974598840277e+02
7.530067982573817176e+01 2.258187579427728338e+02
7.520086527290511924e+01 2.258122468450791303e+02
7.510107564753261045e+01 2.258053642570158104e+02
7.500131233223076777e+01 2.257981102739428536e+02
7.490157670924524780e+01 2.257904849963659899e+02
7.480187016043795722e+01 2.257824885299353923e+02
7.470219406726801026e+01 2.257741209854440569e+02
7.460254981077257241e+01 2.257653824788264103e+02
7.450293877154766164e+01 2.257562731311566324e+02
7.440336232972906316e+01 2.257467930686470083e+02
7.430382186497325847e+01 2.257369424226461945e+02
7.420431875643819808e+01 2.257267213296373143e+02
7.410485438276427317e+01 2.257161299312361962e+02
7.400543012205521620e+01 2.257051683741892703e+02
7.390604735185894469e+01 2.256938368103716925e+02
7.380670744914854708e+01 2.256821353967850712e+02
7.370741179030315493e+01 2.256700642955553917e+02
7.360816175108890036e+01 2.256576236739308285e+02
7.350895870663984510e+01 2.256448137042792723e+02
7.340980403143890953e+01 2.256316345640860277e+02
7.331069909929885853e+01 2.256180864359513976e+02
7.321164528334325894e+01 2.256041695075880682e+02
7.311264395598743704e+01 2.255898839718185513e+02
7.301369648891947861e+01 2.255752300265725125e+02
7.291480425308125746e+01 2.255602078748840142e+02
7.281596861864933601e+01 2.255448177248887305e+02
7.271719095501610752e+01 2.255290597898210194e+02
7.261847263077075354e+01 2.255129342880109959e+02
7.251981501368027239e+01 2.254964414428815189e+02
7.242121947067057874e+01 2.254795814829450649e+02
7.232268736780750373e+01 2.254623546418006015e+02
7.222422007027790869e+01 2.254447611581303192e+02
7.212581894237081315e+01 2.254268012756962776e+02
7.202748534745833808e+01 2.254084752433371648e+02
7.192922064797700443e+01 2.253897833149647454e+02
7.183102620540874739e+01 2.253707257495603073e+02
7.173290338026204438e+01 2.253513028111711947e+02
7.163485353205312833e+01 2.253315147689070841e+02
7.153687801928712986e+01 2.253113618969362051e+02
7.143897819943919103e+01 2.252908444744816165e+02
7.134115542893577810e+01 2.252699627858173983e+02
7.124341106313573846e+01 2.252487171202644731e+02
7.114574645631167016e+01 2.252271077721869119e+02
7.104816296163107836e+01 2.252051350409875567e+02
7.095066193113761699e+01 2.251827992311041271e+02
7.085324471573238725e+01 2.251601006520048145e+02
7.075591266515522193e+01 2.251370396181841045e+02
7.065866712796595550e+01 2.251136164491583713e+02
7.056150945152577947e+01 2.250898314694614726e+02
7.046444098197852668e+01 2.250656850086402301e+02
7.036746306423208352e+01 2.250411774012498825e+02
7.027057704193966003e+01 2.250163089868494808e+02
7.017378425748131576e+01 2.249910801099970286e+02
7.007708605194518725e+01 2.249654911202449910e+02
6.998048376510907076e+01 2.249395423721351790e+02
6.988397873542172078e+01 2.249132342251939463e+02
6.978757229998440437e+01 2.248865670439272719e+02
6.969126579453237014e+01 2.248595411978155880e+02
6.959506055341626052e+01 2.248321570613087204e+02
6.949895790958368025e+01 2.248044150138207442e+02
6.940295919456076490e+01 2.247763154397246126e+02
6.930706573843363572e+01 2.247478587283469551e+02
6.921127886983005340e+01 2.247190452739625925e+02
6.911559991590101504e+01 2.246898754757891652e+02
6.902003020230225161e+01 2.246603497379814769e+02
6.892457105317603805e+01 2.246304684696259812e+02
6.882922379113264810e+01 2.246002320847351257e+02
6.873398973723223548e+01 2.245696410022415535e+02
6.863887021096635976e+01 2.245386956459923340e+02
6.854386653023976805e+01 2.245073964447431365e+02
6.844898001135219090e+01 2.244757438321521761e+02
6.835421196898001028e+01 2.244437382467743021e+02
6.825956371615808393e+01 2.244113801320548873e+02
6.816503656426159807e+01 2.243786699363236892e+02
6.807063182298780646e+01 2.243456081127885966e+02
6.797635080033793997e+01 2.243121951195294912e+02
6.788219480259911620e+01 2.242784314194916533e+02
6.778816513432617796e+01 2.242443174804796513e+02
6.769426309832361710e+01 2.242098537751505489e+02
6.760048999562759775e+01 2.241750407810076240e+02
6.750684712548780908e+01 2.241398789803935756e+02
6.741333578534961646e+01 2.241043688604839303e+02
6.731995727083597103e+01 2.240685109132802779e+02
6.722671287572947563e+01 2.240323056356033931e+02
6.713360389195447908e+01 2.239957535290864712e+02
6.704063160955921319e+01 2.239588551001680230e+02
6.694779731669781597e+01 2.239216108600849964e+02
6.685510229961259654e+01 2.238840213248656426e+02
6.676254784261612940e+01 2.238460870153223539e+02
6.667013522807351933e+01 2.238078084570444446e+02
6.657786573638459515e+01 2.237691861803909035e+02
6.648574064596617461e+01 2.237302207204829756e+02
6.639376123323438605e+01 2.236909126171968865e+02
6.630192877258693329e+01 2.236512624151561681e+02
6.621024453638547413e+01 2.236112706637242695e+02
6.611870979493795630e+01 2.235709379169968827e+02
6.602732581648109544e+01 2.235302647337942972e+02
6.593609386716269682e+01 2.234892516776535842e+02
6.584501521102416177e+01 2.234478993168208945e+02
6.575409110998302253e+01 2.234062082242434997e+02
6.566332282381537766e+01 2.233641789775618918e+02
6.557271161013846950e+01 2.233218121591017393e+02
6.548225872439327588e+01 2.232791083558659295e+02
6.539196541982708766e+01 2.232360681595262690e+02
6.530183294747618561e+01 2.231926921664154690e+02
6.521186255614846061e+01 2.231489809775186757e+02
6.512205549240610480e+01 2.231049351984653413e+02
6.503241300054841645e+01 2.230605554395207548e+02
6.494293632259449112e+01 2.230158423155774869e+02
6.485362669826599813e+01 2.229707964461470624e+02
6.476448536497011332e+01 2.229254184553512630e+02
6.467551355778218181e+01 2.228797089719134306e+02
6.458671250942884967e+01 2.228336686291498836e+02
6.449808345027076939e+01 2.227872980649610781e+02
6.440962760828568889e+01 2.227405979218226832e+02
6.432134620905132749e+01 2.226935688467768841e+02
6.423324047572853601e+01 2.226462114914232586e+02
6.414531162904422956e+01 2.225985265119097676e+02
6.405756088727450503e+01 2.225505145689236883e+02
6.396998946622777282e+01 2.225021763276824629e+02
6.388259857922793117e+01 2.224535124579245178e+02
6.379538943709754761e+01 2.224045236338998848e+02
6.370836324814100493e+01 2.223552105343609639e+02
6.362152121812788153e+01 2.223055738425530308e+02
6.353486455027616842e+01 2.222556142462048285e+02
6.344839444523562122e+01 2.222053324375190471e+02
6.336211210107113345e+01 2.221547291131626878e+02
6.327601871324607430e+01 2.221038049742574287e+02
6.319011547460583245e+01 2.220525607263699044e+02
6.310440357536123201e+01 2.220009970795020138e+02
6.301888420307199112e+01 2.219491147480808877e+02
6.293355854263036520e+01 2.218969144509491969e+02
6.284842777624465526e+01 2.218443969113550907e+02
6.276349308342288680e+01 2.217915628569421642e+02
6.267875564095641039e+01 2.217384130197394256e+02
6.259421662290363031e+01 2.216849481361511494e+02
6.250987720057374020e+01 2.216311689469466160e+02
6.242573854251047294e+01 2.215770761972499372e+02
6.234180181447594293e+01 2.215226706365295968e+02
6.225806817943443860e+01 2.214679530185882754e+02
6.217453879753637125e+01 2.214129241015521927e+02
6.209121482610217413e+01 2.213575846478607332e+02
6.200809741960625132e+01 2.213019354242558165e+02
6.192518772966101892e+01 2.212459772017713533e+02
6.184248690500091072e+01 2.211897107557224444e+02
6.175999609146647629e+01 2.211331368656947802e+02
6.167771643198854292e+01 2.210762563155336693e+02
6.159564906657229955e+01 2.210190698933333522e+02
6.151379513228156526e+01 2.209615783914259737e+02
6.143215576322305083e+01 2.209037826063706120e+02
6.135073209053054910e+01 2.208456833389423650e+02
6.126952524234938835e+01 2.207872813941209813e+02
6.118853634382068662e+01 2.207285775810800601e+02
6.110776651706586193e+01 2.206695727131755120e+02
6.102721688117101451e+01 2.206102676079345599e+02
6.094688855217142276e+01 2.205506630870441995e+02
6.086678264303613162e+01 2.204907599763399162e+02
6.078690026365253374e+01 2.204305591057943161e+02
6.070724252081088679e+01 2.203700613095054450e+02
6.062781051818910782e+01 2.203092674256853343e+02
6.054860535633740426e+01 2.202481782966484900e+02
6.046962813266306114e+01 2.201867947687999560e+02
6.039087994141522131e+01 2.201251176926238884e+02
6.031236187366971535e+01 2.200631479226715328e+02
6.023407501731395541e+01 2.200008863175494866e+02
6.015602045703189305e+01 2.199383337399079039e+02
6.007819927428890594e+01 2.198754910564282739e+02
6.000061254731691207e+01 2.198123591378117112e+02
5.992326135109937013e+01 2.197489388587666781e+02
5.984614675735639366e+01 2.196852310979969332e+02
5.976926983452993625e+01 2.196212367381894524e+02
5.969263164776893404e+01 2.195569566660020087e+02
5.961623325891457625e+01 2.194923917720510644e+02
5.954007572648562530e+01 2.194275429508993227e+02
5.946416010566368016e+01 2.193624111010434206e+02
5.938848744827859605e+01 2.192969971249013383e+02
5.931305880279393250e+01 2.192313019288000646e+02
5.923787521429240144e+01 2.191653264229628917e+02
5.916293772446136501e+01 2.190990715214969669e+02
5.908824737157846130e+01 2.190325381423804458e+02
5.901380519049712348e+01 2.189657272074499019e+02
5.893961221263239025e+01 2.188986396423875362e+02
5.886566946594646765e+01 2.188312763767082743e+02
5.879197797493453947e+01 2.187636383437469476e+02
5.871853876061061328e+01 2.186957264806454191e+02
5.864535284049332375e+01 2.186275417283394802e+02
5.857242122859186395e+01 2.185590850315458624e+02
5.849974493539190235e+01 2.184903573387492202e+02
5.842732496784161356e+01 2.184213596021888861e+02
5.835516232933771619e+01 2.183520927778456553e+02
5.828325801971158171e+01 2.182825578254287393e+02
5.821161303521535046e+01 2.182127557083622094e+02
5.814022836850816134e+01 2.181426873937717801e+02
5.806910500864238145e+01 2.180723538524715082e+02
5.799824394104989977e+01 2.180017560589500931e+02
5.792764614752849184e+01 2.179308949913576328e+02
5.785731260622820571e+01 2.178597716314918387e+02
5.778724429163780485e+01 2.177883869647846495e+02
5.771744217457126069e+01 2.177167419802884183e+02
5.764790722215433760e+01 2.176448376706622980e+02
5.757864039781112808e+01 2.175726750321584007e+02
5.750964266125077273e+01 2.175002550646080977e+02
5.744091496845413047e+01 2.174275787714081503e+02
5.737245827166052692e+01 2.173546471595066691e+02
5.730427351935458091e+01 2.172814612393893867e+02
5.723636165625305239e+01 2.172080220250654747e+02
5.716872362329173995e+01 2.171343305340535323e+02
5.710136035761247086e+01 2.170603877873676311e+02
5.703427279255009097e+01 2.169861948095028765e+02
5.696746185761953996e+01 2.169117526284215387e+02
5.690092847850303315e+01 2.168370622755386421e+02
5.683467357703710832e+01 2.167621247857076128e+02
5.676869807119994960e+01 2.166869411972060675e+02
5.670300287509866166e+01 2.166115125517214040e+02
5.663758889895657944e+01 2.165358398943363341e+02
5.657245704910067019e+01 2.164599242735143889e+02
5.650760822794893556e+01 2.163837667410854237e+02
5.644304333399799134e+01 2.163073683522310660e+02
5.637876326181056186e+01 2.162307301654700780e+02
5.631476890200306684e+01 2.161538532426436063e+02
5.625106114123333612e+01 2.160767386489006299e+02
5.618764086218828879e+01 2.159993874526830950e+02
5.612450894357171194e+01 2.159218007257111083e+02
5.606166626009209608e+01 2.158439795429680998e+02
5.599911368245049914e+01 2.157659249826860446e+02
5.593685207732847431e+01 2.156876381263302846e+02
5.587488230737612582e+01 2.156091200585847787e+02
5.581320523120004395e+01 2.155303718673369531e+02
5.575182170335152421e+01 2.154513946436626100e+02
5.569073257431465862e+01 2.153721894818108922e+02
5.562993869049456919e+01 2.152927574791891061e+02
5.556944089420569100e+01 2.152130997363474876e+02
5.550924002366008381e+01 2.151332173569638826e+02
5.544933691295581468e+01 2.150531114478285701e+02
5.538973239206544719e+01 2.149727831188289997e+02
5.533042728682448796e+01 2.148922334829341310e+02
5.527142241891995411e+01 2.148114636561793134e+02
5.521271860587901870e+01 2.147304747576506259e+02
5.515431666105764918e+01 2.146492679094694438e+02
5.509621739362937376e+01 2.145678442367769492e+02
5.503842160857404053e+01 2.144862048677184418e+02
5.498093010666666203e+01 2.144043509334277076e+02
5.492374368446633781e+01 2.143222835680114713e+02
5.486686313430523398e+01 2.142400039085335379e+02
5.481028924427754134e+01 2.141575130949991035e+02
5.475402279822864671e+01 2.140748122703389811e+02
5.469806457574416925e+01 2.139919025803937416e+02
5.464241535213926682e+01 2.139087851738978259e+02
5.458707589844780017e+01 2.138254612024636288e+02
5.453204698141172457e+01 2.137419318205655543e+02
5.447732936347039612e+01 2.136581981855240713e+02
5.442292380275007702e+01 2.135742614574895413e+02
5.436883105305338404e+01 2.134901227994262740e+02
5.431505186384885064e+01 2.134057833770963839e+02
5.426158698026056726e+01 2.133212443590435896e+02
5.420843714305783578e+01 2.132365069165771274e+02
5.415560308864490935e+01 2.131515722237553518e+02
5.410308554905079603e+01 2.130664414573696490e+02
5.405088525191911231e+01 2.129811157969280089e+02
5.399900292049798622e+01 2.128955964246387680e+02
5.394743927363008851e+01 2.128098845253941818e+02
5.389619502574258547e+01 2.127239812867539399e+02
5.384527088683732643e+01 2.126378878989288808e+02
5.379466756248096715e+01 2.125516055547643930e+02
5.374438575379518568e+01 2.124651354497238458e+02
5.369442615744698344e+01 2.123784787818721327e+02
5.364478946563904316e+01 2.122916367518589880e+02
5.359547636610010812e+01 2.122046105629024737e+02
5.354648754207548222e+01 2.121174014207720688e+02
5.349782367231753000e+01 2.120300105337722414e+02
5.344948543107631167e+01 2.119424391127255092e+02
5.340147348809023242e+01 2.118546883709557846e+02
5.335378850857672717e+01 2.117667595242714640e+02
5.330643115322310166e+01 2.116786537909486583e+02
5.325940207817731675e+01 2.115903723917143111e+02
5.321270193503893609e+01 2.115019165497292306e+02
5.316633137085011640e+01 2.114132874905711503e+02
5.312029102808656944e+01 2.113244864422178182e+02
5.307458154464872990e+01 2.112355146350298867e+02
5.302920355385292339e+01 2.111463733017340019e+02
5.298415768442251306e+01 2.110570636774055231e+02
5.293944456047925939e+01 2.109675869994515836e+02
5.289506480153464452e+01 2.108779445075938952e+02
5.285101902248132433e+01 2.107881374438515536e+02
5.280730783358453806e+01 2.106981670525238144e+02
5.276393184047371676e+01 2.106080345801729266e+02
5.272089164413407048e+01 2.105177412756067383e+02
5.267818784089824646e+01 2.104272883898615305e+02
5.263582102243812244e+01 2.103366771761846223e+02
5.259379177575650033e+01 2.102459088900169775e+02
5.255210068317910554e+01 2.101549847889758382e+02
5.251074832234641576e+01 2.100639061328373032e+02
5.246973526620571704e+01 2.099726741835189046e+02
5.242906208300313153e+01 2.098812902050620437e+02
5.238872933627574469e+01 2.097897554636145401e+02
5.234873758484384609e+01 2.096980712274130667e+02
5.230908738280312775e+01 2.096062387667656139e+02
5.226977927951701020e+01 2.095142593540338396e+02
5.223081381960909653e+01 2.094221342636153906e+02
5.219219154295555541e+01 2.093298647719264807e+02
5.215391298467764614e+01 2.092374521573838706e+02
5.211597867513435745e+01 2.091448977003874177e+02
5.207838913991500362e+01 2.090522026833021698e+02
5.204114489983199121e+01 2.089593683904407726e+02
5.200424647091354302e+01 2.088663961080455351e+02
5.196769436439660694e+01 2.087732871242705244e+02
5.193148908671972208e+01 2.086800427291640290e+02
5.189563113951606255e+01 2.085866642146503978e+02
5.186012101960642440e+01 2.084931528745121909e+02
5.182495921899238311e+01 2.083995100043724165e+02
5.179014622484945107e+01 2.083057369016763687e+02
5.175568251952036292e+01 2.082118348656738362e+02
5.172156858050833250e+01 2.081178051974008838e+02
5.168780488047052302e+01 2.080236491996620600e+02
5.165439188721138919e+01 2.079293681770122078e+02
5.162133006367632504e+01 2.078349634357384161e+02
5.158861986794511978e+01 2.077404362838419161e+02
5.155626175322570504e+01 2.076457880310200039e+02
5.152425616784782392e+01 2.075510199886478233e+02
5.149260355525686350e+01 2.074561334697602319e+02
5.146130435400766601e+01 2.073611297890336402e+02
5.143035899775846076e+01 2.072660102627677645e+02
5.139976791526488853e+01 2.071707762088673519e+02
5.136953153037401876e+01 2.070754289468239620e+02
5.133965026201853021e+01 2.069799697976977484e+02
5.131012452421083481e+01 2.068844000840989850e+02
5.128095472603739324e+01 2.067887211301699324e+02
5.125214127165305200e+01 2.066929342615663643e+02
5.122368456027540162e+01 2.065970408054392351e+02
5.119558498617927000e+01 2.065010420904163198e+02
5.116784293869127964e+01 2.064049394465837395e+02
5.114045880218441198e+01 2.063087342054676299e+02
5.111343295607272808e+01 2.062124277000155814e+02
5.108676577480603953e+01 2.061160212645782792e+02
5.106045762786482101e+01 2.060195162348909435e+02
5.103450887975500194e+01 2.059229139480548270e+02
5.100891989000295723e+01 2.058262157425186842e+02
5.098369101315053342e+01 2.057294229580603542e+02
5.095882259875011044e+01 2.056325369357679165e+02
5.093431499135976992e+01 2.055355590180214733e+02
5.091016853053853453e+01 2.054384905484742205e+02
5.088638355084163578e+01 2.053413328720340587e+02
5.086296038181590973e+01 2.052440873348447781e+02
5.083989934799519972e+01 2.051467552842676128e+02
5.081720076889588711e+01 2.050493380688623972e+02
5.079486495901244325e+01 2.049518370383689216e+02
5.077289222781310229e+01 2.048542535436883156e+02
5.075128287973551267e+01 2.047565889368642615e+02
5.073003721418260170e+01 2.046588445710642361e+02
5.070915552551836925e+01 2.045610218005608090e+02
5.068863810306380913e+01 2.044631219807128844e+02
5.066848523109293012e+01 2.043651464679468575e+02
5.064869718882880534e+01 2.042670966197379698e+02
5.062927425043969976e+01 2.041689737945912668e+02
5.061021668503526882e+01 2.040707793520230098e+02
5.059152475666282811e+01 2.039725146525416619e+02
5.057319872430372243e+01 2.038741810576291869e+02
5.055523884186969497e+01 2.037757799297220913e+02
5.053764535819939141e+01 2.036773126321924963e+02
5.052041851705492093e+01 2.035787805293294070e+02
5.050355855711848108e+01 2.034801849863197276e+02
5.048706571198900406e+01 2.033815273692292465e+02
5.047094021017899479e+01 2.032828090449838783e+02
5.045518227511126952e+01 2.031840313813506498e+02
5.043979212511598575e+01 2.030851957469187425e+02
5.042476997342749456e+01 2.029863035110805356e+02
5.041011602818145576e+01 2.028873560440125630e+02
5.039583049241193891e+01 2.027883547166567553e+02
5.038191356404860244e+01 2.026893009007011415e+02
5.036836543591397231e+01 2.025901959685610905e+02
5.035518629572073479e+01 2.024910412933601549e+02
5.034237632606917145e+01 2.023918382489110854e+02
5.032993570444459408e+01 2.022925882096968451e+02
5.031786460321493593e+01 2.021932925508514529e+02
5.030616318962830746e+01 2.020939526481410553e+02
5.029483162581071554e+01 2.019945698779447980e+02
5.028387006876380383e+01 2.018951456172357268e+02
5.027327867036268572e+01 2.017956812435618019e+02
5.026305757735380553e+01 2.016961781350267415e+02
5.025320693135299166e+01 2.015966376702709226e+02
5.024372686884338179e+01 2.014970612284523384e+02
5.023461752117360390e+01 2.013974501892274418e+02
5.022587901455595016e+01 2.012978059327319897e+02
5.021751147006460769e+01 2.011981298395620570e+02
5.020951500363399589e+01 2.010984232907547664e+02
5.020188972605715350e+01 2.009986876677692180e+02
5.019463574298420383e+01 2.008989243524673896e+02
5.018775315492088396e+01 2.007991347270948665e+02
5.018124205722717335e+01 2.006993201742618282e+02
5.017510254011595805e+01 2.005994820769238061e+02
5.016933468865177304e+01 2.004996218183625558e+02
5.016393858274965112e+01 2.003997407821668162e+02
5.015891429717397187e+01 2.002998403522133231e+02
5.015426190153748109e+01 2.001999219126474827e+02
5.014998146030026049e+01 2.000999868478641304e+02
5.014607303276891059e+01 2.000000365424885729e+02
5.014253667309565543e+01 1.999000723813572051e+02
5.013937243027764623e+01 1.998000957494984107e+02
5.013658034815626507e+01 1.997001080321134054e+02
5.013416046541649962e+01 1.996001106145569395e+02
5.013211281558642440e+01 1.995001048823181975e+02
5.013043742703673900e+01 1.994000922210015290e+02
5.012913432298037719e+01 1.993000740163072919e+02
5.012820352147217307e+01 1.992000516540127251e+02
5.012764503540860517e+01 1.991000265199525643e+02
5.012745887252763310e+01 1.990000000000000000e+02
5.012764503540860517e+01 1.988999734800474641e+02
5.012820352147217307e+01 1.987999483459872749e+02
5.012913432298037719e+01 1.986999259836927081e+02
5.013043742703673900e+01 1.985999077789984995e+02
5.013211281558642440e+01 1.984998951176818309e+02
5.013416046541649962e+01 1.983998893854430605e+02
5.013658034815626507e+01 1.982998919678865661e+02
5.013937243027764623e+01 1.981999042505015609e+02
5.014253667309565543e+01 1.980999276186428233e+02
5.014607303276891059e+01 1.979999634575114271e+02
5.014998146030026049e+01 1.979000131521358696e+02
5.015426190153748109e+01 1.978000780873525173e+02
5.015891429717397187e+01 1.977001596477866485e+02
5.016393858274965112e+01 1.976002592178331838e+02
5.016933468865177304e+01 1.975003781816374726e+02
5.017510254011595805e+01 1.974005179230761939e+02
5.018124205722717335e+01 1.973006798257381718e+02
5.018775315492088396e+01 1.972008652729051335e+02
5.019463574298420383e+01 1.971010756475326104e+02
5.020188972605715350e+01 1.970013123322307820e+02
5.020951500363399589e+01 1.969015767092452620e+02
5.021751147006460769e+01 1.968018701604379714e+02
5.022587901455595016e+01 1.967021940672680103e+02
5.023461752117360390e+01 1.966025498107725582e+02
5.024372686884337469e+01 1.965029387715476616e+02
5.025320693135299166e+01 1.964033623297290774e+02
5.026305757735380553e+01 1.963038218649732585e+02
5.027327867036267861e+01 1.962043187564381981e+02
5.028387006876380383e+01 1.961048543827642732e+02
5.029483162581071554e+01 1.960054301220552020e+02
5.030616318962830746e+01 1.959060473518589447e+02
5.031786460321493593e+01 1.958067074491485471e+02
5.032993570444459408e+01 1.957074117903031549e+02
5.034237632606917145e+01 1.956081617510889146e+02
5.035518629572073479e+01 1.955089587066398451e+02
5.036836543591397231e+01 1.954098040314388811e+02
5.038191356404860244e+01 1.953106990992988585e+02
5.039583049241193180e+01 1.952116452833432731e+02
5.041011602818145576e+01 1.951126439559874370e+02
5.042476997342749456e+01 1.950136964889194928e+02
5.043979212511598575e+01 1.949148042530812575e+02
5.045518227511126952e+01 1.948159686186493502e+02
5.047094021017898768e+01 1.947171909550161217e+02
5.048706571198900406e+01 1.946184726307707535e+02
5.050355855711848108e+01 1.945198150136802724e+02
5.052041851705492093e+01 1.944212194706705645e+02
5.053764535819939141e+01 1.943226873678075037e+02
5.055523884186968786e+01 1.942242200702779371e+02
5.057319872430372243e+01 1.941258189423708131e+02
5.059152475666282811e+01 1.940274853474583381e+02
5.061021668503526882e+01 1.939292206479770186e+02
5.062927425043970686e+01 1.938310262054087332e+02
5.064869718882880534e+01 1.937329033802620586e+02
5.066848523109293012e+01 1.936348535320531425e+02
5.068863810306380913e+01 1.935368780192871156e+02
5.070915552551836925e+01 1.934389781994391910e+02
5.073003721418260170e+01 1.933411554289357639e+02
5.075128287973551267e+01 1.932434110631357385e+02
5.077289222781310229e+01 1.931457464563116844e+02
5.079486495901244325e+01 1.930481629616310784e+02
5.081720076889588711e+01 1.929506619311376312e+02
5.083989934799519972e+01 1.928532447157323872e+02
5.086296038181590973e+01 1.927559126651552219e+02
5.088638355084163578e+01 1.926586671279659697e+02
5.091016853053852742e+01 1.925615094515257795e+02
5.093431499135976992e+01 1.924644409819785267e+02
5.095882259875010334e+01 1.923674630642320835e+02
5.098369101315053342e+01 1.922705770419396742e+02
5.100891989000295723e+01 1.921737842574813158e+02
5.103450887975499484e+01 1.920770860519452015e+02
5.106045762786482101e+01 1.919804837651090565e+02
5.108676577480603953e+01 1.918839787354217208e+02
5.111343295607272808e+01 1.917875722999844186e+02
5.114045880218441908e+01 1.916912657945323701e+02
5.116784293869127964e+01 1.915950605534162605e+02
5.119558498617927000e+01 1.914989579095836802e+02
5.122368456027539452e+01 1.914029591945607649e+02
5.125214127165304490e+01 1.913070657384336357e+02
5.128095472603739324e+01 1.912112788698300676e+02
5.131012452421083481e+01 1.911155999159009866e+02
5.133965026201852311e+01 1.910200302023022800e+02
5.136953153037401876e+01 1.909245710531760380e+02
5.139976791526488142e+01 1.908292237911326765e+02
5.143035899775846076e+01 1.907339897372322355e+02
5.146130435400766601e+01 1.906388702109663313e+02
5.149260355525686350e+01 1.905438665302397681e+02
5.152425616784782392e+01 1.904489800113522051e+02
5.155626175322569793e+01 1.903542119689799961e+02
5.158861986794511267e+01 1.902595637161580839e+02
5.162133006367632504e+01 1.901650365642615839e+02
5.165439188721139629e+01 1.900706318229877922e+02
5.168780488047051591e+01 1.899763508003379400e+02
5.172156858050833250e+01 1.898821948025991446e+02
5.175568251952035581e+01 1.897881651343261922e+02
5.179014622484945107e+01 1.896942630983236313e+02
5.182495921899238311e+01 1.896004899956275835e+02
5.186012101960642440e+01 1.895068471254878091e+02
5.189563113951605544e+01 1.894133357853496307e+02
5.193148908671971498e+01 1.893199572708359710e+02
5.196769436439659984e+01 1.892267128757294756e+02
5.200424647091354302e+01 1.891336038919544933e+02
5.204114489983199121e+01 1.890406316095591990e+02
5.207838913991500362e+01 1.889477973166978302e+02
5.211597867513435034e+01 1.888551022996126108e+02
5.215391298467764614e+01 1.887625478426161294e+02
5.219219154295554830e+01 1.886701352280735193e+02
5.223081381960909653e+01 1.885778657363845809e+02
5.226977927951701020e+01 1.884857406459661888e+02
5.230908738280311354e+01 1.883937612332343861e+02
5.234873758484384609e+01 1.883019287725869333e+02
5.238872933627574469e+01 1.882102445363854599e+02
5.242906208300313153e+01 1.881187097949379563e+02
5.246973526620571704e+01 1.880273258164810954e+02
5.251074832234640866e+01 1.879360938671626968e+02
5.255210068317909844e+01 1.878450152110241902e+02
5.259379177575650033e+01 1.877540911099830225e+02
5.263582102243811534e+01 1.876633228238153777e+02
5.267818784089824646e+01 1.875727116101384695e+02
5.272089164413407048e+01 1.874822587243932617e+02
5.276393184047371676e+01 1.873919654198271019e+02
5.280730783358453095e+01 1.873018329474761856e+02
5.285101902248132433e+01 1.872118625561484464e+02
5.289506480153464452e+01 1.871220554924061048e+02
5.293944456047925229e+01 1.870324130005484164e+02
5.298415768442249885e+01 1.869429363225945053e+02
5.302920355385291629e+01 1.868536266982660266e+02
5.307458154464872990e+01 1.867644853649701133e+02
5.312029102808656233e+01 1.866755135577821818e+02
5.316633137085011640e+01 1.865867125094288497e+02
5.321270193503894319e+01 1.864980834502707694e+02
5.325940207817730254e+01 1.864096276082856889e+02
5.330643115322310166e+01 1.863213462090513417e+02
5.335378850857672717e+01 1.862332404757285360e+02
5.340147348809023242e+01 1.861453116290442154e+02
5.344948543107631167e+01 1.860575608872744908e+02
5.349782367231752289e+01 1.859699894662277586e+02
5.354648754207546801e+01 1.858825985792279312e+02
5.359547636610010102e+01 1.857953894370975547e+02
5.364478946563903605e+01 1.857083632481410120e+02
5.369442615744698344e+01 1.856215212181278957e+02
5.374438575379518568e+01 1.855348645502761542e+02
5.379466756248096004e+01 1.854483944452356354e+02
5.384527088683731932e+01 1.853621121010711477e+02
5.389619502574258547e+01 1.852760187132460601e+02
5.394743927363008140e+01 1.851901154746058467e+02
5.399900292049799333e+01 1.851044035753612320e+02
5.405088525191911231e+01 1.850188842030719911e+02
5.410308554905078893e+01 1.849335585426303510e+02
5.415560308864490935e+01 1.848484277762446482e+02
5.420843714305783578e+01 1.847634930834228726e+02
5.426158698026056015e+01 1.846787556409564104e+02
5.431505186384885064e+01 1.845942166229036161e+02
5.436883105305336983e+01 1.845098772005737544e+02
5.442292380275007702e+01 1.844257385425104872e+02
5.447732936347038901e+01 1.843418018144759287e+02
5.453204698141171747e+01 1.842580681794344457e+02
5.458707589844780728e+01 1.841745387975363712e+02
5.464241535213926682e+01 1.840912148261021741e+02
5.469806457574415504e+01 1.840080974196062584e+02
5.475402279822863960e+01 1.839251877296610189e+02
5.481028924427754134e+01 1.838424869050008965e+02
5.486686313430523398e+01 1.837599960914664905e+02
5.492374368446634492e+01 1.836777164319885287e+02
5.498093010666665492e+01 1.835956490665722924e+02
5.503842160857403343e+01 1.835137951322815866e+02
5.509621739362937376e+01 1.834321557632230508e+02
5.515431666105764208e+01 1.833507320905305562e+02
5.521271860587900449e+01 1.832695252423493741e+02
5.527142241891994701e+01 1.831885363438206866e+02
5.533042728682447375e+01 1.831077665170658690e+02
5.538973239206544008e+01 1.830272168811710003e+02
5.544933691295581468e+01 1.829468885521714299e+02
5.550924002366008381e+01 1.828667826430361174e+02
5.556944089420569810e+01 1.827869002636525124e+02
5.562993869049456208e+01 1.827072425208108939e+02
5.569073257431465152e+01 1.826278105181891078e+02
5.575182170335152421e+01 1.825486053563374185e+02
5.581320523120003685e+01 1.824696281326630753e+02
5.587488230737611872e+01 1.823908799414152213e+02
5.593685207732848141e+01 1.823123618736697154e+02
5.599911368245048493e+01 1.822340750173139554e+02
5.606166626009209608e+01 1.821560204570319002e+02
5.612450894357171194e+01 1.820781992742889202e+02
5.618764086218828879e+01 1.820006125473169050e+02
5.625106114123333612e+01 1.819232613510993701e+02
5.631476890200307395e+01 1.818461467573563937e+02
5.637876326181054765e+01 1.817692698345299505e+02
5.644304333399799134e+01 1.816926316477689340e+02
5.650760822794893556e+01 1.816162332589145763e+02
5.657245704910066308e+01 1.815400757264856111e+02
5.663758889895657944e+01 1.814641601056636659e+02
5.670300287509864745e+01 1.813884874482785960e+02
5.676869807119994960e+01 1.813130588027939325e+02
5.683467357703710121e+01 1.812378752142923872e+02
5.690092847850303315e+01 1.811629377244613579e+02
5.696746185761955417e+01 1.810882473715784613e+02
5.703427279255008386e+01 1.810138051904971235e+02
5.710136035761246376e+01 1.809396122126323974e+02
5.716872362329173285e+01 1.808656694659464677e+02
5.723636165625305239e+01 1.807919779749345253e+02
5.730427351935458091e+01 1.807185387606106133e+02
5.737245827166053402e+01 1.806453528404933309e+02
5.744091496845411626e+01 1.805724212285918782e+02
5.750964266125075852e+01 1.804997449353919023e+02
5.757864039781112098e+01 1.804273249678415993e+02
5.764790722215433050e+01 1.803551623293377020e+02
5.771744217457126069e+01 1.802832580197115817e+02
5.778724429163780485e+01 1.802116130352153505e+02
5.785731260622820571e+01 1.801402283685081613e+02
5.792764614752849184e+01 1.800691050086423957e+02
5.799824394104989267e+01 1.799982439410499069e+02
5.806910500864237434e+01 1.799276461475284918e+02
5.814022836850816134e+01 1.798573126062282199e+02
5.821161303521534336e+01 1.797872442916378191e+02
5.828325801971157460e+01 1.797174421745712607e+02
5.835516232933771619e+01 1.796479072221543447e+02
5.842732496784159935e+01 1.795786403978111139e+02
5.849974493539190235e+01 1.795096426612507798e+02
5.857242122859186395e+01 1.794409149684541092e+02
5.864535284049331665e+01 1.793724582716605482e+02
5.871853876061060618e+01 1.793042735193545809e+02
5.879197797493452526e+01 1.792363616562530524e+02
5.886566946594645344e+01 1.791687236232917257e+02
5.893961221263239025e+01 1.791013603576124638e+02
5.901380519049712348e+01 1.790342727925500981e+02
5.908824737157844709e+01 1.789674618576195542e+02
5.916293772446135790e+01 1.789009284785030331e+02
5.923787521429239433e+01 1.788346735770371083e+02
5.931305880279393250e+01 1.787686980711999354e+02
5.938848744827859605e+01 1.787030028750986617e+02
5.946416010566366595e+01 1.786375888989565794e+02
5.954007572648562530e+01 1.785724570491006489e+02
5.961623325891457625e+01 1.785076082279489356e+02
5.969263164776893404e+01 1.784430433339979913e+02
5.976926983452993625e+01 1.783787632618105476e+02
5.984614675735637945e+01 1.783147689020030953e+02
5.992326135109935592e+01 1.782510611412333503e+02
6.000061254731689786e+01 1.781876408621882888e+02
6.007819927428889173e+01 1.781245089435717261e+02
6.015602045703190015e+01 1.780616662600920961e+02
6.023407501731396962e+01 1.779991136824504849e+02
6.031236187366970114e+01 1.779368520773284956e+02
6.039087994141521420e+01 1.778748823073761116e+02
6.046962813266306114e+01 1.778132052312000440e+02
6.054860535633739715e+01 1.777518217033515384e+02
6.062781051818910072e+01 1.776907325743146657e+02
6.070724252081087968e+01 1.776299386904945834e+02
6.078690026365252663e+01 1.775694408942056839e+02
6.086678264303613162e+01 1.775092400236600838e+02
6.094688855217141565e+01 1.774493369129558289e+02
6.102721688117100740e+01 1.773897323920654401e+02
6.110776651706586904e+01 1.773304272868244880e+02
6.118853634382067241e+01 1.772714224189199683e+02
6.126952524234937414e+01 1.772127186058790187e+02
6.135073209053053489e+01 1.771543166610576634e+02
6.143215576322305083e+01 1.770962173936293595e+02
6.151379513228157236e+01 1.770384216085740263e+02
6.159564906657230665e+01 1.769809301066666478e+02
6.167771643198852871e+01 1.769237436844663307e+02
6.175999609146647629e+01 1.768668631343052198e+02
6.184248690500090362e+01 1.768102892442775556e+02
6.192518772966101182e+01 1.767540227982286467e+02
6.200809741960624422e+01 1.766980645757441835e+02
6.209121482610216702e+01 1.766424153521392668e+02
6.217453879753636414e+01 1.765870758984478073e+02
6.225806817943443150e+01 1.765320469814117246e+02
6.234180181447593583e+01 1.764773293634704032e+02
6.242573854251047294e+01 1.764229238027500628e+02
6.250987720057374020e+01 1.763688310530533840e+02
6.259421662290361610e+01 1.763150518638488506e+02
6.267875564095639618e+01 1.762615869802605744e+02
6.276349308342288680e+01 1.762084371430578358e+02
6.284842777624466237e+01 1.761556030886449093e+02
6.293355854263036520e+01 1.761030855490507747e+02
6.301888420307197691e+01 1.760508852519191123e+02
6.310440357536121780e+01 1.759990029204979862e+02
6.319011547460583245e+01 1.759474392736300956e+02
6.327601871324606719e+01 1.758961950257425997e+02
6.336211210107111924e+01 1.758452708868373406e+02
6.344839444523562122e+01 1.757946675624809814e+02
6.353486455027616842e+01 1.757443857537951999e+02
6.362152121812787442e+01 1.756944261574469976e+02
6.370836324814099783e+01 1.756447894656390361e+02
6.379538943709754051e+01 1.755954763661001152e+02
6.388259857922793827e+01 1.755464875420754822e+02
6.396998946622775151e+01 1.754978236723175371e+02
6.405756088727447661e+01 1.754494854310763117e+02
6.414531162904422956e+01 1.754014734880902324e+02
6.423324047572855022e+01 1.753537885085767414e+02
6.432134620905134170e+01 1.753064311532230874e+02
6.440962760828568889e+01 1.752594020781773168e+02
6.449808345027075518e+01 1.752127019350389503e+02
6.458671250942883546e+01 1.751663313708501164e+02
6.467551355778218181e+01 1.751202910280865694e+02
6.476448536497008490e+01 1.750745815446487370e+02
6.485362669826599813e+01 1.750292035538529376e+02
6.494293632259447691e+01 1.749841576844225131e+02
6.503241300054841645e+01 1.749394445604792452e+02
6.512205549240610480e+01 1.748950648015346587e+02
6.521186255614844640e+01 1.748510190224813243e+02
6.530183294747618561e+01 1.748073078335845310e+02
6.539196541982708766e+01 1.747639318404737310e+02
6.548225872439324746e+01 1.747208916441340705e+02
6.557271161013846950e+01 1.746781878408982607e+02
6.566332282381537766e+01 1.746358210224381082e+02
6.575409110998302253e+01 1.745937917757565003e+02
6.584501521102417598e+01 1.745521006831791055e+02
6.593609386716269682e+01 1.745107483223464158e+02
6.602732581648108123e+01 1.744697352662057313e+02
6.611870979493795630e+01 1.744290620830031173e+02
6.621024453638545992e+01 1.743887293362757589e+02
6.630192877258691908e+01 1.743487375848438603e+02
6.639376123323437184e+01 1.743090873828031135e+02
6.648574064596617461e+01 1.742697792795170244e+02
6.657786573638458094e+01 1.742308138196090965e+02
6.667013522807351933e+01 1.741921915429555554e+02
6.676254784261612940e+01 1.741539129846776461e+02
6.685510229961259654e+01 1.741159786751343574e+02
6.694779731669781597e+01 1.740783891399150036e+02
6.704063160955921319e+01 1.740411448998319770e+02
6.713360389195449329e+01 1.740042464709135288e+02
6.722671287572947563e+01 1.739676943643966069e+02
6.731995727083597103e+01 1.739314890867197221e+02
6.741333578534963067e+01 1.738956311395160697e+02
6.750684712548779487e+01 1.738601210196064244e+02
6.760048999562756933e+01 1.738249592189923760e+02
6.769426309832360289e+01 1.737901462248494511e+02
6.778816513432616375e+01 1.737556825195203771e+02
6.788219480259911620e+01 1.737215685805083467e+02
6.797635080033795418e+01 1.736878048804705088e+02
6.807063182298779225e+01 1.736543918872114034e+02
6.816503656426158386e+01 1.736213300636763393e+02
6.825956371615808393e+01 1.735886198679451127e+02
6.835421196897999607e+01 1.735562617532256979e+02
6.844898001135219090e+01 1.735242561678478239e+02
6.854386653023976805e+01 1.734926035552568635e+02
6.863887021096634555e+01 1.734613043540076660e+02
6.873398973723223548e+01 1.734303589977584465e+02
6.882922379113264810e+01 1.733997679152648743e+02
6.892457105317603805e+01 1.733695315303740188e+02
6.902003020230226582e+01 1.733396502620185231e+02
6.911559991590098662e+01 1.733101245242108348e+02
6.921127886983003918e+01 1.732809547260374075e+02
6.930706573843362150e+01 1.732521412716530449e+02
6.940295919456075069e+01 1.732236845602753874e+02
6.949895790958369446e+01 1.731955849861792558e+02
6.959506055341627473e+01 1.731678429386912796e+02
6.969126579453237014e+01 1.731404588021844120e+02
6.978757229998440437e+01 1.731134329560727281e+02
6.988397873542170657e+01 1.730867657748060537e+02
6.998048376510905655e+01 1.730604576278648210e+02
7.007708605194518725e+01 1.730345088797550090e+02
7.017378425748131576e+01 1.730089198900029714e+02
7.027057704193966003e+01 1.729836910131505192e+02
7.036746306423206931e+01 1.729588225987501175e+02
7.046444098197852668e+01 1.729343149913597699e+02
7.056150945152577947e+01 1.729101685305385274e+02
7.065866712796595550e+01 1.728863835508416287e+02
7.075591266515519351e+01 1.728629603818159239e+02
7.085324471573237304e+01 1.728398993479952139e+02
7.095066193113760278e+01 1.728172007688959013e+02
7.104816296163109257e+01 1.727948649590124433e+02
7.114574645631168437e+01 1.727728922278130881e+02
7.124341106313572425e+01 1.727512828797355269e+02
7.134115542893576389e+01 1.727300372141826017e+02
7.143897819943919103e+01 1.727091555255183835e+02
7.153687801928711565e+01 1.726886381030637949e+02
7.163485353205312833e+01 1.726684852310929443e+02
7.173290338026203017e+01 1.726486971888288053e+02
7.183102620540873318e+01 1.726292742504396927e+02
7.192922064797700443e+01 1.726102166850352546e+02
7.202748534745833808e+01 1.725915247566628352e+02
7.212581894237079894e+01 1.725731987243037224e+02
7.222422007027792290e+01 1.725552388418696808e+02
7.232268736780747531e+01 1.725376453581993985e+02
7.242121947067055032e+01 1.725204185170549351e+02
7.251981501368025818e+01 1.725035585571184811e+02
7.261847263077076775e+01 1.724870657119890041e+02
7.271719095501612173e+01 1.724709402101789806e+02
7.281596861864935022e+01 1.724551822751112695e+02
7.291480425308124325e+01 1.724397921251159858e+02
7.301369648891947861e+01 1.724247699734274875e+02
7.311264395598742283e+01 1.724101160281814487e+02
7.321164528334324473e+01 1.723958304924119318e+02
7.331069909929884432e+01 1.723819135640486024e+02
7.340980403143889532e+01 1.723683654359139723e+02
7.350895870663984510e+01 1.723551862957207277e+02
7.360816175108890036e+01 1.723423763260691715e+02
7.370741179030315493e+01 1.723299357044446083e+02
7.380670744914854708e+01 1.723178646032149288e+02
7.390604735185894469e+01 1.723061631896283075e+02
7.400543012205518778e+01 1.722948316258107297e+02
7.410485438276425896e+01 1.722838700687638038e+02
7.420431875643819808e+01 1.722732786703626857e+02
7.430382186497325847e+01 1.722630575773538055e+02
7.440336232972907737e+01 1.722532069313529917e+02
7.450293877154766164e+01 1.722437268688433676e+02
7.460254981077255820e+01 1.722346175211736181e+02
7.470219406726799605e+01 1.722258790145559431e+02
7.480187016043794301e+01 1.722175114700646077e+02
7.490157670924523359e+01 1.722095150036340101e+02
7.500131233223076777e+01 1.722018897260571464e+02
7.510107564753261045e+01 1.721946357429841896e+02
7.520086527290511924e+01 1.721877531549208697e+02
7.530067982573815755e+01 1.721812420572271662e+02
7.540051792307619394e+01 1.721751025401159723e+02
7.550037818163745840e+01 1.721693346886517872e+02
7.560025921783318381e+01 1.721639385827496653e+02
7.570015964778663431e+01 1.721589142971739648e+02
7.580007808735253150e+01 1.721542619015374669e+02
7.590001315213586963e+01 1.721499814603002676e+02
7.599996345751144133e+01 1.721460730327688964e+02
7.609992761864280908e+01 1.721425366730956625e+02
7.619990425050156091e+01 1.721393724302776604e+02
7.629989196788656614e+01 1.721365803481562580e+02
7.639988938544303210e+01 1.721341604654164996e+02
7.649989511768180250e+01 1.721321128155864244e+02
7.659990777899847103e+01 1.721304374270367532e+02
7.669992598369272230e+01 1.721291343229803772e+02
7.679994834598727493e+01 1.721282035214721873e+02
7.689997348004743571e+01 1.721276450354085910e+02
7.700000000000000000e+01 1.721274588725276260e+02
7.710002651995255007e+01 1.721276450354085910e+02
7.720005165401271086e+01 1.721282035214721873e+02
7.730007401630727770e+01 1.721291343229803772e+02
7.740009222100151476e+01 1.721304374270367532e+02
7.750010488231819750e+01 1.721321128155864244e+02
7.760011061455695369e+01 1.721341604654164996e+02
7.770010803211341965e+01 1.721365803481562580e+02
7.780009574949842488e+01 1.721393724302776604e+02
7.790007238135717671e+01 1.721425366730956625e+02
7.800003654248854446e+01 1.721460730327688964e+02
7.809998684786411616e+01 1.721499814603002676e+02
7.819992191264745429e+01 1.721542619015374669e+02
7.829984035221335148e+01 1.721589142971739648e+02
7.839974078216681619e+01 1.721639385827496653e+02
7.849962181836252739e+01 1.721693346886517872e+02
7.859948207692379185e+01 1.721751025401159723e+02
7.869932017426182824e+01 1.721812420572271662e+02
7.879913472709486655e+01 1.721877531549208697e+02
7.889892435246738955e+01 1.721946357429841896e+02
7.899868766776921802e+01 1.722018897260571464e+02
7.909842329075475220e+01 1.722095150036340101e+02
7.919812983956205699e+01 1.722175114700646077e+02
7.929780593273198974e+01 1.722258790145559431e+02
7.939745018922742759e+01 1.722346175211736181e+02
7.949706122845232414e+01 1.722437268688433676e+02
7.959663767027090842e+01 1.722532069313529917e+02
7.969617813502672732e+01 1.722630575773538055e+02
7.979568124356178771e+01 1.722732786703626857e+02
7.989514561723574104e+01 1.722838700687638038e+02
7.999456987794479801e+01 1.722948316258107297e+02
8.009395264814104110e+01 1.723061631896283075e+02
8.019329255085145292e+01 1.723178646032149288e+02
8.029258820969683086e+01 1.723299357044446083e+02
8.039183824891108543e+01 1.723423763260691715e+02
8.049104129336015490e+01 1.723551862957207277e+02
8.059019596856109047e+01 1.723683654359139723e+02
8.068930090070114147e+01 1.723819135640486024e+02
8.078835471665674106e+01 1.723958304924119318e+02
8.088735604401256296e+01 1.724101160281814487e+02
8.098630351108052139e+01 1.724247699734274875e+02
8.108519574691875675e+01 1.724397921251159858e+02
8.118403138135064978e+01 1.724551822751112695e+02
8.128280904498386406e+01 1.724709402101789806e+02
8.138152736922923225e+01 1.724870657119890041e+02
8.148018498631972761e+01 1.725035585571184811e+02
8.157878052932943547e+01 1.725204185170549351e+02
8.167731263219251048e+01 1.725376453581993985e+02
8.177577992972207710e+01 1.725552388418696808e+02
8.187418105762918685e+01 1.725731987243037224e+02
8.197251465254166192e+01 1.725915247566628352e+02
8.207077935202299557e+01 1.726102166850352546e+02
8.216897379459125261e+01 1.726292742504396927e+02
8.226709661973795562e+01 1.726486971888288053e+02
8.236514646794685746e+01 1.726684852310929159e+02
8.246312198071287014e+01 1.726886381030637949e+02
8.256102180056080897e+01 1.727091555255183835e+02
8.265884457106423611e+01 1.727300372141826017e+02
8.275658893686426154e+01 1.727512828797355269e+02
8.285425354368830142e+01 1.727728922278130881e+02
8.295183703836890743e+01 1.727948649590124433e+02
8.304933806886238301e+01 1.728172007688958729e+02
8.314675528426761275e+01 1.728398993479951855e+02
8.324408733484479228e+01 1.728629603818159239e+02
8.334133287203403029e+01 1.728863835508416287e+02
8.343849054847422053e+01 1.729101685305385274e+02
8.353555901802145911e+01 1.729343149913597699e+02
8.363253693576791648e+01 1.729588225987501175e+02
8.372942295806032575e+01 1.729836910131505192e+02
8.382621574251868424e+01 1.730089198900029714e+02
8.392291394805481275e+01 1.730345088797550090e+02
8.401951623489094345e+01 1.730604576278648210e+02
8.411602126457827922e+01 1.730867657748060537e+02
8.421242770001558142e+01 1.731134329560727281e+02
8.430873420546762986e+01 1.731404588021844120e+02
8.440493944658372527e+01 1.731678429386912796e+02
8.450104209041629133e+01 1.731955849861792558e+02
8.459704080543924931e+01 1.732236845602753874e+02
8.469293426156637850e+01 1.732521412716530449e+02
8.478872113016994660e+01 1.732809547260374075e+02
8.488440008409899917e+01 1.733101245242108348e+02
8.497996979769773418e+01 1.733396502620185231e+02
8.507542894682396195e+01 1.733695315303740188e+02
8.517077620886733769e+01 1.733997679152648743e+02
8.526601026276775031e+01 1.734303589977584465e+02
8.536112978903364024e+01 1.734613043540076660e+02
8.545613346976023195e+01 1.734926035552568635e+02
8.555101998864780910e+01 1.735242561678478239e+02
8.564578803101998972e+01 1.735562617532256979e+02
8.574043628384191607e+01 1.735886198679451127e+02
8.583496343573840193e+01 1.736213300636763108e+02
8.592936817701220775e+01 1.736543918872114034e+02
8.602364919966203161e+01 1.736878048804705088e+02
8.611780519740088380e+01 1.737215685805083467e+02
8.621183486567382204e+01 1.737556825195203487e+02
8.630573690167638290e+01 1.737901462248494511e+02
8.639951000437241646e+01 1.738249592189923760e+02
8.649315287451219092e+01 1.738601210196064244e+02
8.658666421465036933e+01 1.738956311395160697e+02
8.668004272916401476e+01 1.739314890867197221e+02
8.677328712427051016e+01 1.739676943643966069e+02
8.686639610804550671e+01 1.740042464709135288e+02
8.695936839044077260e+01 1.740411448998319770e+02
8.705220268330216982e+01 1.740783891399150036e+02
8.714489770038740346e+01 1.741159786751343574e+02
8.723745215738387060e+01 1.741539129846776461e+02
8.732986477192648067e+01 1.741921915429555554e+02
8.742213426361540485e+01 1.742308138196090965e+02
8.751425935403382539e+01 1.742697792795170244e+02
8.760623876676561395e+01 1.743090873828031135e+02
8.769807122741306671e+01 1.743487375848438319e+02
8.778975546361454008e+01 1.743887293362757305e+02
8.788129020506204370e+01 1.744290620830031173e+02
8.797267418351890456e+01 1.744697352662057028e+02
8.806390613283728896e+01 1.745107483223464158e+02
8.815498478897582402e+01 1.745521006831791055e+02
8.824590889001696326e+01 1.745937917757565003e+02
8.833667717618460813e+01 1.746358210224381082e+02
8.842728838986151629e+01 1.746781878408982607e+02
8.851774127560673833e+01 1.747208916441340705e+02
8.860803458017289813e+01 1.747639318404737026e+02
8.869816705252380018e+01 1.748073078335845310e+02
8.878813744385153939e+01 1.748510190224813243e+02
8.887794450759389520e+01 1.748950648015346587e+02
8.896758699945158355e+01 1.749394445604792452e+02
8.905706367740550888e+01 1.749841576844225131e+02
8.914637330173398766e+01 1.750292035538529092e+02
8.923551463502990089e+01 1.750745815446487370e+02
8.932448644221781819e+01 1.751202910280865694e+02
8.941328749057115033e+01 1.751663313708501164e+02
8.950191654972923061e+01 1.752127019350389503e+02
8.959037239171431111e+01 1.752594020781773168e+02
8.967865379094865830e+01 1.753064311532230874e+02
8.976675952427144978e+01 1.753537885085767130e+02
8.985468837095575623e+01 1.754014734880902324e+02
8.994243911272550918e+01 1.754494854310763117e+02
9.003001053377224139e+01 1.754978236723175371e+02
9.011740142077205462e+01 1.755464875420754538e+02
9.020461056290244528e+01 1.755954763661001152e+02
9.029163675185898796e+01 1.756447894656390361e+02
9.037847878187211847e+01 1.756944261574469692e+02
9.046513544972383158e+01 1.757443857537951715e+02
9.055160555476437878e+01 1.757946675624809529e+02
9.063788789892888076e+01 1.758452708868373406e+02
9.072398128675392570e+01 1.758961950257425713e+02
9.080988452539416755e+01 1.759474392736300956e+02
9.089559642463876799e+01 1.759990029204979862e+02
9.098111579692800888e+01 1.760508852519191123e+02
9.106644145736962059e+01 1.761030855490507747e+02
9.115157222375532342e+01 1.761556030886449093e+02
9.123650691657709899e+01 1.762084371430578358e+02
9.132124435904360382e+01 1.762615869802605744e+02
9.140578337709638390e+01 1.763150518638488506e+02
9.149012279942624559e+01 1.763688310530533840e+02
9.157426145748951285e+01 1.764229238027500628e+02
9.165819818552405707e+01 1.764773293634704032e+02
9.174193182056555429e+01 1.765320469814117246e+02
9.182546120246362875e+01 1.765870758984478073e+02
9.190878517389782587e+01 1.766424153521392668e+02
9.199190258039374157e+01 1.766980645757441550e+02
9.207481227033898108e+01 1.767540227982286467e+02
9.215751309499908928e+01 1.768102892442775556e+02
9.224000390853352371e+01 1.768668631343052198e+02
9.232228356801145708e+01 1.769237436844663307e+02
9.240435093342769335e+01 1.769809301066666478e+02
9.248620486771841342e+01 1.770384216085740263e+02
9.256784423677693496e+01 1.770962173936293595e+02
9.264926790946945800e+01 1.771543166610576350e+02
9.273047475765062586e+01 1.772127186058790187e+02
9.281146365617931338e+01 1.772714224189199399e+02
9.289223348293413096e+01 1.773304272868244880e+02
9.297278311882898549e+01 1.773897323920654401e+02
9.305311144782857014e+01 1.774493369129558005e+02
9.313321735696385417e+01 1.775092400236600838e+02
9.321309973634745916e+01 1.775694408942056839e+02
9.329275747918910611e+01 1.776299386904945550e+02
9.337218948181089218e+01 1.776907325743146657e+02
9.345139464366259574e+01 1.777518217033515100e+02
9.353037186733693886e+01 1.778132052312000440e+02
9.360912005858477869e+01 1.778748823073761116e+02
9.368763812633028465e+01 1.779368520773284672e+02
9.376592498268601616e+01 1.779991136824504849e+02
9.384397954296809985e+01 1.780616662600920961e+02
9.392180072571110827e+01 1.781245089435717261e+02
9.399938745268309503e+01 1.781876408621882888e+02
9.407673864890062987e+01 1.782510611412333503e+02
9.415385324264360634e+01 1.783147689020030668e+02
9.423073016547004954e+01 1.783787632618105476e+02
9.430736835223106596e+01 1.784430433339979913e+02
9.438376674108540954e+01 1.785076082279489356e+02
9.445992427351437470e+01 1.785724570491006489e+02
9.453583989433631984e+01 1.786375888989565794e+02
9.461151255172140395e+01 1.787030028750986617e+02
9.468694119720606750e+01 1.787686980711999354e+02
9.476212478570759856e+01 1.788346735770371083e+02
9.483706227553862789e+01 1.789009284785030331e+02
9.491175262842155291e+01 1.789674618576195542e+02
9.498619480950287652e+01 1.790342727925500981e+02
9.506038778736758843e+01 1.791013603576124638e+02
9.513433053405354656e+01 1.791687236232917257e+02
9.520802202506547474e+01 1.792363616562530524e+02
9.528146123938940093e+01 1.793042735193545809e+02
9.535464715950668335e+01 1.793724582716605198e+02
9.542757877140812184e+01 1.794409149684541092e+02
9.550025506460809765e+01 1.795096426612507514e+02
9.557267503215837223e+01 1.795786403978111139e+02
9.564483767066226960e+01 1.796479072221543163e+02
9.571674198028841829e+01 1.797174421745712607e+02
9.578838696478466375e+01 1.797872442916378191e+02
9.585977163149183866e+01 1.798573126062281915e+02
9.593089499135761855e+01 1.799276461475284918e+02
9.600175605895009312e+01 1.799982439410499069e+02
9.607235385247150816e+01 1.800691050086423672e+02
9.614268739377178008e+01 1.801402283685081613e+02
9.621275570836218094e+01 1.802116130352153220e+02
9.628255782542873931e+01 1.802832580197115817e+02
9.635209277784566950e+01 1.803551623293377304e+02
9.642135960218888613e+01 1.804273249678415993e+02
9.649035733874923437e+01 1.804997449353919023e+02
9.655908503154587663e+01 1.805724212285918497e+02
9.662754172833945177e+01 1.806453528404933024e+02
9.669572648064540488e+01 1.807185387606106133e+02
9.676363834374694761e+01 1.807919779749345253e+02
9.683127637670824583e+01 1.808656694659464392e+02
9.689863964238753624e+01 1.809396122126323974e+02
9.696572720744990193e+01 1.810138051904971235e+02
9.703253814238044583e+01 1.810882473715784613e+02
9.709907152149696685e+01 1.811629377244613579e+02
9.716532642296289168e+01 1.812378752142923872e+02
9.723130192880005040e+01 1.813130588027939325e+02
9.729699712490133834e+01 1.813884874482785960e+02
9.736241110104342056e+01 1.814641601056636659e+02
9.742754295089933692e+01 1.815400757264856111e+02
9.749239177205106444e+01 1.816162332589145763e+02
9.755695666600200866e+01 1.816926316477689340e+02
9.762123673818943814e+01 1.817692698345299505e+02
9.768523109799691895e+01 1.818461467573563937e+02
9.774893885876664967e+01 1.819232613510993417e+02
9.781235913781169700e+01 1.820006125473169050e+02
9.787549105642827385e+01 1.820781992742888917e+02
9.793833373990790392e+01 1.821560204570319002e+02
9.800088631754951507e+01 1.822340750173139554e+02
9.806314792267151859e+01 1.823123618736697154e+02
9.812511769262387418e+01 1.823908799414152213e+02
9.818679476879995605e+01 1.824696281326630469e+02
9.824817829664847579e+01 1.825486053563373900e+02
9.830926742568533427e+01 1.826278105181891078e+02
9.837006130950541660e+01 1.827072425208108655e+02
9.843055910579430190e+01 1.827869002636525124e+02
9.849075997633991619e+01 1.828667826430361458e+02
9.855066308704418532e+01 1.829468885521714014e+02
9.861026760793454571e+01 1.830272168811710003e+02
9.866957271317551204e+01 1.831077665170658690e+02
9.872857758108003168e+01 1.831885363438206866e+02
9.878728139412098130e+01 1.832695252423493741e+02
9.884568333894233660e+01 1.833507320905305278e+02
9.890378260637062624e+01 1.834321557632230508e+02
9.896157839142597368e+01 1.835137951322815866e+02
9.901906989333335218e+01 1.835956490665722924e+02
9.907625631553365508e+01 1.836777164319885287e+02
9.913313686569476602e+01 1.837599960914664621e+02
9.918971075572244445e+01 1.838424869050008965e+02
9.924597720177135329e+01 1.839251877296610189e+02
9.930193542425581654e+01 1.840080974196062584e+02
9.935758464786073318e+01 1.840912148261021741e+02
9.941292410155219272e+01 1.841745387975363712e+02
9.946795301858827543e+01 1.842580681794344173e+02
9.952267063652959678e+01 1.843418018144759287e+02
9.957707619724992298e+01 1.844257385425104872e+02
9.963116894694661596e+01 1.845098772005737260e+02
9.968494813615114936e+01 1.845942166229036161e+02
9.973841301973942564e+01 1.846787556409563820e+02
9.979156285694216422e+01 1.847634930834229010e+02
9.984439691135509065e+01 1.848484277762446482e+02
9.989691445094921107e+01 1.849335585426303794e+02
9.994911474808088769e+01 1.850188842030719627e+02
1.000009970795019996e+02 1.851044035753612036e+02
1.000525607263699044e+02 1.851901154746058182e+02
1.001038049742574145e+02 1.852760187132460601e+02
1.001547291131626736e+02 1.853621121010711192e+02
1.002053324375190329e+02 1.854483944452356070e+02
1.002556142462048143e+02 1.855348645502761542e+02
1.003055738425530166e+02 1.856215212181278673e+02
1.003552105343609497e+02 1.857083632481409836e+02
1.004045236338998848e+02 1.857953894370975263e+02
1.004535124579245178e+02 1.858825985792279312e+02
1.005021763276824629e+02 1.859699894662277586e+02
1.005505145689236741e+02 1.860575608872744908e+02
1.005985265119097676e+02 1.861453116290442438e+02
1.006462114914232728e+02 1.862332404757285360e+02
1.006935688467768983e+02 1.863213462090513417e+02
1.007405979218226832e+02 1.864096276082856889e+02
1.007872980649610497e+02 1.864980834502707694e+02
1.008336686291498836e+02 1.865867125094288212e+02
1.008797089719134306e+02 1.866755135577821818e+02
1.009254184553512630e+02 1.867644853649700849e+02
1.009707964461470766e+02 1.868536266982659981e+02
1.010158423155774869e+02 1.869429363225944769e+02
1.010605554395207406e+02 1.870324130005484164e+02
1.011049351984653413e+02 1.871220554924061048e+02
1.011489809775186757e+02 1.872118625561484464e+02
1.011926921664154690e+02 1.873018329474761856e+02
1.012360681595262832e+02 1.873919654198271019e+02
1.012791083558659295e+02 1.874822587243932617e+02
1.013218121591017535e+02 1.875727116101384695e+02
1.013641789775618918e+02 1.876633228238153777e+02
1.014062082242434997e+02 1.877540911099830225e+02
1.014478993168208945e+02 1.878450152110241618e+02
1.014892516776535842e+02 1.879360938671626968e+02
1.015302647337942687e+02 1.880273258164810954e+02
1.015709379169968685e+02 1.881187097949379563e+02
1.016112706637242553e+02 1.882102445363854599e+02
1.016512624151561539e+02 1.883019287725869049e+02
1.016909126171968722e+02 1.883937612332343861e+02
1.017302207204829756e+02 1.884857406459661604e+02
1.017691861803909035e+02 1.885778657363845809e+02
1.018078084570444446e+02 1.886701352280735193e+02
1.018460870153223539e+02 1.887625478426161294e+02
1.018840213248656426e+02 1.888551022996125823e+02
1.019216108600849964e+02 1.889477973166978018e+02
1.019588551001680088e+02 1.890406316095591990e+02
1.019957535290864570e+02 1.891336038919544933e+02
1.020323056356033931e+02 1.892267128757294756e+02
1.020685109132802779e+02 1.893199572708359710e+02
1.021043688604839446e+02 1.894133357853496307e+02
1.021398789803935756e+02 1.895068471254877807e+02
1.021750407810076098e+02 1.896004899956275551e+02
1.022098537751505489e+02 1.896942630983236029e+02
1.022443174804796371e+02 1.897881651343261638e+02
1.022784314194916533e+02 1.898821948025991162e+02
1.023121951195294912e+02 1.899763508003379684e+02
1.023456081127885966e+02 1.900706318229877922e+02
1.023786699363236750e+02 1.901650365642615839e+02
1.024113801320548873e+02 1.902595637161580839e+02
1.024437382467743021e+02 1.903542119689799961e+02
1.024757438321521761e+02 1.904489800113521767e+02
1.025073964447431365e+02 1.905438665302397681e+02
1.025386956459923340e+02 1.906388702109663598e+02
1.025696410022415392e+02 1.907339897372322355e+02
1.026002320847351115e+02 1.908292237911326481e+02
1.026304684696259812e+02 1.909245710531760380e+02
1.026603497379814769e+02 1.910200302023022516e+02
1.026898754757891652e+02 1.911155999159009866e+02
1.027190452739625925e+02 1.912112788698300392e+02
1.027478587283469409e+02 1.913070657384336073e+02
1.027763154397245984e+02 1.914029591945607365e+02
1.028044150138207300e+02 1.914989579095836802e+02
1.028321570613087204e+02 1.915950605534162605e+02
1.028595411978155738e+02 1.916912657945323701e+02
1.028865670439272719e+02 1.917875722999843902e+02
1.029132342251939605e+02 1.918839787354216924e+02
1.029395423721351790e+02 1.919804837651090565e+02
1.029654911202449910e+02 1.920770860519451730e+02
1.029910801099970428e+02 1.921737842574813158e+02
1.030163089868494666e+02 1.922705770419396742e+02
1.030411774012498825e+02 1.923674630642320835e+02
1.030656850086402301e+02 1.924644409819785267e+02
1.030898314694614726e+02 1.925615094515257795e+02
1.031136164491583713e+02 1.926586671279659697e+02
1.031370396181840903e+02 1.927559126651551935e+02
1.031601006520048003e+02 1.928532447157323588e+02
1.031827992311041129e+02 1.929506619311376028e+02
1.032051350409875567e+02 1.930481629616310784e+02
1.032271077721869119e+02 1.931457464563116844e+02
1.032487171202644731e+02 1.932434110631357100e+02
1.032699627858173983e+02 1.933411554289357639e+02
1.032908444744816308e+02 1.934389781994391910e+02
1.033113618969361909e+02 1.935368780192871156e+02
1.033315147689070699e+02 1.936348535320531141e+02
1.033513028111711947e+02 1.937329033802620302e+02
1.033707257495602931e+02 1.938310262054087332e+02
1.033897833149647312e+02 1.939292206479769902e+02
1.034084752433371648e+02 1.940274853474583381e+02
1.034268012756962776e+02 1.941258189423708131e+02
1.034447611581303050e+02 1.942242200702779087e+02
1.034623546418006015e+02 1.943226873678074753e+02
1.034795814829450649e+02 1.944212194706705645e+02
1.034964414428815189e+02 1.945198150136802724e+02
1.035129342880109959e+02 1.946184726307707535e+02
1.035290597898210194e+02 1.947171909550161217e+02
1.035448177248887305e+02 1.948159686186493502e+02
1.035602078748840142e+02 1.949148042530812290e+02
1.035752300265725125e+02 1.950136964889194644e+02
1.035898839718185513e+02 1.951126439559874086e+02
1.036041695075880682e+02 1.952116452833432447e+02
1.036180864359513976e+02 1.953106990992988585e+02
1.036316345640860277e+02 1.954098040314389095e+02
1.036448137042792723e+02 1.955089587066398451e+02
1.036576236739308285e+02 1.956081617510888861e+02
1.036700642955554059e+02 1.957074117903031549e+02
1.036821353967850712e+02 1.958067074491485471e+02
1.036938368103716925e+02 1.959060473518589447e+02
1.037051683741892845e+02 1.960054301220551736e+02
1.037161299312361962e+02 1.961048543827642447e+02
1.037267213296373143e+02 1.962043187564381981e+02
1.037369424226461945e+02 1.963038218649732585e+02
1.037467930686470083e+02 1.964033623297290774e+02
1.037562731311566182e+02 1.965029387715476616e+02
1.037653824788263961e+02 1.966025498107725582e+02
1.037741209854440569e+02 1.967021940672680103e+02
1.037824885299353923e+02 1.968018701604379430e+02
1.037904849963660041e+02 1.969015767092452336e+02
1.037981102739428536e+02 1.970013123322307536e+02
1.038053642570157962e+02 1.971010756475326104e+02
1.038122468450791160e+02 1.972008652729051335e+02
1.038187579427728338e+02 1.973006798257381718e+02
1.038248974598840420e+02 1.974005179230761939e+02
1.038306653113482270e+02 1.975003781816374726e+02
1.038360614172503489e+02 1.976002592178331838e+02
1.038410857028260210e+02 1.977001596477866485e+02
1.038457380984625189e+02 1.978000780873525173e+02
1.038500185396997324e+02 1.979000131521358696e+02
1.038539269672310894e+02 1.979999634575114271e+02
1.038574633269043375e+02 1.980999276186427949e+02
1.038606275697223538e+02 1.981999042505015609e+02
1.038634196518437420e+02 1.982998919678865661e+02
1.038658395345835004e+02 1.983998893854430321e+02
1.038678871844135756e+02 1.984998951176818025e+02
1.038695625729632610e+02 1.985999077789984710e+02
1.038708656770196228e+02 1.986999259836927081e+02
1.038717964785278269e+02 1.987999483459872749e+02
1.038723549645913948e+02 1.988999734800474357e+02
1.038725411274723740e+02 1.990000000000000000e+02
