1.134763250330046560e+02 3.928089655241969069e+01
1.133806310007540787e+02 3.925186808033405583e+01
1.132849369685035015e+02 3.922283960824842097e+01
1.131892429362529242e+02 3.919381113616278611e+01
1.130935489040023469e+02 3.916478266407715125e+01
1.129978548717517697e+02 3.913575419199151639e+01
1.129021608395011924e+02 3.910672571990588153e+01
1.128064668072506151e+02 3.907769724782024667e+01
1.127107727750000379e+02 3.904866877573461181e+01
1.126150787427494606e+02 3.901964030364897695e+01
1.125193847104988834e+02 3.899061183156334209e+01
1.124236906782483061e+02 3.896158335947770723e+01
1.123279966459977288e+02 3.893255488739207237e+01
1.122323026137471516e+02 3.890352641530643751e+01
1.121366085814965743e+02 3.887449794322080265e+01
1.120409145492459970e+02 3.884546947113516779e+01
1.119452205169954198e+02 3.881644099904953293e+01
1.118495264847448425e+02 3.878741252696389807e+01
1.117538324524942652e+02 3.875838405487826321e+01
1.116581384202436880e+02 3.872935558279262835e+01
1.115624443879931107e+02 3.870032711070699349e+01
1.114667503557425334e+02 3.867129863862135863e+01
1.113710563234919562e+02 3.864227016653572377e+01
1.112753622912413789e+02 3.861324169445008891e+01
1.111796682589908016e+02 3.858421322236445405e+01
1.110839742267402244e+02 3.855518475027881919e+01
1.109882801944896471e+02 3.852615627819318433e+01
1.108925861622390698e+02 3.849712780610754947e+01
1.107968921299884926e+02 3.846809933402191461e+01
1.107011980977379153e+02 3.843907086193627975e+01
1.106055040654873380e+02 3.841004238985064489e+01
1.105098100332367608e+02 3.838101391776501004e+01
1.104141160009861835e+02 3.835198544567937518e+01
1.103184219687356062e+02 3.832295697359374032e+01
1.102227279364850290e+02 3.829392850150810546e+01
1.101270339042344517e+02 3.826490002942247060e+01
1.100313398719838744e+02 3.823587155733683574e+01
1.099356458397332972e+02 3.820684308525120088e+01
1.098399518074827199e+02 3.817781461316556602e+01
1.097442577752321426e+02 3.814878614107993116e+01
1.096485637429815654e+02 3.811975766899429630e+01
1.095528697107309881e+02 3.809072919690866144e+01
1.094571756784804109e+02 3.806170072482302658e+01
1.093614816462298336e+02 3.803267225273739172e+01
1.092657876139792563e+02 3.800364378065175686e+01
1.091700935817286791e+02 3.797461530856612200e+01
1.090743995494781018e+02 3.794558683648048714e+01
1.089787055172275245e+02 3.791655836439485228e+01
1.088830114849769473e+02 3.788752989230921742e+01
1.087873174527263700e+02 3.785850142022358256e+01
1.086916234204757927e+02 3.782947294813794770e+01
1.085959293882252155e+02 3.780044447605231284e+01
1.085002353559746382e+02 3.777141600396667798e+01
1.084045413237240609e+02 3.774238753188104312e+01
1.083088472914734837e+02 3.771335905979540826e+01
1.082131532592229064e+02 3.768433058770977340e+01
1.081174592269723291e+02 3.765530211562413854e+01
1.080217651947217519e+02 3.762627364353850368e+01
1.079260711624711746e+02 3.759724517145286882e+01
1.078303771302205973e+02 3.756821669936723396e+01
1.077346830979700201e+02 3.753918822728159910e+01
1.076389890657194428e+02 3.751015975519596424e+01
1.075432950334688655e+02 3.748113128311032938e+01
1.074476010012182883e+02 3.745210281102469452e+01
1.073519069689677110e+02 3.742307433893905966e+01
1.072562129367171337e+02 3.739404586685342480e+01
1.071605189044665565e+02 3.736501739476778994e+01
1.070648248722159792e+02 3.733598892268215508e+01
1.069691308399654019e+02 3.730696045059652022e+01
1.068734368077148247e+02 3.727793197851088536e+01
1.067777427754642474e+02 3.724890350642525050e+01
1.066820487432136701e+02 3.721987503433961564e+01
1.065863547109630929e+02 3.719084656225398078e+01
1.064906606787125156e+02 3.716181809016834592e+01
1.063949666464619384e+02 3.713278961808271106e+01
1.062992726142113611e+02 3.710376114599707620e+01
1.062035785819607838e+02 3.707473267391144134e+01
1.061078845497102066e+02 3.704570420182580648e+01
1.060121905174596293e+02 3.701667572974017162e+01
1.059164964852090520e+02 3.698764725765453676e+01
1.058208024529584748e+02 3.695861878556890190e+01
1.057251084207078975e+02 3.692959031348326704e+01
1.056294143884573202e+02 3.690056184139763218e+01
1.055337203562067430e+02 3.687153336931199732e+01
1.054380263239561657e+02 3.684250489722636246e+01
1.053423322917055884e+02 3.681347642514072760e+01
1.052466382594550112e+02 3.678444795305509274e+01
1.051509442272044339e+02 3.675541948096945788e+01
1.050552501949538566e+02 3.672639100888382302e+01
1.049595561627032794e+02 3.669736253679818816e+01
1.048638621304527021e+02 3.666833406471255330e+01
1.047681680982021248e+02 3.663930559262691844e+01
1.046724740659515476e+02 3.661027712054128358e+01
1.045767800337009703e+02 3.658124864845564872e+01
1.044810860014503930e+02 3.655222017637001386e+01
1.043853919691998158e+02 3.652319170428437900e+01
1.042896979369492385e+02 3.649416323219874414e+01
1.041940039046986612e+02 3.646513476011310928e+01
1.040983098724480840e+02 3.643610628802747442e+01
1.040026158401975067e+02 3.640707781594183956e+01
1.039069218079469294e+02 3.637804934385620470e+01
1.038112277756963522e+02 3.634902087177056984e+01
1.037155337434457749e+02 3.631999239968493498e+01
1.036198397111951977e+02 3.629096392759930012e+01
1.035241456789446204e+02 3.626193545551366526e+01
1.034284516466940431e+02 3.623290698342803040e+01
1.033327576144434659e+02 3.620387851134239554e+01
1.032370635821928886e+02 3.617485003925676068e+01
1.031413695499423113e+02 3.614582156717112582e+01
1.030456755176917341e+02 3.611679309508549096e+01
1.029499814854411568e+02 3.608776462299985610e+01
1.028542874531905795e+02 3.605873615091422124e+01
1.027585934209400023e+02 3.602970767882858638e+01
1.026628993886894250e+02 3.600067920674295152e+01
1.025672053564388477e+02 3.597165073465731666e+01
1.024715113241882705e+02 3.594262226257168180e+01
1.023758172919376932e+02 3.591359379048604694e+01
1.022801232596871159e+02 3.588456531840041208e+01
1.021844292274365387e+02 3.585553684631477722e+01
1.020887351951859614e+02 3.582650837422914236e+01
1.019930411629353841e+02 3.579747990214350750e+01
1.018973471306848069e+02 3.576845143005787264e+01
1.018016530984342296e+02 3.573942295797223778e+01
1.017059590661836523e+02 3.571039448588660292e+01
1.016102650339330751e+02 3.568136601380096806e+01
1.015145710016824978e+02 3.565233754171533320e+01
1.014188769694319205e+02 3.562330906962969834e+01
1.013231829371813433e+02 3.559428059754406348e+01
1.012274889049307660e+02 3.556525212545842862e+01
1.011317948726801887e+02 3.553622365337279376e+01
1.010361008404296115e+02 3.550719518128715890e+01
1.009404068081790342e+02 3.547816670920152404e+01
1.008447127759284569e+02 3.544913823711588918e+01
1.007490187436778797e+02 3.542010976503025432e+01
1.006533247114273024e+02 3.539108129294461946e+01
1.005576306791767252e+02 3.536205282085898460e+01
1.004619366469261479e+02 3.533302434877334974e+01
1.003662426146755706e+02 3.530399587668771488e+01
1.002705485824249934e+02 3.527496740460208002e+01
1.001748545501744161e+02 3.524593893251644516e+01
1.000791605179238388e+02 3.521691046043081030e+01
9.998346648567326156e+01 3.518788198834517544e+01
9.988777245342268429e+01 3.515885351625954058e+01
9.979207842117210703e+01 3.512982504417390572e+01
9.969638438892152976e+01 3.510079657208827086e+01
9.960069035667095250e+01 3.507176810000263600e+01
9.950499632442037523e+01 3.504273962791700114e+01
9.940930229216979797e+01 3.501371115583136628e+01
9.931360825991922070e+01 3.498468268374573142e+01
9.921791422766864343e+01 3.495565421166009656e+01
9.912222019541806617e+01 3.492662573957446170e+01
9.902652616316748890e+01 3.489759726748882684e+01
9.893083213091691164e+01 3.486856879540319198e+01
9.883513809866633437e+01 3.483954032331755712e+01
9.873944406641575711e+01 3.481051185123192226e+01
9.864375003416517984e+01 3.478148337914628740e+01
9.854805600191460258e+01 3.475245490706065254e+01
9.845236196966402531e+01 3.472342643497501768e+01
9.835666793741344804e+01 3.469439796288938282e+01
9.826097390516287078e+01 3.466536949080374796e+01
9.816527987291229351e+01 3.463634101871811311e+01
9.806958584066171625e+01 3.460731254663247825e+01
9.797389180841113898e+01 3.457828407454684339e+01
9.787819777616056172e+01 3.454925560246120853e+01
9.778250374390998445e+01 3.452022713037557367e+01
9.768680971165940718e+01 3.449119865828993881e+01
9.759111567940882992e+01 3.446217018620430395e+01
9.749542164715825265e+01 3.443314171411866909e+01
9.739972761490767539e+01 3.440411324203303423e+01
9.730403358265709812e+01 3.437508476994739937e+01
9.720833955040652086e+01 3.434605629786176451e+01
9.711264551815594359e+01 3.431702782577612965e+01
9.701695148590536633e+01 3.428799935369049479e+01
9.692125745365478906e+01 3.425897088160485993e+01
9.682556342140421179e+01 3.422994240951922507e+01
9.672986938915363453e+01 3.420091393743359021e+01
9.663417535690305726e+01 3.417188546534795535e+01
9.653848132465248000e+01 3.414285699326232049e+01
9.644278729240190273e+01 3.411382852117668563e+01
9.634709326015132547e+01 3.408480004909105077e+01
9.625139922790074820e+01 3.405577157700541591e+01
9.615570519565017094e+01 3.402674310491978105e+01
9.606001116339959367e+01 3.399771463283414619e+01
9.596431713114901640e+01 3.396868616074851133e+01
9.586862309889843914e+01 3.393965768866287647e+01
9.577292906664786187e+01 3.391062921657724161e+01
9.567723503439728461e+01 3.388160074449160675e+01
9.558154100214670734e+01 3.385257227240597189e+01
9.548584696989613008e+01 3.382354380032033703e+01
9.539015293764555281e+01 3.379451532823470217e+01
9.529445890539497555e+01 3.376548685614906731e+01
9.519876487314439828e+01 3.373645838406343245e+01
9.510307084089382101e+01 3.370742991197779759e+01
9.500737680864324375e+01 3.367840143989216273e+01
9.491168277639266648e+01 3.364937296780652787e+01
9.481598874414208922e+01 3.362034449572089301e+01
9.472029471189151195e+01 3.359131602363525815e+01
9.462460067964093469e+01 3.356228755154962329e+01
9.452890664739035742e+01 3.353325907946398843e+01
9.443321261513978016e+01 3.350423060737835357e+01
9.433751858288920289e+01 3.347520213529271871e+01
9.424182455063862562e+01 3.344617366320708385e+01
9.414613051838804836e+01 3.341714519112144899e+01
9.405043648613747109e+01 3.338811671903581413e+01
9.395474245388689383e+01 3.335908824695017927e+01
9.385904842163631656e+01 3.333005977486454441e+01
9.376335438938573930e+01 3.330103130277890955e+01
9.366766035713516203e+01 3.327200283069327469e+01
9.357196632488458476e+01 3.324297435860763983e+01
9.347627229263400750e+01 3.321394588652200497e+01
9.338057826038343023e+01 3.318491741443637011e+01
9.328488422813285297e+01 3.315588894235073525e+01
9.318919019588227570e+01 3.312686047026510039e+01
9.309349616363169844e+01 3.309783199817946553e+01
9.299780213138112117e+01 3.306880352609383067e+01
9.290210809913054391e+01 3.303977505400819581e+01
9.280641406687996664e+01 3.301074658192256095e+01
9.271072003462938937e+01 3.298171810983692609e+01
9.261502600237881211e+01 3.295268963775129123e+01
9.251933197012823484e+01 3.292366116566565637e+01
9.242363793787765758e+01 3.289463269358002151e+01
9.232794390562708031e+01 3.286560422149438665e+01
9.223224987337650305e+01 3.283657574940875179e+01
9.213655584112592578e+01 3.280754727732311693e+01
9.204086180887534852e+01 3.277851880523748207e+01
9.194516777662477125e+01 3.274949033315184721e+01
9.184947374437419398e+01 3.272046186106621235e+01
9.175377971212361672e+01 3.269143338898057749e+01
9.165808567987303945e+01 3.266240491689494263e+01
9.156239164762246219e+01 3.263337644480930777e+01
9.146669761537188492e+01 3.260434797272367291e+01
9.137100358312130766e+01 3.257531950063803805e+01
9.127530955087073039e+01 3.254629102855240319e+01
9.117961551862015313e+01 3.251726255646676833e+01
9.108392148636957586e+01 3.248823408438113347e+01
9.098822745411899859e+01 3.245920561229549861e+01
9.089253342186842133e+01 3.243017714020986375e+01
9.079683938961784406e+01 3.240114866812422889e+01
9.070114535736726680e+01 3.237212019603859403e+01
9.060545132511668953e+01 3.234309172395295917e+01
9.050975729286611227e+01 3.231406325186732431e+01
9.041406326061553500e+01 3.228503477978168945e+01
9.031836922836495773e+01 3.225600630769605459e+01
9.022267519611438047e+01 3.222697783561041973e+01
9.012698116386380320e+01 3.219794936352478487e+01
9.003128713161322594e+01 3.216892089143915001e+01
8.993559309936264867e+01 3.213989241935351515e+01
8.983989906711207141e+01 3.211086394726788029e+01
8.974420503486149414e+01 3.208183547518224543e+01
8.964851100261091688e+01 3.205280700309661057e+01
8.955281697036033961e+01 3.202377853101097571e+01
8.945712293810976234e+01 3.199475005892534440e+01
8.936142890585918508e+01 3.196572158683971310e+01
8.926573487360860781e+01 3.193669311475408179e+01
8.917004084135803055e+01 3.190766464266845048e+01
8.907434680910745328e+01 3.187863617058281918e+01
8.897865277685687602e+01 3.184960769849718787e+01
8.888295874460629875e+01 3.182057922641155656e+01
8.878726471235572149e+01 3.179155075432592525e+01
8.869157068010514422e+01 3.176252228224029395e+01
8.859587664785456695e+01 3.173349381015466264e+01
8.850018261560398969e+01 3.170446533806903133e+01
8.840448858335341242e+01 3.167543686598340003e+01
8.830879455110283516e+01 3.164640839389776872e+01
8.821310051885225789e+01 3.161737992181213741e+01
8.811740648660168063e+01 3.158835144972650610e+01
8.802171245435110336e+01 3.155932297764087480e+01
8.792601842210052610e+01 3.153029450555524349e+01
8.783032438984994883e+01 3.150126603346961218e+01
8.773463035759937156e+01 3.147223756138398088e+01
8.763893632534879430e+01 3.144320908929834957e+01
8.754324229309821703e+01 3.141418061721271826e+01
8.744754826084763977e+01 3.138515214512708695e+01
8.735185422859706250e+01 3.135612367304145565e+01
8.725616019634648524e+01 3.132709520095582434e+01
8.716046616409590797e+01 3.129806672887019303e+01
8.706477213184533070e+01 3.126903825678456172e+01
8.696907809959475344e+01 3.124000978469893042e+01
8.687338406734417617e+01 3.121098131261329911e+01
8.677769003509359891e+01 3.118195284052766780e+01
8.668199600284302164e+01 3.115292436844203650e+01
8.658630197059244438e+01 3.112389589635640519e+01
8.649060793834186711e+01 3.109486742427077388e+01
8.639491390609128985e+01 3.106583895218514257e+01
8.629921987384071258e+01 3.103681048009951127e+01
8.620352584159013531e+01 3.100778200801387996e+01
8.610783180933955805e+01 3.097875353592824865e+01
8.601213777708898078e+01 3.094972506384261735e+01
8.591644374483840352e+01 3.092069659175698604e+01
8.582074971258782625e+01 3.089166811967135473e+01
8.572505568033724899e+01 3.086263964758572342e+01
8.562936164808667172e+01 3.083361117550009212e+01
8.553366761583609446e+01 3.080458270341446081e+01
8.543797358358551719e+01 3.077555423132882950e+01
8.534227955133493992e+01 3.074652575924319819e+01
8.524658551908436266e+01 3.071749728715756689e+01
8.515089148683378539e+01 3.068846881507193558e+01
8.505519745458320813e+01 3.065944034298630427e+01
8.495950342233263086e+01 3.063041187090067297e+01
8.486380939008205360e+01 3.060138339881504166e+01
8.476811535783147633e+01 3.057235492672941035e+01
8.467242132558089907e+01 3.054332645464377904e+01
8.457672729333032180e+01 3.051429798255814774e+01
8.448103326107974453e+01 3.048526951047251643e+01
8.438533922882916727e+01 3.045624103838688512e+01
8.428964519657859000e+01 3.042721256630125382e+01
8.419395116432801274e+01 3.039818409421562251e+01
8.409825713207743547e+01 3.036915562212999120e+01
8.400256309982685821e+01 3.034012715004435989e+01
8.390686906757628094e+01 3.031109867795872859e+01
8.381117503532570367e+01 3.028207020587309728e+01
8.371548100307512641e+01 3.025304173378746597e+01
8.361978697082454914e+01 3.022401326170183467e+01
8.352409293857397188e+01 3.019498478961620336e+01
8.342839890632339461e+01 3.016595631753057205e+01
8.333270487407281735e+01 3.013692784544494074e+01
8.323701084182224008e+01 3.010789937335930944e+01
8.314131680957166282e+01 3.007887090127367813e+01
8.304562277732108555e+01 3.004984242918804682e+01
8.294992874507050828e+01 3.002081395710241551e+01
8.285423471281993102e+01 2.999178548501678421e+01
8.275854068056935375e+01 2.996275701293115290e+01
8.266284664831877649e+01 2.993372854084552159e+01
8.256715261606819922e+01 2.990470006875989029e+01
8.247145858381762196e+01 2.987567159667425898e+01
8.237576455156704469e+01 2.984664312458862767e+01
8.228007051931646743e+01 2.981761465250299636e+01
8.218437648706589016e+01 2.978858618041736506e+01
8.208868245481531289e+01 2.975955770833173375e+01
8.199298842256473563e+01 2.973052923624610244e+01
8.189729439031415836e+01 2.970150076416047114e+01
8.180160035806358110e+01 2.967247229207483983e+01
8.170590632581300383e+01 2.964344381998920852e+01
8.161021229356242657e+01 2.961441534790357721e+01
8.151451826131184930e+01 2.958538687581794591e+01
8.141882422906127204e+01 2.955635840373231460e+01
8.132313019681069477e+01 2.952732993164668329e+01
8.122743616456011750e+01 2.949830145956105198e+01
8.113174213230954024e+01 2.946927298747542068e+01
8.103604810005896297e+01 2.944024451538978937e+01
8.094035406780838571e+01 2.941121604330415806e+01
8.084466003555780844e+01 2.938218757121852676e+01
8.074896600330723118e+01 2.935315909913289545e+01
8.065327197105665391e+01 2.932413062704726414e+01
8.055757793880607665e+01 2.929510215496163283e+01
8.046188390655549938e+01 2.926607368287600153e+01
8.036618987430492211e+01 2.923704521079037022e+01
8.027049584205434485e+01 2.920801673870473891e+01
8.017480180980376758e+01 2.917898826661910761e+01
8.007910777755319032e+01 2.914995979453347630e+01
7.998341374530261305e+01 2.912093132244784499e+01
7.988771971305203579e+01 2.909190285036221368e+01
7.979202568080145852e+01 2.906287437827658238e+01
7.969633164855088125e+01 2.903384590619095107e+01
7.960063761630030399e+01 2.900481743410531976e+01
7.950494358404972672e+01 2.897578896201968846e+01
7.940924955179914946e+01 2.894676048993405715e+01
7.931355551954857219e+01 2.891773201784842584e+01
7.921786148729799493e+01 2.888870354576279453e+01
7.912216745504741766e+01 2.885967507367716323e+01
7.902647342279684040e+01 2.883064660159153192e+01
7.893077939054626313e+01 2.880161812950590061e+01
7.883508535829568586e+01 2.877258965742026930e+01
7.873939132604510860e+01 2.874356118533463800e+01
7.864369729379453133e+01 2.871453271324900669e+01
7.854800326154395407e+01 2.868550424116337538e+01
7.845230922929337680e+01 2.865647576907774408e+01
7.835661519704279954e+01 2.862744729699211277e+01
7.826092116479222227e+01 2.859841882490648146e+01
7.816522713254164501e+01 2.856939035282085015e+01
7.806953310029106774e+01 2.854036188073521885e+01
7.797383906804049047e+01 2.851133340864958754e+01
7.787814503578991321e+01 2.848230493656395623e+01
7.778245100353933594e+01 2.845327646447832493e+01
7.768675697128875868e+01 2.842424799239269362e+01
7.759106293903818141e+01 2.839521952030706231e+01
7.749536890678760415e+01 2.836619104822143100e+01
7.739967487453702688e+01 2.833716257613579970e+01
7.730398084228644962e+01 2.830813410405016839e+01
7.720828681003587235e+01 2.827910563196453708e+01
7.711259277778529508e+01 2.825007715987890577e+01
7.701689874553471782e+01 2.822104868779327447e+01
7.692120471328414055e+01 2.819202021570764316e+01
7.682551068103356329e+01 2.816299174362201185e+01
7.672981664878298602e+01 2.813396327153638055e+01
7.663412261653240876e+01 2.810493479945074924e+01
7.653842858428183149e+01 2.807590632736511793e+01
7.644273455203125422e+01 2.804687785527948662e+01
7.634704051978067696e+01 2.801784938319385532e+01
7.625134648753009969e+01 2.798882091110822401e+01
7.615565245527952243e+01 2.795979243902259270e+01
7.605995842302894516e+01 2.793076396693696140e+01
7.596426439077836790e+01 2.790173549485133009e+01
7.586857035852779063e+01 2.787270702276569878e+01
7.577287632627721337e+01 2.784367855068006747e+01
7.567718229402663610e+01 2.781465007859443617e+01
7.558148826177605883e+01 2.778562160650880486e+01
7.548579422952548157e+01 2.775659313442317355e+01
7.539010019727490430e+01 2.772756466233754225e+01
7.529440616502432704e+01 2.769853619025191094e+01
7.519871213277374977e+01 2.766950771816627963e+01
7.510301810052317251e+01 2.764047924608064832e+01
7.500732406827259524e+01 2.761145077399501702e+01
7.491163003602201798e+01 2.758242230190938571e+01
7.481593600377144071e+01 2.755339382982375440e+01
7.472024197152086344e+01 2.752436535773812309e+01
7.462454793927028618e+01 2.749533688565249179e+01
7.452885390701970891e+01 2.746630841356686048e+01
7.443315987476913165e+01 2.743727994148122917e+01
7.433746584251855438e+01 2.740825146939559787e+01
7.424177181026797712e+01 2.737922299730996656e+01
7.414607777801739985e+01 2.735019452522433525e+01
7.405038374576682259e+01 2.732116605313870394e+01
7.395468971351624532e+01 2.729213758105307264e+01
7.385899568126566805e+01 2.726310910896744133e+01
7.376330164901509079e+01 2.723408063688181002e+01
7.366760761676451352e+01 2.720505216479617872e+01
7.357191358451393626e+01 2.717602369271054741e+01
7.347621955226335899e+01 2.714699522062491610e+01
7.338052552001278173e+01 2.711796674853928479e+01
7.328483148776220446e+01 2.708893827645365349e+01
7.318913745551162719e+01 2.705990980436802218e+01
7.309344342326104993e+01 2.703088133228239087e+01
7.299774939101047266e+01 2.700185286019675956e+01
7.290205535875989540e+01 2.697282438811112826e+01
7.280636132650931813e+01 2.694379591602549695e+01
7.271066729425874087e+01 2.691476744393986564e+01
7.261497326200816360e+01 2.688573897185423434e+01
7.251927922975758634e+01 2.685671049976860303e+01
7.242358519750700907e+01 2.682768202768297172e+01
7.232789116525643180e+01 2.679865355559734041e+01
7.223219713300585454e+01 2.676962508351170911e+01
7.213650310075527727e+01 2.674059661142607780e+01
7.204080906850470001e+01 2.671156813934044649e+01
7.194511503625412274e+01 2.668253966725481519e+01
7.184942100400354548e+01 2.665351119516918388e+01
7.175372697175296821e+01 2.662448272308355257e+01
7.165803293950239095e+01 2.659545425099792126e+01
7.156233890725181368e+01 2.656642577891228996e+01
7.146664487500123641e+01 2.653739730682665865e+01
7.137095084275065915e+01 2.650836883474102734e+01
7.127525681050008188e+01 2.647934036265539604e+01
7.117956277824950462e+01 2.645031189056976473e+01
7.108386874599892735e+01 2.642128341848413342e+01
7.098817471374835009e+01 2.639225494639850211e+01
7.089248068149777282e+01 2.636322647431287081e+01
7.079678664924719556e+01 2.633419800222723950e+01
7.070109261699661829e+01 2.630516953014160819e+01
7.060539858474604102e+01 2.627614105805597688e+01
7.050970455249546376e+01 2.624711258597034558e+01
7.041401052024488649e+01 2.621808411388471427e+01
7.031831648799430923e+01 2.618905564179908296e+01
7.022262245574373196e+01 2.616002716971345166e+01
7.012692842349315470e+01 2.613099869762782035e+01
7.003123439124257743e+01 2.610197022554218904e+01
6.993554035899200017e+01 2.607294175345655773e+01
6.983984632674142290e+01 2.604391328137092643e+01
6.974415229449084563e+01 2.601488480928529512e+01
6.964845826224026837e+01 2.598585633719966381e+01
6.955276422998969110e+01 2.595682786511403251e+01
6.945707019773911384e+01 2.592779939302840120e+01
6.936137616548853657e+01 2.589877092094276989e+01
6.926568213323795931e+01 2.586974244885713858e+01
6.916998810098738204e+01 2.584071397677150728e+01
6.907429406873680477e+01 2.581168550468587597e+01
6.897860003648622751e+01 2.578265703260024466e+01
6.888290600423565024e+01 2.575362856051461335e+01
6.878721197198507298e+01 2.572460008842898205e+01
6.869151793973449571e+01 2.569557161634335074e+01
6.859582390748391845e+01 2.566654314425771943e+01
6.850012987523334118e+01 2.563751467217208813e+01
6.840443584298276392e+01 2.560848620008645682e+01
6.830874181073218665e+01 2.557945772800082551e+01
6.821304777848160938e+01 2.555042925591519420e+01
6.811735374623103212e+01 2.552140078382956290e+01
6.802165971398045485e+01 2.549237231174393159e+01
6.792596568172987759e+01 2.546334383965830028e+01
6.783027164947930032e+01 2.543431536757266898e+01
6.773457761722872306e+01 2.540528689548703767e+01
6.763888358497814579e+01 2.537625842340140636e+01
6.754318955272756853e+01 2.534722995131577505e+01
6.744749552047699126e+01 2.531820147923014375e+01
6.735180148822641399e+01 2.528917300714451244e+01
6.725610745597583673e+01 2.526014453505888113e+01
6.716041342372525946e+01 2.523111606297324983e+01
6.706471939147468220e+01 2.520208759088761852e+01
6.696902535922410493e+01 2.517305911880198721e+01
6.687333132697352767e+01 2.514403064671635590e+01
6.677763729472295040e+01 2.511500217463072460e+01
6.668194326247237314e+01 2.508597370254509329e+01
6.658624923022179587e+01 2.505694523045946198e+01
6.649055519797121860e+01 2.502791675837383067e+01
6.639486116572064134e+01 2.499888828628819937e+01
6.629916713347006407e+01 2.496985981420256806e+01
6.620347310121948681e+01 2.494083134211693675e+01
6.610777906896890954e+01 2.491180287003130545e+01
6.601208503671833228e+01 2.488277439794567414e+01
6.591639100446775501e+01 2.485374592586004283e+01
6.582069697221717774e+01 2.482471745377441152e+01
6.572500293996660048e+01 2.479568898168878022e+01
6.562930890771602321e+01 2.476666050960314891e+01
6.553361487546544595e+01 2.473763203751751760e+01
6.543792084321486868e+01 2.470860356543188630e+01
6.534222681096429142e+01 2.467957509334625499e+01
6.524653277871371415e+01 2.465054662126062368e+01
6.515083874646313689e+01 2.462151814917499237e+01
6.505514471421255962e+01 2.459248967708936107e+01
6.495945068196198235e+01 2.456346120500372976e+01
6.486375664971140509e+01 2.453443273291809845e+01
6.476806261746082782e+01 2.450540426083246714e+01
6.467236858521025056e+01 2.447637578874683584e+01
6.457667455295967329e+01 2.444734731666120453e+01
6.448098052070909603e+01 2.441831884457557322e+01
6.438528648845851876e+01 2.438929037248994192e+01
6.428959245620794150e+01 2.436026190040431061e+01
6.419389842395736423e+01 2.433123342831867930e+01
6.409820439170678696e+01 2.430220495623304799e+01
6.400251035945620970e+01 2.427317648414741669e+01
6.390681632720563954e+01 2.424414801206178538e+01
6.381112229495506938e+01 2.421511953997615407e+01
6.371542826270449922e+01 2.418609106789052277e+01
6.361973423045392906e+01 2.415706259580489146e+01
6.352404019820335890e+01 2.412803412371926015e+01
6.342834616595278874e+01 2.409900565163362884e+01
6.333265213370221858e+01 2.406997717954799754e+01
6.323695810145164842e+01 2.404094870746236623e+01
6.314126406920107826e+01 2.401192023537673492e+01
6.304557003695050810e+01 2.398289176329110362e+01
6.294987600469993794e+01 2.395386329120547231e+01
6.285418197244936778e+01 2.392483481911984100e+01
6.275848794019879762e+01 2.389580634703420969e+01
6.266279390794822746e+01 2.386677787494857839e+01
6.256709987569765730e+01 2.383774940286294708e+01
6.247140584344708714e+01 2.380872093077731577e+01
6.237571181119651698e+01 2.377969245869168446e+01
6.228001777894594682e+01 2.375066398660605316e+01
6.218432374669537666e+01 2.372163551452042185e+01
6.208862971444480650e+01 2.369260704243479054e+01
6.199293568219423634e+01 2.366357857034915924e+01
6.189724164994366618e+01 2.363455009826352793e+01
6.180154761769309602e+01 2.360552162617789662e+01
6.170585358544252585e+01 2.357649315409226531e+01
6.161015955319195569e+01 2.354746468200663401e+01
6.151446552094138553e+01 2.351843620992100270e+01
6.141877148869081537e+01 2.348940773783537139e+01
6.132307745644024521e+01 2.346037926574974009e+01
6.122738342418967505e+01 2.343135079366410878e+01
6.113168939193910489e+01 2.340232232157847747e+01
6.103599535968853473e+01 2.337329384949284616e+01
6.094030132743796457e+01 2.334426537740721486e+01
6.084460729518739441e+01 2.331523690532158355e+01
6.074891326293682425e+01 2.328620843323595224e+01
6.065321923068625409e+01 2.325717996115032093e+01
6.055752519843568393e+01 2.322815148906468963e+01
6.046183116618511377e+01 2.319912301697905832e+01
6.035638414921407957e+01 2.316713600883788615e+01
6.044837158822754475e+01 2.312791470004095729e+01
6.054035902724100993e+01 2.308869339124402842e+01
6.063234646625447510e+01 2.304947208244709955e+01
6.072433390526794028e+01 2.301025077365017069e+01
6.081632134428140546e+01 2.297102946485324182e+01
6.090830878329487064e+01 2.293180815605631295e+01
6.100029622230833581e+01 2.289258684725938409e+01
6.109228366132180099e+01 2.285336553846245522e+01
6.118427110033526617e+01 2.281414422966552635e+01
6.127625853934873135e+01 2.277492292086859749e+01
6.136824597836219652e+01 2.273570161207166862e+01
6.146023341737566170e+01 2.269648030327473975e+01
6.155222085638912688e+01 2.265725899447781089e+01
6.164420829540259206e+01 2.261803768568088202e+01
6.173619573441605723e+01 2.257881637688395315e+01
6.182818317342952241e+01 2.253959506808702429e+01
6.192017061244298759e+01 2.250037375929009542e+01
6.201215805145645277e+01 2.246115245049316655e+01
6.210414549046991795e+01 2.242193114169623769e+01
6.219613292948338312e+01 2.238270983289930882e+01
6.228812036849684830e+01 2.234348852410237996e+01
6.238010780751031348e+01 2.230426721530545109e+01
6.247209524652377866e+01 2.226504590650852222e+01
6.256408268553724383e+01 2.222582459771159336e+01
6.265607012455070901e+01 2.218660328891466449e+01
6.274805756356417419e+01 2.214738198011773562e+01
6.284004500257763937e+01 2.210816067132080676e+01
6.293203244159110454e+01 2.206893936252387789e+01
6.302401988060456972e+01 2.202971805372694902e+01
6.311600731961803490e+01 2.199049674493002016e+01
6.320799475863150008e+01 2.195127543613309129e+01
6.329998219764496525e+01 2.191205412733616242e+01
6.339196963665843043e+01 2.187283281853923356e+01
6.348395707567189561e+01 2.183361150974230469e+01
6.357594451468536079e+01 2.179439020094537582e+01
6.366793195369882596e+01 2.175516889214844696e+01
6.375991939271229114e+01 2.171594758335151809e+01
6.385190683172575632e+01 2.167672627455458922e+01
6.394389427073922150e+01 2.163750496575766036e+01
6.403588170975268667e+01 2.159828365696073149e+01
6.412786914876615185e+01 2.155906234816380262e+01
6.421985658777961703e+01 2.151984103936687376e+01
6.431184402679308221e+01 2.148061973056994489e+01
6.440383146580654739e+01 2.144139842177301603e+01
6.449581890482001256e+01 2.140217711297608716e+01
6.458780634383347774e+01 2.136295580417915829e+01
6.467979378284694292e+01 2.132373449538222943e+01
6.477178122186040810e+01 2.128451318658530056e+01
6.486376866087387327e+01 2.124529187778837169e+01
6.495575609988733845e+01 2.120607056899144283e+01
6.504774353890080363e+01 2.116684926019451396e+01
6.513973097791426881e+01 2.112762795139758509e+01
6.523171841692773398e+01 2.108840664260065623e+01
6.532370585594119916e+01 2.104918533380372736e+01
6.541569329495466434e+01 2.100996402500679849e+01
6.550768073396812952e+01 2.097074271620986963e+01
6.559966817298159469e+01 2.093152140741294076e+01
6.569165561199505987e+01 2.089230009861601189e+01
6.578364305100852505e+01 2.085307878981908303e+01
6.587563049002199023e+01 2.081385748102215416e+01
6.596761792903545540e+01 2.077463617222522529e+01
6.605960536804892058e+01 2.073541486342829643e+01
6.615159280706238576e+01 2.069619355463136756e+01
6.624358024607585094e+01 2.065697224583443870e+01
6.633556768508931611e+01 2.061775093703750983e+01
6.642755512410278129e+01 2.057852962824058096e+01
6.651954256311624647e+01 2.053930831944365210e+01
6.661153000212971165e+01 2.050008701064672323e+01
6.670351744114317682e+01 2.046086570184979436e+01
6.679550488015664200e+01 2.042164439305286550e+01
6.688749231917010718e+01 2.038242308425593663e+01
6.697947975818357236e+01 2.034320177545900776e+01
6.707146719719703754e+01 2.030398046666207890e+01
6.716345463621050271e+01 2.026475915786515003e+01
6.725544207522396789e+01 2.022553784906822116e+01
6.734742951423743307e+01 2.018631654027129230e+01
6.743941695325089825e+01 2.014709523147436343e+01
6.753140439226436342e+01 2.010787392267743456e+01
6.762339183127782860e+01 2.006865261388050570e+01
6.771537927029129378e+01 2.002943130508357683e+01
6.780736670930475896e+01 1.999020999628664796e+01
6.789935414831822413e+01 1.995098868748971910e+01
6.799134158733168931e+01 1.991176737869279023e+01
6.808332902634515449e+01 1.987254606989586136e+01
6.817531646535861967e+01 1.983332476109893250e+01
6.826730390437208484e+01 1.979410345230200363e+01
6.835929134338555002e+01 1.975488214350507477e+01
6.845127878239901520e+01 1.971566083470814590e+01
6.854326622141248038e+01 1.967643952591121703e+01
6.863525366042594555e+01 1.963721821711428817e+01
6.872724109943941073e+01 1.959799690831735930e+01
6.881922853845287591e+01 1.955877559952043043e+01
6.891121597746634109e+01 1.951955429072350157e+01
6.900320341647980626e+01 1.948033298192657270e+01
6.909519085549327144e+01 1.944111167312964383e+01
6.918717829450673662e+01 1.940189036433271497e+01
6.927916573352020180e+01 1.936266905553578610e+01
6.937115317253366698e+01 1.932344774673885723e+01
6.946314061154713215e+01 1.928422643794192837e+01
6.955512805056059733e+01 1.924500512914499950e+01
6.964711548957406251e+01 1.920578382034807063e+01
6.973910292858752769e+01 1.916656251155114177e+01
6.983109036760099286e+01 1.912734120275421290e+01
6.992307780661445804e+01 1.908811989395728403e+01
7.001506524562792322e+01 1.904889858516035517e+01
7.010705268464138840e+01 1.900967727636342630e+01
7.019904012365485357e+01 1.897045596756649743e+01
7.029102756266831875e+01 1.893123465876956857e+01
7.038301500168178393e+01 1.889201334997263970e+01
7.047500244069524911e+01 1.885279204117571084e+01
7.056698987970871428e+01 1.881357073237878197e+01
7.065897731872217946e+01 1.877434942358185310e+01
7.075096475773564464e+01 1.873512811478492424e+01
7.084295219674910982e+01 1.869590680598799537e+01
7.093493963576257499e+01 1.865668549719106650e+01
7.102692707477604017e+01 1.861746418839413764e+01
7.111891451378950535e+01 1.857824287959720877e+01
7.121090195280297053e+01 1.853902157080027990e+01
7.130288939181643570e+01 1.849980026200335104e+01
7.139487683082990088e+01 1.846057895320642217e+01
7.148686426984336606e+01 1.842135764440949330e+01
7.157885170885683124e+01 1.838213633561256444e+01
7.167083914787029642e+01 1.834291502681563557e+01
7.176282658688376159e+01 1.830369371801870670e+01
7.185481402589722677e+01 1.826447240922177784e+01
7.194680146491069195e+01 1.822525110042484897e+01
7.203878890392415713e+01 1.818602979162792010e+01
7.213077634293762230e+01 1.814680848283099124e+01
7.222276378195108748e+01 1.810758717403406237e+01
7.231475122096455266e+01 1.806836586523713351e+01
7.240673865997801784e+01 1.802914455644020464e+01
7.249872609899148301e+01 1.798992324764327577e+01
7.259071353800494819e+01 1.795070193884634691e+01
7.268270097701841337e+01 1.791148063004941804e+01
7.277468841603187855e+01 1.787225932125248917e+01
7.286667585504534372e+01 1.783303801245556031e+01
7.295866329405880890e+01 1.779381670365863144e+01
7.305065073307227408e+01 1.775459539486170257e+01
7.314263817208573926e+01 1.771537408606477371e+01
7.323462561109920443e+01 1.767615277726784484e+01
7.332661305011266961e+01 1.763693146847091597e+01
7.341860048912613479e+01 1.759771015967398711e+01
7.351058792813959997e+01 1.755848885087705824e+01
7.360257536715306514e+01 1.751926754208012937e+01
7.369456280616653032e+01 1.748004623328320051e+01
7.378655024517999550e+01 1.744082492448627164e+01
7.387853768419346068e+01 1.740160361568934277e+01
7.397052512320692585e+01 1.736238230689241391e+01
7.406251256222039103e+01 1.732316099809548504e+01
7.415450000123385621e+01 1.728393968929855617e+01
7.424648744024732139e+01 1.724471838050162731e+01
7.433847487926078657e+01 1.720549707170469844e+01
7.443046231827425174e+01 1.716627576290776958e+01
7.452244975728771692e+01 1.712705445411084071e+01
7.461443719630118210e+01 1.708783314531391184e+01
7.470642463531464728e+01 1.704861183651698298e+01
7.479841207432811245e+01 1.700939052772005411e+01
7.489039951334157763e+01 1.697016921892312524e+01
7.498238695235504281e+01 1.693094791012619638e+01
7.507437439136850799e+01 1.689172660132926751e+01
7.516636183038197316e+01 1.685250529253233864e+01
7.525834926939543834e+01 1.681328398373540978e+01
7.535033670840890352e+01 1.677406267493848091e+01
7.544232414742236870e+01 1.673484136614155204e+01
7.553431158643583387e+01 1.669562005734462318e+01
7.562629902544929905e+01 1.665639874854769431e+01
7.571828646446276423e+01 1.661717743975076544e+01
7.581027390347622941e+01 1.657795613095383658e+01
7.590226134248969458e+01 1.653873482215690771e+01
7.599424878150315976e+01 1.649951351335997884e+01
7.608623622051662494e+01 1.646029220456304998e+01
7.617822365953009012e+01 1.642107089576612111e+01
7.627021109854355529e+01 1.638184958696919225e+01
7.636219853755702047e+01 1.634262827817226338e+01
7.645418597657048565e+01 1.630340696937533451e+01
7.654617341558395083e+01 1.626418566057840565e+01
7.663816085459741601e+01 1.622496435178147678e+01
7.673014829361088118e+01 1.618574304298454791e+01
7.682213573262434636e+01 1.614652173418761905e+01
7.691412317163781154e+01 1.610730042539069018e+01
7.700611061065127672e+01 1.606807911659376131e+01
7.709809804966474189e+01 1.602885780779683245e+01
7.719008548867820707e+01 1.598963649899990536e+01
7.728207292769167225e+01 1.595041519020297827e+01
7.737406036670513743e+01 1.591119388140605118e+01
7.746604780571860260e+01 1.587197257260912409e+01
7.755803524473206778e+01 1.583275126381219700e+01
7.765002268374553296e+01 1.579352995501526991e+01
7.774201012275899814e+01 1.575430864621834282e+01
7.783399756177246331e+01 1.571508733742141573e+01
7.792598500078592849e+01 1.567586602862448864e+01
7.801797243979939367e+01 1.563664471982756154e+01
7.810995987881285885e+01 1.559742341103063445e+01
7.820194731782632402e+01 1.555820210223370736e+01
7.829393475683978920e+01 1.551898079343678027e+01
7.838592219585325438e+01 1.547975948463985318e+01
7.847790963486671956e+01 1.544053817584292609e+01
7.856989707388018473e+01 1.540131686704599900e+01
7.866188451289364991e+01 1.536209555824907191e+01
7.875387195190711509e+01 1.532287424945214482e+01
7.884585939092058027e+01 1.528365294065521773e+01
7.893784682993404545e+01 1.524443163185829064e+01
7.902983426894751062e+01 1.520521032306136355e+01
7.912182170796097580e+01 1.516598901426443646e+01
7.921380914697444098e+01 1.512676770546750937e+01
7.930579658598790616e+01 1.508754639667058228e+01
7.939778402500137133e+01 1.504832508787365519e+01
7.948977146401483651e+01 1.500910377907672810e+01
7.958175890302830169e+01 1.496988247027980101e+01
7.967374634204176687e+01 1.493066116148287392e+01
7.976573378105523204e+01 1.489143985268594683e+01
7.985772122006869722e+01 1.485221854388901974e+01
7.994970865908216240e+01 1.481299723509209265e+01
8.004169609809562758e+01 1.477377592629516556e+01
8.013368353710909275e+01 1.473455461749823847e+01
8.022567097612255793e+01 1.469533330870131138e+01
8.031765841513602311e+01 1.465611199990438429e+01
8.040964585414948829e+01 1.461689069110745720e+01
8.050163329316295346e+01 1.457766938231053011e+01
8.059362073217641864e+01 1.453844807351360302e+01
8.068560817118988382e+01 1.449922676471667593e+01
8.077759561020334900e+01 1.446000545591974884e+01
8.086958304921681417e+01 1.442078414712282175e+01
8.096157048823027935e+01 1.438156283832589466e+01
8.105355792724374453e+01 1.434234152952896757e+01
8.114554536625720971e+01 1.430312022073204048e+01
8.123753280527067488e+01 1.426389891193511339e+01
8.132952024428414006e+01 1.422467760313818630e+01
8.142150768329760524e+01 1.418545629434125921e+01
8.151349512231107042e+01 1.414623498554433212e+01
8.160548256132453560e+01 1.410701367674740503e+01
8.169747000033800077e+01 1.406779236795047794e+01
8.178945743935146595e+01 1.402857105915355085e+01
8.188144487836493113e+01 1.398934975035662376e+01
8.197343231737839631e+01 1.395012844155969667e+01
8.206541975639186148e+01 1.391090713276276958e+01
8.215740719540532666e+01 1.387168582396584249e+01
8.224939463441879184e+01 1.383246451516891540e+01
8.234138207343225702e+01 1.379324320637198831e+01
8.243336951244572219e+01 1.375402189757506122e+01
8.252535695145918737e+01 1.371480058877813413e+01
8.261734439047265255e+01 1.367557927998120704e+01
8.270933182948611773e+01 1.363635797118427995e+01
8.280131926849958290e+01 1.359713666238735286e+01
8.289330670751304808e+01 1.355791535359042577e+01
8.298529414652651326e+01 1.351869404479349868e+01
8.307728158553997844e+01 1.347947273599657159e+01
8.316926902455344361e+01 1.344025142719964450e+01
8.326125646356690879e+01 1.340103011840271741e+01
8.335324390258037397e+01 1.336180880960579032e+01
8.344523134159383915e+01 1.332258750080886323e+01
8.353721878060730432e+01 1.328336619201193614e+01
8.362920621962076950e+01 1.324414488321500905e+01
8.372119365863423468e+01 1.320492357441808196e+01
8.381318109764769986e+01 1.316570226562115487e+01
8.390516853666116504e+01 1.312648095682422777e+01
8.399715597567463021e+01 1.308725964802730068e+01
8.408914341468809539e+01 1.304803833923037359e+01
8.418113085370156057e+01 1.300881703043344650e+01
8.427311829271502575e+01 1.296959572163651941e+01
8.436510573172849092e+01 1.293037441283959232e+01
8.445709317074195610e+01 1.289115310404266523e+01
8.454908060975542128e+01 1.285193179524573814e+01
8.464106804876888646e+01 1.281271048644881105e+01
8.473305548778235163e+01 1.277348917765188396e+01
8.482504292679581681e+01 1.273426786885495687e+01
8.491703036580928199e+01 1.269504656005802978e+01
8.500901780482274717e+01 1.265582525126110269e+01
8.510100524383621234e+01 1.261660394246417560e+01
8.519299268284967752e+01 1.257738263366724851e+01
8.528498012186314270e+01 1.253816132487032142e+01
8.537696756087660788e+01 1.249894001607339433e+01
8.546895499989007305e+01 1.245971870727646724e+01
8.556094243890353823e+01 1.242049739847954015e+01
8.565292987791700341e+01 1.238127608968261306e+01
8.574491731693046859e+01 1.234205478088568597e+01
8.583690475594393376e+01 1.230283347208875888e+01
8.592889219495739894e+01 1.226361216329183179e+01
8.602087963397086412e+01 1.222439085449490470e+01
8.611286707298432930e+01 1.218516954569797761e+01
8.620485451199779448e+01 1.214594823690105052e+01
8.629684195101125965e+01 1.210672692810412343e+01
8.638882939002472483e+01 1.206750561930719634e+01
8.648081682903819001e+01 1.202828431051026925e+01
8.657280426805165519e+01 1.198906300171334216e+01
8.666479170706512036e+01 1.194984169291641507e+01
8.675677914607858554e+01 1.191062038411948798e+01
8.684876658509205072e+01 1.187139907532256089e+01
8.694075402410551590e+01 1.183217776652563380e+01
8.708175870521746731e+01 1.177205664347891201e+01
8.715099288440089254e+01 1.184421361426342045e+01
8.722022706358431776e+01 1.191637058504792890e+01
8.728946124276774299e+01 1.198852755583243734e+01
8.735869542195116821e+01 1.206068452661694579e+01
8.742792960113459344e+01 1.213284149740145423e+01
8.749716378031801867e+01 1.220499846818596268e+01
8.756639795950144389e+01 1.227715543897047112e+01
8.763563213868486912e+01 1.234931240975497957e+01
8.770486631786829435e+01 1.242146938053948801e+01
8.777410049705171957e+01 1.249362635132399646e+01
8.784333467623514480e+01 1.256578332210850490e+01
8.791256885541857002e+01 1.263794029289301335e+01
8.798180303460199525e+01 1.271009726367752179e+01
8.805103721378542048e+01 1.278225423446203024e+01
8.812027139296884570e+01 1.285441120524653869e+01
8.818950557215227093e+01 1.292656817603104713e+01
8.825873975133569616e+01 1.299872514681555558e+01
8.832797393051912138e+01 1.307088211760006402e+01
8.839720810970254661e+01 1.314303908838457247e+01
8.846644228888597183e+01 1.321519605916908091e+01
8.853567646806939706e+01 1.328735302995358936e+01
8.860491064725282229e+01 1.335951000073809780e+01
8.867414482643624751e+01 1.343166697152260625e+01
8.874337900561967274e+01 1.350382394230711469e+01
8.881261318480309797e+01 1.357598091309162314e+01
8.888184736398652319e+01 1.364813788387613158e+01
8.895108154316994842e+01 1.372029485466064003e+01
8.902031572235337364e+01 1.379245182544514847e+01
8.908954990153679887e+01 1.386460879622965692e+01
8.915878408072022410e+01 1.393676576701416536e+01
8.922801825990364932e+01 1.400892273779867381e+01
8.929725243908707455e+01 1.408107970858318225e+01
8.936648661827049978e+01 1.415323667936769070e+01
8.943572079745392500e+01 1.422539365015219914e+01
8.950495497663735023e+01 1.429755062093670759e+01
8.957418915582077545e+01 1.436970759172121603e+01
8.964342333500420068e+01 1.444186456250572448e+01
8.971265751418762591e+01 1.451402153329023292e+01
8.978189169337105113e+01 1.458617850407474137e+01
8.985112587255447636e+01 1.465833547485924981e+01
8.992036005173790159e+01 1.473049244564375826e+01
8.998959423092132681e+01 1.480264941642826670e+01
9.005882841010475204e+01 1.487480638721277515e+01
9.012806258928817726e+01 1.494696335799728359e+01
9.019729676847160249e+01 1.501912032878179204e+01
9.026653094765502772e+01 1.509127729956630048e+01
9.033576512683845294e+01 1.516343427035080893e+01
9.040499930602187817e+01 1.523559124113531738e+01
9.047423348520530340e+01 1.530774821191982582e+01
9.054346766438872862e+01 1.537990518270433427e+01
9.061270184357215385e+01 1.545206215348884271e+01
9.068193602275557907e+01 1.552421912427335116e+01
9.075117020193900430e+01 1.559637609505785960e+01
9.082040438112242953e+01 1.566853306584236805e+01
9.088963856030585475e+01 1.574069003662687649e+01
9.095887273948927998e+01 1.581284700741138494e+01
9.102810691867270521e+01 1.588500397819589338e+01
9.109734109785613043e+01 1.595716094898040183e+01
9.116657527703955566e+01 1.602931791976491027e+01
9.123580945622298088e+01 1.610147489054941872e+01
9.130504363540640611e+01 1.617363186133392716e+01
9.137427781458983134e+01 1.624578883211843561e+01
9.144351199377325656e+01 1.631794580290294405e+01
9.151274617295668179e+01 1.639010277368745250e+01
9.158198035214010702e+01 1.646225974447196094e+01
9.165121453132353224e+01 1.653441671525646939e+01
9.172044871050695747e+01 1.660657368604097783e+01
9.178968288969038269e+01 1.667873065682548628e+01
9.185891706887380792e+01 1.675088762760999472e+01
9.192815124805723315e+01 1.682304459839450317e+01
9.199738542724065837e+01 1.689520156917901161e+01
9.206661960642408360e+01 1.696735853996352006e+01
9.213585378560750883e+01 1.703951551074802850e+01
9.220508796479093405e+01 1.711167248153253695e+01
9.227432214397435928e+01 1.718382945231704539e+01
9.234355632315778450e+01 1.725598642310155384e+01
9.241279050234120973e+01 1.732814339388606228e+01
9.248202468152463496e+01 1.740030036467057073e+01
9.255125886070806018e+01 1.747245733545507917e+01
9.262049303989148541e+01 1.754461430623958762e+01
9.268972721907491064e+01 1.761677127702409607e+01
9.275896139825833586e+01 1.768892824780860451e+01
9.282819557744176109e+01 1.776108521859311296e+01
9.289742975662518631e+01 1.783324218937762140e+01
9.296666393580861154e+01 1.790539916016212985e+01
9.303589811499203677e+01 1.797755613094663829e+01
9.310513229417546199e+01 1.804971310173114674e+01
9.317436647335888722e+01 1.812187007251565518e+01
9.324360065254231245e+01 1.819402704330016363e+01
9.331283483172573767e+01 1.826618401408467207e+01
9.338206901090916290e+01 1.833834098486918052e+01
9.345130319009258812e+01 1.841049795565368896e+01
9.352053736927601335e+01 1.848265492643819741e+01
9.358977154845943858e+01 1.855481189722270585e+01
9.365900572764286380e+01 1.862696886800721430e+01
9.372823990682628903e+01 1.869912583879172274e+01
9.379747408600971426e+01 1.877128280957623119e+01
9.386670826519313948e+01 1.884343978036073963e+01
9.393594244437656471e+01 1.891559675114524808e+01
9.400517662355998993e+01 1.898775372192975652e+01
9.407441080274341516e+01 1.905991069271426497e+01
9.414364498192684039e+01 1.913206766349877341e+01
9.421287916111026561e+01 1.920422463428328186e+01
9.428211334029369084e+01 1.927638160506779030e+01
9.435134751947711607e+01 1.934853857585229875e+01
9.442058169866054129e+01 1.942069554663680719e+01
9.448981587784396652e+01 1.949285251742131564e+01
9.455905005702739174e+01 1.956500948820582408e+01
9.462828423621081697e+01 1.963716645899033253e+01
9.469751841539424220e+01 1.970932342977484097e+01
9.476675259457766742e+01 1.978148040055934942e+01
9.483598677376109265e+01 1.985363737134385786e+01
9.490522095294451788e+01 1.992579434212836631e+01
9.497445513212794310e+01 1.999795131291287476e+01
9.504368931131136833e+01 2.007010828369738320e+01
9.511292349049479355e+01 2.014226525448189165e+01
9.518215766967821878e+01 2.021442222526640009e+01
9.525139184886164401e+01 2.028657919605090854e+01
9.532062602804506923e+01 2.035873616683541698e+01
9.538986020722849446e+01 2.043089313761992543e+01
9.545909438641191969e+01 2.050305010840443387e+01
9.552832856559534491e+01 2.057520707918894232e+01
9.559756274477877014e+01 2.064736404997345076e+01
9.566679692396219536e+01 2.071952102075795921e+01
9.573603110314562059e+01 2.079167799154246765e+01
9.580526528232904582e+01 2.086383496232697610e+01
9.587449946151247104e+01 2.093599193311148454e+01
9.594373364069589627e+01 2.100814890389599299e+01
9.601296781987932150e+01 2.108030587468050143e+01
9.608220199906274672e+01 2.115246284546500988e+01
9.615143617824617195e+01 2.122461981624951832e+01
9.622067035742959717e+01 2.129677678703402677e+01
9.628990453661302240e+01 2.136893375781853521e+01
9.635913871579644763e+01 2.144109072860304366e+01
9.642837289497987285e+01 2.151324769938755210e+01
9.649760707416329808e+01 2.158540467017206055e+01
9.656684125334672331e+01 2.165756164095656899e+01
9.663607543253014853e+01 2.172971861174107744e+01
9.670530961171357376e+01 2.180187558252558588e+01
9.677454379089699898e+01 2.187403255331009433e+01
9.684377797008042421e+01 2.194618952409460277e+01
9.691301214926384944e+01 2.201834649487911122e+01
9.698224632844727466e+01 2.209050346566361966e+01
9.705148050763069989e+01 2.216266043644812811e+01
9.712071468681412512e+01 2.223481740723263655e+01
9.718994886599755034e+01 2.230697437801714500e+01
9.725918304518097557e+01 2.237913134880165344e+01
9.732841722436440079e+01 2.245128831958616189e+01
9.739765140354782602e+01 2.252344529037067034e+01
9.746688558273125125e+01 2.259560226115517878e+01
9.753611976191467647e+01 2.266775923193968723e+01
9.760535394109810170e+01 2.273991620272419567e+01
9.767458812028152693e+01 2.281207317350870412e+01
9.774382229946495215e+01 2.288423014429321256e+01
9.781305647864837738e+01 2.295638711507772101e+01
9.788229065783180260e+01 2.302854408586222945e+01
9.795152483701522783e+01 2.310070105664673790e+01
9.802075901619865306e+01 2.317285802743124634e+01
9.808999319538207828e+01 2.324501499821575479e+01
9.815922737456550351e+01 2.331717196900026323e+01
9.822846155374892874e+01 2.338932893978477168e+01
9.829769573293235396e+01 2.346148591056928012e+01
9.836692991211577919e+01 2.353364288135378857e+01
9.843616409129920442e+01 2.360579985213829701e+01
9.850539827048262964e+01 2.367795682292280546e+01
9.857463244966605487e+01 2.375011379370731390e+01
9.864386662884948009e+01 2.382227076449182235e+01
9.871310080803290532e+01 2.389442773527633079e+01
9.878233498721633055e+01 2.396658470606083924e+01
9.885156916639975577e+01 2.403874167684534768e+01
9.892080334558318100e+01 2.411089864762985613e+01
9.899003752476660623e+01 2.418305561841436457e+01
9.905927170395003145e+01 2.425521258919887302e+01
9.912850588313345668e+01 2.432736955998338146e+01
9.919774006231688190e+01 2.439952653076788991e+01
9.926697424150030713e+01 2.447168350155239835e+01
9.933620842068373236e+01 2.454384047233690680e+01
9.940544259986715758e+01 2.461599744312141524e+01
9.947467677905058281e+01 2.468815441390592369e+01
9.954391095823400804e+01 2.476031138469043213e+01
9.961314513741743326e+01 2.483246835547494058e+01
9.968237931660085849e+01 2.490462532625944903e+01
9.975161349578428371e+01 2.497678229704395747e+01
9.982084767496770894e+01 2.504893926782846592e+01
9.989008185415113417e+01 2.512109623861297436e+01
9.995931603333455939e+01 2.519325320939748281e+01
1.000285502125179846e+02 2.526541018018199125e+01
1.000977843917014098e+02 2.533756715096649970e+01
1.001670185708848351e+02 2.540972412175100814e+01
1.002362527500682603e+02 2.548188109253551659e+01
1.003054869292516855e+02 2.555403806332002503e+01
1.003747211084351108e+02 2.562619503410453348e+01
1.004439552876185360e+02 2.569835200488904192e+01
1.005131894668019612e+02 2.577050897567355037e+01
1.005824236459853864e+02 2.584266594645805881e+01
1.006516578251688117e+02 2.591482291724256726e+01
1.007208920043522369e+02 2.598697988802707570e+01
1.007901261835356621e+02 2.605913685881158415e+01
1.008593603627190873e+02 2.613129382959609259e+01
1.009285945419025126e+02 2.620345080038060104e+01
1.009978287210859378e+02 2.627560777116510948e+01
1.010670629002693630e+02 2.634776474194961793e+01
1.011362970794527882e+02 2.641992171273412637e+01
1.012055312586362135e+02 2.649207868351863482e+01
1.012747654378196387e+02 2.656423565430314326e+01
1.013439996170030639e+02 2.663639262508765171e+01
1.014132337961864891e+02 2.670854959587216015e+01
1.014824679753699144e+02 2.678070656665666860e+01
1.015517021545533396e+02 2.685286353744117704e+01
1.016209363337367648e+02 2.692502050822568549e+01
1.016901705129201900e+02 2.699717747901019393e+01
1.017594046921036153e+02 2.706933444979470238e+01
1.018286388712870405e+02 2.714149142057921082e+01
1.018978730504704657e+02 2.721364839136371927e+01
1.019671072296538910e+02 2.728580536214822772e+01
1.020363414088373162e+02 2.735796233293273616e+01
1.021055755880207414e+02 2.743011930371724461e+01
1.021748097672041666e+02 2.750227627450175305e+01
1.022440439463875919e+02 2.757443324528626150e+01
1.023132781255710171e+02 2.764659021607076994e+01
1.023825123047544423e+02 2.771874718685527839e+01
1.024517464839378675e+02 2.779090415763978683e+01
1.025209806631212928e+02 2.786306112842429528e+01
1.025902148423047180e+02 2.793521809920880372e+01
1.026594490214881432e+02 2.800737506999331217e+01
1.027286832006715684e+02 2.807953204077782061e+01
1.027979173798549937e+02 2.815168901156232906e+01
1.028671515590384189e+02 2.822384598234683750e+01
1.029363857382218441e+02 2.829600295313134595e+01
1.030056199174052693e+02 2.836815992391585439e+01
1.030748540965886946e+02 2.844031689470036284e+01
1.031440882757721198e+02 2.851247386548487128e+01
1.032133224549555450e+02 2.858463083626937973e+01
1.032825566341389703e+02 2.865678780705388817e+01
1.033517908133223955e+02 2.872894477783839662e+01
1.034210249925058207e+02 2.880110174862290506e+01
1.034902591716892459e+02 2.887325871940741351e+01
1.035594933508726712e+02 2.894541569019192195e+01
1.036287275300560964e+02 2.901757266097643040e+01
1.036979617092395216e+02 2.908972963176093884e+01
1.037671958884229468e+02 2.916188660254544729e+01
1.038364300676063721e+02 2.923404357332995573e+01
1.039056642467897973e+02 2.930620054411446418e+01
1.039748984259732225e+02 2.937835751489897262e+01
1.040441326051566477e+02 2.945051448568348107e+01
1.041133667843400730e+02 2.952267145646798951e+01
1.041826009635234982e+02 2.959482842725249796e+01
1.042518351427069234e+02 2.966698539803700641e+01
1.043210693218903486e+02 2.973914236882151485e+01
1.043903035010737739e+02 2.981129933960602330e+01
1.044595376802571991e+02 2.988345631039053174e+01
1.045287718594406243e+02 2.995561328117504019e+01
1.045980060386240496e+02 3.002777025195954863e+01
1.046672402178074748e+02 3.009992722274405708e+01
1.047364743969909000e+02 3.017208419352856552e+01
1.048057085761743252e+02 3.024424116431307397e+01
1.048749427553577505e+02 3.031639813509758241e+01
1.049441769345411757e+02 3.038855510588209086e+01
1.050134111137246009e+02 3.046071207666659930e+01
1.050826452929080261e+02 3.053286904745110775e+01
1.051518794720914514e+02 3.060502601823561619e+01
1.052211136512748766e+02 3.067718298902012464e+01
1.052903478304583018e+02 3.074933995980463308e+01
1.053595820096417270e+02 3.082149693058914153e+01
1.054288161888251523e+02 3.089365390137364997e+01
1.054980503680085775e+02 3.096581087215815842e+01
1.055672845471920027e+02 3.103796784294266686e+01
1.056365187263754279e+02 3.111012481372717531e+01
1.057057529055588532e+02 3.118228178451168375e+01
1.057749870847422784e+02 3.125443875529619220e+01
1.058442212639257036e+02 3.132659572608070064e+01
1.059134554431091289e+02 3.139875269686520909e+01
1.059826896222925541e+02 3.147090966764971753e+01
1.060519238014759793e+02 3.154306663843422598e+01
1.061211579806594045e+02 3.161522360921873442e+01
1.061903921598428298e+02 3.168738058000324287e+01
1.062596263390262550e+02 3.175953755078775131e+01
1.063288605182096802e+02 3.183169452157225976e+01
1.063980946973931054e+02 3.190385149235676820e+01
1.064673288765765307e+02 3.197600846314127665e+01
1.065365630557599559e+02 3.204816543392578865e+01
1.066057972349433811e+02 3.212032240471030065e+01
1.066750314141268063e+02 3.219247937549481264e+01
1.067442655933102316e+02 3.226463634627932464e+01
1.068134997724936568e+02 3.233679331706383664e+01
1.068827339516770820e+02 3.240895028784834864e+01
1.069519681308605072e+02 3.248110725863286063e+01
1.070212023100439325e+02 3.255326422941737263e+01
1.070904364892273577e+02 3.262542120020188463e+01
1.071596706684107829e+02 3.269757817098639663e+01
1.072289048475942081e+02 3.276973514177090863e+01
1.072981390267776334e+02 3.284189211255542062e+01
1.073673732059610586e+02 3.291404908333993262e+01
1.074366073851444838e+02 3.298620605412444462e+01
1.075058415643279091e+02 3.305836302490895662e+01
1.075750757435113343e+02 3.313051999569346862e+01
1.076443099226947595e+02 3.320267696647798061e+01
1.077135441018781847e+02 3.327483393726249261e+01
1.077827782810616100e+02 3.334699090804700461e+01
1.078520124602450352e+02 3.341914787883151661e+01
1.079212466394284604e+02 3.349130484961602860e+01
1.079904808186118856e+02 3.356346182040054060e+01
1.080597149977953109e+02 3.363561879118505260e+01
1.081289491769787361e+02 3.370777576196956460e+01
1.081981833561621613e+02 3.377993273275407660e+01
1.082674175353455865e+02 3.385208970353858859e+01
1.083366517145290118e+02 3.392424667432310059e+01
1.084058858937124370e+02 3.399640364510761259e+01
1.084751200728958622e+02 3.406856061589212459e+01
1.085443542520792874e+02 3.414071758667663659e+01
1.086135884312627127e+02 3.421287455746114858e+01
1.086828226104461379e+02 3.428503152824566058e+01
1.087520567896295631e+02 3.435718849903017258e+01
1.088212909688129884e+02 3.442934546981468458e+01
1.088905251479964136e+02 3.450150244059919658e+01
1.089597593271798388e+02 3.457365941138370857e+01
1.090289935063632640e+02 3.464581638216822057e+01
1.090982276855466893e+02 3.471797335295273257e+01
1.091674618647301145e+02 3.479013032373724457e+01
1.092366960439135397e+02 3.486228729452175656e+01
1.093059302230969649e+02 3.493444426530626856e+01
1.093751644022803902e+02 3.500660123609078056e+01
1.094443985814638154e+02 3.507875820687529256e+01
1.095136327606472406e+02 3.515091517765980456e+01
1.095828669398306658e+02 3.522307214844431655e+01
1.096521011190140911e+02 3.529522911922882855e+01
1.097213352981975163e+02 3.536738609001334055e+01
1.097905694773809415e+02 3.543954306079785255e+01
1.098598036565643667e+02 3.551170003158236455e+01
1.099290378357477920e+02 3.558385700236687654e+01
1.099982720149312172e+02 3.565601397315138854e+01
1.100675061941146424e+02 3.572817094393590054e+01
1.101367403732980677e+02 3.580032791472041254e+01
1.102059745524814929e+02 3.587248488550492453e+01
1.102752087316649181e+02 3.594464185628943653e+01
1.103444429108483433e+02 3.601679882707394853e+01
1.104136770900317686e+02 3.608895579785846053e+01
1.104829112692151938e+02 3.616111276864297253e+01
1.105521454483986190e+02 3.623326973942748452e+01
1.106213796275820442e+02 3.630542671021199652e+01
1.106906138067654695e+02 3.637758368099650852e+01
1.107598479859488947e+02 3.644974065178102052e+01
1.108290821651323199e+02 3.652189762256553252e+01
1.108983163443157451e+02 3.659405459335004451e+01
1.109675505234991704e+02 3.666621156413455651e+01
1.110367847026825956e+02 3.673836853491906851e+01
1.111060188818660208e+02 3.681052550570358051e+01
1.111752530610494460e+02 3.688268247648809250e+01
1.112444872402328713e+02 3.695483944727260450e+01
1.113137214194162965e+02 3.702699641805711650e+01
1.113829555985997217e+02 3.709915338884162850e+01
1.114521897777831470e+02 3.717131035962614050e+01
1.115214239569665722e+02 3.724346733041065249e+01
1.115906581361499974e+02 3.731562430119516449e+01
1.116598923153334226e+02 3.738778127197967649e+01
1.117291264945168479e+02 3.745993824276418849e+01
1.117983606737002731e+02 3.753209521354870049e+01
1.118675948528836983e+02 3.760425218433321248e+01
1.119368290320671235e+02 3.767640915511772448e+01
1.120060632112505488e+02 3.774856612590223648e+01
1.120752973904339740e+02 3.782072309668674848e+01
1.121445315696173992e+02 3.789288006747126047e+01
1.122137657488008244e+02 3.796503703825577247e+01
1.122829999279842497e+02 3.803719400904028447e+01
1.123522341071676749e+02 3.810935097982479647e+01
1.124214682863511001e+02 3.818150795060930847e+01
1.124907024655345253e+02 3.825366492139382046e+01
1.125599366447179506e+02 3.832582189217833246e+01
1.126291708239013758e+02 3.839797886296284446e+01
1.126984050030848010e+02 3.847013583374735646e+01
1.127676391822682263e+02 3.854229280453186846e+01
1.128368733614516515e+02 3.861444977531638045e+01
1.129061075406350767e+02 3.868660674610089245e+01
1.129753417198185019e+02 3.875876371688540445e+01
1.130445758990019272e+02 3.883092068766991645e+01
1.131138100781853524e+02 3.890307765845442844e+01
1.131830442573687776e+02 3.897523462923894044e+01
1.132522784365522028e+02 3.904739160002345244e+01
1.133215126157356281e+02 3.911954857080796444e+01
1.133907467949190533e+02 3.919170554159247644e+01
1.134763250330046560e+02 3.928089655241969069e+01
