3.520387003082010580e+01 2.201613229197195665e+02
3.510494351381973388e+01 2.201467097669394377e+02
3.500601699681936196e+01 2.201320966141593090e+02
3.490709047981899005e+01 2.201174834613791802e+02
3.480816396281861813e+01 2.201028703085990514e+02
3.470923744581824621e+01 2.200882571558189227e+02
3.461031092881787430e+01 2.200736440030387939e+02
3.451138441181750238e+01 2.200590308502586652e+02
3.441245789481713047e+01 2.200444176974785364e+02
3.431353137781675855e+01 2.200298045446984077e+02
3.421460486081638663e+01 2.200151913919182789e+02
3.411567834381601472e+01 2.200005782391381501e+02
3.401675182681564280e+01 2.199859650863580214e+02
3.391782530981527088e+01 2.199713519335778926e+02
3.381889879281489897e+01 2.199567387807977639e+02
3.371997227581452705e+01 2.199421256280176351e+02
3.362104575881415514e+01 2.199275124752375064e+02
3.352211924181378322e+01 2.199128993224573776e+02
3.342319272481341130e+01 2.198982861696772488e+02
3.332426620781303939e+01 2.198836730168971201e+02
3.322533969081266747e+01 2.198690598641169913e+02
3.312641317381229555e+01 2.198544467113368626e+02
3.302748665681192364e+01 2.198398335585567338e+02
3.292856013981155172e+01 2.198252204057766050e+02
3.282963362281117981e+01 2.198106072529964763e+02
3.273070710581080789e+01 2.197959941002163475e+02
3.263178058881043597e+01 2.197813809474362188e+02
3.253285407181006406e+01 2.197667677946560900e+02
3.243392755480969214e+01 2.197521546418759613e+02
3.233500103780932022e+01 2.197375414890958325e+02
3.223607452080894831e+01 2.197229283363157037e+02
3.213714800380857639e+01 2.197083151835355750e+02
3.203822148680820447e+01 2.196937020307554462e+02
3.193929496980783256e+01 2.196790888779753175e+02
3.184036845280746064e+01 2.196644757251951887e+02
3.174144193580708873e+01 2.196498625724150600e+02
3.164251541880671681e+01 2.196352494196349312e+02
3.154358890180634489e+01 2.196206362668548024e+02
3.144466238480597298e+01 2.196060231140746737e+02
3.134573586780560106e+01 2.195914099612945449e+02
3.124680935080522914e+01 2.195767968085144162e+02
3.114788283380485723e+01 2.195621836557342874e+02
3.104895631680448531e+01 2.195475705029541587e+02
3.095002979980411340e+01 2.195329573501740299e+02
3.085110328280374148e+01 2.195183441973939011e+02
3.075217676580336956e+01 2.195037310446137724e+02
3.065325024880299765e+01 2.194891178918336436e+02
3.055432373180262573e+01 2.194745047390535149e+02
3.045539721480225381e+01 2.194598915862733861e+02
3.035647069780188190e+01 2.194452784334932574e+02
3.025754418080150998e+01 2.194306652807131286e+02
3.015861766380113806e+01 2.194160521279329998e+02
3.005969114680076615e+01 2.194014389751528711e+02
2.996076462980039423e+01 2.193868258223727423e+02
2.986183811280002232e+01 2.193722126695926136e+02
2.976291159579965040e+01 2.193575995168124848e+02
2.966398507879927848e+01 2.193429863640323561e+02
2.956505856179890657e+01 2.193283732112522273e+02
2.946613204479853465e+01 2.193137600584720985e+02
2.936720552779816273e+01 2.192991469056919698e+02
2.926827901079779082e+01 2.192845337529118410e+02
2.916935249379741890e+01 2.192699206001317123e+02
2.907042597679704699e+01 2.192553074473515835e+02
2.897149945979667507e+01 2.192406942945714547e+02
2.887257294279630315e+01 2.192260811417913260e+02
2.877364642579593124e+01 2.192114679890111972e+02
2.867471990879555932e+01 2.191968548362310685e+02
2.857579339179518740e+01 2.191822416834509397e+02
2.847686687479481549e+01 2.191676285306708110e+02
2.837794035779444357e+01 2.191530153778906822e+02
2.827901384079407165e+01 2.191384022251105534e+02
2.818008732379369974e+01 2.191237890723304247e+02
2.808116080679332782e+01 2.191091759195502959e+02
2.798223428979295591e+01 2.190945627667701672e+02
2.788330777279258399e+01 2.190799496139900384e+02
2.778438125579221207e+01 2.190653364612099097e+02
2.768545473879184016e+01 2.190507233084297809e+02
2.758652822179146824e+01 2.190361101556496521e+02
2.748760170479109632e+01 2.190214970028695234e+02
2.738867518779072441e+01 2.190068838500893946e+02
2.728974867079035249e+01 2.189922706973092659e+02
2.719082215378998058e+01 2.189776575445291371e+02
2.709189563678960866e+01 2.189630443917490084e+02
2.699296911978923674e+01 2.189484312389688796e+02
2.689404260278886483e+01 2.189338180861887508e+02
2.679511608578849291e+01 2.189192049334086221e+02
2.669618956878812099e+01 2.189045917806284933e+02
2.659726305178774908e+01 2.188899786278483646e+02
2.649833653478737716e+01 2.188753654750682358e+02
2.639941001778700524e+01 2.188607523222881071e+02
2.630048350078663333e+01 2.188461391695079783e+02
2.620155698378626141e+01 2.188315260167278495e+02
2.610263046678588950e+01 2.188169128639477208e+02
2.600370394978551758e+01 2.188022997111675920e+02
2.590477743278514566e+01 2.187876865583874633e+02
2.580585091578477375e+01 2.187730734056073345e+02
2.570692439878440183e+01 2.187584602528272057e+02
2.560799788178402991e+01 2.187438471000470770e+02
2.550907136478365800e+01 2.187292339472669482e+02
2.541014484778328608e+01 2.187146207944868195e+02
2.531121833078291417e+01 2.187000076417066907e+02
2.521229181378254225e+01 2.186853944889265620e+02
2.511336529678217033e+01 2.186707813361464332e+02
2.501443877978179842e+01 2.186561681833663044e+02
2.491551226278142650e+01 2.186415550305861757e+02
2.481658574578105458e+01 2.186269418778060469e+02
2.471765922878068267e+01 2.186123287250259182e+02
2.461873271178031075e+01 2.185977155722457894e+02
2.451980619477993883e+01 2.185831024194656607e+02
2.442087967777956692e+01 2.185684892666855319e+02
2.432195316077919500e+01 2.185538761139054031e+02
2.422302664377882309e+01 2.185392629611252744e+02
2.412410012677845117e+01 2.185246498083451456e+02
2.402517360977807925e+01 2.185100366555650169e+02
2.392624709277770734e+01 2.184954235027848881e+02
2.382732057577733542e+01 2.184808103500047594e+02
2.372839405877696350e+01 2.184661971972246306e+02
2.362946754177659159e+01 2.184515840444445018e+02
2.353054102477621967e+01 2.184369708916643731e+02
2.343161450777584776e+01 2.184223577388842443e+02
2.333268799077547584e+01 2.184077445861041156e+02
2.323376147377510392e+01 2.183931314333239868e+02
2.313483495677473201e+01 2.183785182805438581e+02
2.303590843977436009e+01 2.183639051277637293e+02
2.293698192277398817e+01 2.183492919749836005e+02
2.283805540577361626e+01 2.183346788222034718e+02
2.273912888877324434e+01 2.183200656694233430e+02
2.264020237177287243e+01 2.183054525166432143e+02
2.254127585477250051e+01 2.182908393638630855e+02
2.244234933777212859e+01 2.182762262110829568e+02
2.234342282077175668e+01 2.182616130583028280e+02
2.224449630377138476e+01 2.182469999055226992e+02
2.214556978677101284e+01 2.182323867527425705e+02
2.204664326977064093e+01 2.182177735999624417e+02
2.194771675277026901e+01 2.182031604471823130e+02
2.184879023576989709e+01 2.181885472944021842e+02
2.174986371876952518e+01 2.181739341416220554e+02
2.165093720176915326e+01 2.181593209888419267e+02
2.155201068476878135e+01 2.181447078360617979e+02
2.145308416776840943e+01 2.181300946832816692e+02
2.135415765076803751e+01 2.181154815305015404e+02
2.125523113376766560e+01 2.181008683777214117e+02
2.115630461676729368e+01 2.180862552249412829e+02
2.105737809976692176e+01 2.180716420721611541e+02
2.095845158276654985e+01 2.180570289193810254e+02
2.085952506576617793e+01 2.180424157666008966e+02
2.076059854876580602e+01 2.180278026138207679e+02
2.066167203176543410e+01 2.180131894610406391e+02
2.056274551476506218e+01 2.179985763082605104e+02
2.046381899776469027e+01 2.179839631554803816e+02
2.036489248076431835e+01 2.179693500027002528e+02
2.026596596376394643e+01 2.179547368499201241e+02
2.016703944676357452e+01 2.179401236971399953e+02
2.006811292976320260e+01 2.179255105443598666e+02
1.996918641276283068e+01 2.179108973915797378e+02
1.987025989576245877e+01 2.178962842387996091e+02
1.977133337876208685e+01 2.178816710860194803e+02
1.967240686176171494e+01 2.178670579332393515e+02
1.957348034476134302e+01 2.178524447804592228e+02
1.947455382776097110e+01 2.178378316276790940e+02
1.937562731076059919e+01 2.178232184748989653e+02
1.927670079376022727e+01 2.178086053221188365e+02
1.917777427675985535e+01 2.177939921693387078e+02
1.907884775975948344e+01 2.177793790165585790e+02
1.897992124275911152e+01 2.177647658637784502e+02
1.888099472575873961e+01 2.177501527109983215e+02
1.878206820875836769e+01 2.177355395582181927e+02
1.868314169175799577e+01 2.177209264054380640e+02
1.858421517475762386e+01 2.177063132526579352e+02
1.848528865775725194e+01 2.176917000998778065e+02
1.838636214075688002e+01 2.176770869470976777e+02
1.828743562375650811e+01 2.176624737943175489e+02
1.818850910675613619e+01 2.176478606415374202e+02
1.808958258975576427e+01 2.176332474887572914e+02
1.799065607275539236e+01 2.176186343359771627e+02
1.789172955575502044e+01 2.176040211831970339e+02
1.779280303875464853e+01 2.175894080304169051e+02
1.769387652175427661e+01 2.175747948776367764e+02
1.759495000475390469e+01 2.175601817248566476e+02
1.749602348775353278e+01 2.175455685720765189e+02
1.739709697075316086e+01 2.175309554192963901e+02
1.729817045375278894e+01 2.175163422665162614e+02
1.719924393675241703e+01 2.175017291137361326e+02
1.710031741975204511e+01 2.174871159609560038e+02
1.700139090275167320e+01 2.174725028081758751e+02
1.690246438575130128e+01 2.174578896553957463e+02
1.680353786875092936e+01 2.174432765026156176e+02
1.670461135175055745e+01 2.174286633498354888e+02
1.660568483475018553e+01 2.174140501970553601e+02
1.650675831774981361e+01 2.173994370442752313e+02
1.640783180074944170e+01 2.173848238914951025e+02
1.630890528374906978e+01 2.173702107387149738e+02
1.620997876674869786e+01 2.173555975859348450e+02
1.611105224974832595e+01 2.173409844331547163e+02
1.601212573274795403e+01 2.173263712803745875e+02
1.591319921574758212e+01 2.173117581275944588e+02
1.581427269874721020e+01 2.172971449748143300e+02
1.571534618174683828e+01 2.172825318220342012e+02
1.561641966474646637e+01 2.172679186692540725e+02
1.551749314774609445e+01 2.172533055164739437e+02
1.541856663074572253e+01 2.172386923636938150e+02
1.531964011374535062e+01 2.172240792109136862e+02
1.522071359674497870e+01 2.172094660581335575e+02
1.512178707974460679e+01 2.171948529053534287e+02
1.502286056274423487e+01 2.171802397525732999e+02
1.492393404574386295e+01 2.171656265997931712e+02
1.482500752874349104e+01 2.171510134470130424e+02
1.472608101174311912e+01 2.171364002942329137e+02
1.462715449474274720e+01 2.171217871414527849e+02
1.452822797774237529e+01 2.171071739886726562e+02
1.442930146074200337e+01 2.170925608358925274e+02
1.433037494374163145e+01 2.170779476831123986e+02
1.423144842674125954e+01 2.170633345303322699e+02
1.413252190974088762e+01 2.170487213775521411e+02
1.403359539274051571e+01 2.170341082247720124e+02
1.393466887574014379e+01 2.170194950719918836e+02
1.382901482042626107e+01 2.170038881457722084e+02
1.384362797320638272e+01 2.169049616287718436e+02
1.385824112598650437e+01 2.168060351117714788e+02
1.387285427876662602e+01 2.167071085947711140e+02
1.388746743154674768e+01 2.166081820777707492e+02
1.390208058432686933e+01 2.165092555607703844e+02
1.391669373710699098e+01 2.164103290437700196e+02
1.393130688988711263e+01 2.163114025267696547e+02
1.394592004266723428e+01 2.162124760097692899e+02
1.396053319544735594e+01 2.161135494927689251e+02
1.397514634822747759e+01 2.160146229757685603e+02
1.398975950100759924e+01 2.159156964587681955e+02
1.400437265378772089e+01 2.158167699417678307e+02
1.401898580656784254e+01 2.157178434247674659e+02
1.403359895934796420e+01 2.156189169077671011e+02
1.404821211212808585e+01 2.155199903907667363e+02
1.406282526490820750e+01 2.154210638737663714e+02
1.407743841768832915e+01 2.153221373567660066e+02
1.409205157046845081e+01 2.152232108397656418e+02
1.410666472324857246e+01 2.151242843227652770e+02
1.412127787602869411e+01 2.150253578057649122e+02
1.413589102880881576e+01 2.149264312887645474e+02
1.415050418158893741e+01 2.148275047717641826e+02
1.416511733436905907e+01 2.147285782547638178e+02
1.417973048714918072e+01 2.146296517377634530e+02
1.419434363992930237e+01 2.145307252207630881e+02
1.420895679270942402e+01 2.144317987037627233e+02
1.422356994548954567e+01 2.143328721867623585e+02
1.423818309826966733e+01 2.142339456697619937e+02
1.425279625104978898e+01 2.141350191527616289e+02
1.426740940382991063e+01 2.140360926357612641e+02
1.428202255661003228e+01 2.139371661187608993e+02
1.429663570939015393e+01 2.138382396017605345e+02
1.431124886217027559e+01 2.137393130847601697e+02
1.432586201495039724e+01 2.136403865677598048e+02
1.434047516773051889e+01 2.135414600507594400e+02
1.435508832051064054e+01 2.134425335337590752e+02
1.436970147329076219e+01 2.133436070167587104e+02
1.438431462607088385e+01 2.132446804997583456e+02
1.439892777885100550e+01 2.131457539827579808e+02
1.441354093163112715e+01 2.130468274657576160e+02
1.442815408441124880e+01 2.129479009487572512e+02
1.444276723719137046e+01 2.128489744317568864e+02
1.445738038997149211e+01 2.127500479147565215e+02
1.447199354275161376e+01 2.126511213977561567e+02
1.448660669553173541e+01 2.125521948807557919e+02
1.450121984831185706e+01 2.124532683637554271e+02
1.451583300109197872e+01 2.123543418467550623e+02
1.453044615387210037e+01 2.122554153297546975e+02
1.454505930665222202e+01 2.121564888127543327e+02
1.455967245943234367e+01 2.120575622957539679e+02
1.457428561221246532e+01 2.119586357787536031e+02
1.458889876499258698e+01 2.118597092617532383e+02
1.460351191777270863e+01 2.117607827447528734e+02
1.461812507055283028e+01 2.116618562277525086e+02
1.463273822333295193e+01 2.115629297107521438e+02
1.464735137611307358e+01 2.114640031937517790e+02
1.466196452889319524e+01 2.113650766767514142e+02
1.467657768167331689e+01 2.112661501597510494e+02
1.469119083445343854e+01 2.111672236427506846e+02
1.470580398723356019e+01 2.110682971257503198e+02
1.472041714001368184e+01 2.109693706087499550e+02
1.473503029279380350e+01 2.108704440917495901e+02
1.474964344557392515e+01 2.107715175747492253e+02
1.476425659835404680e+01 2.106725910577488605e+02
1.477886975113416845e+01 2.105736645407484957e+02
1.479348290391429011e+01 2.104747380237481309e+02
1.480809605669441176e+01 2.103758115067477661e+02
1.482270920947453341e+01 2.102768849897474013e+02
1.483732236225465506e+01 2.101779584727470365e+02
1.485193551503477671e+01 2.100790319557466717e+02
1.486654866781489837e+01 2.099801054387463068e+02
1.488116182059502002e+01 2.098811789217459420e+02
1.489577497337514167e+01 2.097822524047455772e+02
1.491038812615526332e+01 2.096833258877452124e+02
1.492500127893538497e+01 2.095843993707448476e+02
1.493961443171550663e+01 2.094854728537444828e+02
1.495422758449562828e+01 2.093865463367441180e+02
1.496884073727574993e+01 2.092876198197437532e+02
1.498345389005587158e+01 2.091886933027433884e+02
1.499806704283599323e+01 2.090897667857430235e+02
1.501268019561611489e+01 2.089908402687426587e+02
1.502729334839623654e+01 2.088919137517422939e+02
1.504190650117635819e+01 2.087929872347419291e+02
1.505651965395647984e+01 2.086940607177415643e+02
1.507113280673660149e+01 2.085951342007411995e+02
1.508574595951672315e+01 2.084962076837408347e+02
1.510035911229684480e+01 2.083972811667404699e+02
1.511497226507696645e+01 2.082983546497401051e+02
1.512958541785708810e+01 2.081994281327397402e+02
1.514419857063720976e+01 2.081005016157393754e+02
1.515881172341733141e+01 2.080015750987390106e+02
1.517342487619745306e+01 2.079026485817386458e+02
1.518803802897757471e+01 2.078037220647382810e+02
1.520265118175769636e+01 2.077047955477379162e+02
1.521726433453781802e+01 2.076058690307375514e+02
1.523187748731793967e+01 2.075069425137371866e+02
1.524649064009806132e+01 2.074080159967368218e+02
1.526110379287818297e+01 2.073090894797364570e+02
1.527571694565830462e+01 2.072101629627360921e+02
1.529033009843842628e+01 2.071112364457357273e+02
1.530494325121854793e+01 2.070123099287353625e+02
1.531955640399866958e+01 2.069133834117349977e+02
1.533416955677879123e+01 2.068144568947346329e+02
1.534878270955891288e+01 2.067155303777342681e+02
1.536339586233903454e+01 2.066166038607339033e+02
1.537800901511915619e+01 2.065176773437335385e+02
1.539262216789927784e+01 2.064187508267331737e+02
1.540723532067939949e+01 2.063198243097328088e+02
1.542184847345952114e+01 2.062208977927324440e+02
1.543646162623964280e+01 2.061219712757320792e+02
1.545107477901976445e+01 2.060230447587317144e+02
1.546568793179988610e+01 2.059241182417313496e+02
1.548030108458000775e+01 2.058251917247309848e+02
1.549491423736012941e+01 2.057262652077306200e+02
1.550952739014025106e+01 2.056273386907302552e+02
1.552414054292037271e+01 2.055284121737298904e+02
1.553875369570049436e+01 2.054294856567295255e+02
1.555336684848061601e+01 2.053305591397291607e+02
1.556798000126073767e+01 2.052316326227287959e+02
1.558259315404085932e+01 2.051327061057284311e+02
1.559720630682098097e+01 2.050337795887280663e+02
1.561181945960110262e+01 2.049348530717277015e+02
1.562643261238122427e+01 2.048359265547273367e+02
1.564104576516134593e+01 2.047370000377269719e+02
1.565565891794146758e+01 2.046380735207266071e+02
1.567027207072158923e+01 2.045391470037262422e+02
1.568488522350171088e+01 2.044402204867258774e+02
1.569949837628183253e+01 2.043412939697255126e+02
1.571411152906195419e+01 2.042423674527251478e+02
1.572872468184207584e+01 2.041434409357247830e+02
1.574333783462219749e+01 2.040445144187244182e+02
1.575795098740231914e+01 2.039455879017240534e+02
1.577256414018244080e+01 2.038466613847236886e+02
1.578717729296256245e+01 2.037477348677233238e+02
1.580179044574268410e+01 2.036488083507229589e+02
1.581640359852280575e+01 2.035498818337225941e+02
1.583101675130292740e+01 2.034509553167222293e+02
1.584562990408304906e+01 2.033520287997218645e+02
1.586024305686317071e+01 2.032531022827214997e+02
1.587485620964329236e+01 2.031541757657211349e+02
1.588946936242341401e+01 2.030552492487207701e+02
1.590408251520353566e+01 2.029563227317204053e+02
1.591869566798365732e+01 2.028573962147200405e+02
1.593330882076377897e+01 2.027584696977196757e+02
1.594792197354390062e+01 2.026595431807193108e+02
1.596253512632402227e+01 2.025606166637189460e+02
1.597714827910414392e+01 2.024616901467185812e+02
1.599176143188426558e+01 2.023627636297182164e+02
1.600637458466438900e+01 2.022638371127178516e+02
1.602098773744451066e+01 2.021649105957174868e+02
1.603560089022463231e+01 2.020659840787171220e+02
1.605021404300475396e+01 2.019670575617167572e+02
1.606482719578487561e+01 2.018681310447163924e+02
1.607944034856499727e+01 2.017692045277160275e+02
1.609405350134511892e+01 2.016702780107156627e+02
1.610866665412524057e+01 2.015713514937152979e+02
1.612327980690536222e+01 2.014724249767149331e+02
1.613789295968548387e+01 2.013734984597145683e+02
1.615250611246560553e+01 2.012745719427142035e+02
1.616711926524572718e+01 2.011756454257138387e+02
1.618173241802584883e+01 2.010767189087134739e+02
1.619634557080597048e+01 2.009777923917131091e+02
1.621095872358609213e+01 2.008788658747127442e+02
1.622557187636621379e+01 2.007799393577123794e+02
1.624018502914633544e+01 2.006810128407120146e+02
1.625479818192645709e+01 2.005820863237116498e+02
1.626941133470657874e+01 2.004831598067112850e+02
1.628402448748670039e+01 2.003842332897109202e+02
1.629863764026682205e+01 2.002853067727105554e+02
1.631325079304694370e+01 2.001863802557101906e+02
1.632786394582706535e+01 2.000874537387098258e+02
1.634247709860718700e+01 1.999885272217094609e+02
1.635709025138730865e+01 1.998896007047090961e+02
1.637170340416743031e+01 1.997906741877087313e+02
1.638631655694755196e+01 1.996917476707083665e+02
1.640092970972767361e+01 1.995928211537080017e+02
1.641554286250779526e+01 1.994938946367076369e+02
1.643015601528791692e+01 1.993949681197072721e+02
1.644476916806803857e+01 1.992960416027069073e+02
1.645938232084816022e+01 1.991971150857065425e+02
1.647399547362828187e+01 1.990981885687061776e+02
1.648860862640840352e+01 1.989992620517058128e+02
1.650322177918852518e+01 1.989003355347054480e+02
1.651783493196864683e+01 1.988014090177050832e+02
1.653244808474876848e+01 1.987024825007047184e+02
1.654706123752889013e+01 1.986035559837043536e+02
1.656167439030901178e+01 1.985046294667039888e+02
1.657628754308913344e+01 1.984057029497036240e+02
1.659090069586925509e+01 1.983067764327032592e+02
1.660551384864937674e+01 1.982078499157028944e+02
1.662012700142949839e+01 1.981089233987025295e+02
1.663474015420962004e+01 1.980099968817021647e+02
1.664935330698974170e+01 1.979110703647017999e+02
1.666396645976986335e+01 1.978121438477014351e+02
1.667857961254998500e+01 1.977132173307010703e+02
1.669319276533010665e+01 1.976142908137007055e+02
1.670780591811022830e+01 1.975153642967003407e+02
1.672241907089034996e+01 1.974164377796999759e+02
1.673703222367047161e+01 1.973175112626996111e+02
1.675164537645059326e+01 1.972185847456992462e+02
1.676625852923071491e+01 1.971196582286988814e+02
1.678087168201083657e+01 1.970207317116985166e+02
1.679548483479095822e+01 1.969218051946981518e+02
1.681009798757107987e+01 1.968228786776977870e+02
1.682471114035120152e+01 1.967239521606974222e+02
1.683932429313132317e+01 1.966250256436970574e+02
1.685393744591144483e+01 1.965260991266966926e+02
1.686855059869156648e+01 1.964271726096963278e+02
1.688316375147168813e+01 1.963282460926959629e+02
1.689777690425180978e+01 1.962293195756955981e+02
1.691239005703193143e+01 1.961303930586952333e+02
1.692700320981205309e+01 1.960314665416948685e+02
1.694161636259217474e+01 1.959325400246945037e+02
1.695622951537229639e+01 1.958336135076941389e+02
1.697084266815241804e+01 1.957346869906937741e+02
1.698545582093253969e+01 1.956357604736934093e+02
1.700006897371266135e+01 1.955368339566930445e+02
1.701468212649278300e+01 1.954379074396926796e+02
1.702929527927290465e+01 1.953389809226923148e+02
1.704390843205302630e+01 1.952400544056919500e+02
1.705852158483314795e+01 1.951411278886915852e+02
1.707313473761326961e+01 1.950422013716912204e+02
1.708774789039339126e+01 1.949432748546908556e+02
1.710236104317351291e+01 1.948443483376904908e+02
1.711697419595363456e+01 1.947454218206901260e+02
1.713158734873375622e+01 1.946464953036897612e+02
1.714620050151387787e+01 1.945475687866893963e+02
1.716081365429399952e+01 1.944486422696890315e+02
1.717542680707412117e+01 1.943497157526886667e+02
1.719003995985424282e+01 1.942507892356883019e+02
1.720465311263436448e+01 1.941518627186879371e+02
1.721926626541448613e+01 1.940529362016875723e+02
1.723387941819460778e+01 1.939540096846872075e+02
1.724849257097472943e+01 1.938550831676868427e+02
1.726310572375485108e+01 1.937561566506864779e+02
1.727771887653497274e+01 1.936572301336861130e+02
1.729233202931509439e+01 1.935583036166857482e+02
1.730694518209521604e+01 1.934593770996853834e+02
1.732155833487533769e+01 1.933604505826850186e+02
1.733617148765545934e+01 1.932615240656846538e+02
1.735078464043558100e+01 1.931625975486842890e+02
1.736539779321570265e+01 1.930636710316839242e+02
1.738001094599582430e+01 1.929647445146835594e+02
1.739462409877594595e+01 1.928658179976831946e+02
1.740923725155606760e+01 1.927668914806828298e+02
1.742385040433618926e+01 1.926679649636824649e+02
1.743846355711631091e+01 1.925690384466821001e+02
1.745307670989643256e+01 1.924701119296817353e+02
1.746768986267655421e+01 1.923711854126813705e+02
1.748230301545667587e+01 1.922722588956810057e+02
1.749691616823679752e+01 1.921733323786806409e+02
1.751152932101691917e+01 1.920744058616802761e+02
1.752614247379704082e+01 1.919754793446799113e+02
1.754075562657716247e+01 1.918765528276795465e+02
1.755536877935728413e+01 1.917776263106791816e+02
1.756998193213740578e+01 1.916786997936788168e+02
1.758459508491752743e+01 1.915797732766784520e+02
1.759920823769764908e+01 1.914808467596780872e+02
1.761382139047777073e+01 1.913819202426777224e+02
1.762843454325789239e+01 1.912829937256773576e+02
1.764304769603801404e+01 1.911840672086769928e+02
1.765766084881813569e+01 1.910851406916766280e+02
1.767227400159825734e+01 1.909862141746762632e+02
1.768688715437837899e+01 1.908872876576758983e+02
1.770150030715850065e+01 1.907883611406755335e+02
1.771611345993862230e+01 1.906894346236751687e+02
1.773072661271874395e+01 1.905905081066748039e+02
1.774533976549886560e+01 1.904915815896744391e+02
1.775995291827898726e+01 1.903926550726740743e+02
1.777456607105910891e+01 1.902937285556737095e+02
1.778917922383923056e+01 1.901948020386733447e+02
1.780379237661935221e+01 1.900958755216729799e+02
1.781840552939947386e+01 1.899969490046726150e+02
1.783301868217959552e+01 1.898980224876722502e+02
1.784763183495971717e+01 1.897990959706718854e+02
1.786224498773983882e+01 1.897001694536715206e+02
1.787685814051996047e+01 1.896012429366711558e+02
1.789147129330008212e+01 1.895023164196707910e+02
1.790608444608020378e+01 1.894033899026704262e+02
1.792069759886032543e+01 1.893044633856700614e+02
1.793531075164044708e+01 1.892055368686696966e+02
1.794992390442056873e+01 1.891066103516693317e+02
1.796453705720069038e+01 1.890076838346689669e+02
1.797915020998081204e+01 1.889087573176686021e+02
1.799376336276093369e+01 1.888098308006682373e+02
1.800837651554105534e+01 1.887109042836678725e+02
1.802298966832117699e+01 1.886119777666675077e+02
1.803760282110129864e+01 1.885130512496671429e+02
1.805221597388142030e+01 1.884141247326667781e+02
1.806682912666154195e+01 1.883151982156664133e+02
1.808144227944166360e+01 1.882162716986660485e+02
1.809605543222178525e+01 1.881173451816656836e+02
1.811066858500190691e+01 1.880184186646653188e+02
1.812528173778202856e+01 1.879194921476649540e+02
1.813989489056215021e+01 1.878205656306645892e+02
1.815450804334227186e+01 1.877216391136642244e+02
1.816912119612239351e+01 1.876227125966638596e+02
1.818373434890251517e+01 1.875237860796634948e+02
1.819834750168263682e+01 1.874248595626631300e+02
1.821296065446275847e+01 1.873259330456627652e+02
1.822757380724288012e+01 1.872270065286624003e+02
1.824218696002300177e+01 1.871280800116620355e+02
1.825680011280312343e+01 1.870291534946616707e+02
1.827141326558324508e+01 1.869302269776613059e+02
1.828602641836336673e+01 1.868313004606609411e+02
1.830063957114348838e+01 1.867323739436605763e+02
1.831525272392361003e+01 1.866334474266602115e+02
1.832986587670373169e+01 1.865345209096598467e+02
1.834447902948385334e+01 1.864355943926594819e+02
1.835909218226397499e+01 1.863366678756591170e+02
1.837370533504409664e+01 1.862377413586587522e+02
1.838831848782421829e+01 1.861388148416583874e+02
1.840293164060433995e+01 1.860398883246580226e+02
1.841754479338446160e+01 1.859409618076576578e+02
1.843215794616458325e+01 1.858420352906572930e+02
1.844677109894470490e+01 1.857431087736569282e+02
1.846138425172482656e+01 1.856441822566565634e+02
1.847599740450494821e+01 1.855452557396561986e+02
1.849061055728506986e+01 1.854463292226558337e+02
1.850522371006519151e+01 1.853474027056554689e+02
1.851983686284531316e+01 1.852484761886551041e+02
1.853445001562543482e+01 1.851495496716547393e+02
1.854906316840555647e+01 1.850506231546543745e+02
1.856367632118567812e+01 1.849516966376540097e+02
1.857828947396579977e+01 1.848527701206536449e+02
1.859290262674592142e+01 1.847538436036532801e+02
1.860751577952604308e+01 1.846549170866529153e+02
1.862212893230616473e+01 1.845559905696525504e+02
1.863674208508628638e+01 1.844570640526521856e+02
1.865135523786640803e+01 1.843581375356518208e+02
1.866596839064652968e+01 1.842592110186514560e+02
1.868058154342665134e+01 1.841602845016510912e+02
1.869519469620677299e+01 1.840613579846507264e+02
1.870980784898689464e+01 1.839624314676503616e+02
1.872442100176701629e+01 1.838635049506499968e+02
1.873903415454713794e+01 1.837645784336496320e+02
1.875364730732725960e+01 1.836656519166492672e+02
1.876826046010738125e+01 1.835667253996489023e+02
1.878287361288750290e+01 1.834677988826485375e+02
1.879748676566762455e+01 1.833688723656481727e+02
1.881209991844774621e+01 1.832699458486478079e+02
1.882671307122786786e+01 1.831710193316474431e+02
1.884132622400798951e+01 1.830720928146470783e+02
1.885593937678811116e+01 1.829731662976467135e+02
1.887055252956823281e+01 1.828742397806463487e+02
1.888516568234835447e+01 1.827753132636459839e+02
1.889977883512847612e+01 1.826763867466456190e+02
1.891439198790859777e+01 1.825774602296452542e+02
1.892900514068871942e+01 1.824785337126448894e+02
1.894361829346884107e+01 1.823796071956445246e+02
1.895823144624896273e+01 1.822806806786441598e+02
1.897284459902908438e+01 1.821817541616437950e+02
1.898745775180920603e+01 1.820828276446434302e+02
1.900207090458932768e+01 1.819839011276430654e+02
1.901668405736944933e+01 1.818849746106427006e+02
1.903129721014957099e+01 1.817860480936423357e+02
1.904591036292969264e+01 1.816871215766419709e+02
1.906052351570981429e+01 1.815881950596416061e+02
1.907513666848993594e+01 1.814892685426412413e+02
1.908974982127005759e+01 1.813903420256408765e+02
1.910436297405017925e+01 1.812914155086405117e+02
1.911897612683030090e+01 1.811924889916401469e+02
1.913358927961042255e+01 1.810935624746397821e+02
1.914820243239054420e+01 1.809946359576394173e+02
1.916281558517066586e+01 1.808957094406390524e+02
1.917742873795078751e+01 1.807967829236386876e+02
1.919204189073090916e+01 1.806978564066383228e+02
1.920665504351103081e+01 1.805989298896379580e+02
1.922126819629115246e+01 1.805000033726375932e+02
1.923588134907127412e+01 1.804010768556372284e+02
1.925049450185139577e+01 1.803021503386368636e+02
1.926510765463151742e+01 1.802032238216364988e+02
1.927972080741163907e+01 1.801042973046361340e+02
1.929433396019176072e+01 1.800053707876357691e+02
1.930894711297188238e+01 1.799064442706354043e+02
1.932356026575200403e+01 1.798075177536350395e+02
1.933817341853212568e+01 1.797085912366346747e+02
1.935278657131224733e+01 1.796096647196343099e+02
1.936739972409236898e+01 1.795107382026339451e+02
1.938201287687249064e+01 1.794118116856335803e+02
1.939662602965261229e+01 1.793128851686332155e+02
1.941123918243273394e+01 1.792139586516328507e+02
1.942585233521285559e+01 1.791150321346324858e+02
1.944046548799297724e+01 1.790161056176321210e+02
1.945507864077309890e+01 1.789171791006317562e+02
1.946969179355322055e+01 1.788182525836313914e+02
1.948430494633334220e+01 1.787193260666310266e+02
1.949891809911346385e+01 1.786203995496306618e+02
1.951353125189358551e+01 1.785214730326302970e+02
1.952814440467370716e+01 1.784225465156299322e+02
1.954275755745382881e+01 1.783236199986295674e+02
1.955737071023395046e+01 1.782246934816292026e+02
1.957198386301407211e+01 1.781257669646288377e+02
1.958659701579419377e+01 1.780268404476284729e+02
1.960121016857431542e+01 1.779279139306281081e+02
1.961582332135443707e+01 1.778289874136277433e+02
1.963043647413455872e+01 1.777300608966273785e+02
1.964504962691468037e+01 1.776311343796270137e+02
1.965966277969480203e+01 1.775322078626266489e+02
1.967427593247492368e+01 1.774332813456262841e+02
1.968888908525504533e+01 1.773343548286259193e+02
1.970350223803516698e+01 1.772354283116255544e+02
1.971811539081528863e+01 1.771365017946251896e+02
1.973272854359541029e+01 1.770375752776248248e+02
1.974734169637553194e+01 1.769386487606244600e+02
1.976195484915565359e+01 1.768397222436240952e+02
1.977656800193577524e+01 1.767407957266237304e+02
1.979118115471589689e+01 1.766418692096233656e+02
1.980579430749601855e+01 1.765429426926230008e+02
1.982040746027614020e+01 1.764440161756226360e+02
1.983502061305626185e+01 1.763450896586222711e+02
1.984963376583638350e+01 1.762461631416219063e+02
1.986424691861650516e+01 1.761472366246215415e+02
1.987886007139662681e+01 1.760483101076211767e+02
1.989347322417674846e+01 1.759493835906208119e+02
1.990808637695687011e+01 1.758504570736204471e+02
1.992269952973699176e+01 1.757515305566200823e+02
1.993731268251711342e+01 1.756526040396197175e+02
1.995192583529723507e+01 1.755536775226193527e+02
1.996653898807735672e+01 1.754547510056189878e+02
1.998115214085747837e+01 1.753558244886186230e+02
1.999576529363760002e+01 1.752568979716182582e+02
2.001037844641772168e+01 1.751579714546178934e+02
2.002499159919784333e+01 1.750590449376175286e+02
2.003960475197796498e+01 1.749601184206171638e+02
2.005421790475808663e+01 1.748611919036167990e+02
2.006883105753820828e+01 1.747622653866164342e+02
2.008344421031832994e+01 1.746633388696160694e+02
2.009805736309845159e+01 1.745644123526157045e+02
2.011267051587857324e+01 1.744654858356153397e+02
2.012728366865869489e+01 1.743665593186149749e+02
2.014189682143881654e+01 1.742676328016146101e+02
2.015650997421893820e+01 1.741687062846142453e+02
2.017112312699905985e+01 1.740697797676138805e+02
2.018573627977918150e+01 1.739708532506135157e+02
2.020034943255930315e+01 1.738719267336131509e+02
2.021496258533942481e+01 1.737730002166127861e+02
2.022957573811954646e+01 1.736740736996124213e+02
2.024418889089966811e+01 1.735751471826120564e+02
2.025880204367978976e+01 1.734762206656116916e+02
2.027341519645991141e+01 1.733772941486113268e+02
2.028802834924003307e+01 1.732783676316109620e+02
2.030264150202015472e+01 1.731794411146105972e+02
2.031725465480027637e+01 1.730805145976102324e+02
2.033186780758039802e+01 1.729815880806098676e+02
2.034648096036051967e+01 1.728826615636095028e+02
2.036109411314064133e+01 1.727837350466091380e+02
2.037570726592076298e+01 1.726848085296087731e+02
2.039032041870088463e+01 1.725858820126084083e+02
2.040493357148100628e+01 1.724869554956080435e+02
2.041954672426112793e+01 1.723880289786076787e+02
2.043415987704124959e+01 1.722891024616073139e+02
2.044877302982137124e+01 1.721901759446069491e+02
2.046338618260149289e+01 1.720912494276065843e+02
2.047799933538161454e+01 1.719923229106062195e+02
2.049261248816173620e+01 1.718933963936058547e+02
2.050722564094185785e+01 1.717944698766054898e+02
2.052183879372197950e+01 1.716955433596051250e+02
2.053645194650210115e+01 1.715966168426047602e+02
2.055106509928222280e+01 1.714976903256043954e+02
2.056567825206234446e+01 1.713987638086040306e+02
2.058029140484246611e+01 1.712998372916036658e+02
2.059490455762258776e+01 1.712009107746033010e+02
2.060951771040270941e+01 1.711019842576029362e+02
2.062413086318283106e+01 1.710030577406025714e+02
2.063874401596295272e+01 1.709041312236022065e+02
2.065335716874307437e+01 1.708052047066018417e+02
2.066797032152319602e+01 1.707062781896014769e+02
2.068258347430331767e+01 1.706073516726011121e+02
2.069719662708343932e+01 1.705084251556007473e+02
2.071180977986356098e+01 1.704094986386003825e+02
2.072642293264368263e+01 1.703105721216000177e+02
2.074103608542380428e+01 1.702116456045996529e+02
2.075564923820392593e+01 1.701127190875992881e+02
2.077026239098404758e+01 1.700137925705989232e+02
2.079612996917988710e+01 1.698386770802804335e+02
2.089505648618025901e+01 1.698532902330605623e+02
2.099398300318063093e+01 1.698679033858406910e+02
2.109290952018100285e+01 1.698825165386208198e+02
2.119183603718137476e+01 1.698971296914009486e+02
2.129076255418174668e+01 1.699117428441810773e+02
2.138968907118211860e+01 1.699263559969612061e+02
2.148861558818249051e+01 1.699409691497413348e+02
2.158754210518286243e+01 1.699555823025214636e+02
2.168646862218323434e+01 1.699701954553015923e+02
2.178539513918360626e+01 1.699848086080817211e+02
2.188432165618397818e+01 1.699994217608618499e+02
2.198324817318435009e+01 1.700140349136419786e+02
2.208217469018472201e+01 1.700286480664221074e+02
2.218110120718509393e+01 1.700432612192022361e+02
2.228002772418546584e+01 1.700578743719823649e+02
2.237895424118583776e+01 1.700724875247624936e+02
2.247788075818620968e+01 1.700871006775426224e+02
2.257680727518658159e+01 1.701017138303227512e+02
2.267573379218695351e+01 1.701163269831028799e+02
2.277466030918732542e+01 1.701309401358830087e+02
2.287358682618769734e+01 1.701455532886631374e+02
2.297251334318806926e+01 1.701601664414432662e+02
2.307143986018844117e+01 1.701747795942233950e+02
2.317036637718881309e+01 1.701893927470035237e+02
2.326929289418918501e+01 1.702040058997836525e+02
2.336821941118955692e+01 1.702186190525637812e+02
2.346714592818992884e+01 1.702332322053439100e+02
2.356607244519030075e+01 1.702478453581240387e+02
2.366499896219067267e+01 1.702624585109041675e+02
2.376392547919104459e+01 1.702770716636842963e+02
2.386285199619141650e+01 1.702916848164644250e+02
2.396177851319178842e+01 1.703062979692445538e+02
2.406070503019216034e+01 1.703209111220246825e+02
2.415963154719253225e+01 1.703355242748048113e+02
2.425855806419290417e+01 1.703501374275849400e+02
2.435748458119327609e+01 1.703647505803650688e+02
2.445641109819364800e+01 1.703793637331451976e+02
2.455533761519401992e+01 1.703939768859253263e+02
2.465426413219439183e+01 1.704085900387054551e+02
2.475319064919476375e+01 1.704232031914855838e+02
2.485211716619513567e+01 1.704378163442657126e+02
2.495104368319550758e+01 1.704524294970458413e+02
2.504997020019587950e+01 1.704670426498259701e+02
2.514889671719625142e+01 1.704816558026060989e+02
2.524782323419662333e+01 1.704962689553862276e+02
2.534674975119699525e+01 1.705108821081663564e+02
2.544567626819736716e+01 1.705254952609464851e+02
2.554460278519773908e+01 1.705401084137266139e+02
2.564352930219811100e+01 1.705547215665067426e+02
2.574245581919848291e+01 1.705693347192868714e+02
2.584138233619885483e+01 1.705839478720670002e+02
2.594030885319922675e+01 1.705985610248471289e+02
2.603923537019959866e+01 1.706131741776272577e+02
2.613816188719997058e+01 1.706277873304073864e+02
2.623708840420034250e+01 1.706424004831875152e+02
2.633601492120071441e+01 1.706570136359676439e+02
2.643494143820108633e+01 1.706716267887477727e+02
2.653386795520145824e+01 1.706862399415279015e+02
2.663279447220183016e+01 1.707008530943080302e+02
2.673172098920220208e+01 1.707154662470881590e+02
2.683064750620257399e+01 1.707300793998682877e+02
2.692957402320294591e+01 1.707446925526484165e+02
2.702850054020331783e+01 1.707593057054285453e+02
2.712742705720368974e+01 1.707739188582086740e+02
2.722635357420406166e+01 1.707885320109888028e+02
2.732528009120443357e+01 1.708031451637689315e+02
2.742420660820480549e+01 1.708177583165490603e+02
2.752313312520517741e+01 1.708323714693291890e+02
2.762205964220554932e+01 1.708469846221093178e+02
2.772098615920592124e+01 1.708615977748894466e+02
2.781991267620629316e+01 1.708762109276695753e+02
2.791883919320666507e+01 1.708908240804497041e+02
2.801776571020703699e+01 1.709054372332298328e+02
2.811669222720740891e+01 1.709200503860099616e+02
2.821561874420778082e+01 1.709346635387900903e+02
2.831454526120815274e+01 1.709492766915702191e+02
2.841347177820852465e+01 1.709638898443503479e+02
2.851239829520889657e+01 1.709785029971304766e+02
2.861132481220926849e+01 1.709931161499106054e+02
2.871025132920964040e+01 1.710077293026907341e+02
2.880917784621001232e+01 1.710223424554708629e+02
2.890810436321038424e+01 1.710369556082509916e+02
2.900703088021075615e+01 1.710515687610311204e+02
2.910595739721112807e+01 1.710661819138112492e+02
2.920488391421149998e+01 1.710807950665913779e+02
2.930381043121187190e+01 1.710954082193715067e+02
2.940273694821224382e+01 1.711100213721516354e+02
2.950166346521261573e+01 1.711246345249317642e+02
2.960058998221298765e+01 1.711392476777118929e+02
2.969951649921335957e+01 1.711538608304920217e+02
2.979844301621373148e+01 1.711684739832721505e+02
2.989736953321410340e+01 1.711830871360522792e+02
2.999629605021447531e+01 1.711977002888324080e+02
3.009522256721484723e+01 1.712123134416125367e+02
3.019414908421521915e+01 1.712269265943926655e+02
3.029307560121559106e+01 1.712415397471727943e+02
3.039200211821596298e+01 1.712561528999529230e+02
3.049092863521633490e+01 1.712707660527330518e+02
3.058985515221670681e+01 1.712853792055131805e+02
3.068878166921707873e+01 1.712999923582933093e+02
3.078770818621745065e+01 1.713146055110734380e+02
3.088663470321782256e+01 1.713292186638535668e+02
3.098556122021819448e+01 1.713438318166336956e+02
3.108448773721856639e+01 1.713584449694138243e+02
3.118341425421893831e+01 1.713730581221939531e+02
3.128234077121931023e+01 1.713876712749740818e+02
3.138126728821968214e+01 1.714022844277542106e+02
3.148019380522005406e+01 1.714168975805343393e+02
3.157912032222042598e+01 1.714315107333144681e+02
3.167804683922079789e+01 1.714461238860945969e+02
3.177697335622116981e+01 1.714607370388747256e+02
3.187589987322154172e+01 1.714753501916548544e+02
3.197482639022191364e+01 1.714899633444349831e+02
3.207375290722228556e+01 1.715045764972151119e+02
3.217267942422265747e+01 1.715191896499952406e+02
3.227160594122302939e+01 1.715338028027753694e+02
3.237053245822340131e+01 1.715484159555554982e+02
3.246945897522377322e+01 1.715630291083356269e+02
3.256838549222414514e+01 1.715776422611157557e+02
3.266731200922451706e+01 1.715922554138958844e+02
3.276623852622488897e+01 1.716068685666760132e+02
3.286516504322526089e+01 1.716214817194561419e+02
3.296409156022563280e+01 1.716360948722362707e+02
3.306301807722600472e+01 1.716507080250163995e+02
3.316194459422637664e+01 1.716653211777965282e+02
3.326087111122674855e+01 1.716799343305766570e+02
3.335979762822712047e+01 1.716945474833567857e+02
3.345872414522749239e+01 1.717091606361369145e+02
3.355765066222786430e+01 1.717237737889170432e+02
3.365657717922823622e+01 1.717383869416971720e+02
3.375550369622860813e+01 1.717530000944773008e+02
3.385443021322898005e+01 1.717676132472574295e+02
3.395335673022935197e+01 1.717822264000375583e+02
3.405228324722972388e+01 1.717968395528176870e+02
3.415120976423009580e+01 1.718114527055978158e+02
3.425013628123046772e+01 1.718260658583779446e+02
3.434906279823083963e+01 1.718406790111580733e+02
3.444798931523121155e+01 1.718552921639382021e+02
3.454691583223158347e+01 1.718699053167183308e+02
3.464584234923195538e+01 1.718845184694984596e+02
3.474476886623232730e+01 1.718991316222785883e+02
3.484369538323269921e+01 1.719137447750587171e+02
3.494262190023307113e+01 1.719283579278388459e+02
3.504154841723344305e+01 1.719429710806189746e+02
3.514047493423381496e+01 1.719575842333991034e+02
3.523940145123418688e+01 1.719721973861792321e+02
3.533832796823455880e+01 1.719868105389593609e+02
3.543725448523493071e+01 1.720014236917394896e+02
3.553618100223530263e+01 1.720160368445196184e+02
3.563510751923567454e+01 1.720306499972997472e+02
3.573403403623604646e+01 1.720452631500798759e+02
3.583296055323641838e+01 1.720598763028600047e+02
3.593188707023679029e+01 1.720744894556401334e+02
3.603081358723716221e+01 1.720891026084202622e+02
3.612974010423753413e+01 1.721037157612003909e+02
3.622866662123790604e+01 1.721183289139805197e+02
3.632759313823827796e+01 1.721329420667606485e+02
3.642651965523864988e+01 1.721475552195407772e+02
3.652544617223902179e+01 1.721621683723209060e+02
3.662437268923939371e+01 1.721767815251010347e+02
3.672329920623976562e+01 1.721913946778811635e+02
3.682222572324013754e+01 1.722060078306612922e+02
3.692115224024050946e+01 1.722206209834414210e+02
3.702007875724088137e+01 1.722352341362215498e+02
3.711900527424125329e+01 1.722498472890016785e+02
3.721793179124162521e+01 1.722644604417818073e+02
3.731685830824199712e+01 1.722790735945619360e+02
3.741578482524236904e+01 1.722936867473420648e+02
3.751471134224274095e+01 1.723082999001221935e+02
3.761363785924311287e+01 1.723229130529023223e+02
3.771256437624348479e+01 1.723375262056824511e+02
3.781149089324385670e+01 1.723521393584625798e+02
3.791041741024422862e+01 1.723667525112427086e+02
3.800934392724460054e+01 1.723813656640228373e+02
3.810827044424497245e+01 1.723959788168029661e+02
3.820719696124534437e+01 1.724105919695830949e+02
3.830612347824571629e+01 1.724252051223632236e+02
3.840504999524608820e+01 1.724398182751433524e+02
3.850397651224646012e+01 1.724544314279234811e+02
3.860290302924683203e+01 1.724690445807036099e+02
3.870182954624720395e+01 1.724836577334837386e+02
3.880075606324757587e+01 1.724982708862638674e+02
3.889968258024794778e+01 1.725128840390439962e+02
3.899860909724831970e+01 1.725274971918241249e+02
3.909753561424869162e+01 1.725421103446042537e+02
3.919646213124906353e+01 1.725567234973843824e+02
3.929538864824943545e+01 1.725713366501645112e+02
3.939431516524980736e+01 1.725859498029446399e+02
3.949324168225017928e+01 1.726005629557247687e+02
3.959216819925055120e+01 1.726151761085048975e+02
3.969109471625092311e+01 1.726297892612850262e+02
3.979002123325129503e+01 1.726444024140651550e+02
3.988894775025166695e+01 1.726590155668452837e+02
3.998787426725203886e+01 1.726736287196254125e+02
4.008680078425241078e+01 1.726882418724055412e+02
4.018572730125278269e+01 1.727028550251856700e+02
4.028465381825315461e+01 1.727174681779657988e+02
4.038358033525352653e+01 1.727320813307459275e+02
4.048250685225389844e+01 1.727466944835260563e+02
4.058143336925427036e+01 1.727613076363061850e+02
4.068035988625464228e+01 1.727759207890863138e+02
4.077928640325501419e+01 1.727905339418664425e+02
4.087821292025538611e+01 1.728051470946465713e+02
4.097713943725575803e+01 1.728197602474267001e+02
4.107606595425612994e+01 1.728343734002068288e+02
4.117499247125650186e+01 1.728489865529869576e+02
4.127391898825687377e+01 1.728635997057670863e+02
4.137284550525724569e+01 1.728782128585472151e+02
4.147177202225761761e+01 1.728928260113273438e+02
4.157069853925798952e+01 1.729074391641074726e+02
4.166962505625836144e+01 1.729220523168876014e+02
4.176855157325873336e+01 1.729366654696677301e+02
4.186747809025910527e+01 1.729512786224478589e+02
4.196640460725947719e+01 1.729658917752279876e+02
4.206533112425984910e+01 1.729805049280081164e+02
4.217098517957373360e+01 1.729961118542277916e+02
4.215637202679361195e+01 1.730950383712281564e+02
4.214175887401349030e+01 1.731939648882285212e+02
4.212714572123336865e+01 1.732928914052288860e+02
4.211253256845324699e+01 1.733918179222292508e+02
4.209791941567312534e+01 1.734907444392296156e+02
4.208330626289300369e+01 1.735896709562299804e+02
4.206869311011288204e+01 1.736885974732303453e+02
4.205407995733276039e+01 1.737875239902307101e+02
4.203946680455263873e+01 1.738864505072310749e+02
4.202485365177251708e+01 1.739853770242314397e+02
4.201024049899239543e+01 1.740843035412318045e+02
4.199562734621227378e+01 1.741832300582321693e+02
4.198101419343215213e+01 1.742821565752325341e+02
4.196640104065203047e+01 1.743810830922328989e+02
4.195178788787190882e+01 1.744800096092332637e+02
4.193717473509178717e+01 1.745789361262336286e+02
4.192256158231166552e+01 1.746778626432339934e+02
4.190794842953154387e+01 1.747767891602343582e+02
4.189333527675142221e+01 1.748757156772347230e+02
4.187872212397130056e+01 1.749746421942350878e+02
4.186410897119117891e+01 1.750735687112354526e+02
4.184949581841105726e+01 1.751724952282358174e+02
4.183488266563093561e+01 1.752714217452361822e+02
4.182026951285081395e+01 1.753703482622365470e+02
4.180565636007069230e+01 1.754692747792369119e+02
4.179104320729057065e+01 1.755682012962372767e+02
4.177643005451044900e+01 1.756671278132376415e+02
4.176181690173032734e+01 1.757660543302380063e+02
4.174720374895020569e+01 1.758649808472383711e+02
4.173259059617008404e+01 1.759639073642387359e+02
4.171797744338996239e+01 1.760628338812391007e+02
4.170336429060984074e+01 1.761617603982394655e+02
4.168875113782971908e+01 1.762606869152398303e+02
4.167413798504959743e+01 1.763596134322401952e+02
4.165952483226947578e+01 1.764585399492405600e+02
4.164491167948935413e+01 1.765574664662409248e+02
4.163029852670923248e+01 1.766563929832412896e+02
4.161568537392911082e+01 1.767553195002416544e+02
4.160107222114898917e+01 1.768542460172420192e+02
4.158645906836886752e+01 1.769531725342423840e+02
4.157184591558874587e+01 1.770520990512427488e+02
4.155723276280862422e+01 1.771510255682431136e+02
4.154261961002850256e+01 1.772499520852434785e+02
4.152800645724838091e+01 1.773488786022438433e+02
4.151339330446825926e+01 1.774478051192442081e+02
4.149878015168813761e+01 1.775467316362445729e+02
4.148416699890801596e+01 1.776456581532449377e+02
4.146955384612789430e+01 1.777445846702453025e+02
4.145494069334777265e+01 1.778435111872456673e+02
4.144032754056765100e+01 1.779424377042460321e+02
4.142571438778752935e+01 1.780413642212463969e+02
4.141110123500740769e+01 1.781402907382467617e+02
4.139648808222728604e+01 1.782392172552471266e+02
4.138187492944716439e+01 1.783381437722474914e+02
4.136726177666704274e+01 1.784370702892478562e+02
4.135264862388692109e+01 1.785359968062482210e+02
4.133803547110679943e+01 1.786349233232485858e+02
4.132342231832667778e+01 1.787338498402489506e+02
4.130880916554655613e+01 1.788327763572493154e+02
4.129419601276643448e+01 1.789317028742496802e+02
4.127958285998631283e+01 1.790306293912500450e+02
4.126496970720619117e+01 1.791295559082504099e+02
4.125035655442606952e+01 1.792284824252507747e+02
4.123574340164594787e+01 1.793274089422511395e+02
4.122113024886582622e+01 1.794263354592515043e+02
4.120651709608570457e+01 1.795252619762518691e+02
4.119190394330558291e+01 1.796241884932522339e+02
4.117729079052546126e+01 1.797231150102525987e+02
4.116267763774533961e+01 1.798220415272529635e+02
4.114806448496521796e+01 1.799209680442533283e+02
4.113345133218509631e+01 1.800198945612536932e+02
4.111883817940497465e+01 1.801188210782540580e+02
4.110422502662485300e+01 1.802177475952544228e+02
4.108961187384473135e+01 1.803166741122547876e+02
4.107499872106460970e+01 1.804156006292551524e+02
4.106038556828448804e+01 1.805145271462555172e+02
4.104577241550436639e+01 1.806134536632558820e+02
4.103115926272424474e+01 1.807123801802562468e+02
4.101654610994412309e+01 1.808113066972566116e+02
4.100193295716400144e+01 1.809102332142569765e+02
4.098731980438387978e+01 1.810091597312573413e+02
4.097270665160375813e+01 1.811080862482577061e+02
4.095809349882363648e+01 1.812070127652580709e+02
4.094348034604351483e+01 1.813059392822584357e+02
4.092886719326339318e+01 1.814048657992588005e+02
4.091425404048327152e+01 1.815037923162591653e+02
4.089964088770314987e+01 1.816027188332595301e+02
4.088502773492302822e+01 1.817016453502598949e+02
4.087041458214290657e+01 1.818005718672602598e+02
4.085580142936278492e+01 1.818994983842606246e+02
4.084118827658266326e+01 1.819984249012609894e+02
4.082657512380254161e+01 1.820973514182613542e+02
4.081196197102241996e+01 1.821962779352617190e+02
4.079734881824229831e+01 1.822952044522620838e+02
4.078273566546217666e+01 1.823941309692624486e+02
4.076812251268205500e+01 1.824930574862628134e+02
4.075350935990193335e+01 1.825919840032631782e+02
4.073889620712181170e+01 1.826909105202635430e+02
4.072428305434169005e+01 1.827898370372639079e+02
4.070966990156156839e+01 1.828887635542642727e+02
4.069505674878144674e+01 1.829876900712646375e+02
4.068044359600132509e+01 1.830866165882650023e+02
4.066583044322120344e+01 1.831855431052653671e+02
4.065121729044108179e+01 1.832844696222657319e+02
4.063660413766096013e+01 1.833833961392660967e+02
4.062199098488083848e+01 1.834823226562664615e+02
4.060737783210071683e+01 1.835812491732668263e+02
4.059276467932059518e+01 1.836801756902671912e+02
4.057815152654047353e+01 1.837791022072675560e+02
4.056353837376035187e+01 1.838780287242679208e+02
4.054892522098023022e+01 1.839769552412682856e+02
4.053431206820010857e+01 1.840758817582686504e+02
4.051969891541998692e+01 1.841748082752690152e+02
4.050508576263986527e+01 1.842737347922693800e+02
4.049047260985974361e+01 1.843726613092697448e+02
4.047585945707962196e+01 1.844715878262701096e+02
4.046124630429950031e+01 1.845705143432704745e+02
4.044663315151937866e+01 1.846694408602708393e+02
4.043201999873925701e+01 1.847683673772712041e+02
4.041740684595913535e+01 1.848672938942715689e+02
4.040279369317901370e+01 1.849662204112719337e+02
4.038818054039889205e+01 1.850651469282722985e+02
4.037356738761877040e+01 1.851640734452726633e+02
4.035895423483864874e+01 1.852629999622730281e+02
4.034434108205852709e+01 1.853619264792733929e+02
4.032972792927840544e+01 1.854608529962737578e+02
4.031511477649828379e+01 1.855597795132741226e+02
4.030050162371816214e+01 1.856587060302744874e+02
4.028588847093804048e+01 1.857576325472748522e+02
4.027127531815791883e+01 1.858565590642752170e+02
4.025666216537779718e+01 1.859554855812755818e+02
4.024204901259767553e+01 1.860544120982759466e+02
4.022743585981755388e+01 1.861533386152763114e+02
4.021282270703743222e+01 1.862522651322766762e+02
4.019820955425731057e+01 1.863511916492770411e+02
4.018359640147718892e+01 1.864501181662774059e+02
4.016898324869706727e+01 1.865490446832777707e+02
4.015437009591694562e+01 1.866479712002781355e+02
4.013975694313682396e+01 1.867468977172785003e+02
4.012514379035670231e+01 1.868458242342788651e+02
4.011053063757658066e+01 1.869447507512792299e+02
4.009591748479645901e+01 1.870436772682795947e+02
4.008130433201633736e+01 1.871426037852799595e+02
4.006669117923621570e+01 1.872415303022803243e+02
4.005207802645609405e+01 1.873404568192806892e+02
4.003746487367597240e+01 1.874393833362810540e+02
4.002285172089585075e+01 1.875383098532814188e+02
4.000823856811572909e+01 1.876372363702817836e+02
3.999362541533560744e+01 1.877361628872821484e+02
3.997901226255548579e+01 1.878350894042825132e+02
3.996439910977536414e+01 1.879340159212828780e+02
3.994978595699524249e+01 1.880329424382832428e+02
3.993517280421512083e+01 1.881318689552836076e+02
3.992055965143499918e+01 1.882307954722839725e+02
3.990594649865487753e+01 1.883297219892843373e+02
3.989133334587475588e+01 1.884286485062847021e+02
3.987672019309463423e+01 1.885275750232850669e+02
3.986210704031451257e+01 1.886265015402854317e+02
3.984749388753439092e+01 1.887254280572857965e+02
3.983288073475426927e+01 1.888243545742861613e+02
3.981826758197414762e+01 1.889232810912865261e+02
3.980365442919402597e+01 1.890222076082868909e+02
3.978904127641390431e+01 1.891211341252872558e+02
3.977442812363378266e+01 1.892200606422876206e+02
3.975981497085366101e+01 1.893189871592879854e+02
3.974520181807353936e+01 1.894179136762883502e+02
3.973058866529341771e+01 1.895168401932887150e+02
3.971597551251329605e+01 1.896157667102890798e+02
3.970136235973317440e+01 1.897146932272894446e+02
3.968674920695305275e+01 1.898136197442898094e+02
3.967213605417293110e+01 1.899125462612901742e+02
3.965752290139280944e+01 1.900114727782905391e+02
3.964290974861268779e+01 1.901103992952909039e+02
3.962829659583256614e+01 1.902093258122912687e+02
3.961368344305244449e+01 1.903082523292916335e+02
3.959907029027232284e+01 1.904071788462919983e+02
3.958445713749220118e+01 1.905061053632923631e+02
3.956984398471207953e+01 1.906050318802927279e+02
3.955523083193195788e+01 1.907039583972930927e+02
3.954061767915183623e+01 1.908028849142934575e+02
3.952600452637171458e+01 1.909018114312938224e+02
3.951139137359159292e+01 1.910007379482941872e+02
3.949677822081147127e+01 1.910996644652945520e+02
3.948216506803134962e+01 1.911985909822949168e+02
3.946755191525122797e+01 1.912975174992952816e+02
3.945293876247110632e+01 1.913964440162956464e+02
3.943832560969098466e+01 1.914953705332960112e+02
3.942371245691086301e+01 1.915942970502963760e+02
3.940909930413074136e+01 1.916932235672967408e+02
3.939448615135061971e+01 1.917921500842971056e+02
3.937987299857049805e+01 1.918910766012974705e+02
3.936525984579037640e+01 1.919900031182978353e+02
3.935064669301025475e+01 1.920889296352982001e+02
3.933603354023013310e+01 1.921878561522985649e+02
3.932142038745001145e+01 1.922867826692989297e+02
3.930680723466988979e+01 1.923857091862992945e+02
3.929219408188976814e+01 1.924846357032996593e+02
3.927758092910964649e+01 1.925835622203000241e+02
3.926296777632952484e+01 1.926824887373003889e+02
3.924835462354940319e+01 1.927814152543007538e+02
3.923374147076928153e+01 1.928803417713011186e+02
3.921912831798915988e+01 1.929792682883014834e+02
3.920451516520903823e+01 1.930781948053018482e+02
3.918990201242891658e+01 1.931771213223022130e+02
3.917528885964879493e+01 1.932760478393025778e+02
3.916067570686867327e+01 1.933749743563029426e+02
3.914606255408855162e+01 1.934739008733033074e+02
3.913144940130842997e+01 1.935728273903036722e+02
3.911683624852830832e+01 1.936717539073040371e+02
3.910222309574818667e+01 1.937706804243044019e+02
3.908760994296806501e+01 1.938696069413047667e+02
3.907299679018794336e+01 1.939685334583051315e+02
3.905838363740782171e+01 1.940674599753054963e+02
3.904377048462770006e+01 1.941663864923058611e+02
3.902915733184757840e+01 1.942653130093062259e+02
3.901454417906745675e+01 1.943642395263065907e+02
3.899993102628733510e+01 1.944631660433069555e+02
3.898531787350721345e+01 1.945620925603073204e+02
3.897070472072709180e+01 1.946610190773076852e+02
3.895609156794697014e+01 1.947599455943080500e+02
3.894147841516684849e+01 1.948588721113084148e+02
3.892686526238672684e+01 1.949577986283087796e+02
3.891225210960660519e+01 1.950567251453091444e+02
3.889763895682648354e+01 1.951556516623095092e+02
3.888302580404636188e+01 1.952545781793098740e+02
3.886841265126624023e+01 1.953535046963102388e+02
3.885379949848611858e+01 1.954524312133106037e+02
3.883918634570599693e+01 1.955513577303109685e+02
3.882457319292587528e+01 1.956502842473113333e+02
3.880996004014575362e+01 1.957492107643116981e+02
3.879534688736563197e+01 1.958481372813120629e+02
3.878073373458551032e+01 1.959470637983124277e+02
3.876612058180538867e+01 1.960459903153127925e+02
3.875150742902526702e+01 1.961449168323131573e+02
3.873689427624514536e+01 1.962438433493135221e+02
3.872228112346502371e+01 1.963427698663138870e+02
3.870766797068490206e+01 1.964416963833142518e+02
3.869305481790478041e+01 1.965406229003146166e+02
3.867844166512465875e+01 1.966395494173149814e+02
3.866382851234453710e+01 1.967384759343153462e+02
3.864921535956441545e+01 1.968374024513157110e+02
3.863460220678429380e+01 1.969363289683160758e+02
3.861998905400417215e+01 1.970352554853164406e+02
3.860537590122405049e+01 1.971341820023168054e+02
3.859076274844392884e+01 1.972331085193171702e+02
3.857614959566380719e+01 1.973320350363175351e+02
3.856153644288368554e+01 1.974309615533178999e+02
3.854692329010356389e+01 1.975298880703182647e+02
3.853231013732344223e+01 1.976288145873186295e+02
3.851769698454332058e+01 1.977277411043189943e+02
3.850308383176319893e+01 1.978266676213193591e+02
3.848847067898307728e+01 1.979255941383197239e+02
3.847385752620295563e+01 1.980245206553200887e+02
3.845924437342283397e+01 1.981234471723204535e+02
3.844463122064271232e+01 1.982223736893208184e+02
3.843001806786259067e+01 1.983213002063211832e+02
3.841540491508246902e+01 1.984202267233215480e+02
3.840079176230234737e+01 1.985191532403219128e+02
3.838617860952222571e+01 1.986180797573222776e+02
3.837156545674210406e+01 1.987170062743226424e+02
3.835695230396198241e+01 1.988159327913230072e+02
3.834233915118186076e+01 1.989148593083233720e+02
3.832772599840173910e+01 1.990137858253237368e+02
3.831311284562161745e+01 1.991127123423241017e+02
3.829849969284149580e+01 1.992116388593244665e+02
3.828388654006137415e+01 1.993105653763248313e+02
3.826927338728125250e+01 1.994094918933251961e+02
3.825466023450113084e+01 1.995084184103255609e+02
3.824004708172100919e+01 1.996073449273259257e+02
3.822543392894088754e+01 1.997062714443262905e+02
3.821082077616076589e+01 1.998051979613266553e+02
3.819620762338064424e+01 1.999041244783270201e+02
3.818159447060052258e+01 2.000030509953273850e+02
3.816698131782040093e+01 2.001019775123277498e+02
3.815236816504027928e+01 2.002009040293281146e+02
3.813775501226015763e+01 2.002998305463284794e+02
3.812314185948003598e+01 2.003987570633288442e+02
3.810852870669991432e+01 2.004976835803292090e+02
3.809391555391979267e+01 2.005966100973295738e+02
3.807930240113967102e+01 2.006955366143299386e+02
3.806468924835954937e+01 2.007944631313303034e+02
3.805007609557942772e+01 2.008933896483306683e+02
3.803546294279930606e+01 2.009923161653310331e+02
3.802084979001918441e+01 2.010912426823313979e+02
3.800623663723906276e+01 2.011901691993317627e+02
3.799162348445894111e+01 2.012890957163321275e+02
3.797701033167881945e+01 2.013880222333324923e+02
3.796239717889869780e+01 2.014869487503328571e+02
3.794778402611857615e+01 2.015858752673332219e+02
3.793317087333845450e+01 2.016848017843335867e+02
3.791855772055833285e+01 2.017837283013339515e+02
3.790394456777821119e+01 2.018826548183343164e+02
3.788933141499808954e+01 2.019815813353346812e+02
3.787471826221796789e+01 2.020805078523350460e+02
3.786010510943784624e+01 2.021794343693354108e+02
3.784549195665772459e+01 2.022783608863357756e+02
3.783087880387760293e+01 2.023772874033361404e+02
3.781626565109748128e+01 2.024762139203365052e+02
3.780165249831735963e+01 2.025751404373368700e+02
3.778703934553723798e+01 2.026740669543372348e+02
3.777242619275711633e+01 2.027729934713375997e+02
3.775781303997699467e+01 2.028719199883379645e+02
3.774319988719687302e+01 2.029708465053383293e+02
3.772858673441675137e+01 2.030697730223386941e+02
3.771397358163662972e+01 2.031686995393390589e+02
3.769936042885650807e+01 2.032676260563394237e+02
3.768474727607638641e+01 2.033665525733397885e+02
3.767013412329626476e+01 2.034654790903401533e+02
3.765552097051614311e+01 2.035644056073405181e+02
3.764090781773602146e+01 2.036633321243408830e+02
3.762629466495589980e+01 2.037622586413412478e+02
3.761168151217577815e+01 2.038611851583416126e+02
3.759706835939565650e+01 2.039601116753419774e+02
3.758245520661553485e+01 2.040590381923423422e+02
3.756784205383541320e+01 2.041579647093427070e+02
3.755322890105529154e+01 2.042568912263430718e+02
3.753861574827516989e+01 2.043558177433434366e+02
3.752400259549504824e+01 2.044547442603438014e+02
3.750938944271492659e+01 2.045536707773441663e+02
3.749477628993480494e+01 2.046525972943445311e+02
3.748016313715468328e+01 2.047515238113448959e+02
3.746554998437456163e+01 2.048504503283452607e+02
3.745093683159443998e+01 2.049493768453456255e+02
3.743632367881431833e+01 2.050483033623459903e+02
3.742171052603419668e+01 2.051472298793463551e+02
3.740709737325407502e+01 2.052461563963467199e+02
3.739248422047395337e+01 2.053450829133470847e+02
3.737787106769383172e+01 2.054440094303474496e+02
3.736325791491371007e+01 2.055429359473478144e+02
3.734864476213358842e+01 2.056418624643481792e+02
3.733403160935346676e+01 2.057407889813485440e+02
3.731941845657334511e+01 2.058397154983489088e+02
3.730480530379322346e+01 2.059386420153492736e+02
3.729019215101310181e+01 2.060375685323496384e+02
3.727557899823298015e+01 2.061364950493500032e+02
3.726096584545285850e+01 2.062354215663503680e+02
3.724635269267273685e+01 2.063343480833507328e+02
3.723173953989261520e+01 2.064332746003510977e+02
3.721712638711249355e+01 2.065322011173514625e+02
3.720251323433237189e+01 2.066311276343518273e+02
3.718790008155225024e+01 2.067300541513521921e+02
3.717328692877212859e+01 2.068289806683525569e+02
3.715867377599200694e+01 2.069279071853529217e+02
3.714406062321188529e+01 2.070268337023532865e+02
3.712944747043176363e+01 2.071257602193536513e+02
3.711483431765164198e+01 2.072246867363540161e+02
3.710022116487152033e+01 2.073236132533543810e+02
3.708560801209139868e+01 2.074225397703547458e+02
3.707099485931127703e+01 2.075214662873551106e+02
3.705638170653115537e+01 2.076203928043554754e+02
3.704176855375103372e+01 2.077193193213558402e+02
3.702715540097091207e+01 2.078182458383562050e+02
3.701254224819079042e+01 2.079171723553565698e+02
3.699792909541066876e+01 2.080160988723569346e+02
3.698331594263054711e+01 2.081150253893572994e+02
3.696870278985042546e+01 2.082139519063576643e+02
3.695408963707030381e+01 2.083128784233580291e+02
3.693947648429018216e+01 2.084118049403583939e+02
3.692486333151006050e+01 2.085107314573587587e+02
3.691025017872993885e+01 2.086096579743591235e+02
3.689563702594981720e+01 2.087085844913594883e+02
3.688102387316969555e+01 2.088075110083598531e+02
3.686641072038957390e+01 2.089064375253602179e+02
3.685179756760945224e+01 2.090053640423605827e+02
3.683718441482933059e+01 2.091042905593609476e+02
3.682257126204920894e+01 2.092032170763613124e+02
3.680795810926908729e+01 2.093021435933616772e+02
3.679334495648896564e+01 2.094010701103620420e+02
3.677873180370884398e+01 2.094999966273624068e+02
3.676411865092872233e+01 2.095989231443627716e+02
3.674950549814860068e+01 2.096978496613631364e+02
3.673489234536847903e+01 2.097967761783635012e+02
3.672027919258835738e+01 2.098957026953638660e+02
3.670566603980823572e+01 2.099946292123642309e+02
3.669105288702811407e+01 2.100935557293645957e+02
3.667643973424799242e+01 2.101924822463649605e+02
3.666182658146787077e+01 2.102914087633653253e+02
3.664721342868774911e+01 2.103903352803656901e+02
3.663260027590762746e+01 2.104892617973660549e+02
3.661798712312750581e+01 2.105881883143664197e+02
3.660337397034738416e+01 2.106871148313667845e+02
3.658876081756726251e+01 2.107860413483671493e+02
3.657414766478714085e+01 2.108849678653675142e+02
3.655953451200701920e+01 2.109838943823678790e+02
3.654492135922689755e+01 2.110828208993682438e+02
3.653030820644677590e+01 2.111817474163686086e+02
3.651569505366665425e+01 2.112806739333689734e+02
3.650108190088653259e+01 2.113796004503693382e+02
3.648646874810641094e+01 2.114785269673697030e+02
3.647185559532628929e+01 2.115774534843700678e+02
3.645724244254616764e+01 2.116763800013704326e+02
3.644262928976604599e+01 2.117753065183707974e+02
3.642801613698592433e+01 2.118742330353711623e+02
3.641340298420580268e+01 2.119731595523715271e+02
3.639878983142568103e+01 2.120720860693718919e+02
3.638417667864555938e+01 2.121710125863722567e+02
3.636956352586543773e+01 2.122699391033726215e+02
3.635495037308531607e+01 2.123688656203729863e+02
3.634033722030519442e+01 2.124677921373733511e+02
3.632572406752507277e+01 2.125667186543737159e+02
3.631111091474495112e+01 2.126656451713740807e+02
3.629649776196482946e+01 2.127645716883744456e+02
3.628188460918470781e+01 2.128634982053748104e+02
3.626727145640458616e+01 2.129624247223751752e+02
3.625265830362446451e+01 2.130613512393755400e+02
3.623804515084434286e+01 2.131602777563759048e+02
3.622343199806422120e+01 2.132592042733762696e+02
3.620881884528409955e+01 2.133581307903766344e+02
3.619420569250397790e+01 2.134570573073769992e+02
3.617959253972385625e+01 2.135559838243773640e+02
3.616497938694373460e+01 2.136549103413777289e+02
3.615036623416361294e+01 2.137538368583780937e+02
3.613575308138349129e+01 2.138527633753784585e+02
3.612113992860336964e+01 2.139516898923788233e+02
3.610652677582324799e+01 2.140506164093791881e+02
3.609191362304312634e+01 2.141495429263795529e+02
3.607730047026300468e+01 2.142484694433799177e+02
3.606268731748288303e+01 2.143473959603802825e+02
3.604807416470276138e+01 2.144463224773806473e+02
3.603346101192263973e+01 2.145452489943810122e+02
3.601884785914251808e+01 2.146441755113813770e+02
3.600423470636239642e+01 2.147431020283817418e+02
3.598962155358227477e+01 2.148420285453821066e+02
3.597500840080215312e+01 2.149409550623824714e+02
3.596039524802203147e+01 2.150398815793828362e+02
3.594578209524190981e+01 2.151388080963832010e+02
3.593116894246178816e+01 2.152377346133835658e+02
3.591655578968166651e+01 2.153366611303839306e+02
3.590194263690154486e+01 2.154355876473842955e+02
3.588732948412142321e+01 2.155345141643846603e+02
3.587271633134130155e+01 2.156334406813850251e+02
3.585810317856117990e+01 2.157323671983853899e+02
3.584349002578105825e+01 2.158312937153857547e+02
3.582887687300093660e+01 2.159302202323861195e+02
3.581426372022081495e+01 2.160291467493864843e+02
3.579965056744069329e+01 2.161280732663868491e+02
3.578503741466057164e+01 2.162269997833872139e+02
3.577042426188044999e+01 2.163259263003875787e+02
3.575581110910032834e+01 2.164248528173879436e+02
3.574119795632020669e+01 2.165237793343883084e+02
3.572658480354008503e+01 2.166227058513886732e+02
3.571197165075996338e+01 2.167216323683890380e+02
3.569735849797984173e+01 2.168205588853894028e+02
3.568274534519972008e+01 2.169194854023897676e+02
3.566813219241959843e+01 2.170184119193901324e+02
3.565351903963947677e+01 2.171173384363904972e+02
3.563890588685935512e+01 2.172162649533908620e+02
3.562429273407923347e+01 2.173151914703912269e+02
3.560967958129911182e+01 2.174141179873915917e+02
3.559506642851899016e+01 2.175130445043919565e+02
3.558045327573886851e+01 2.176119710213923213e+02
3.556584012295874686e+01 2.177108975383926861e+02
3.555122697017862521e+01 2.178098240553930509e+02
3.553661381739850356e+01 2.179087505723934157e+02
3.552200066461838190e+01 2.180076770893937805e+02
3.550738751183826025e+01 2.181066036063941453e+02
3.549277435905813860e+01 2.182055301233945102e+02
3.547816120627801695e+01 2.183044566403948750e+02
3.546354805349789530e+01 2.184033831573952398e+02
3.544893490071777364e+01 2.185023096743956046e+02
3.543432174793765199e+01 2.186012361913959694e+02
3.541970859515753034e+01 2.187001627083963342e+02
3.540509544237740869e+01 2.187990892253966990e+02
3.539048228959728704e+01 2.188980157423970638e+02
3.537586913681716538e+01 2.189969422593974286e+02
3.536125598403704373e+01 2.190958687763977935e+02
3.534664283125692208e+01 2.191947952933981583e+02
3.533202967847680043e+01 2.192937218103985231e+02
3.531741652569667878e+01 2.193926483273988879e+02
3.530280337291655712e+01 2.194915748443992527e+02
3.528819022013643547e+01 2.195905013613996175e+02
3.527357706735631382e+01 2.196894278783999823e+02
3.525896391457619217e+01 2.197883543954003471e+02
3.524435076179607051e+01 2.198872809124007119e+02
3.522973760901594886e+01 2.199862074294010768e+02
3.520387003082010580e+01 2.201613229197195665e+02
