1.123079989813696216e+02 1.702548186578491425e+02
1.122745126703792664e+02 1.701605919791628025e+02
1.122410263593889113e+02 1.700663653004764626e+02
1.122075400483985561e+02 1.699721386217901227e+02
1.121740537374082010e+02 1.698779119431037827e+02
1.121405674264178458e+02 1.697836852644174428e+02
1.121070811154274907e+02 1.696894585857311029e+02
1.120735948044371355e+02 1.695952319070447629e+02
1.120401084934467804e+02 1.695010052283584230e+02
1.120066221824564252e+02 1.694067785496720830e+02
1.119731358714660701e+02 1.693125518709857431e+02
1.119396495604757149e+02 1.692183251922994032e+02
1.119061632494853598e+02 1.691240985136130632e+02
1.118726769384950046e+02 1.690298718349267233e+02
1.118391906275046495e+02 1.689356451562403834e+02
1.118057043165142943e+02 1.688414184775540434e+02
1.117722180055239392e+02 1.687471917988677035e+02
1.117387316945335840e+02 1.686529651201813635e+02
1.117052453835432289e+02 1.685587384414950236e+02
1.116717590725528737e+02 1.684645117628086837e+02
1.116382727615625186e+02 1.683702850841223437e+02
1.116047864505721634e+02 1.682760584054360038e+02
1.115713001395818083e+02 1.681818317267496639e+02
1.115378138285914531e+02 1.680876050480633239e+02
1.115043275176010980e+02 1.679933783693769840e+02
1.114708412066107428e+02 1.678991516906906440e+02
1.114373548956203877e+02 1.678049250120043041e+02
1.114038685846300325e+02 1.677106983333179642e+02
1.113703822736396774e+02 1.676164716546316242e+02
1.113368959626493222e+02 1.675222449759452843e+02
1.113034096516589671e+02 1.674280182972589444e+02
1.112699233406686119e+02 1.673337916185726044e+02
1.112364370296782567e+02 1.672395649398862645e+02
1.112029507186879016e+02 1.671453382611999245e+02
1.111694644076975464e+02 1.670511115825135846e+02
1.111359780967071913e+02 1.669568849038272447e+02
1.111024917857168361e+02 1.668626582251409047e+02
1.110690054747264810e+02 1.667684315464545648e+02
1.110355191637361258e+02 1.666742048677682249e+02
1.110020328527457707e+02 1.665799781890818849e+02
1.109685465417554155e+02 1.664857515103955450e+02
1.109350602307650604e+02 1.663915248317092050e+02
1.109015739197747052e+02 1.662972981530228651e+02
1.108680876087843501e+02 1.662030714743365252e+02
1.108346012977939949e+02 1.661088447956501852e+02
1.108011149868036398e+02 1.660146181169638453e+02
1.107676286758132846e+02 1.659203914382775054e+02
1.107341423648229295e+02 1.658261647595911654e+02
1.107006560538325743e+02 1.657319380809048255e+02
1.106671697428422192e+02 1.656377114022184855e+02
1.106336834318518640e+02 1.655434847235321456e+02
1.106001971208615089e+02 1.654492580448458057e+02
1.105667108098711537e+02 1.653550313661594657e+02
1.105332244988807986e+02 1.652608046874731258e+02
1.104997381878904434e+02 1.651665780087867859e+02
1.104662518769000883e+02 1.650723513301004459e+02
1.104327655659097331e+02 1.649781246514141060e+02
1.103992792549193780e+02 1.648838979727277660e+02
1.103657929439290228e+02 1.647896712940414261e+02
1.103323066329386677e+02 1.646954446153550862e+02
1.102988203219483125e+02 1.646012179366687462e+02
1.102653340109579574e+02 1.645069912579824063e+02
1.102318476999676022e+02 1.644127645792960664e+02
1.101983613889772471e+02 1.643185379006097264e+02
1.101648750779868919e+02 1.642243112219233865e+02
1.101313887669965368e+02 1.641300845432370465e+02
1.100979024560061816e+02 1.640358578645507066e+02
1.100644161450158265e+02 1.639416311858643667e+02
1.100309298340254713e+02 1.638474045071780267e+02
1.099974435230351162e+02 1.637531778284916868e+02
1.099639572120447610e+02 1.636589511498053469e+02
1.099304709010544059e+02 1.635647244711190069e+02
1.098969845900640507e+02 1.634704977924326670e+02
1.098634982790736956e+02 1.633762711137463270e+02
1.098300119680833404e+02 1.632820444350599871e+02
1.097965256570929853e+02 1.631878177563736472e+02
1.097630393461026301e+02 1.630935910776873072e+02
1.097295530351122750e+02 1.629993643990009673e+02
1.096960667241219198e+02 1.629051377203146274e+02
1.096625804131315647e+02 1.628109110416282874e+02
1.096290941021412095e+02 1.627166843629419475e+02
1.095956077911508544e+02 1.626224576842556075e+02
1.095621214801604992e+02 1.625282310055692676e+02
1.095286351691701441e+02 1.624340043268829277e+02
1.094951488581797889e+02 1.623397776481965877e+02
1.094616625471894338e+02 1.622455509695102478e+02
1.094281762361990786e+02 1.621513242908239079e+02
1.093946899252087235e+02 1.620570976121375679e+02
1.093612036142183683e+02 1.619628709334512280e+02
1.093277173032280132e+02 1.618686442547648880e+02
1.092942309922376580e+02 1.617744175760785481e+02
1.092607446812473029e+02 1.616801908973922082e+02
1.092272583702569477e+02 1.615859642187058682e+02
1.091937720592665926e+02 1.614917375400195283e+02
1.091602857482762374e+02 1.613975108613331884e+02
1.091267994372858823e+02 1.613032841826468484e+02
1.090933131262955271e+02 1.612090575039605085e+02
1.090598268153051720e+02 1.611148308252741685e+02
1.090263405043148168e+02 1.610206041465878286e+02
1.089928541933244617e+02 1.609263774679014887e+02
1.089593678823341065e+02 1.608321507892151487e+02
1.089258815713437514e+02 1.607379241105288088e+02
1.088923952603533962e+02 1.606436974318424689e+02
1.088589089493630411e+02 1.605494707531561289e+02
1.088254226383726859e+02 1.604552440744697890e+02
1.087919363273823308e+02 1.603610173957834490e+02
1.087584500163919756e+02 1.602667907170971091e+02
1.087249637054016205e+02 1.601725640384107692e+02
1.086914773944112653e+02 1.600783373597244292e+02
1.086579910834209102e+02 1.599841106810380893e+02
1.086245047724305550e+02 1.598898840023517494e+02
1.085910184614401999e+02 1.597956573236654094e+02
1.085575321504498447e+02 1.597014306449790695e+02
1.085240458394594896e+02 1.596072039662927295e+02
1.084905595284691344e+02 1.595129772876063896e+02
1.084570732174787793e+02 1.594187506089200497e+02
1.084235869064884241e+02 1.593245239302337097e+02
1.083901005954980690e+02 1.592302972515473698e+02
1.083566142845077138e+02 1.591360705728610299e+02
1.083231279735173587e+02 1.590418438941746899e+02
1.082896416625270035e+02 1.589476172154883500e+02
1.082561553515366484e+02 1.588533905368020100e+02
1.082226690405462932e+02 1.587591638581156701e+02
1.081891827295559381e+02 1.586649371794293302e+02
1.081556964185655829e+02 1.585707105007429902e+02
1.081222101075752278e+02 1.584764838220566503e+02
1.080887237965848726e+02 1.583822571433703104e+02
1.080552374855945175e+02 1.582880304646839704e+02
1.080217511746041623e+02 1.581938037859976305e+02
1.079882648636138072e+02 1.580995771073112905e+02
1.079547785526234520e+02 1.580053504286249506e+02
1.079212922416330969e+02 1.579111237499386107e+02
1.078878059306427417e+02 1.578168970712522707e+02
1.078543196196523866e+02 1.577226703925659308e+02
1.078208333086620314e+02 1.576284437138795909e+02
1.077873469976716763e+02 1.575342170351932509e+02
1.077538606866813211e+02 1.574399903565069110e+02
1.077203743756909660e+02 1.573457636778205710e+02
1.076868880647006108e+02 1.572515369991342311e+02
1.076534017537102557e+02 1.571573103204478912e+02
1.076199154427199005e+02 1.570630836417615512e+02
1.075864291317295454e+02 1.569688569630752113e+02
1.075529428207391902e+02 1.568746302843888714e+02
1.075194565097488351e+02 1.567804036057025314e+02
1.074859701987584799e+02 1.566861769270161915e+02
1.074524838877681248e+02 1.565919502483298515e+02
1.074189975767777696e+02 1.564977235696435116e+02
1.073855112657874145e+02 1.564034968909571717e+02
1.073520249547970593e+02 1.563092702122708317e+02
1.073185386438067042e+02 1.562150435335844918e+02
1.072850523328163490e+02 1.561208168548981519e+02
1.072515660218259939e+02 1.560265901762118119e+02
1.072180797108356387e+02 1.559323634975254720e+02
1.071845933998452836e+02 1.558381368188391320e+02
1.071511070888549284e+02 1.557439101401527921e+02
1.071176207778645733e+02 1.556496834614664522e+02
1.070841344668742181e+02 1.555554567827801122e+02
1.070506481558838630e+02 1.554612301040937723e+02
1.070171618448935078e+02 1.553670034254074324e+02
1.069836755339031527e+02 1.552727767467210924e+02
1.069501892229127975e+02 1.551785500680347525e+02
1.069167029119224424e+02 1.550843233893484125e+02
1.068832166009320872e+02 1.549900967106620726e+02
1.068497302899417321e+02 1.548958700319757327e+02
1.068162439789513769e+02 1.548016433532893927e+02
1.067827576679610218e+02 1.547074166746030528e+02
1.067492713569706666e+02 1.546131899959167129e+02
1.067157850459803115e+02 1.545189633172303729e+02
1.066822987349899563e+02 1.544247366385440330e+02
1.066488124239996012e+02 1.543305099598576930e+02
1.066153261130092460e+02 1.542362832811713531e+02
1.065818398020188909e+02 1.541420566024850132e+02
1.065483534910285357e+02 1.540478299237986732e+02
1.065148671800381805e+02 1.539536032451123333e+02
1.064813808690478254e+02 1.538593765664259934e+02
1.064478945580574702e+02 1.537651498877396534e+02
1.064144082470671151e+02 1.536709232090533135e+02
1.063809219360767599e+02 1.535766965303669735e+02
1.063474356250864048e+02 1.534824698516806336e+02
1.063139493140960496e+02 1.533882431729942937e+02
1.062804630031056945e+02 1.532940164943079537e+02
1.062469766921153393e+02 1.531997898156216138e+02
1.062134903811249842e+02 1.531055631369352739e+02
1.061800040701346290e+02 1.530113364582489339e+02
1.061465177591442739e+02 1.529171097795625940e+02
1.061130314481539187e+02 1.528228831008762540e+02
1.060795451371635636e+02 1.527286564221899141e+02
1.060460588261732084e+02 1.526344297435035742e+02
1.060125725151828533e+02 1.525402030648172342e+02
1.059790862041924981e+02 1.524459763861308943e+02
1.059455998932021430e+02 1.523517497074445544e+02
1.059121135822117878e+02 1.522575230287582144e+02
1.058786272712214327e+02 1.521632963500718745e+02
1.058451409602310775e+02 1.520690696713855345e+02
1.058116546492407224e+02 1.519748429926991946e+02
1.057781683382503672e+02 1.518806163140128547e+02
1.057446820272600121e+02 1.517863896353265147e+02
1.057111957162696569e+02 1.516921629566401748e+02
1.056777094052793018e+02 1.515979362779538349e+02
1.056442230942889466e+02 1.515037095992674949e+02
1.056107367832985915e+02 1.514094829205811550e+02
1.055772504723082363e+02 1.513152562418948150e+02
1.055437641613178812e+02 1.512210295632084751e+02
1.055102778503275260e+02 1.511268028845221352e+02
1.054767915393371709e+02 1.510325762058357952e+02
1.054433052283468157e+02 1.509383495271494553e+02
1.054098189173564606e+02 1.508441228484631154e+02
1.053763326063661054e+02 1.507498961697767754e+02
1.053428462953757503e+02 1.506556694910904355e+02
1.053093599843853951e+02 1.505614428124040955e+02
1.052758736733950400e+02 1.504672161337177556e+02
1.052423873624046848e+02 1.503729894550314157e+02
1.052089010514143297e+02 1.502787627763450757e+02
1.051754147404239745e+02 1.501845360976587358e+02
1.051419284294336194e+02 1.500903094189723959e+02
1.051084421184432642e+02 1.499960827402860559e+02
1.050749558074529091e+02 1.499018560615997160e+02
1.050414694964625539e+02 1.498076293829133760e+02
1.050079831854721988e+02 1.497134027042270361e+02
1.049744968744818436e+02 1.496191760255406962e+02
1.049410105634914885e+02 1.495249493468543562e+02
1.049075242525011333e+02 1.494307226681680163e+02
1.048740379415107782e+02 1.493364959894816764e+02
1.048405516305204230e+02 1.492422693107953364e+02
1.048070653195300679e+02 1.491480426321089965e+02
1.047735790085397127e+02 1.490538159534226565e+02
1.047400926975493576e+02 1.489595892747363166e+02
1.047066063865590024e+02 1.488653625960499767e+02
1.046731200755686473e+02 1.487711359173636367e+02
1.046396337645782921e+02 1.486769092386772968e+02
1.046061474535879370e+02 1.485826825599909569e+02
1.045726611425975818e+02 1.484884558813046169e+02
1.045391748316072267e+02 1.483942292026182770e+02
1.045056885206168715e+02 1.483000025239319370e+02
1.044722022096265164e+02 1.482057758452455971e+02
1.044387158986361612e+02 1.481115491665592572e+02
1.044052295876458061e+02 1.480173224878729172e+02
1.043717432766554509e+02 1.479230958091865773e+02
1.043382569656650958e+02 1.478288691305002374e+02
1.043047706546747406e+02 1.477346424518138974e+02
1.042712843436843855e+02 1.476404157731275575e+02
1.042377980326940303e+02 1.475461890944412175e+02
1.042043117217036752e+02 1.474519624157548776e+02
1.041708254107133200e+02 1.473577357370685377e+02
1.041373390997229649e+02 1.472635090583821977e+02
1.041038527887326097e+02 1.471692823796958578e+02
1.040703664777422546e+02 1.470750557010095179e+02
1.040368801667518994e+02 1.469808290223231779e+02
1.040033938557615443e+02 1.468866023436368380e+02
1.039699075447711891e+02 1.467923756649504980e+02
1.039364212337808340e+02 1.466981489862641581e+02
1.039029349227904788e+02 1.466039223075778182e+02
1.038694486118001237e+02 1.465096956288914782e+02
1.038359623008097685e+02 1.464154689502051383e+02
1.038024759898194134e+02 1.463212422715187984e+02
1.037689896788290582e+02 1.462270155928324584e+02
1.037355033678387031e+02 1.461327889141461185e+02
1.037020170568483479e+02 1.460385622354597785e+02
1.036685307458579928e+02 1.459443355567734386e+02
1.036350444348676376e+02 1.458501088780870987e+02
1.036015581238772825e+02 1.457558821994007587e+02
1.035680718128869273e+02 1.456616555207144188e+02
1.035345855018965722e+02 1.455674288420280789e+02
1.035010991909062170e+02 1.454732021633417389e+02
1.034676128799158619e+02 1.453789754846553990e+02
1.034341265689255067e+02 1.452847488059690590e+02
1.034006402579351516e+02 1.451905221272827191e+02
1.033671539469447964e+02 1.450962954485963792e+02
1.033336676359544413e+02 1.450020687699100392e+02
1.033001813249640861e+02 1.449078420912236993e+02
1.032666950139737310e+02 1.448136154125373594e+02
1.032332087029833758e+02 1.447193887338510194e+02
1.031997223919930207e+02 1.446251620551646795e+02
1.031662360810026655e+02 1.445309353764783395e+02
1.031327497700123104e+02 1.444367086977919996e+02
1.030992634590219552e+02 1.443424820191056597e+02
1.030657771480316001e+02 1.442482553404193197e+02
1.030322908370412449e+02 1.441540286617329798e+02
1.029988045260508898e+02 1.440598019830466399e+02
1.029653182150605346e+02 1.439655753043602999e+02
1.029318319040701795e+02 1.438713486256739600e+02
1.028983455930798243e+02 1.437771219469876200e+02
1.028648592820894692e+02 1.436828952683012801e+02
1.028313729710991140e+02 1.435886685896149402e+02
1.027978866601087589e+02 1.434944419109286002e+02
1.027644003491184037e+02 1.434002152322422603e+02
1.027309140381280486e+02 1.433059885535559204e+02
1.026974277271376934e+02 1.432117618748695804e+02
1.026639414161473383e+02 1.431175351961832405e+02
1.026304551051569831e+02 1.430233085174969005e+02
1.025969687941666280e+02 1.429290818388105606e+02
1.025634824831762728e+02 1.428348551601242207e+02
1.025299961721859177e+02 1.427406284814378807e+02
1.024965098611955625e+02 1.426464018027515408e+02
1.024630235502052074e+02 1.425521751240652009e+02
1.024295372392148522e+02 1.424579484453788609e+02
1.023960509282244971e+02 1.423637217666925210e+02
1.023625646172341419e+02 1.422694950880061810e+02
1.023290783062437868e+02 1.421752684093198411e+02
1.022955919952534316e+02 1.420810417306335012e+02
1.022621056842630765e+02 1.419868150519471612e+02
1.022286193732727213e+02 1.418925883732608213e+02
1.021951330622823662e+02 1.417983616945744814e+02
1.021616467512920110e+02 1.417041350158881414e+02
1.021281604403016559e+02 1.416099083372018015e+02
1.020946741293113007e+02 1.415156816585154615e+02
1.020611878183209456e+02 1.414214549798291216e+02
1.020277015073305904e+02 1.413272283011427817e+02
1.019942151963402353e+02 1.412330016224564417e+02
1.019607288853498801e+02 1.411387749437701018e+02
1.019272425743595250e+02 1.410445482650837619e+02
1.018937562633691698e+02 1.409503215863974219e+02
1.018602699523788147e+02 1.408560949077110820e+02
1.018267836413884595e+02 1.407618682290247420e+02
1.017932973303981044e+02 1.406676415503384021e+02
1.017598110194077492e+02 1.405734148716520622e+02
1.017263247084173940e+02 1.404791881929657222e+02
1.016928383974270389e+02 1.403849615142793823e+02
1.016593520864366837e+02 1.402907348355930424e+02
1.016258657754463286e+02 1.401965081569067024e+02
1.015923794644559734e+02 1.401022814782203625e+02
1.015588931534656183e+02 1.400080547995340225e+02
1.015254068424752631e+02 1.399138281208476826e+02
1.014919205314849080e+02 1.398196014421613427e+02
1.014584342204945528e+02 1.397253747634750027e+02
1.014249479095041977e+02 1.396311480847886628e+02
1.013914615985138425e+02 1.395369214061023229e+02
1.013579752875234874e+02 1.394426947274159829e+02
1.013244889765331322e+02 1.393484680487296430e+02
1.012910026655427771e+02 1.392542413700433030e+02
1.012575163545524219e+02 1.391600146913569631e+02
1.012240300435620668e+02 1.390657880126706232e+02
1.011905437325717116e+02 1.389715613339842832e+02
1.011570574215813565e+02 1.388773346552979433e+02
1.011235711105910013e+02 1.387831079766116034e+02
1.010900847996006462e+02 1.386888812979252634e+02
1.010565984886102910e+02 1.385946546192389235e+02
1.010231121776199359e+02 1.385004279405525836e+02
1.009896258666295807e+02 1.384062012618662436e+02
1.009561395556392256e+02 1.383119745831799037e+02
1.009226532446488704e+02 1.382177479044935637e+02
1.008891669336585153e+02 1.381235212258072238e+02
1.008556806226681601e+02 1.380292945471208839e+02
1.008221943116778050e+02 1.379350678684345439e+02
1.007887080006874498e+02 1.378408411897482040e+02
1.007552216896970947e+02 1.377466145110618641e+02
1.007217353787067395e+02 1.376523878323755241e+02
1.006882490677163844e+02 1.375581611536891842e+02
1.006547627567260292e+02 1.374639344750028442e+02
1.006212764457356741e+02 1.373697077963165043e+02
1.005877901347453189e+02 1.372754811176301644e+02
1.005543038237549638e+02 1.371812544389438244e+02
1.005208175127646086e+02 1.370870277602574845e+02
1.004873312017742535e+02 1.369928010815711446e+02
1.004538448907838983e+02 1.368985744028848046e+02
1.004203585797935432e+02 1.368043477241984647e+02
1.003868722688031880e+02 1.367101210455121247e+02
1.003533859578128329e+02 1.366158943668257848e+02
1.003198996468224777e+02 1.365216676881394449e+02
1.002864133358321226e+02 1.364274410094531049e+02
1.002529270248417674e+02 1.363332143307667650e+02
1.002194407138514123e+02 1.362389876520804251e+02
1.001859544028610571e+02 1.361447609733940851e+02
1.001524680918707020e+02 1.360505342947077452e+02
1.001189817808803468e+02 1.359563076160214052e+02
1.000854954698899917e+02 1.358620809373350653e+02
1.000520091588996365e+02 1.357678542586487254e+02
1.000185228479092814e+02 1.356736275799623854e+02
9.998503653691892623e+01 1.355794009012760455e+02
9.995155022592857108e+01 1.354851742225897056e+02
9.991806391493821593e+01 1.353909475439033656e+02
9.988457760394786078e+01 1.352967208652170257e+02
9.985109129295750563e+01 1.352024941865306857e+02
9.981760498196715048e+01 1.351082675078443458e+02
9.978411867097679533e+01 1.350140408291580059e+02
9.975063235998644018e+01 1.349198141504716659e+02
9.971714604899608503e+01 1.348255874717853260e+02
9.968365973800572988e+01 1.347313607930989861e+02
9.965017342701537473e+01 1.346371341144126461e+02
9.961668711602501958e+01 1.345429074357263062e+02
9.958320080503466443e+01 1.344486807570399662e+02
9.954971449404430928e+01 1.343544540783536263e+02
9.951622818305395413e+01 1.342602273996672864e+02
9.946766642031046501e+01 1.341235801106922452e+02
9.955521215527595302e+01 1.340752505722157366e+02
9.964275789024144103e+01 1.340269210337392281e+02
9.973030362520692904e+01 1.339785914952627195e+02
9.981784936017241705e+01 1.339302619567862109e+02
9.990539509513790506e+01 1.338819324183097024e+02
9.999294083010339307e+01 1.338336028798331938e+02
1.000804865650688811e+02 1.337852733413566853e+02
1.001680323000343691e+02 1.337369438028801767e+02
1.002555780349998571e+02 1.336886142644036681e+02
1.003431237699653451e+02 1.336402847259271596e+02
1.004306695049308331e+02 1.335919551874506510e+02
1.005182152398963211e+02 1.335436256489741425e+02
1.006057609748618091e+02 1.334952961104976339e+02
1.006933067098272971e+02 1.334469665720211253e+02
1.007808524447927851e+02 1.333986370335446168e+02
1.008683981797582732e+02 1.333503074950681082e+02
1.009559439147237612e+02 1.333019779565915996e+02
1.010434896496892492e+02 1.332536484181150911e+02
1.011310353846547372e+02 1.332053188796385825e+02
1.012185811196202252e+02 1.331569893411620740e+02
1.013061268545857132e+02 1.331086598026855654e+02
1.013936725895512012e+02 1.330603302642090568e+02
1.014812183245166892e+02 1.330120007257325483e+02
1.015687640594821772e+02 1.329636711872560397e+02
1.016563097944476652e+02 1.329153416487795312e+02
1.017438555294131532e+02 1.328670121103030226e+02
1.018314012643786413e+02 1.328186825718265140e+02
1.019189469993441293e+02 1.327703530333500055e+02
1.020064927343096173e+02 1.327220234948734969e+02
1.020940384692751053e+02 1.326736939563969884e+02
1.021815842042405933e+02 1.326253644179204798e+02
1.022691299392060813e+02 1.325770348794439712e+02
1.023566756741715693e+02 1.325287053409674627e+02
1.024442214091370573e+02 1.324803758024909541e+02
1.025317671441025453e+02 1.324320462640144456e+02
1.026193128790680333e+02 1.323837167255379370e+02
1.027068586140335213e+02 1.323353871870614284e+02
1.027944043489990094e+02 1.322870576485849199e+02
1.028819500839644974e+02 1.322387281101084113e+02
1.029694958189299854e+02 1.321903985716319028e+02
1.030570415538954734e+02 1.321420690331553942e+02
1.031445872888609614e+02 1.320937394946788856e+02
1.032321330238264494e+02 1.320454099562023771e+02
1.033196787587919374e+02 1.319970804177258685e+02
1.034072244937574254e+02 1.319487508792493600e+02
1.034947702287229134e+02 1.319004213407728514e+02
1.035823159636884014e+02 1.318520918022963428e+02
1.036698616986538894e+02 1.318037622638198343e+02
1.037574074336193775e+02 1.317554327253433257e+02
1.038449531685848655e+02 1.317071031868668172e+02
1.039324989035503535e+02 1.316587736483903086e+02
1.040200446385158415e+02 1.316104441099138000e+02
1.041075903734813295e+02 1.315621145714372915e+02
1.041951361084468175e+02 1.315137850329607829e+02
1.042826818434123055e+02 1.314654554944842744e+02
1.043702275783777935e+02 1.314171259560077658e+02
1.044577733133432815e+02 1.313687964175312572e+02
1.045453190483087695e+02 1.313204668790547487e+02
1.046328647832742575e+02 1.312721373405782401e+02
1.047204105182397456e+02 1.312238078021017316e+02
1.048079562532052336e+02 1.311754782636252230e+02
1.048955019881707216e+02 1.311271487251487144e+02
1.049830477231362096e+02 1.310788191866722059e+02
1.050705934581016976e+02 1.310304896481956973e+02
1.051581391930671856e+02 1.309821601097191888e+02
1.052456849280326736e+02 1.309338305712426802e+02
1.053332306629981616e+02 1.308855010327661716e+02
1.054207763979636496e+02 1.308371714942896631e+02
1.055083221329291376e+02 1.307888419558131545e+02
1.055958678678946256e+02 1.307405124173366460e+02
1.056834136028601137e+02 1.306921828788601374e+02
1.057709593378256017e+02 1.306438533403836288e+02
1.058585050727910897e+02 1.305955238019071203e+02
1.059460508077565777e+02 1.305471942634306117e+02
1.060335965427220657e+02 1.304988647249541032e+02
1.061211422776875537e+02 1.304505351864775946e+02
1.062086880126530417e+02 1.304022056480010860e+02
1.062962337476185297e+02 1.303538761095245775e+02
1.063837794825840177e+02 1.303055465710480689e+02
1.064713252175495057e+02 1.302572170325715604e+02
1.065588709525149937e+02 1.302088874940950518e+02
1.066464166874804818e+02 1.301605579556185432e+02
1.067339624224459698e+02 1.301122284171420347e+02
1.068215081574114578e+02 1.300638988786655261e+02
1.069090538923769458e+02 1.300155693401890176e+02
1.069965996273424338e+02 1.299672398017125090e+02
1.070841453623079218e+02 1.299189102632360004e+02
1.071716910972734098e+02 1.298705807247594919e+02
1.072592368322388978e+02 1.298222511862829833e+02
1.073467825672043858e+02 1.297739216478064748e+02
1.074343283021698738e+02 1.297255921093299662e+02
1.075218740371353618e+02 1.296772625708534576e+02
1.076094197721008499e+02 1.296289330323769491e+02
1.076969655070663379e+02 1.295806034939004405e+02
1.077845112420318259e+02 1.295322739554239320e+02
1.078720569769973139e+02 1.294839444169474234e+02
1.079596027119628019e+02 1.294356148784709148e+02
1.080471484469282899e+02 1.293872853399944063e+02
1.081346941818937779e+02 1.293389558015178977e+02
1.082222399168592659e+02 1.292906262630413892e+02
1.083097856518247539e+02 1.292422967245648806e+02
1.083973313867902419e+02 1.291939671860883720e+02
1.084848771217557299e+02 1.291456376476118635e+02
1.085724228567212180e+02 1.290973081091353549e+02
1.086599685916867060e+02 1.290489785706588464e+02
1.087475143266521940e+02 1.290006490321823378e+02
1.088350600616176820e+02 1.289523194937058292e+02
1.089226057965831700e+02 1.289039899552293207e+02
1.090101515315486580e+02 1.288556604167528121e+02
1.090976972665141460e+02 1.288073308782763036e+02
1.091852430014796340e+02 1.287590013397997950e+02
1.092727887364451220e+02 1.287106718013232864e+02
1.093603344714106100e+02 1.286623422628467779e+02
1.094478802063760980e+02 1.286140127243702693e+02
1.095354259413415861e+02 1.285656831858937608e+02
1.096229716763070741e+02 1.285173536474172522e+02
1.097105174112725621e+02 1.284690241089407436e+02
1.097980631462380501e+02 1.284206945704642351e+02
1.098856088812035381e+02 1.283723650319877265e+02
1.099731546161690261e+02 1.283240354935112180e+02
1.100607003511345141e+02 1.282757059550347094e+02
1.101482460861000021e+02 1.282273764165582008e+02
1.102357918210654901e+02 1.281790468780816923e+02
1.103233375560309781e+02 1.281307173396051837e+02
1.104108832909964661e+02 1.280823878011286752e+02
1.104984290259619542e+02 1.280340582626521666e+02
1.105859747609274422e+02 1.279857287241756580e+02
1.106735204958929302e+02 1.279373991856991495e+02
1.107610662308584182e+02 1.278890696472226409e+02
1.108486119658239062e+02 1.278407401087461324e+02
1.109361577007893942e+02 1.277924105702696238e+02
1.110237034357548822e+02 1.277440810317931152e+02
1.111112491707203702e+02 1.276957514933166067e+02
1.111987949056858582e+02 1.276474219548400981e+02
1.112863406406513462e+02 1.275990924163635896e+02
1.113738863756168342e+02 1.275507628778870810e+02
1.114614321105823223e+02 1.275024333394105724e+02
1.115489778455478103e+02 1.274541038009340639e+02
1.116365235805132983e+02 1.274057742624575553e+02
1.117240693154787863e+02 1.273574447239810468e+02
1.118116150504442743e+02 1.273091151855045382e+02
1.118991607854097623e+02 1.272607856470280296e+02
1.119867065203752503e+02 1.272124561085515211e+02
1.120742522553407383e+02 1.271641265700750125e+02
1.121617979903062263e+02 1.271157970315985040e+02
1.122493437252717143e+02 1.270674674931219954e+02
1.123368894602372023e+02 1.270191379546454868e+02
1.124244351952026904e+02 1.269708084161689783e+02
1.125119809301681784e+02 1.269224788776924697e+02
1.125995266651336664e+02 1.268741493392159612e+02
1.126870724000991544e+02 1.268258198007394526e+02
1.127746181350646424e+02 1.267774902622629440e+02
1.128621638700301304e+02 1.267291607237864355e+02
1.129497096049956184e+02 1.266808311853099269e+02
1.130372553399611064e+02 1.266325016468334184e+02
1.131248010749265944e+02 1.265841721083569098e+02
1.132123468098920824e+02 1.265358425698804012e+02
1.132998925448575704e+02 1.264875130314038927e+02
1.133874382798230585e+02 1.264391834929273841e+02
1.134749840147885465e+02 1.263908539544508756e+02
1.135625297497540345e+02 1.263425244159743670e+02
1.136500754847195225e+02 1.262941948774978584e+02
1.137376212196850105e+02 1.262458653390213499e+02
1.138251669546504985e+02 1.261975358005448413e+02
1.139127126896159865e+02 1.261492062620683328e+02
1.140002584245814745e+02 1.261008767235918242e+02
1.140878041595469625e+02 1.260525471851153156e+02
1.141753498945124505e+02 1.260042176466388071e+02
1.142628956294779385e+02 1.259558881081622985e+02
1.143504413644434266e+02 1.259075585696857900e+02
1.144379870994089146e+02 1.258592290312092814e+02
1.145255328343744026e+02 1.258108994927327728e+02
1.146130785693398906e+02 1.257625699542562643e+02
1.147006243043053786e+02 1.257142404157797557e+02
1.147881700392708666e+02 1.256659108773032472e+02
1.148757157742363546e+02 1.256175813388267386e+02
1.149632615092018426e+02 1.255692518003502300e+02
1.150508072441673306e+02 1.255209222618737215e+02
1.151383529791328186e+02 1.254725927233972129e+02
1.152258987140983066e+02 1.254242631849207044e+02
1.153134444490637947e+02 1.253759336464441958e+02
1.154009901840292827e+02 1.253276041079676872e+02
1.154885359189947707e+02 1.252792745694911787e+02
1.155760816539602587e+02 1.252309450310146701e+02
1.156636273889257467e+02 1.251826154925381616e+02
1.157511731238912347e+02 1.251342859540616530e+02
1.158387188588567227e+02 1.250859564155851444e+02
1.159262645938222107e+02 1.250376268771086359e+02
1.160138103287876987e+02 1.249892973386321273e+02
1.161013560637531867e+02 1.249409678001556188e+02
1.161889017987186747e+02 1.248926382616791102e+02
1.162764475336841627e+02 1.248443087232026016e+02
1.163639932686496508e+02 1.247959791847260931e+02
1.164515390036151388e+02 1.247476496462495845e+02
1.165390847385806268e+02 1.246993201077730760e+02
1.166266304735461148e+02 1.246509905692965674e+02
1.167141762085116028e+02 1.246026610308200588e+02
1.168017219434770908e+02 1.245543314923435503e+02
1.168892676784425788e+02 1.245060019538670417e+02
1.169768134134080668e+02 1.244576724153905332e+02
1.170643591483735548e+02 1.244093428769140246e+02
1.171519048833390428e+02 1.243610133384375160e+02
1.172394506183045308e+02 1.243126837999610075e+02
1.173269963532700189e+02 1.242643542614844989e+02
1.174145420882355069e+02 1.242160247230079904e+02
1.175020878232009949e+02 1.241676951845314818e+02
1.175896335581664829e+02 1.241193656460549732e+02
1.176771792931319709e+02 1.240710361075784647e+02
1.177647250280974589e+02 1.240227065691019561e+02
1.178522707630629469e+02 1.239743770306254476e+02
1.179398164980284349e+02 1.239260474921489390e+02
1.180273622329939229e+02 1.238777179536724304e+02
1.181149079679594109e+02 1.238293884151959219e+02
1.182024537029248989e+02 1.237810588767194133e+02
1.182899994378903870e+02 1.237327293382429048e+02
1.183775451728558750e+02 1.236843997997663962e+02
1.184650909078213630e+02 1.236360702612898876e+02
1.185526366427868510e+02 1.235877407228133791e+02
1.186401823777523390e+02 1.235394111843368705e+02
1.187277281127178270e+02 1.234910816458603620e+02
1.188152738476833150e+02 1.234427521073838534e+02
1.189028195826488030e+02 1.233944225689073448e+02
1.189903653176142910e+02 1.233460930304308363e+02
1.190779110525797790e+02 1.232977634919543277e+02
1.191654567875452670e+02 1.232494339534778192e+02
1.192530025225107551e+02 1.232011044150013106e+02
1.193405482574762431e+02 1.231527748765248020e+02
1.194280939924417311e+02 1.231044453380482935e+02
1.195156397274072191e+02 1.230561157995717849e+02
1.196031854623727071e+02 1.230077862610952764e+02
1.196907311973381951e+02 1.229594567226187678e+02
1.197782769323036831e+02 1.229111271841422592e+02
1.198658226672691711e+02 1.228627976456657507e+02
1.199533684022346591e+02 1.228144681071892421e+02
1.200409141372001471e+02 1.227661385687127336e+02
1.201284598721656351e+02 1.227178090302362250e+02
1.202160056071311232e+02 1.226694794917597164e+02
1.203035513420966112e+02 1.226211499532832079e+02
1.203910970770620992e+02 1.225728204148066993e+02
1.204786428120275872e+02 1.225244908763301908e+02
1.205661885469930752e+02 1.224761613378536822e+02
1.206537342819585632e+02 1.224278317993771736e+02
1.207412800169240512e+02 1.223795022609006651e+02
1.208288257518895392e+02 1.223311727224241565e+02
1.209163714868550272e+02 1.222828431839476480e+02
1.210188479639198391e+02 1.222262711437091980e+02
1.210010022852494984e+02 1.223246659187371250e+02
1.209831566065791577e+02 1.224230606937650521e+02
1.209653109279088170e+02 1.225214554687929791e+02
1.209474652492384763e+02 1.226198502438209061e+02
1.209296195705681356e+02 1.227182450188488332e+02
1.209117738918977949e+02 1.228166397938767602e+02
1.208939282132274542e+02 1.229150345689046873e+02
1.208760825345571135e+02 1.230134293439326143e+02
1.208582368558867728e+02 1.231118241189605413e+02
1.208403911772164321e+02 1.232102188939884684e+02
1.208225454985460914e+02 1.233086136690163954e+02
1.208046998198757507e+02 1.234070084440443225e+02
1.207868541412054100e+02 1.235054032190722495e+02
1.207690084625350693e+02 1.236037979941001765e+02
1.207511627838647286e+02 1.237021927691281036e+02
1.207333171051943879e+02 1.238005875441560306e+02
1.207154714265240472e+02 1.238989823191839577e+02
1.206976257478537065e+02 1.239973770942118847e+02
1.206797800691833658e+02 1.240957718692398117e+02
1.206619343905130251e+02 1.241941666442677388e+02
1.206440887118426843e+02 1.242925614192956658e+02
1.206262430331723436e+02 1.243909561943235929e+02
1.206083973545020029e+02 1.244893509693515199e+02
1.205905516758316622e+02 1.245877457443794469e+02
1.205727059971613215e+02 1.246861405194073740e+02
1.205548603184909808e+02 1.247845352944353010e+02
1.205370146398206401e+02 1.248829300694632281e+02
1.205191689611502994e+02 1.249813248444911551e+02
1.205013232824799587e+02 1.250797196195190821e+02
1.204834776038096180e+02 1.251781143945470092e+02
1.204656319251392773e+02 1.252765091695749362e+02
1.204477862464689366e+02 1.253749039446028632e+02
1.204299405677985959e+02 1.254732987196307903e+02
1.204120948891282552e+02 1.255716934946587173e+02
1.203942492104579145e+02 1.256700882696866444e+02
1.203764035317875738e+02 1.257684830447145714e+02
1.203585578531172331e+02 1.258668778197424984e+02
1.203407121744468924e+02 1.259652725947704255e+02
1.203228664957765517e+02 1.260636673697983525e+02
1.203050208171062110e+02 1.261620621448262796e+02
1.202871751384358703e+02 1.262604569198542066e+02
1.202693294597655296e+02 1.263588516948821336e+02
1.202514837810951889e+02 1.264572464699100607e+02
1.202336381024248482e+02 1.265556412449379877e+02
1.202157924237545075e+02 1.266540360199659148e+02
1.201979467450841668e+02 1.267524307949938418e+02
1.201801010664138261e+02 1.268508255700217688e+02
1.201622553877434854e+02 1.269492203450496959e+02
1.201444097090731447e+02 1.270476151200776229e+02
1.201265640304028040e+02 1.271460098951055500e+02
1.201087183517324632e+02 1.272444046701334770e+02
1.200908726730621225e+02 1.273427994451614040e+02
1.200730269943917818e+02 1.274411942201893311e+02
1.200551813157214411e+02 1.275395889952172581e+02
1.200373356370511004e+02 1.276379837702451852e+02
1.200194899583807597e+02 1.277363785452731122e+02
1.200016442797104190e+02 1.278347733203010392e+02
1.199837986010400783e+02 1.279331680953289663e+02
1.199659529223697376e+02 1.280315628703568791e+02
1.199481072436993969e+02 1.281299576453847919e+02
1.199302615650290562e+02 1.282283524204127048e+02
1.199124158863587155e+02 1.283267471954406176e+02
1.198945702076883748e+02 1.284251419704685304e+02
1.198767245290180341e+02 1.285235367454964432e+02
1.198588788503476934e+02 1.286219315205243561e+02
1.198410331716773527e+02 1.287203262955522689e+02
1.198231874930070120e+02 1.288187210705801817e+02
1.198053418143366713e+02 1.289171158456080946e+02
1.197874961356663306e+02 1.290155106206360074e+02
1.197696504569959899e+02 1.291139053956639202e+02
1.197518047783256492e+02 1.292123001706918330e+02
1.197339590996553085e+02 1.293106949457197459e+02
1.197161134209849678e+02 1.294090897207476587e+02
1.196982677423146271e+02 1.295074844957755715e+02
1.196804220636442864e+02 1.296058792708034844e+02
1.196625763849739457e+02 1.297042740458313972e+02
1.196447307063036050e+02 1.298026688208593100e+02
1.196268850276332643e+02 1.299010635958872228e+02
1.196090393489629236e+02 1.299994583709151357e+02
1.195911936702925829e+02 1.300978531459430485e+02
1.195733479916222421e+02 1.301962479209709613e+02
1.195555023129519014e+02 1.302946426959988742e+02
1.195376566342815607e+02 1.303930374710267870e+02
1.195198109556112200e+02 1.304914322460546998e+02
1.195019652769408793e+02 1.305898270210826126e+02
1.194841195982705386e+02 1.306882217961105255e+02
1.194662739196001979e+02 1.307866165711384383e+02
1.194484282409298572e+02 1.308850113461663511e+02
1.194305825622595165e+02 1.309834061211942640e+02
1.194127368835891758e+02 1.310818008962221768e+02
1.193948912049188351e+02 1.311801956712500896e+02
1.193770455262484944e+02 1.312785904462780024e+02
1.193591998475781537e+02 1.313769852213059153e+02
1.193413541689078130e+02 1.314753799963338281e+02
1.193235084902374723e+02 1.315737747713617409e+02
1.193056628115671316e+02 1.316721695463896538e+02
1.192878171328967909e+02 1.317705643214175666e+02
1.192699714542264502e+02 1.318689590964454794e+02
1.192521257755561095e+02 1.319673538714733922e+02
1.192342800968857688e+02 1.320657486465013051e+02
1.192164344182154281e+02 1.321641434215292179e+02
1.191985887395450874e+02 1.322625381965571307e+02
1.191807430608747467e+02 1.323609329715850436e+02
1.191628973822044060e+02 1.324593277466129564e+02
1.191450517035340653e+02 1.325577225216408692e+02
1.191272060248637246e+02 1.326561172966687820e+02
1.191093603461933839e+02 1.327545120716966949e+02
1.190915146675230432e+02 1.328529068467246077e+02
1.190736689888527025e+02 1.329513016217525205e+02
1.190558233101823618e+02 1.330496963967804334e+02
1.190379776315120210e+02 1.331480911718083462e+02
1.190201319528416803e+02 1.332464859468362590e+02
1.190022862741713396e+02 1.333448807218641718e+02
1.189844405955009989e+02 1.334432754968920847e+02
1.189665949168306582e+02 1.335416702719199975e+02
1.189487492381603175e+02 1.336400650469479103e+02
1.189309035594899768e+02 1.337384598219758232e+02
1.189130578808196361e+02 1.338368545970037360e+02
1.188952122021492954e+02 1.339352493720316488e+02
1.188773665234789547e+02 1.340336441470595616e+02
1.188595208448086140e+02 1.341320389220874745e+02
1.188416751661382733e+02 1.342304336971153873e+02
1.188238294874679326e+02 1.343288284721433001e+02
1.188059838087975919e+02 1.344272232471712130e+02
1.187881381301272512e+02 1.345256180221991258e+02
1.187702924514569105e+02 1.346240127972270386e+02
1.187524467727865698e+02 1.347224075722549514e+02
1.187346010941162291e+02 1.348208023472828643e+02
1.187167554154458884e+02 1.349191971223107771e+02
1.186989097367755477e+02 1.350175918973386899e+02
1.186810640581052070e+02 1.351159866723666028e+02
1.186632183794348663e+02 1.352143814473945156e+02
1.186453727007645256e+02 1.353127762224224284e+02
1.186275270220941849e+02 1.354111709974503412e+02
1.186096813434238442e+02 1.355095657724782541e+02
1.185918356647535035e+02 1.356079605475061669e+02
1.185739899860831628e+02 1.357063553225340797e+02
1.185561443074128221e+02 1.358047500975619926e+02
1.185382986287424814e+02 1.359031448725899054e+02
1.185204529500721407e+02 1.360015396476178182e+02
1.185026072714017999e+02 1.360999344226457310e+02
1.184847615927314592e+02 1.361983291976736439e+02
1.184669159140611185e+02 1.362967239727015567e+02
1.184490702353907778e+02 1.363951187477294695e+02
1.184312245567204371e+02 1.364935135227573824e+02
1.184133788780500964e+02 1.365919082977852952e+02
1.183955331993797557e+02 1.366903030728132080e+02
1.183776875207094150e+02 1.367886978478411208e+02
1.183598418420390743e+02 1.368870926228690337e+02
1.183419961633687336e+02 1.369854873978969465e+02
1.183241504846983929e+02 1.370838821729248593e+02
1.183063048060280522e+02 1.371822769479527722e+02
1.182884591273577115e+02 1.372806717229806850e+02
1.182706134486873708e+02 1.373790664980085978e+02
1.182527677700170301e+02 1.374774612730365106e+02
1.182349220913466894e+02 1.375758560480644235e+02
1.182170764126763487e+02 1.376742508230923363e+02
1.181992307340060080e+02 1.377726455981202491e+02
1.181813850553356673e+02 1.378710403731481620e+02
1.181635393766653266e+02 1.379694351481760748e+02
1.181456936979949859e+02 1.380678299232039876e+02
1.181278480193246452e+02 1.381662246982319004e+02
1.181100023406543045e+02 1.382646194732598133e+02
1.180921566619839638e+02 1.383630142482877261e+02
1.180743109833136231e+02 1.384614090233156389e+02
1.180564653046432824e+02 1.385598037983435518e+02
1.180386196259729417e+02 1.386581985733714646e+02
1.180207739473026010e+02 1.387565933483993774e+02
1.180029282686322603e+02 1.388549881234272902e+02
1.179850825899619196e+02 1.389533828984552031e+02
1.179672369112915788e+02 1.390517776734831159e+02
1.179493912326212381e+02 1.391501724485110287e+02
1.179315455539508974e+02 1.392485672235389416e+02
1.179136998752805567e+02 1.393469619985668544e+02
1.178958541966102160e+02 1.394453567735947672e+02
1.178780085179398753e+02 1.395437515486226800e+02
1.178601628392695346e+02 1.396421463236505929e+02
1.178423171605991939e+02 1.397405410986785057e+02
1.178244714819288532e+02 1.398389358737064185e+02
1.178066258032585125e+02 1.399373306487343314e+02
1.177887801245881718e+02 1.400357254237622442e+02
1.177709344459178311e+02 1.401341201987901570e+02
1.177530887672474904e+02 1.402325149738180698e+02
1.177352430885771497e+02 1.403309097488459827e+02
1.177173974099068090e+02 1.404293045238738955e+02
1.176995517312364683e+02 1.405276992989018083e+02
1.176817060525661276e+02 1.406260940739297212e+02
1.176638603738957869e+02 1.407244888489576340e+02
1.176460146952254462e+02 1.408228836239855468e+02
1.176281690165551055e+02 1.409212783990134596e+02
1.176103233378847648e+02 1.410196731740413725e+02
1.175924776592144241e+02 1.411180679490692853e+02
1.175746319805440834e+02 1.412164627240971981e+02
1.175567863018737427e+02 1.413148574991251110e+02
1.175389406232034020e+02 1.414132522741530238e+02
1.175210949445330613e+02 1.415116470491809366e+02
1.175032492658627206e+02 1.416100418242088494e+02
1.174854035871923799e+02 1.417084365992367623e+02
1.174675579085220392e+02 1.418068313742646751e+02
1.174497122298516985e+02 1.419052261492925879e+02
1.174318665511813577e+02 1.420036209243205008e+02
1.174140208725110170e+02 1.421020156993484136e+02
1.173961751938406763e+02 1.422004104743763264e+02
1.173783295151703356e+02 1.422988052494042392e+02
1.173604838364999949e+02 1.423972000244321521e+02
1.173426381578296542e+02 1.424955947994600649e+02
1.173247924791593135e+02 1.425939895744879777e+02
1.173069468004889728e+02 1.426923843495158906e+02
1.172891011218186321e+02 1.427907791245438034e+02
1.172712554431482914e+02 1.428891738995717162e+02
1.172534097644779507e+02 1.429875686745996290e+02
1.172355640858076100e+02 1.430859634496275419e+02
1.172177184071372693e+02 1.431843582246554547e+02
1.171998727284669286e+02 1.432827529996833675e+02
1.171820270497965879e+02 1.433811477747112804e+02
1.171641813711262472e+02 1.434795425497391932e+02
1.171463356924559065e+02 1.435779373247671060e+02
1.171284900137855658e+02 1.436763320997950188e+02
1.171106443351152251e+02 1.437747268748229317e+02
1.170927986564448844e+02 1.438731216498508445e+02
1.170749529777745437e+02 1.439715164248787573e+02
1.170571072991042030e+02 1.440699111999066702e+02
1.170392616204338623e+02 1.441683059749345830e+02
1.170214159417635216e+02 1.442667007499624958e+02
1.170035702630931809e+02 1.443650955249904086e+02
1.169857245844228402e+02 1.444634903000183215e+02
1.169678789057524995e+02 1.445618850750462343e+02
1.169500332270821588e+02 1.446602798500741471e+02
1.169321875484118181e+02 1.447586746251020600e+02
1.169143418697414774e+02 1.448570694001299728e+02
1.168964961910711366e+02 1.449554641751578856e+02
1.168786505124007959e+02 1.450538589501857984e+02
1.168608048337304552e+02 1.451522537252137113e+02
1.168429591550601145e+02 1.452506485002416241e+02
1.168251134763897738e+02 1.453490432752695369e+02
1.168072677977194331e+02 1.454474380502974498e+02
1.167894221190490924e+02 1.455458328253253626e+02
1.167715764403787517e+02 1.456442276003532754e+02
1.167537307617084110e+02 1.457426223753811882e+02
1.167358850830380703e+02 1.458410171504091011e+02
1.167180394043677296e+02 1.459394119254370139e+02
1.167001937256973889e+02 1.460378067004649267e+02
1.166823480470270482e+02 1.461362014754928396e+02
1.166645023683567075e+02 1.462345962505207524e+02
1.166466566896863668e+02 1.463329910255486652e+02
1.166288110110160261e+02 1.464313858005765780e+02
1.166109653323456854e+02 1.465297805756044909e+02
1.165931196536753447e+02 1.466281753506324037e+02
1.165752739750050040e+02 1.467265701256603165e+02
1.165574282963346633e+02 1.468249649006882294e+02
1.165395826176643226e+02 1.469233596757161422e+02
1.165217369389939819e+02 1.470217544507440550e+02
1.165038912603236412e+02 1.471201492257719678e+02
1.164860455816533005e+02 1.472185440007998807e+02
1.164681999029829598e+02 1.473169387758277935e+02
1.164503542243126191e+02 1.474153335508557063e+02
1.164325085456422784e+02 1.475137283258836192e+02
1.164146628669719377e+02 1.476121231009115320e+02
1.163968171883015970e+02 1.477105178759394448e+02
1.163789715096312563e+02 1.478089126509673576e+02
1.163611258309609156e+02 1.479073074259952705e+02
1.163432801522905748e+02 1.480057022010231833e+02
1.163254344736202341e+02 1.481040969760510961e+02
1.163075887949498934e+02 1.482024917510790090e+02
1.162897431162795527e+02 1.483008865261069218e+02
1.162718974376092120e+02 1.483992813011348346e+02
1.162540517589388713e+02 1.484976760761627474e+02
1.162362060802685306e+02 1.485960708511906603e+02
1.162183604015981899e+02 1.486944656262185731e+02
1.162005147229278492e+02 1.487928604012464859e+02
1.161826690442575085e+02 1.488912551762743988e+02
1.161648233655871678e+02 1.489896499513023116e+02
1.161469776869168271e+02 1.490880447263302244e+02
1.161291320082464864e+02 1.491864395013581372e+02
1.161112863295761457e+02 1.492848342763860501e+02
1.160934406509058050e+02 1.493832290514139629e+02
1.160755949722354643e+02 1.494816238264418757e+02
1.160577492935651236e+02 1.495800186014697886e+02
1.160399036148947829e+02 1.496784133764977014e+02
1.160220579362244422e+02 1.497768081515256142e+02
1.160042122575541015e+02 1.498752029265535270e+02
1.159863665788837608e+02 1.499735977015814399e+02
1.159685209002134201e+02 1.500719924766093527e+02
1.159506752215430794e+02 1.501703872516372655e+02
1.159328295428727387e+02 1.502687820266651784e+02
1.159149838642023980e+02 1.503671768016930912e+02
1.158971381855320573e+02 1.504655715767210040e+02
1.158792925068617166e+02 1.505639663517489168e+02
1.158614468281913759e+02 1.506623611267768297e+02
1.158436011495210352e+02 1.507607559018047425e+02
1.158257554708506945e+02 1.508591506768326553e+02
1.158079097921803537e+02 1.509575454518605682e+02
1.157900641135100130e+02 1.510559402268884810e+02
1.157722184348396723e+02 1.511543350019163938e+02
1.157543727561693316e+02 1.512527297769443066e+02
1.157365270774989909e+02 1.513511245519722195e+02
1.157186813988286502e+02 1.514495193270001323e+02
1.157008357201583095e+02 1.515479141020280451e+02
1.156829900414879688e+02 1.516463088770559580e+02
1.156651443628176281e+02 1.517447036520838708e+02
1.156472986841472874e+02 1.518430984271117836e+02
1.156294530054769467e+02 1.519414932021396965e+02
1.156116073268066060e+02 1.520398879771676093e+02
1.155937616481362653e+02 1.521382827521955221e+02
1.155759159694659246e+02 1.522366775272234349e+02
1.155580702907955839e+02 1.523350723022513478e+02
1.155402246121252432e+02 1.524334670772792606e+02
1.155223789334549025e+02 1.525318618523071734e+02
1.155045332547845618e+02 1.526302566273350863e+02
1.154866875761142211e+02 1.527286514023629991e+02
1.154688418974438804e+02 1.528270461773909119e+02
1.154509962187735397e+02 1.529254409524188247e+02
1.154331505401031990e+02 1.530238357274467376e+02
1.154153048614328583e+02 1.531222305024746504e+02
1.153974591827625176e+02 1.532206252775025632e+02
1.153796135040921769e+02 1.533190200525304761e+02
1.153617678254218362e+02 1.534174148275583889e+02
1.153439221467514955e+02 1.535158096025863017e+02
1.153260764680811548e+02 1.536142043776142145e+02
1.153082307894108141e+02 1.537125991526421274e+02
1.152903851107404734e+02 1.538109939276700402e+02
1.152725394320701326e+02 1.539093887026979530e+02
1.152546937533997919e+02 1.540077834777258659e+02
1.152368480747294512e+02 1.541061782527537787e+02
1.152190023960591105e+02 1.542045730277816915e+02
1.152011567173887698e+02 1.543029678028096043e+02
1.151833110387184291e+02 1.544013625778375172e+02
1.151654653600480884e+02 1.544997573528654300e+02
1.151476196813777477e+02 1.545981521278933428e+02
1.151297740027074070e+02 1.546965469029212557e+02
1.151119283240370663e+02 1.547949416779491685e+02
1.150940826453667256e+02 1.548933364529770813e+02
1.150762369666963849e+02 1.549917312280049941e+02
1.150583912880260442e+02 1.550901260030329070e+02
1.150405456093557035e+02 1.551885207780608198e+02
1.150226999306853628e+02 1.552869155530887326e+02
1.150048542520150221e+02 1.553853103281166455e+02
1.149870085733446814e+02 1.554837051031445583e+02
1.149691628946743407e+02 1.555820998781724711e+02
1.149513172160040000e+02 1.556804946532003839e+02
1.149334715373336593e+02 1.557788894282282968e+02
1.149156258586633186e+02 1.558772842032562096e+02
1.148977801799929779e+02 1.559756789782841224e+02
1.148799345013226372e+02 1.560740737533120353e+02
1.148620888226522965e+02 1.561724685283399481e+02
1.148442431439819558e+02 1.562708633033678609e+02
1.148263974653116151e+02 1.563692580783957737e+02
1.148085517866412744e+02 1.564676528534236866e+02
1.147907061079709337e+02 1.565660476284515994e+02
1.147728604293005930e+02 1.566644424034795122e+02
1.147550147506302523e+02 1.567628371785074251e+02
1.147371690719599115e+02 1.568612319535353379e+02
1.147193233932895708e+02 1.569596267285632507e+02
1.147014777146192301e+02 1.570580215035911635e+02
1.146836320359488894e+02 1.571564162786190764e+02
1.146657863572785487e+02 1.572548110536469892e+02
1.146479406786082080e+02 1.573532058286749020e+02
1.146300949999378673e+02 1.574516006037028149e+02
1.146122493212675266e+02 1.575499953787307277e+02
1.145944036425971859e+02 1.576483901537586405e+02
1.145765579639268452e+02 1.577467849287865533e+02
1.145587122852565045e+02 1.578451797038144662e+02
1.145408666065861638e+02 1.579435744788423790e+02
1.145230209279158231e+02 1.580419692538702918e+02
1.145051752492454824e+02 1.581403640288982047e+02
1.144873295705751417e+02 1.582387588039261175e+02
1.144694838919048010e+02 1.583371535789540303e+02
1.144516382132344603e+02 1.584355483539819431e+02
1.144337925345641196e+02 1.585339431290098560e+02
1.144159468558937789e+02 1.586323379040377688e+02
1.143981011772234382e+02 1.587307326790656816e+02
1.143802554985530975e+02 1.588291274540935945e+02
1.143624098198827568e+02 1.589275222291215073e+02
1.143445641412124161e+02 1.590259170041494201e+02
1.143267184625420754e+02 1.591243117791773329e+02
1.143088727838717347e+02 1.592227065542052458e+02
1.142910271052013940e+02 1.593211013292331586e+02
1.142731814265310533e+02 1.594194961042610714e+02
1.142553357478607126e+02 1.595178908792889843e+02
1.142374900691903719e+02 1.596162856543168971e+02
1.142196443905200312e+02 1.597146804293448099e+02
1.142017987118496904e+02 1.598130752043727227e+02
1.141839530331793497e+02 1.599114699794006356e+02
1.141661073545090090e+02 1.600098647544285484e+02
1.141482616758386683e+02 1.601082595294564612e+02
1.141304159971683276e+02 1.602066543044843741e+02
1.141125703184979869e+02 1.603050490795122869e+02
1.140947246398276462e+02 1.604034438545401997e+02
1.140768789611573055e+02 1.605018386295681125e+02
1.140590332824869648e+02 1.606002334045960254e+02
1.140411876038166241e+02 1.606986281796239382e+02
1.140233419251462834e+02 1.607970229546518510e+02
1.140054962464759427e+02 1.608954177296797639e+02
1.139876505678056020e+02 1.609938125047076767e+02
1.139698048891352613e+02 1.610922072797355895e+02
1.139519592104649206e+02 1.611906020547635023e+02
1.139341135317945799e+02 1.612889968297914152e+02
1.139162678531242392e+02 1.613873916048193280e+02
1.138984221744538985e+02 1.614857863798472408e+02
1.138805764957835578e+02 1.615841811548751537e+02
1.138627308171132171e+02 1.616825759299030665e+02
1.138448851384428764e+02 1.617809707049309793e+02
1.138270394597725357e+02 1.618793654799588921e+02
1.138091937811021950e+02 1.619777602549868050e+02
1.137913481024318543e+02 1.620761550300147178e+02
1.137735024237615136e+02 1.621745498050426306e+02
1.137556567450911729e+02 1.622729445800705435e+02
1.137378110664208322e+02 1.623713393550984563e+02
1.137199653877504915e+02 1.624697341301263691e+02
1.137021197090801508e+02 1.625681289051542819e+02
1.136842740304098101e+02 1.626665236801821948e+02
1.136664283517394693e+02 1.627649184552101076e+02
1.136485826730691286e+02 1.628633132302380204e+02
1.136307369943987879e+02 1.629617080052659333e+02
1.136128913157284472e+02 1.630601027802938461e+02
1.135950456370581065e+02 1.631584975553217589e+02
1.135771999583877658e+02 1.632568923303496717e+02
1.135593542797174251e+02 1.633552871053775846e+02
1.135415086010470844e+02 1.634536818804054974e+02
1.135236629223767437e+02 1.635520766554334102e+02
1.135058172437064030e+02 1.636504714304613231e+02
1.134879715650360623e+02 1.637488662054892359e+02
1.134701258863657216e+02 1.638472609805171487e+02
1.134522802076953809e+02 1.639456557555450615e+02
1.134344345290250402e+02 1.640440505305729744e+02
1.134165888503546995e+02 1.641424453056008872e+02
1.133987431716843588e+02 1.642408400806288000e+02
1.133808974930140181e+02 1.643392348556567129e+02
1.133630518143436774e+02 1.644376296306846257e+02
1.133452061356733367e+02 1.645360244057125385e+02
1.133273604570029960e+02 1.646344191807404513e+02
1.133095147783326553e+02 1.647328139557683642e+02
1.132916690996623146e+02 1.648312087307962770e+02
1.132738234209919739e+02 1.649296035058241898e+02
1.132559777423216332e+02 1.650279982808521027e+02
1.132381320636512925e+02 1.651263930558800155e+02
1.132202863849809518e+02 1.652247878309079283e+02
1.132024407063106111e+02 1.653231826059358411e+02
1.131845950276402704e+02 1.654215773809637540e+02
1.131667493489699297e+02 1.655199721559916668e+02
1.131489036702995890e+02 1.656183669310195796e+02
1.131310579916292482e+02 1.657167617060474925e+02
1.131132123129589075e+02 1.658151564810754053e+02
1.130953666342885668e+02 1.659135512561033181e+02
1.130775209556182261e+02 1.660119460311312309e+02
1.130596752769478854e+02 1.661103408061591438e+02
1.130418295982775447e+02 1.662087355811870566e+02
1.130239839196072040e+02 1.663071303562149694e+02
1.130061382409368633e+02 1.664055251312428823e+02
1.129882925622665226e+02 1.665039199062707951e+02
1.129704468835961819e+02 1.666023146812987079e+02
1.129526012049258412e+02 1.667007094563266207e+02
1.129347555262555005e+02 1.667991042313545336e+02
1.129169098475851598e+02 1.668974990063824464e+02
1.128990641689148191e+02 1.669958937814103592e+02
1.128812184902444784e+02 1.670942885564382721e+02
1.128633728115741377e+02 1.671926833314661849e+02
1.128455271329037970e+02 1.672910781064940977e+02
1.128276814542334563e+02 1.673894728815220105e+02
1.128098357755631156e+02 1.674878676565499234e+02
1.127919900968927749e+02 1.675862624315778362e+02
1.127741444182224342e+02 1.676846572066057490e+02
1.127562987395520935e+02 1.677830519816336619e+02
1.127384530608817528e+02 1.678814467566615747e+02
1.127206073822114121e+02 1.679798415316894875e+02
1.127027617035410714e+02 1.680782363067174003e+02
1.126849160248707307e+02 1.681766310817453132e+02
1.126670703462003900e+02 1.682750258567732260e+02
1.126492246675300493e+02 1.683734206318011388e+02
1.126313789888597086e+02 1.684718154068290517e+02
1.126135333101893679e+02 1.685702101818569645e+02
1.125956876315190271e+02 1.686686049568848773e+02
1.125778419528486864e+02 1.687669997319127901e+02
1.125599962741783457e+02 1.688653945069407030e+02
1.125421505955080050e+02 1.689637892819686158e+02
1.125243049168376643e+02 1.690621840569965286e+02
1.125064592381673236e+02 1.691605788320244415e+02
1.124886135594969829e+02 1.692589736070523543e+02
1.124707678808266422e+02 1.693573683820802671e+02
1.124529222021563015e+02 1.694557631571081799e+02
1.124350765234859608e+02 1.695541579321360928e+02
1.124172308448156201e+02 1.696525527071640056e+02
1.123993851661452794e+02 1.697509474821919184e+02
1.123815394874749387e+02 1.698493422572198313e+02
1.123636938088045980e+02 1.699477370322477441e+02
1.123458481301342573e+02 1.700461318072756569e+02
1.123280024514639166e+02 1.701445265823035697e+02
1.123079989813696216e+02 1.702548186578491425e+02
