8.392500705110388992e+01 1.160000000000000000e+02
8.392483992361047740e+01 1.161000127737178786e+02
8.392433854299696350e+01 1.162000244303176117e+02
8.392350291486368974e+01 1.163000338526935309e+02
8.392233304854438813e+01 1.164000399237649219e+02
8.392082895710619539e+01 1.165000415264885163e+02
8.391899065734943974e+01 1.166000375438709398e+02
8.391681816980747044e+01 1.167000268589812180e+02
8.391431151874644456e+01 1.168000083549632251e+02
8.391147073216505703e+01 1.168999809150481894e+02
8.390829584179417111e+01 1.169999434225671422e+02
8.390478688309653421e+01 1.170998947609633802e+02
8.390094389526637997e+01 1.171998338138050002e+02
8.389676692122891666e+01 1.172997594647972903e+02
8.389225600763992929e+01 1.173996705977952359e+02
8.388741120488521119e+01 1.174995660968160109e+02
8.388223256708000974e+01 1.175994448460513979e+02
8.387672015206845799e+01 1.176993057298802654e+02
8.387087402142287829e+01 1.177991476328810450e+02
8.386469424044310017e+01 1.178989694398441799e+02
8.385818087815577826e+01 1.179987700357845597e+02
8.385133400731356801e+01 1.180985483059540400e+02
8.384415370439431570e+01 1.181983031358537914e+02
8.383664004960027683e+01 1.182980334112468626e+02
8.382879312685710715e+01 1.183977380181705428e+02
8.382061302381301005e+01 1.184974158429488256e+02
8.381209983183774170e+01 1.185970657722048713e+02
8.380325364602155958e+01 1.186966866928734134e+02
8.379407456517418495e+01 1.187962774922132070e+02
8.378456269182370875e+01 1.188958370578194632e+02
8.377471813221542618e+01 1.189953642776362699e+02
8.376454099631064310e+01 1.190948580399689689e+02
8.375403139778546802e+01 1.191943172334966761e+02
8.374318945402956160e+01 1.192937407472846019e+02
8.373201528614472977e+01 1.193931274707964576e+02
8.372050901894372998e+01 1.194924762939069609e+02
8.370867078094872227e+01 1.195917861069141139e+02
8.369650070438993339e+01 1.196910558005516805e+02
8.368399892520412209e+01 1.197902842660015210e+02
8.367116558303308693e+01 1.198894703949060414e+02
8.365800082122213155e+01 1.199886130793804995e+02
8.364450478681840195e+01 1.200877112120254537e+02
8.363067763056929493e+01 1.201867636859390558e+02
8.361651950692075275e+01 1.202857693947294848e+02
8.360203057401555782e+01 1.203847272325272542e+02
8.358721099369151375e+01 1.204836360939976032e+02
8.357206093147969739e+01 1.205824948743528182e+02
8.355658055660259720e+01 1.206813024693645673e+02
8.354077004197220901e+01 1.207800577753762781e+02
8.352462956418808915e+01 1.208787596893153733e+02
8.350815930353540750e+01 1.209774071087057195e+02
8.349135944398295806e+01 1.210759989316798482e+02
8.347423017318104144e+01 1.211745340569912628e+02
8.345677168245939015e+01 1.212730113840268018e+02
8.343898416682509378e+01 1.213714298128188744e+02
8.342086782496031105e+01 1.214697882440577956e+02
8.340242285922015242e+01 1.215680855791040074e+02
8.338364947563034946e+01 1.216663207200003853e+02
8.336454788388500958e+01 1.217644925694845313e+02
8.334511829734420019e+01 1.218626000310009516e+02
8.332536093303166069e+01 1.219606420087133642e+02
8.330527601163227303e+01 1.220586174075169623e+02
8.328486375748971682e+01 1.221565251330505504e+02
8.326412439860384040e+01 1.222543640917088794e+02
8.324305816662818813e+01 1.223521331906547687e+02
8.322166529686742820e+01 1.224498313378313696e+02
8.319994602827465258e+01 1.225474574419743590e+02
8.317790060344876224e+01 1.226450104126240888e+02
8.315552926863173866e+01 1.227424891601378221e+02
8.313283227370590112e+01 1.228398925957018690e+02
8.310980987219113558e+01 1.229372196313437513e+02
8.308646232124200992e+01 1.230344691799443382e+02
8.306278988164493171e+01 1.231316401552500679e+02
8.303879281781523503e+01 1.232287314718849558e+02
8.301447139779426720e+01 1.233257420453628157e+02
8.298982589324627668e+01 1.234226707920993675e+02
8.296485657945555658e+01 1.235195166294242739e+02
8.293956373532317627e+01 1.236162784755932904e+02
8.291394764336399703e+01 1.237129552498003591e+02
8.288800858970351726e+01 1.238095458721895881e+02
8.286174686407457557e+01 1.239060492638674589e+02
8.283516275981421018e+01 1.240024643469147492e+02
8.280825657386033356e+01 1.240987900443986405e+02
8.278102860674846397e+01 1.241950252803847263e+02
8.275347916260828640e+01 1.242911689799490205e+02
8.272560854916035566e+01 1.243872200691899934e+02
8.269741707771257211e+01 1.244831774752405522e+02
8.266890506315675680e+01 1.245790401262800060e+02
8.264007282396512721e+01 1.246748069515460600e+02
8.261092068218671614e+01 1.247704768813467666e+02
8.258144896344379049e+01 1.248660488470725056e+02
8.255165799692822759e+01 1.249615217812078356e+02
8.252154811539779189e+01 1.250568946173435307e+02
8.249111965517249700e+01 1.251521662901884042e+02
8.246037295613078300e+01 1.252473357355812311e+02
8.242930836170570785e+01 1.253424018905026713e+02
8.239792621888118163e+01 1.254373636930871072e+02
8.236622687818804422e+01 1.255322200826344670e+02
8.233421069370015744e+01 1.256269699996221902e+02
8.230187802303044009e+01 1.257216123857169379e+02
8.226922922732687482e+01 1.258161461837864579e+02
8.223626467126854322e+01 1.259105703379114374e+02
8.220298472306140525e+01 1.260048837933972408e+02
8.216938975443433435e+01 1.260990854967857047e+02
8.213548014063489688e+01 1.261931743958669188e+02
8.210125626042514568e+01 1.262871494396909640e+02
8.206671849607742786e+01 1.263810095785796648e+02
8.203186723337010733e+01 1.264747537641382706e+02
8.199670286158323051e+01 1.265683809492672509e+02
8.196122577349420624e+01 1.266618900881739194e+02
8.192543636537340035e+01 1.267552801363841155e+02
8.188933503697971616e+01 1.268485500507539427e+02
8.185292219155614646e+01 1.269416987894813218e+02
8.181619823582522599e+01 1.270347253121177005e+02
8.177916357998455510e+01 1.271276285795796355e+02
8.174181863770212431e+01 1.272204075541604311e+02
8.170416382611179529e+01 1.273130611995417070e+02
8.166619956580858286e+01 1.274055884808049655e+02
8.162792628084392277e+01 1.274979883644431879e+02
8.158934439872106736e+01 1.275902598183723455e+02
8.155045435039014023e+01 1.276824018119429240e+02
8.151125657024343241e+01 1.277744133159514632e+02
8.147175149611057066e+01 1.278662933026520392e+02
8.143193956925350108e+01 1.279580407457677467e+02
8.139182123436170002e+01 1.280496546205021673e+02
8.135139693954712925e+01 1.281411339035507524e+02
8.131066713633923371e+01 1.282324775731124191e+02
8.126963227967991088e+01 1.283236846089007201e+02
8.122829282791848016e+01 1.284147539921555108e+02
8.118664924280642481e+01 1.285056847056540619e+02
8.114470198949241819e+01 1.285964757337226558e+02
8.110245153651696626e+01 1.286871260622477848e+02
8.105989835580726321e+01 1.287776346786874910e+02
8.101704292267190510e+01 1.288680005720827353e+02
8.097388571579554650e+01 1.289582227330686806e+02
8.093042721723364252e+01 1.290483001538859185e+02
8.088666791240690657e+01 1.291382318283917527e+02
8.084260829009608074e+01 1.292280167520714542e+02
8.079824884243630834e+01 1.293176539220494590e+02
8.075359006491174796e+01 1.294071423371005096e+02
8.070863245634998862e+01 1.294964809976610525e+02
8.066337651891647909e+01 1.295856689058401230e+02
8.061782275810895726e+01 1.296747050654306577e+02
8.057197168275172316e+01 1.297635884819206353e+02
8.052582380499006831e+01 1.298523181625040479e+02
8.047937964028446345e+01 1.299408931160921838e+02
8.043263970740481739e+01 1.300293123533245137e+02
8.038560452842472159e+01 1.301175748865798880e+02
8.033827462871556691e+01 1.302056797299873949e+02
8.029065053694075971e+01 1.302936258994376146e+02
8.024273278504969653e+01 1.303814124125933915e+02
8.019452190827190918e+01 1.304690382889009186e+02
8.014601844511106776e+01 1.305565025496006228e+02
8.009722293733895526e+01 1.306438042177381931e+02
8.004813592998942795e+01 1.307309423181754369e+02
7.999875797135229050e+01 1.308179158776011093e+02
7.994908961296727057e+01 1.309047239245419121e+02
7.989913140961769500e+01 1.309913654893732655e+02
7.984888391932446439e+01 1.310778396043301370e+02
7.979834770333972926e+01 1.311641453035178984e+02
7.974752332614059469e+01 1.312502816229230120e+02
7.969641135542291011e+01 1.313362476004239738e+02
7.964501236209483181e+01 1.314220422758019140e+02
7.959332692027051337e+01 1.315076646907513123e+02
7.954135560726365384e+01 1.315931138888907981e+02
7.948909900358106029e+01 1.316783889157738656e+02
7.943655769291621027e+01 1.317634888188993045e+02
7.938373226214261535e+01 1.318484126477221139e+02
7.933062330130738360e+01 1.319331594536639614e+02
7.927723140362459731e+01 1.320177282901238129e+02
7.922355716546863391e+01 1.321021182124885058e+02
7.916960118636757215e+01 1.321863282781433213e+02
7.911536406899645613e+01 1.322703575464824723e+02
7.906084641917060196e+01 1.323542050789196765e+02
7.900604884583874821e+01 1.324378699388985297e+02
7.895097196107637672e+01 1.325213511919031077e+02
7.889561638007874933e+01 1.326046479054682834e+02
7.883998272115414352e+01 1.326877591491901853e+02
7.878407160571688905e+01 1.327706839947366575e+02
7.872788365828039048e+01 1.328534215158574625e+02
7.867141950645027748e+01 1.329359707883948261e+02
7.861467978091724262e+01 1.330183308902936119e+02
7.855766511545012065e+01 1.331005009016116958e+02
7.850037614688872623e+01 1.331824799045301972e+02
7.844281351513677691e+01 1.332642669833637967e+02
7.838497786315474514e+01 1.333458612245708537e+02
7.832686983695269589e+01 1.334272617167637520e+02
7.826849008558301080e+01 1.335084675507189047e+02
7.820983926113318319e+01 1.335894778193871275e+02
7.815091801871854216e+01 1.336702916179035867e+02
7.809172701647490555e+01 1.337509080435979740e+02
7.803226691555124717e+01 1.338313261960045679e+02
7.797253838010232130e+01 1.339115451768723517e+02
7.791254207728118786e+01 1.339915640901750180e+02
7.785227867723183692e+01 1.340713820421208879e+02
7.779174885308167120e+01 1.341509981411630577e+02
7.773095328093397427e+01 1.342304114980092038e+02
7.766989263986036462e+01 1.343096212256316733e+02
7.760856761189323549e+01 1.343886264392771750e+02
7.754697888201808098e+01 1.344674262564768981e+02
7.748512713816593589e+01 1.345460197970561751e+02
7.742301307120557397e+01 1.346244061831444867e+02
7.736063737493589088e+01 1.347025845391851249e+02
7.729800074607811666e+01 1.347805539919449984e+02
7.723510388426802820e+01 1.348583136705244954e+02
7.717194749204813320e+01 1.349358627063670326e+02
7.710853227485984007e+01 1.350132002332689467e+02
7.704485894103558508e+01 1.350903253873890435e+02
7.698092820179086004e+01 1.351672373072582332e+02
7.691674077121633957e+01 1.352439351337892504e+02
7.685229736626988029e+01 1.353204180102862324e+02
7.678759870676852017e+01 1.353966850824541552e+02
7.672264551538039257e+01 1.354727354984085537e+02
7.665743851761672545e+01 1.355485684086849858e+02
7.659197844182365600e+01 1.356241829662483838e+02
7.652626601917420146e+01 1.356995783265027171e+02
7.646030198365998842e+01 1.357747536473003152e+02
7.639408707208311000e+01 1.358497080889512745e+02
7.632762202404788354e+01 1.359244408142328950e+02
7.626090758195259411e+01 1.359989509883989456e+02
7.619394449098118116e+01 1.360732377791890713e+02
7.612673349909493936e+01 1.361473003568380591e+02
7.605927535702419107e+01 1.362211378940850750e+02
7.599157081825978821e+01 1.362947495661829294e+02
7.592362063904484160e+01 1.363681345509073140e+02
7.585542557836618016e+01 1.364412920285659823e+02
7.578698639794590974e+01 1.365142211820078160e+02
7.571830386223285814e+01 1.365869211966320620e+02
7.564937873839411964e+01 1.366593912603974559e+02
7.558021179630641484e+01 1.367316305638310894e+02
7.551080380854750729e+01 1.368036383000377043e+02
7.544115555038760590e+01 1.368754136647085602e+02
7.537126779978065372e+01 1.369469558561304154e+02
7.530114133735568771e+01 1.370182640751945655e+02
7.523077694640807067e+01 1.370893375254057105e+02
7.516017541289082260e+01 1.371601754128908226e+02
7.508933752540571049e+01 1.372307769464080707e+02
7.501826407519456552e+01 1.373011413373556877e+02
7.494695585613041544e+01 1.373712677997806395e+02
7.487541366470854598e+01 1.374411555503876059e+02
7.480363830003770431e+01 1.375108038085475073e+02
7.473163056383108938e+01 1.375802117963064006e+02
7.465939126039744167e+01 1.376493787383941196e+02
7.458692119663206199e+01 1.377183038622328581e+02
7.451422118200781597e+01 1.377869863979458955e+02
7.444129202856598226e+01 1.378554255783661802e+02
7.436813455090731395e+01 1.379236206390448558e+02
7.429474956618292936e+01 1.379915708182597882e+02
7.422113789408507500e+01 1.380592753570241769e+02
7.414730035683805909e+01 1.381267334990949394e+02
7.407323777918908547e+01 1.381939444909811812e+02
7.399895098839894558e+01 1.382609075819525799e+02
7.392444081423289504e+01 1.383276220240478835e+02
7.384970808895127448e+01 1.383940870720830958e+02
7.377475364730031515e+01 1.384603019836599742e+02
7.369957832650271712e+01 1.385262660191741872e+02
7.362418296624838376e+01 1.385919784418236418e+02
7.354856840868498580e+01 1.386574385176167254e+02
7.347273549840856788e+01 1.387226455153803784e+02
7.339668508245415524e+01 1.387875987067685060e+02
7.332041801028621819e+01 1.388522973662698803e+02
7.324393513378925036e+01 1.389167407712163254e+02
7.316723730725823316e+01 1.389809282017908458e+02
7.309032538738904350e+01 1.390448589410355851e+02
7.301320023326896091e+01 1.391085322748598401e+02
7.293586270636703262e+01 1.391719474920481332e+02
7.285831367052448115e+01 1.392351038842680282e+02
7.278055399194499842e+01 1.392980007460781167e+02
7.270258453918512487e+01 1.393606373749358909e+02
7.262440618314448670e+01 1.394230130712055598e+02
7.254601979705617509e+01 1.394851271381659217e+02
7.246742625647689806e+01 1.395469788820180952e+02
7.238862643927717500e+01 1.396085676118932213e+02
7.230962122563167327e+01 1.396698926398603646e+02
7.223041149800921801e+01 1.397309532809339885e+02
7.215099814116305765e+01 1.397917488530816854e+02
7.207138204212088795e+01 1.398522786772318227e+02
7.199156409017500380e+01 1.399125420772811879e+02
7.191154517687235170e+01 1.399725383801023213e+02
7.183132619600456792e+01 1.400322669155512472e+02
7.175090804359797403e+01 1.400917270164749198e+02
7.167029161790358671e+01 1.401509180187185279e+02
7.158947781938714172e+01 1.402098392611331690e+02
7.150846755071891891e+01 1.402684900855830108e+02
7.142726171676373781e+01 1.403268698369526817e+02
7.134586122457085366e+01 1.403849778631547451e+02
7.126426698336379673e+01 1.404428135151367769e+02
7.118247990453019725e+01 1.405003761468887262e+02
7.110050090161169578e+01 1.405576651154501064e+02
7.101833089029361190e+01 1.406146797809172426e+02
7.093597078839482606e+01 1.406714195064502633e+02
7.085342151585746251e+01 1.407278836582804047e+02
7.077068399473664329e+01 1.407840716057168891e+02
7.068775914919019954e+01 1.408399827211541435e+02
7.060464790546828340e+01 1.408956163800787635e+02
7.052135119190312196e+01 1.409509719610763625e+02
7.043786993889854386e+01 1.410060488458387624e+02
7.035420507891967645e+01 1.410608464191705878e+02
7.027035754648247234e+01 1.411153640689964561e+02
7.018632827814332131e+01 1.411696011863675722e+02
7.010211821248850583e+01 1.412235571654686339e+02
7.001772829012381294e+01 1.412772314036245973e+02
6.993315945366396136e+01 1.413306233013073836e+02
6.984841264772211389e+01 1.413837322621426154e+02
6.976348881889930453e+01 1.414365576929162103e+02
6.967838891577385141e+01 1.414890990035810603e+02
6.959311388889081229e+01 1.415413556072636538e+02
6.950766469075131226e+01 1.415933269202704992e+02
6.942204227580189979e+01 1.416450123620948318e+02
6.933624760042398805e+01 1.416964113554228959e+02
6.925028162292302625e+01 1.417475233261405947e+02
6.916414530351788414e+01 1.417983477033397151e+02
6.907783960433013704e+01 1.418488839193244644e+02
6.899136548937326552e+01 1.418991314096176950e+02
6.890472392454192629e+01 1.419490896129672706e+02
6.881791587760110929e+01 1.419987579713522905e+02
6.873094231817543687e+01 1.420481359299894280e+02
6.864380421773820729e+01 1.420972229373389553e+02
6.855650254960062284e+01 1.421460184451110820e+02
6.846903828890090438e+01 1.421945219082718950e+02
6.838141241259339154e+01 1.422427327850496965e+02
6.829362589943762885e+01 1.422906505369407739e+02
6.820567972998740913e+01 1.423382746287155669e+02
6.811757488657987381e+01 1.423856045284247216e+02
6.802931235332452786e+01 1.424326397074048032e+02
6.794089311609218385e+01 1.424793796402844634e+02
6.785231816250406212e+01 1.425258238049900683e+02
6.776358848192062112e+01 1.425719716827517232e+02
6.767470506543065767e+01 1.426178227581089573e+02
6.758566890584012299e+01 1.426633765189164933e+02
6.749648099766105247e+01 1.427086324563499886e+02
6.740714233710052383e+01 1.427535900649117480e+02
6.731765392204944476e+01 1.427982488424362941e+02
6.722801675207146843e+01 1.428426082900960807e+02
6.713823182839176695e+01 1.428866679124069208e+02
6.704830015388593267e+01 1.429304272172336425e+02
6.695822273306869477e+01 1.429738857157955465e+02
6.686800057208274950e+01 1.430170429226719193e+02
6.677763467868749103e+01 1.430598983558072632e+02
6.668712606224778483e+01 1.431024515365169805e+02
6.659647573372267004e+01 1.431447019894924324e+02
6.650568470565407608e+01 1.431866492428064248e+02
6.641475399215551079e+01 1.432282928279184659e+02
6.632368460890072015e+01 1.432696322796799109e+02
6.623247757311241912e+01 1.433106671363392195e+02
6.614113390355076660e+01 1.433513969395471293e+02
6.604965462050215308e+01 1.433918212343617142e+02
6.595804074576774667e+01 1.434319395692535011e+02
6.586629330265203919e+01 1.434717514961105564e+02
6.577441331595146323e+01 1.435112565702434324e+02
6.568240181194292404e+01 1.435504543503901402e+02
6.559025981837234553e+01 1.435893443987210674e+02
6.549798836444320216e+01 1.436279262808439228e+02
6.540558848080496546e+01 1.436661995658085687e+02
6.531306119954170697e+01 1.437041638261117953e+02
6.522040755416043112e+01 1.437418186377021243e+02
6.512762857957963547e+01 1.437791635799845551e+02
6.503472531211770047e+01 1.438161982358252260e+02
6.494169878948132180e+01 1.438529221915561607e+02
6.484855005075394274e+01 1.438893350369797304e+02
6.475528013638411551e+01 1.439254363653734003e+02
6.466189008817391937e+01 1.439612257734942204e+02
6.456838094926725091e+01 1.439967028615832305e+02
6.447475376413827064e+01 1.440318672333701215e+02
6.438100957857966478e+01 1.440667184960774421e+02
6.428714943969097817e+01 1.441012562604251457e+02
6.419317439586693297e+01 1.441354801406348827e+02
6.409908549678570466e+01 1.441693897544343486e+02
6.400488379339724077e+01 1.442029847230614052e+02
6.391057033791143738e+01 1.442362646712685432e+02
6.381614618378645787e+01 1.442692292273268890e+02
6.372161238571693787e+01 1.443018780230304401e+02
6.362696999962219024e+01 1.443342106937001574e+02
6.353222008263448117e+01 1.443662268781880300e+02
6.343736369308710721e+01 1.443979262188811674e+02
6.334240189050267844e+01 1.444293083617056936e+02
6.324733573558123112e+01 1.444603729561307830e+02
6.315216629018840422e+01 1.444911196551724970e+02
6.305689461734353074e+01 1.445215481153977919e+02
6.296152178120783560e+01 1.445516579969282134e+02
6.286604884707250562e+01 1.445814489634437905e+02
6.277047688134677372e+01 1.446109206821867019e+02
6.267480695154605996e+01 1.446400728239651130e+02
6.257904012628000601e+01 1.446689050631567568e+02
6.248317747524055221e+01 1.446974170777125721e+02
6.238722006918999341e+01 1.447256085491603415e+02
6.229116897994902047e+01 1.447534791626083006e+02
6.219502528038472633e+01 1.447810286067484640e+02
6.209879004439864048e+01 1.448082565738603193e+02
6.200246434691474917e+01 1.448351627598142102e+02
6.190604926386746598e+01 1.448617468640745756e+02
6.180954587218958807e+01 1.448880085897035315e+02
6.171295524980035907e+01 1.449139476433639970e+02
6.161627847559329751e+01 1.449395637353231621e+02
6.151951662942428101e+01 1.449648565794555566e+02
6.142267079209937464e+01 1.449898258932462909e+02
6.132574204536282281e+01 1.450144713977942672e+02
6.122873147188494869e+01 1.450387928178152492e+02
6.113164015525006079e+01 1.450627898816449317e+02
6.103446917994435239e+01 1.450864623212420099e+02
6.093721963134375130e+01 1.451098098721911356e+02
6.083989259570187613e+01 1.451328322737059011e+02
6.074248916013782917e+01 1.451555292686317387e+02
6.064501041262408876e+01 1.451779006034487622e+02
6.054745744197435897e+01 1.451999460282746384e+02
6.044983133783136964e+01 1.452216652968674282e+02
6.035213319065476867e+01 1.452430581666282023e+02
6.025436409170887941e+01 1.452641243986038262e+02
6.015652513305055749e+01 1.452848637574897168e+02
6.005861740751696942e+01 1.453052760116322872e+02
5.996064200871336425e+01 1.453253609330316465e+02
5.986260003100095162e+01 1.453451182973441860e+02
5.976449256948453126e+01 1.453645478838849954e+02
5.966632072000039244e+01 1.453836494756303637e+02
5.956808557910400737e+01 1.454024228592201666e+02
5.946978824405779562e+01 1.454208678249603111e+02
5.937142981281888865e+01 1.454389841668250938e+02
5.927301138402680181e+01 1.454567716824593901e+02
5.917453405699126989e+01 1.454742301731810414e+02
5.907599893167984817e+01 1.454913594439829581e+02
5.897740710870573366e+01 1.455081593035354217e+02
5.887875968931538040e+01 1.455246295641880749e+02
5.878005777537627807e+01 1.455407700419721948e+02
5.868130246936457439e+01 1.455565805566025972e+02
5.858249487435281821e+01 1.455720609314797116e+02
5.848363609399760321e+01 1.455872109936915137e+02
5.838472723252725416e+01 1.456020305740155436e+02
5.828576939472947771e+01 1.456165195069207527e+02
5.818676368593905579e+01 1.456306776305692949e+02
5.808771121202544663e+01 1.456445047868184020e+02
5.798861307938050658e+01 1.456580008212221173e+02
5.788947039490604141e+01 1.456711655830330869e+02
5.779028426600152102e+01 1.456839989252041221e+02
5.769105580055167337e+01 1.456965007043899334e+02
5.759178610691411393e+01 1.457086707809487223e+02
5.749247629390696801e+01 1.457205090189437442e+02
5.739312747079645760e+01 1.457320152861447298e+02
5.729374074728460187e+01 1.457431894540295616e+02
5.719431723349668317e+01 1.457540313977854680e+02
5.709485803996897602e+01 1.457645409963106431e+02
5.699536427763626989e+01 1.457747181322154404e+02
5.689583705781947032e+01 1.457845626918237087e+02
5.679627749221320698e+01 1.457940745651741850e+02
5.669668669287341345e+01 1.458032536460215454e+02
5.659706577220487134e+01 1.458120998318377417e+02
5.649741584294882557e+01 1.458206130238129958e+02
5.639773801817054277e+01 1.458287931268571072e+02
5.629803341124686966e+01 1.458366400496002768e+02
5.619830313585379145e+01 1.458441537043943299e+02
5.609854830595403996e+01 1.458513340073135680e+02
5.599877003578456680e+01 1.458581808781557925e+02
5.589896943984417987e+01 1.458646942404431002e+02
5.579914763288104496e+01 1.458708740214228783e+02
5.569930572988026540e+01 1.458767201520684580e+02
5.559944484605140502e+01 1.458822325670800240e+02
5.549956609681601805e+01 1.458874112048852112e+02
5.539967059779524305e+01 1.458922560076399293e+02
5.529975946479729032e+01 1.458967669212289024e+02
5.519983381380500020e+01 1.459009438952663800e+02
5.509989476096338024e+01 1.459047868830965342e+02
5.499994342256713509e+01 1.459082958417941711e+02
5.489998091504818944e+01 1.459114707321650712e+02
5.480000835496323219e+01 1.459143115187464446e+02
5.470002685898121797e+01 1.459168181698074704e+02
5.460003754387094688e+01 1.459189906573494397e+02
5.450004152648851630e+01 1.459208289571062096e+02
5.440003992376492903e+01 1.459223330485444023e+02
5.430003385269352378e+01 1.459235029148636897e+02
5.420002443031761175e+01 1.459243385429969635e+02
5.410001277371787864e+01 1.459248399236104774e+02
5.400000000000000000e+01 1.459250070511039041e+02
5.389998722628212136e+01 1.459248399236104774e+02
5.379997556968240247e+01 1.459243385429969635e+02
5.369996614730647622e+01 1.459235029148636897e+02
5.359996007623507808e+01 1.459223330485444023e+02
5.349995847351147660e+01 1.459208289571062096e+02
5.339996245612906023e+01 1.459189906573494397e+02
5.329997314101878203e+01 1.459168181698074704e+02
5.319999164503677491e+01 1.459143115187464446e+02
5.310001908495180345e+01 1.459114707321650712e+02
5.300005657743287202e+01 1.459082958417941711e+02
5.290010523903661976e+01 1.459047868830965342e+02
5.280016618619499980e+01 1.459009438952663800e+02
5.270024053520271679e+01 1.458967669212289024e+02
5.260032940220476405e+01 1.458922560076399293e+02
5.250043390318398906e+01 1.458874112048852112e+02
5.240055515394859498e+01 1.458822325670800240e+02
5.230069427011972749e+01 1.458767201520684580e+02
5.220085236711895504e+01 1.458708740214228783e+02
5.210103056015582723e+01 1.458646942404431002e+02
5.200122996421544030e+01 1.458581808781557925e+02
5.190145169404597425e+01 1.458513340073135680e+02
5.180169686414620855e+01 1.458441537043943299e+02
5.170196658875313034e+01 1.458366400496002768e+02
5.160226198182945723e+01 1.458287931268571072e+02
5.150258415705117443e+01 1.458206130238129958e+02
5.140293422779513577e+01 1.458120998318377417e+02
5.130331330712659366e+01 1.458032536460215454e+02
5.120372250778678591e+01 1.457940745651741850e+02
5.110416294218054389e+01 1.457845626918237087e+02
5.100463572236373722e+01 1.457747181322154404e+02
5.090514196003102398e+01 1.457645409963106431e+02
5.080568276650331683e+01 1.457540313977854680e+02
5.070625925271541234e+01 1.457431894540295616e+02
5.060687252920354240e+01 1.457320152861447298e+02
5.050752370609303910e+01 1.457205090189437442e+02
5.040821389308588607e+01 1.457086707809487223e+02
5.030894419944832663e+01 1.456965007043899334e+02
5.020971573399847898e+01 1.456839989252041221e+02
5.011052960509396570e+01 1.456711655830330869e+02
5.001138692061950763e+01 1.456580008212221173e+02
4.991228878797456048e+01 1.456445047868184020e+02
4.981323631406094421e+01 1.456306776305692949e+02
4.971423060527051518e+01 1.456165195069207527e+02
4.961527276747274584e+01 1.456020305740155436e+02
4.951636390600239679e+01 1.455872109936915137e+02
4.941750512564718179e+01 1.455720609314797116e+02
4.931869753063541850e+01 1.455565805566025972e+02
4.921994222462373614e+01 1.455407700419722232e+02
4.912124031068461960e+01 1.455246295641880749e+02
4.902259289129427344e+01 1.455081593035354217e+02
4.892400106832015183e+01 1.454913594439829581e+02
4.882546594300874432e+01 1.454742301731810414e+02
4.872698861597320530e+01 1.454567716824593901e+02
4.862857018718111846e+01 1.454389841668250938e+02
4.853021175594221148e+01 1.454208678249603111e+02
4.843191442089599974e+01 1.454024228592201666e+02
4.833367927999961466e+01 1.453836494756303637e+02
4.823550743051547585e+01 1.453645478838849954e+02
4.813739996899906259e+01 1.453451182973442144e+02
4.803935799128663575e+01 1.453253609330316465e+02
4.794138259248303768e+01 1.453052760116322872e+02
4.784347486694944251e+01 1.452848637574897168e+02
4.774563590829112059e+01 1.452641243986038262e+02
4.764786680934523844e+01 1.452430581666282023e+02
4.755016866216863036e+01 1.452216652968674282e+02
4.745254255802564103e+01 1.451999460282746384e+02
4.735498958737591835e+01 1.451779006034487622e+02
4.725751083986217793e+01 1.451555292686317387e+02
4.716010740429813097e+01 1.451328322737059011e+02
4.706278036865624870e+01 1.451098098721911356e+02
4.696553082005566182e+01 1.450864623212420099e+02
4.686835984474993921e+01 1.450627898816449317e+02
4.677126852811504421e+01 1.450387928178152492e+02
4.667425795463718430e+01 1.450144713977942672e+02
4.657732920790063247e+01 1.449898258932462909e+02
4.648048337057572610e+01 1.449648565794555566e+02
4.638372152440670249e+01 1.449395637353231621e+02
4.628704475019965514e+01 1.449139476433639970e+02
4.619045412781041193e+01 1.448880085897035315e+02
4.609395073613254112e+01 1.448617468640745756e+02
4.599753565308524372e+01 1.448351627598142102e+02
4.590120995560135952e+01 1.448082565738603193e+02
4.580497471961528078e+01 1.447810286067484640e+02
4.570883102005097953e+01 1.447534791626083006e+02
4.561277993080999948e+01 1.447256085491603415e+02
4.551682252475945489e+01 1.446974170777125721e+02
4.542095987372000110e+01 1.446689050631567568e+02
4.532519304845394004e+01 1.446400728239651414e+02
4.522952311865323338e+01 1.446109206821867019e+02
4.513395115292750859e+01 1.445814489634437905e+02
4.503847821879216440e+01 1.445516579969282134e+02
4.494310538265646926e+01 1.445215481153977919e+02
4.484783370981160999e+01 1.444911196551724970e+02
4.475266426441876888e+01 1.444603729561307830e+02
4.465759810949732866e+01 1.444293083617056936e+02
4.456263630691289990e+01 1.443979262188811958e+02
4.446777991736553304e+01 1.443662268781880584e+02
4.437303000037780976e+01 1.443342106937001574e+02
4.427838761428306924e+01 1.443018780230304401e+02
4.418385381621354213e+01 1.442692292273268890e+02
4.408942966208856262e+01 1.442362646712685432e+02
4.399511620660275923e+01 1.442029847230614052e+02
4.390091450321429534e+01 1.441693897544343486e+02
4.380682560413306703e+01 1.441354801406348827e+02
4.371285056030903604e+01 1.441012562604251457e+02
4.361899042142034233e+01 1.440667184960774421e+02
4.352524623586172936e+01 1.440318672333701215e+02
4.343161905073274909e+01 1.439967028615832305e+02
4.333810991182609484e+01 1.439612257734942204e+02
4.324471986361588449e+01 1.439254363653734003e+02
4.315144994924605726e+01 1.438893350369797304e+02
4.305830121051869241e+01 1.438529221915561607e+02
4.296527468788230664e+01 1.438161982358252260e+02
4.287237142042036453e+01 1.437791635799845551e+02
4.277959244583956888e+01 1.437418186377021243e+02
4.268693880045830014e+01 1.437041638261117953e+02
4.259441151919503454e+01 1.436661995658085687e+02
4.250201163555680495e+01 1.436279262808439228e+02
4.240974018162765447e+01 1.435893443987210674e+02
4.231759818805708306e+01 1.435504543503901402e+02
4.222558668404854387e+01 1.435112565702434324e+02
4.213370669734796081e+01 1.434717514961105564e+02
4.204195925423224622e+01 1.434319395692535011e+02
4.195034537949785403e+01 1.433918212343617142e+02
4.185886609644924050e+01 1.433513969395471293e+02
4.176752242688759509e+01 1.433106671363392479e+02
4.167631539109927985e+01 1.432696322796799109e+02
4.158524600784449632e+01 1.432282928279184944e+02
4.149431529434592392e+01 1.431866492428064248e+02
4.140352426627733706e+01 1.431447019894924324e+02
4.131287393775222938e+01 1.431024515365169805e+02
4.122236532131251607e+01 1.430598983558072632e+02
4.113199942791726471e+01 1.430170429226719193e+02
4.104177726693131234e+01 1.429738857157955465e+02
4.095169984611408154e+01 1.429304272172336425e+02
4.086176817160823305e+01 1.428866679124069208e+02
4.077198324792854578e+01 1.428426082900960807e+02
4.068234607795055524e+01 1.427982488424362941e+02
4.059285766289947617e+01 1.427535900649117480e+02
4.050351900233894042e+01 1.427086324563499886e+02
4.041433109415988412e+01 1.426633765189164933e+02
4.032529493456933523e+01 1.426178227581089573e+02
4.023641151807937888e+01 1.425719716827517232e+02
4.014768183749595210e+01 1.425258238049900683e+02
4.005910688390780905e+01 1.424793796402844634e+02
3.997068764667547924e+01 1.424326397074048032e+02
3.988242511342011909e+01 1.423856045284247216e+02
3.979432027001259797e+01 1.423382746287155669e+02
3.970637410056237115e+01 1.422906505369407739e+02
3.961858758740660846e+01 1.422427327850496965e+02
3.953096171109909562e+01 1.421945219082719234e+02
3.944349745039937716e+01 1.421460184451110820e+02
3.935619578226179271e+01 1.420972229373389553e+02
3.926905768182457024e+01 1.420481359299894280e+02
3.918208412239889071e+01 1.419987579713522905e+02
3.909527607545808081e+01 1.419490896129672706e+02
3.900863451062673448e+01 1.418991314096176950e+02
3.892216039566986296e+01 1.418488839193244644e+02
3.883585469648211586e+01 1.417983477033397151e+02
3.874971837707697375e+01 1.417475233261405947e+02
3.866375239957601195e+01 1.416964113554229243e+02
3.857795772419810021e+01 1.416450123620948318e+02
3.849233530924870195e+01 1.415933269202704992e+02
3.840688611110919481e+01 1.415413556072636538e+02
3.832161108422615570e+01 1.414890990035810603e+02
3.823651118110070257e+01 1.414365576929162103e+02
3.815158735227788611e+01 1.413837322621426154e+02
3.806684054633604575e+01 1.413306233013073836e+02
3.798227170987620127e+01 1.412772314036245973e+02
3.789788178751149417e+01 1.412235571654686339e+02
3.781367172185669290e+01 1.411696011863675722e+02
3.772964245351752055e+01 1.411153640689964561e+02
3.764579492108033776e+01 1.410608464191705878e+02
3.756213006110145614e+01 1.410060488458387624e+02
3.747864880809689225e+01 1.409509719610763625e+02
3.739535209453171660e+01 1.408956163800787635e+02
3.731224085080980046e+01 1.408399827211541435e+02
3.722931600526334961e+01 1.407840716057168891e+02
3.714657848414253749e+01 1.407278836582804047e+02
3.706402921160517394e+01 1.406714195064502633e+02
3.698166910970638810e+01 1.406146797809172426e+02
3.689949909838831843e+01 1.405576651154501064e+02
3.681752009546980275e+01 1.405003761468887262e+02
3.673573301663621749e+01 1.404428135151367769e+02
3.665413877542914634e+01 1.403849778631547451e+02
3.657273828323626219e+01 1.403268698369527101e+02
3.649153244928108109e+01 1.402684900855830108e+02
3.641052218061286538e+01 1.402098392611331690e+02
3.632970838209641329e+01 1.401509180187185564e+02
3.624909195640204018e+01 1.400917270164749198e+02
3.616867380399543208e+01 1.400322669155512472e+02
3.608845482312764830e+01 1.399725383801023213e+02
3.600843590982499620e+01 1.399125420772811879e+02
3.592861795787911205e+01 1.398522786772318227e+02
3.584900185883694945e+01 1.397917488530816854e+02
3.576958850199079620e+01 1.397309532809339885e+02
3.569037877436834094e+01 1.396698926398603646e+02
3.561137356072282500e+01 1.396085676118932213e+02
3.553257374352311615e+01 1.395469788820180952e+02
3.545398020294382491e+01 1.394851271381659217e+02
3.537559381685550619e+01 1.394230130712055598e+02
3.529741546081488934e+01 1.393606373749358909e+02
3.521944600805500158e+01 1.392980007460781167e+02
3.514168632947551885e+01 1.392351038842680282e+02
3.506413729363296028e+01 1.391719474920481332e+02
3.498679976673104619e+01 1.391085322748598401e+02
3.490967461261097071e+01 1.390448589410355851e+02
3.483276269274178105e+01 1.389809282017908458e+02
3.475606486621074964e+01 1.389167407712163538e+02
3.467958198971378181e+01 1.388522973662698803e+02
3.460331491754585898e+01 1.387875987067685344e+02
3.452726450159143212e+01 1.387226455153804068e+02
3.445143159131502841e+01 1.386574385176167254e+02
3.437581703375162334e+01 1.385919784418236418e+02
3.430042167349728288e+01 1.385262660191742157e+02
3.422524635269968485e+01 1.384603019836599742e+02
3.415029191104871842e+01 1.383940870720830958e+02
3.407555918576710496e+01 1.383276220240478835e+02
3.400104901160104731e+01 1.382609075819525799e+02
3.392676222081092163e+01 1.381939444909811812e+02
3.385269964316193381e+01 1.381267334990949394e+02
3.377886210591493210e+01 1.380592753570242053e+02
3.370525043381707064e+01 1.379915708182597882e+02
3.363186544909268605e+01 1.379236206390448558e+02
3.355870797143402484e+01 1.378554255783661802e+02
3.348577881799219824e+01 1.377869863979458955e+02
3.341307880336793801e+01 1.377183038622328581e+02
3.334060873960255833e+01 1.376493787383941196e+02
3.326836943616891062e+01 1.375802117963064006e+02
3.319636169996229569e+01 1.375108038085475073e+02
3.312458633529145402e+01 1.374411555503876059e+02
3.305304414386958456e+01 1.373712677997806395e+02
3.298173592480543448e+01 1.373011413373556877e+02
3.291066247459430372e+01 1.372307769464080707e+02
3.283982458710919161e+01 1.371601754128908226e+02
3.276922305359192222e+01 1.370893375254057105e+02
3.269885866264431229e+01 1.370182640751945655e+02
3.262873220021934628e+01 1.369469558561304154e+02
3.255884444961239410e+01 1.368754136647085602e+02
3.248919619145249271e+01 1.368036383000377043e+02
3.241978820369359227e+01 1.367316305638310894e+02
3.235062126160588036e+01 1.366593912603974559e+02
3.228169613776713476e+01 1.365869211966320620e+02
3.221301360205409026e+01 1.365142211820078160e+02
3.214457442163381984e+01 1.364412920285659823e+02
3.207637936095515840e+01 1.363681345509073140e+02
3.200842918174021179e+01 1.362947495661829294e+02
3.194072464297581249e+01 1.362211378940850750e+02
3.187326650090505353e+01 1.361473003568380591e+02
3.180605550901881884e+01 1.360732377791890713e+02
3.173909241804741299e+01 1.359989509883989456e+02
3.167237797595211291e+01 1.359244408142328950e+02
3.160591292791689355e+01 1.358497080889512745e+02
3.153969801634002224e+01 1.357747536473003152e+02
3.147373398082580209e+01 1.356995783265027171e+02
3.140802155817635111e+01 1.356241829662483838e+02
3.134256148238328166e+01 1.355485684086849858e+02
3.127735448461961099e+01 1.354727354984085821e+02
3.121240129323147983e+01 1.353966850824541552e+02
3.114770263373011971e+01 1.353204180102862324e+02
3.108325922878366043e+01 1.352439351337892504e+02
3.101907179820915061e+01 1.351672373072582332e+02
3.095514105896441848e+01 1.350903253873890435e+02
3.089146772514015638e+01 1.350132002332689467e+02
3.082805250795187391e+01 1.349358627063670326e+02
3.076489611573197536e+01 1.348583136705244954e+02
3.070199925392187978e+01 1.347805539919449984e+02
3.063936262506410912e+01 1.347025845391851249e+02
3.057698692879443669e+01 1.346244061831445151e+02
3.051487286183406766e+01 1.345460197970561751e+02
3.045302111798191547e+01 1.344674262564768981e+02
3.039143238810677161e+01 1.343886264392771750e+02
3.033010736013963182e+01 1.343096212256316733e+02
3.026904671906602218e+01 1.342304114980092038e+02
3.020825114691832525e+01 1.341509981411630577e+02
3.014772132276816663e+01 1.340713820421208879e+02
3.008745792271881569e+01 1.339915640901750180e+02
3.002746161989768936e+01 1.339115451768723517e+02
2.996773308444875639e+01 1.338313261960045679e+02
2.990827298352509445e+01 1.337509080435979740e+02
2.984908198128145784e+01 1.336702916179035867e+02
2.979016073886682037e+01 1.335894778193871275e+02
2.973150991441699986e+01 1.335084675507189331e+02
2.967313016304730766e+01 1.334272617167637520e+02
2.961502213684525842e+01 1.333458612245708537e+02
2.955718648486323019e+01 1.332642669833637967e+02
2.949962385311128443e+01 1.331824799045301972e+02
2.944233488454988290e+01 1.331005009016116958e+02
2.938532021908276093e+01 1.330183308902936119e+02
2.932858049354973318e+01 1.329359707883948261e+02
2.927211634171960952e+01 1.328534215158574625e+02
2.921592839428312161e+01 1.327706839947366575e+02
2.916001727884585293e+01 1.326877591491901853e+02
2.910438361992125067e+01 1.326046479054682834e+02
2.904902803892362684e+01 1.325213511919031077e+02
2.899395115416125179e+01 1.324378699388985297e+02
2.893915358082940159e+01 1.323542050789196765e+02
2.888463593100354387e+01 1.322703575464824723e+02
2.883039881363243140e+01 1.321863282781433213e+02
2.877644283453137319e+01 1.321021182124885058e+02
2.872276859637540980e+01 1.320177282901238129e+02
2.866937669869261640e+01 1.319331594536639614e+02
2.861626773785739530e+01 1.318484126477221139e+02
2.856344230708379683e+01 1.317634888188993045e+02
2.851090099641893261e+01 1.316783889157738372e+02
2.845864439273634972e+01 1.315931138888907981e+02
2.840667307972949374e+01 1.315076646907513123e+02
2.835498763790517174e+01 1.314220422758019140e+02
2.830358864457709345e+01 1.313362476004239738e+02
2.825247667385940886e+01 1.312502816229230405e+02
2.820165229666027784e+01 1.311641453035178984e+02
2.815111608067552851e+01 1.310778396043301370e+02
2.810086859038230855e+01 1.309913654893732655e+02
2.805091038703274009e+01 1.309047239245419405e+02
2.800124202864770240e+01 1.308179158776011093e+02
2.795186407001057916e+01 1.307309423181754369e+02
2.790277706266104829e+01 1.306438042177382215e+02
2.785398155488892868e+01 1.305565025496006228e+02
2.780547809172808726e+01 1.304690382889009186e+02
2.775726721495030347e+01 1.303814124125933915e+02
2.770934946305924029e+01 1.302936258994376431e+02
2.766172537128442599e+01 1.302056797299874233e+02
2.761439547157528906e+01 1.301175748865798880e+02
2.756736029259518617e+01 1.300293123533245137e+02
2.752062035971554366e+01 1.299408931160921838e+02
2.747417619500992814e+01 1.298523181625040479e+02
2.742802831724827328e+01 1.297635884819206353e+02
2.738217724189105340e+01 1.296747050654306577e+02
2.733662348108352091e+01 1.295856689058401230e+02
2.729136754365001849e+01 1.294964809976610525e+02
2.724640993508825559e+01 1.294071423371005380e+02
2.720175115756369877e+01 1.293176539220494590e+02
2.715739170990392282e+01 1.292280167520714542e+02
2.711333208759309343e+01 1.291382318283917812e+02
2.706957278276636458e+01 1.290483001538859185e+02
2.702611428420444639e+01 1.289582227330686806e+02
2.698295707732809490e+01 1.288680005720827353e+02
2.694010164419273679e+01 1.287776346786874910e+02
2.689754846348303374e+01 1.286871260622477848e+02
2.685529801050758181e+01 1.285964757337226558e+02
2.681335075719357164e+01 1.285056847056540903e+02
2.677170717208152340e+01 1.284147539921555108e+02
2.673036772032007846e+01 1.283236846089007201e+02
2.668933286366076629e+01 1.282324775731124191e+02
2.664860306045287075e+01 1.281411339035507524e+02
2.660817876563829287e+01 1.280496546205021673e+02
2.656806043074649892e+01 1.279580407457677467e+02
2.652824850388943645e+01 1.278662933026520534e+02
2.648874342975656404e+01 1.277744133159514632e+02
2.644954564960986687e+01 1.276824018119429098e+02
2.641065560127893619e+01 1.275902598183723455e+02
2.637207371915607013e+01 1.274979883644432022e+02
2.633380043419142069e+01 1.274055884808049655e+02
2.629583617388820116e+01 1.273130611995417070e+02
2.625818136229787569e+01 1.272204075541604453e+02
2.622083642001544845e+01 1.271276285795796355e+02
2.618380176417476690e+01 1.270347253121176863e+02
2.614707780844385709e+01 1.269416987894813218e+02
2.611066496302028739e+01 1.268485500507539427e+02
2.607456363462660320e+01 1.267552801363841155e+02
2.603877422650579732e+01 1.266618900881739194e+02
2.600329713841677304e+01 1.265683809492672651e+02
2.596813276662988912e+01 1.264747537641382706e+02
2.593328150392256859e+01 1.263810095785796506e+02
2.589874373957485432e+01 1.262871494396909782e+02
2.586451985936510667e+01 1.261931743958669330e+02
2.583061024556566565e+01 1.260990854967857189e+02
2.579701527693859830e+01 1.260048837933972550e+02
2.576373532873146388e+01 1.259105703379114374e+02
2.573077077267312518e+01 1.258161461837864579e+02
2.569812197696957057e+01 1.257216123857169379e+02
2.566578930629984967e+01 1.256269699996221902e+02
2.563377312181195933e+01 1.255322200826344670e+02
2.560207378111882193e+01 1.254373636930871072e+02
2.557069163829429570e+01 1.253424018905026713e+02
2.553962704386922411e+01 1.252473357355812311e+02
2.550888034482749944e+01 1.251521662901883900e+02
2.547845188460220456e+01 1.250568946173435307e+02
2.544834200307177952e+01 1.249615217812078356e+02
2.541855103655620951e+01 1.248660488470725056e+02
2.538907931781328742e+01 1.247704768813467808e+02
2.535992717603486923e+01 1.246748069515460600e+02
2.533109493684323965e+01 1.245790401262800060e+02
2.530258292228742789e+01 1.244831774752405522e+02
2.527439145083964789e+01 1.243872200691899934e+02
2.524652083739171715e+01 1.242911689799490205e+02
2.521897139325154313e+01 1.241950252803847263e+02
2.519174342613966644e+01 1.240987900443986405e+02
2.516483724018579338e+01 1.240024643469147492e+02
2.513825313592542443e+01 1.239060492638674731e+02
2.511199141029648274e+01 1.238095458721895881e+02
2.508605235663599586e+01 1.237129552498003591e+02
2.506043626467683083e+01 1.236162784755933046e+02
2.503514342054445052e+01 1.235195166294242739e+02
2.501017410675371622e+01 1.234226707920993675e+02
2.498552860220574345e+01 1.233257420453628299e+02
2.496120718218476497e+01 1.232287314718849558e+02
2.493721011835507539e+01 1.231316401552500679e+02
2.491353767875799718e+01 1.230344691799443524e+02
2.489019012780886442e+01 1.229372196313437655e+02
2.486716772629409533e+01 1.228398925957018832e+02
2.484447073136826489e+01 1.227424891601378221e+02
2.482209939655124487e+01 1.226450104126240888e+02
2.480005397172535098e+01 1.225474574419743590e+02
2.477833470313257180e+01 1.224498313378313696e+02
2.475694183337180831e+01 1.223521331906547687e+02
2.473587560139616315e+01 1.222543640917088794e+02
2.471513624251028673e+01 1.221565251330505646e+02
2.469472398836772342e+01 1.220586174075169623e+02
2.467463906696834641e+01 1.219606420087133785e+02
2.465488170265579981e+01 1.218626000310009374e+02
2.463545211611499397e+01 1.217644925694845313e+02
2.461635052436964344e+01 1.216663207200003853e+02
2.459757714077985113e+01 1.215680855791040074e+02
2.457913217503968895e+01 1.214697882440577956e+02
2.456101583317490977e+01 1.213714298128188886e+02
2.454322831754060985e+01 1.212730113840268018e+02
2.452576982681896567e+01 1.211745340569912628e+02
2.450864055601704194e+01 1.210759989316798482e+02
2.449184069646458894e+01 1.209774071087057195e+02
2.447537043581191440e+01 1.208787596893153875e+02
2.445922995802779454e+01 1.207800577753762639e+02
2.444341944339740280e+01 1.206813024693645815e+02
2.442793906852030261e+01 1.205824948743528324e+02
2.441278900630848980e+01 1.204836360939976032e+02
2.439796942598444218e+01 1.203847272325272542e+02
2.438348049307924015e+01 1.202857693947294848e+02
2.436932236943070151e+01 1.201867636859390558e+02
2.435549521318159805e+01 1.200877112120254537e+02
2.434199917877787200e+01 1.199886130793805137e+02
2.432883441696691307e+01 1.198894703949060556e+02
2.431600107479588857e+01 1.197902842660015210e+02
2.430349929561007016e+01 1.196910558005516663e+02
2.429132921905127773e+01 1.195917861069141139e+02
2.427949098105627002e+01 1.194924762939069751e+02
2.426798471385526312e+01 1.193931274707964576e+02
2.425681054597044906e+01 1.192937407472846019e+02
2.424596860221452843e+01 1.191943172334966903e+02
2.423545900368935690e+01 1.190948580399689831e+02
2.422528186778456671e+01 1.189953642776362557e+02
2.421543730817628415e+01 1.188958370578194774e+02
2.420592543482581149e+01 1.187962774922132212e+02
2.419674635397844398e+01 1.186966866928734134e+02
2.418790016816226185e+01 1.185970657722048855e+02
2.417938697618698995e+01 1.184974158429488256e+02
2.417120687314289995e+01 1.183977380181705570e+02
2.416335995039973028e+01 1.182980334112468626e+02
2.415584629560568075e+01 1.181983031358538057e+02
2.414866599268643910e+01 1.180985483059540400e+02
2.414181912184421819e+01 1.179987700357845597e+02
2.413530575955689272e+01 1.178989694398441799e+02
2.412912597857712171e+01 1.177991476328810450e+02
2.412327984793153846e+01 1.176993057298802796e+02
2.411776743291998670e+01 1.175994448460513979e+02
2.411258879511479591e+01 1.174995660968160252e+02
2.410774399236007426e+01 1.173996705977952359e+02
2.410323307877108334e+01 1.172997594647972903e+02
2.409905610473362003e+01 1.171998338138050002e+02
2.409521311690345868e+01 1.170998947609633802e+02
2.409170415820582889e+01 1.169999434225671280e+02
2.408852926783494297e+01 1.168999809150481894e+02
2.408568848125354833e+01 1.168000083549632393e+02
2.408318183019252601e+01 1.167000268589812180e+02
2.408100934265056026e+01 1.166000375438709398e+02
2.407917104289380106e+01 1.165000415264885163e+02
2.407766695145560831e+01 1.164000399237649361e+02
2.407649708513631381e+01 1.163000338526935309e+02
2.407566145700303295e+01 1.162000244303176117e+02
2.407516007638952971e+01 1.161000127737178929e+02
2.407499294889610653e+01 1.160000000000000000e+02
2.407516007638952971e+01 1.158999872262821214e+02
2.407566145700303295e+01 1.157999755696823883e+02
2.407649708513631381e+01 1.156999661473064691e+02
2.407766695145560831e+01 1.155999600762350923e+02
2.407917104289380106e+01 1.154999584735114837e+02
2.408100934265056026e+01 1.153999624561290744e+02
2.408318183019252601e+01 1.152999731410187820e+02
2.408568848125354833e+01 1.151999916450367607e+02
2.408852926783494297e+01 1.151000190849518106e+02
2.409170415820582889e+01 1.150000565774328578e+02
2.409521311690345868e+01 1.149001052390366056e+02
2.409905610473362003e+01 1.148001661861950140e+02
2.410323307877107979e+01 1.147002405352027239e+02
2.410774399236007071e+01 1.146003294022047641e+02
2.411258879511479591e+01 1.145004339031839891e+02
2.411776743291998670e+01 1.144005551539486021e+02
2.412327984793153846e+01 1.143006942701197346e+02
2.412912597857712171e+01 1.142008523671189408e+02
2.413530575955689272e+01 1.141010305601558343e+02
2.414181912184421819e+01 1.140012299642154545e+02
2.414866599268643910e+01 1.139014516940459743e+02
2.415584629560568075e+01 1.138016968641462086e+02
2.416335995039973028e+01 1.137019665887531374e+02
2.417120687314289995e+01 1.136022619818294572e+02
2.417938697618699351e+01 1.135025841570511602e+02
2.418790016816226185e+01 1.134029342277951287e+02
2.419674635397844042e+01 1.133033133071266008e+02
2.420592543482581149e+01 1.132037225077868072e+02
2.421543730817628060e+01 1.131041629421805368e+02
2.422528186778456671e+01 1.130046357223637443e+02
2.423545900368935335e+01 1.129051419600310311e+02
2.424596860221452488e+01 1.128056827665033097e+02
2.425681054597044550e+01 1.127062592527153981e+02
2.426798471385526668e+01 1.126068725292035282e+02
2.427949098105626646e+01 1.125075237060930533e+02
2.429132921905127418e+01 1.124082138930858861e+02
2.430349929561007016e+01 1.123089441994483337e+02
2.431600107479588502e+01 1.122097157339984790e+02
2.432883441696691307e+01 1.121105296050939586e+02
2.434199917877786845e+01 1.120113869206195005e+02
2.435549521318159805e+01 1.119122887879745463e+02
2.436932236943069796e+01 1.118132363140609584e+02
2.438348049307924015e+01 1.117142306052705294e+02
2.439796942598444218e+01 1.116152727674727601e+02
2.441278900630848980e+01 1.115163639060023968e+02
2.442793906852030261e+01 1.114175051256471818e+02
2.444341944339739925e+01 1.113186975306354327e+02
2.445922995802779454e+01 1.112199422246237219e+02
2.447537043581191796e+01 1.111212403106846125e+02
2.449184069646458894e+01 1.110225928912942805e+02
2.450864055601703839e+01 1.109240010683201660e+02
2.452576982681896212e+01 1.108254659430087514e+02
2.454322831754060985e+01 1.107269886159731982e+02
2.456101583317490977e+01 1.106285701871811256e+02
2.457913217503968895e+01 1.105302117559422044e+02
2.459757714077985113e+01 1.104319144208959926e+02
2.461635052436964344e+01 1.103336792799996147e+02
2.463545211611499042e+01 1.102355074305154830e+02
2.465488170265579626e+01 1.101373999689990626e+02
2.467463906696834286e+01 1.100393579912866358e+02
2.469472398836772342e+01 1.099413825924830377e+02
2.471513624251028673e+01 1.098434748669494354e+02
2.473587560139616315e+01 1.097456359082911206e+02
2.475694183337180831e+01 1.096478668093452313e+02
2.477833470313256825e+01 1.095501686621686446e+02
2.480005397172535098e+01 1.094525425580256552e+02
2.482209939655124487e+01 1.093549895873759112e+02
2.484447073136826489e+01 1.092575108398621779e+02
2.486716772629409533e+01 1.091601074042981310e+02
2.489019012780886442e+01 1.090627803686562487e+02
2.491353767875799363e+01 1.089655308200556618e+02
2.493721011835507895e+01 1.088683598447499321e+02
2.496120718218476142e+01 1.087712685281150584e+02
2.498552860220573990e+01 1.086742579546371843e+02
2.501017410675371622e+01 1.085773292079006467e+02
2.503514342054444697e+01 1.084804833705757261e+02
2.506043626467683083e+01 1.083837215244066954e+02
2.508605235663599586e+01 1.082870447501996551e+02
2.511199141029648274e+01 1.081904541278103977e+02
2.513825313592542088e+01 1.080939507361325553e+02
2.516483724018579338e+01 1.079975356530852508e+02
2.519174342613966289e+01 1.079012099556013737e+02
2.521897139325153958e+01 1.078049747196152737e+02
2.524652083739171360e+01 1.077088310200509795e+02
2.527439145083964789e+01 1.076127799308100066e+02
2.530258292228743144e+01 1.075168225247594478e+02
2.533109493684324320e+01 1.074209598737199940e+02
2.535992717603486923e+01 1.073251930484539542e+02
2.538907931781328031e+01 1.072295231186532476e+02
2.541855103655620596e+01 1.071339511529275086e+02
2.544834200307177596e+01 1.070384782187921644e+02
2.547845188460220101e+01 1.069431053826564835e+02
2.550888034482749944e+01 1.068478337098115958e+02
2.553962704386922411e+01 1.067526642644187547e+02
2.557069163829429570e+01 1.066575981094973287e+02
2.560207378111881482e+01 1.065626363069129070e+02
2.563377312181195578e+01 1.064677799173655330e+02
2.566578930629984612e+01 1.063730300003778098e+02
2.569812197696956702e+01 1.062783876142830763e+02
2.573077077267312163e+01 1.061838538162135421e+02
2.576373532873146743e+01 1.060894296620885484e+02
2.579701527693859475e+01 1.059951162066027592e+02
2.583061024556565854e+01 1.059009145032143095e+02
2.586451985936509956e+01 1.058068256041330812e+02
2.589874373957485076e+01 1.057128505603090360e+02
2.593328150392256504e+01 1.056189904214203494e+02
2.596813276662988912e+01 1.055252462358617294e+02
2.600329713841676949e+01 1.054316190507327491e+02
2.603877422650579376e+01 1.053381099118260806e+02
2.607456363462659610e+01 1.052447198636158987e+02
2.611066496302027673e+01 1.051514499492460715e+02
2.614707780844385354e+01 1.050583012105186924e+02
2.618380176417476335e+01 1.049652746878823137e+02
2.622083642001544490e+01 1.048723714204203645e+02
2.625818136229787214e+01 1.047795924458395689e+02
2.629583617388819761e+01 1.046869388004582930e+02
2.633380043419142424e+01 1.045944115191950203e+02
2.637207371915606657e+01 1.045020116355568121e+02
2.641065560127893619e+01 1.044097401816276545e+02
2.644954564960986687e+01 1.043175981880570902e+02
2.648874342975656049e+01 1.042255866840485510e+02
2.652824850388943290e+01 1.041337066973479608e+02
2.656806043074649537e+01 1.040419592542322533e+02
2.660817876563829643e+01 1.039503453794978469e+02
2.664860306045287430e+01 1.038588660964492334e+02
2.668933286366076274e+01 1.037675224268875951e+02
2.673036772032007491e+01 1.036763153910992799e+02
2.677170717208151984e+01 1.035852460078445034e+02
2.681335075719356809e+01 1.034943152943459239e+02
2.685529801050757825e+01 1.034035242662773442e+02
2.689754846348303730e+01 1.033128739377522152e+02
2.694010164419274034e+01 1.032223653213125090e+02
2.698295707732809134e+01 1.031319994279172647e+02
2.702611428420443929e+01 1.030417772669313194e+02
2.706957278276636103e+01 1.029516998461140815e+02
2.711333208759308988e+01 1.028617681716082330e+02
2.715739170990391926e+01 1.027719832479285458e+02
2.720175115756369522e+01 1.026823460779505552e+02
2.724640993508825915e+01 1.025928576628994620e+02
2.729136754365001494e+01 1.025035190023389475e+02
2.733662348108351381e+01 1.024143310941599054e+02
2.738217724189104274e+01 1.023252949345693423e+02
2.742802831724826973e+01 1.022364115180793789e+02
2.747417619500992458e+01 1.021476818374959521e+02
2.752062035971554010e+01 1.020591068839078162e+02
2.756736029259518972e+01 1.019706876466754721e+02
2.761439547157528551e+01 1.018824251134201262e+02
2.766172537128441533e+01 1.017943202700126051e+02
2.770934946305922963e+01 1.017063741005623854e+02
2.775726721495029992e+01 1.016185875874066085e+02
2.780547809172808371e+01 1.015309617110990956e+02
2.785398155488892513e+01 1.014434974503993772e+02
2.790277706266104474e+01 1.013561957822617927e+02
2.795186407001057560e+01 1.012690576818245773e+02
2.800124202864770595e+01 1.011820841223988907e+02
2.805091038703272943e+01 1.010952760754580879e+02
2.810086859038230145e+01 1.010086345106267345e+02
2.815111608067552851e+01 1.009221603956698630e+02
2.820165229666027429e+01 1.008358546964821159e+02
2.825247667385940531e+01 1.007497183770769738e+02
2.830358864457708989e+01 1.006637523995760120e+02
2.835498763790517529e+01 1.005779577241981002e+02
2.840667307972948308e+01 1.004923353092487162e+02
2.845864439273634616e+01 1.004068861111091877e+02
2.851090099641892550e+01 1.003216110842261628e+02
2.856344230708379683e+01 1.002365111811007097e+02
2.861626773785739175e+01 1.001515873522778861e+02
2.866937669869261640e+01 1.000668405463360386e+02
2.872276859637541335e+01 9.998227170987618706e+01
2.877644283453137675e+01 9.989788178751149417e+01
2.883039881363242785e+01 9.981367172185669290e+01
2.888463593100353322e+01 9.972964245351752766e+01
2.893915358082940159e+01 9.964579492108033776e+01
2.899395115416124824e+01 9.956213006110145614e+01
2.904902803892362684e+01 9.947864880809689225e+01
2.910438361992125067e+01 9.939535209453171660e+01
2.916001727884585648e+01 9.931224085080978625e+01
2.921592839428312161e+01 9.922931600526334250e+01
2.927211634171959531e+01 9.914657848414255170e+01
2.932858049354971897e+01 9.906402921160518815e+01
2.938532021908275382e+01 9.898166910970638810e+01
2.944233488454987935e+01 9.889949909838831843e+01
2.949962385311128088e+01 9.881752009546980275e+01
2.955718648486323374e+01 9.873573301663620327e+01
2.961502213684525486e+01 9.865413877542914634e+01
2.967313016304729700e+01 9.857273828323627640e+01
2.973150991441698920e+01 9.849153244928109530e+01
2.979016073886682037e+01 9.841052218061287249e+01
2.984908198128145429e+01 9.832970838209641329e+01
2.990827298352509089e+01 9.824909195640204018e+01
2.996773308444875283e+01 9.816867380399543208e+01
3.002746161989768581e+01 9.808845482312764830e+01
3.008745792271881925e+01 9.800843590982498199e+01
3.014772132276815597e+01 9.792861795787912627e+01
3.020825114691832169e+01 9.784900185883695656e+01
3.026904671906601507e+01 9.776958850199079620e+01
3.033010736013962827e+01 9.769037877436834094e+01
3.039143238810676806e+01 9.761137356072282500e+01
3.045302111798191191e+01 9.753257374352311615e+01
3.051487286183407122e+01 9.745398020294381070e+01
3.057698692879442248e+01 9.737559381685551330e+01
3.063936262506410557e+01 9.729741546081488934e+01
3.070199925392187623e+01 9.721944600805500158e+01
3.076489611573197180e+01 9.714168632947551885e+01
3.082805250795187035e+01 9.706413729363296738e+01
3.089146772514015282e+01 9.698679976673105330e+01
3.095514105896442203e+01 9.690967461261095650e+01
3.101907179820915417e+01 9.683276269274176684e+01
3.108325922878365688e+01 9.675606486621074964e+01
3.114770263373010195e+01 9.667958198971379602e+01
3.121240129323147627e+01 9.660331491754585898e+01
3.127735448461960743e+01 9.652726450159143212e+01
3.134256148238327810e+01 9.645143159131502841e+01
3.140802155817634400e+01 9.637581703375161624e+01
3.147373398082580565e+01 9.630042167349728288e+01
3.153969801634001513e+01 9.622524635269968485e+01
3.160591292791688289e+01 9.615029191104872552e+01
3.167237797595210935e+01 9.607555918576710496e+01
3.173909241804740944e+01 9.600104901160105442e+01
3.180605550901881529e+01 9.592676222081092874e+01
3.187326650090505353e+01 9.585269964316194091e+01
3.194072464297581604e+01 9.577886210591492500e+01
3.200842918174021179e+01 9.570525043381707064e+01
3.207637936095514419e+01 9.563186544909268605e+01
3.214457442163380563e+01 9.555870797143403195e+01
3.221301360205409026e+01 9.548577881799219824e+01
3.228169613776712765e+01 9.541307880336793801e+01
3.235062126160587326e+01 9.534060873960255833e+01
3.241978820369358516e+01 9.526836943616891062e+01
3.248919619145248561e+01 9.519636169996229569e+01
3.255884444961239410e+01 9.512458633529143981e+01
3.262873220021933918e+01 9.505304414386958456e+01
3.269885866264431229e+01 9.498173592480543448e+01
3.276922305359191512e+01 9.491066247459430372e+01
3.283982458710917740e+01 9.483982458710919161e+01
3.291066247459430372e+01 9.476922305359192933e+01
3.298173592480542737e+01 9.469885866264431229e+01
3.305304414386958456e+01 9.462873220021934628e+01
3.312458633529143981e+01 9.455884444961240831e+01
3.319636169996229569e+01 9.448919619145249271e+01
3.326836943616891062e+01 9.441978820369359937e+01
3.334060873960255122e+01 9.435062126160588036e+01
3.341307880336793090e+01 9.428169613776714186e+01
3.348577881799219114e+01 9.421301360205409026e+01
3.355870797143403195e+01 9.414457442163381984e+01
3.363186544909268605e+01 9.407637936095514419e+01
3.370525043381706354e+01 9.400842918174021179e+01
3.377886210591491789e+01 9.394072464297582314e+01
3.385269964316192670e+01 9.387326650090506064e+01
3.392676222081091453e+01 9.380605550901881884e+01
3.400104901160104021e+01 9.373909241804742010e+01
3.407555918576710496e+01 9.367237797595211646e+01
3.415029191104872552e+01 9.360591292791689000e+01
3.422524635269968485e+01 9.353969801634002579e+01
3.430042167349726867e+01 9.347373398082581275e+01
3.437581703375161624e+01 9.340802155817635821e+01
3.445143159131502131e+01 9.334256148238328876e+01
3.452726450159143923e+01 9.327735448461960743e+01
3.460331491754583766e+01 9.321240129323149404e+01
3.467958198971377470e+01 9.314770263373011971e+01
3.475606486621074254e+01 9.308325922878366043e+01
3.483276269274175974e+01 9.301907179820915417e+01
3.490967461261095650e+01 9.295514105896442913e+01
3.498679976673103909e+01 9.289146772514015993e+01
3.506413729363296738e+01 9.282805250795186680e+01
3.514168632947550464e+01 9.276489611573198601e+01
3.521944600805498737e+01 9.270199925392188334e+01
3.529741546081487513e+01 9.263936262506410912e+01
3.537559381685551330e+01 9.257698692879442603e+01
3.545398020294381070e+01 9.251487286183407832e+01
3.553257374352310194e+01 9.245302111798191902e+01
3.561137356072282500e+01 9.239143238810676451e+01
3.569037877436831963e+01 9.233010736013963538e+01
3.576958850199077489e+01 9.226904671906603994e+01
3.584900185883694235e+01 9.220825114691832880e+01
3.592861795787911205e+01 9.214772132276816308e+01
3.600843590982498199e+01 9.208745792271882635e+01
3.608845482312764119e+01 9.202746161989769291e+01
3.616867380399543919e+01 9.196773308444875283e+01
3.624909195640204018e+01 9.190827298352508024e+01
3.632970838209639908e+01 9.184908198128147205e+01
3.641052218061285828e+01 9.179016073886681681e+01
3.649153244928108819e+01 9.173150991441698920e+01
3.657273828323626930e+01 9.167313016304730411e+01
3.665413877542913923e+01 9.161502213684525486e+01
3.673573301663621038e+01 9.155718648486322309e+01
3.681752009546980275e+01 9.149962385311127377e+01
3.689949909838829711e+01 9.144233488454989356e+01
3.698166910970638810e+01 9.138532021908275738e+01
3.706402921160518105e+01 9.132858049354972252e+01
3.714657848414254460e+01 9.127211634171959531e+01
3.722931600526334250e+01 9.121592839428312516e+01
3.731224085080980046e+01 9.116001727884585648e+01
3.739535209453171660e+01 9.110438361992125067e+01
3.747864880809687094e+01 9.104902803892363750e+01
3.756213006110145614e+01 9.099395115416125179e+01
3.764579492108032355e+01 9.093915358082941225e+01
3.772964245351752766e+01 9.088463593100354387e+01
3.781367172185669290e+01 9.083039881363242785e+01
3.789788178751149417e+01 9.077644283453136609e+01
3.798227170987619417e+01 9.072276859637540269e+01
3.806684054633602443e+01 9.066937669869263061e+01
3.815158735227787901e+01 9.061626773785739886e+01
3.823651118110069547e+01 9.056344230708378973e+01
3.832161108422614859e+01 9.051090099641893971e+01
3.840688611110920192e+01 9.045864439273634616e+01
3.849233530924869484e+01 9.040667307972950084e+01
3.857795772419810021e+01 9.035498763790516819e+01
3.866375239957599774e+01 9.030358864457710411e+01
3.874971837707696665e+01 9.025247667385940531e+01
3.883585469648210875e+01 9.020165229666028495e+01
3.892216039566985586e+01 9.015111608067553561e+01
3.900863451062673448e+01 9.010086859038230500e+01
3.909527607545807371e+01 9.005091038703274364e+01
3.918208412239889071e+01 9.000124202864770950e+01
3.926905768182454892e+01 8.995186407001058626e+01
3.935619578226179271e+01 8.990277706266104474e+01
3.944349745039937716e+01 8.985398155488893224e+01
3.953096171109909562e+01 8.980547809172809082e+01
3.961858758740660846e+01 8.975726721495030347e+01
3.970637410056236405e+01 8.970934946305924029e+01
3.979432027001259087e+01 8.966172537128443309e+01
3.988242511342009777e+01 8.961439547157529262e+01
3.997068764667545793e+01 8.956736029259519682e+01
4.005910688390780194e+01 8.952062035971553655e+01
4.014768183749594499e+01 8.947417619500993169e+01
4.023641151807937888e+01 8.942802831724827684e+01
4.032529493456932812e+01 8.938217724189105695e+01
4.041433109415987701e+01 8.933662348108352091e+01
4.050351900233891911e+01 8.929136754365002560e+01
4.059285766289946196e+01 8.924640993508826625e+01
4.068234607795054814e+01 8.920175115756370587e+01
4.077198324792853867e+01 8.915739170990391926e+01
4.086176817160824015e+01 8.911333208759309343e+01
4.095169984611406022e+01 8.906957278276637169e+01
4.104177726693130523e+01 8.902611428420445350e+01
4.113199942791725761e+01 8.898295707732809490e+01
4.122236532131249476e+01 8.894010164419273679e+01
4.131287393775220806e+01 8.889754846348304795e+01
4.140352426627732996e+01 8.885529801050758181e+01
4.149431529434593102e+01 8.881335075719356098e+01
4.158524600784447500e+01 8.877170717208153405e+01
4.167631539109926564e+01 8.873036772032008912e+01
4.176752242688759509e+01 8.868933286366076629e+01
4.185886609644921919e+01 8.864860306045287075e+01
4.195034537949783271e+01 8.860817876563829998e+01
4.204195925423224622e+01 8.856806043074649892e+01
4.213370669734796081e+01 8.852824850388942934e+01
4.222558668404852256e+01 8.848874342975656759e+01
4.231759818805706885e+01 8.844954564960987398e+01
4.240974018162765447e+01 8.841065560127893264e+01
4.250201163555681205e+01 8.837207371915607723e+01
4.259441151919501323e+01 8.833380043419143135e+01
4.268693880045828593e+01 8.829583617388820471e+01
4.277959244583956888e+01 8.825818136229787569e+01
4.287237142042037163e+01 8.822083642001544490e+01
4.296527468788229953e+01 8.818380176417477401e+01
4.305830121051867820e+01 8.814707780844385354e+01
4.315144994924606436e+01 8.811066496302028384e+01
4.324471986361589160e+01 8.807456363462659965e+01
4.333810991182608063e+01 8.803877422650579376e+01
4.343161905073274909e+01 8.800329713841676949e+01
4.352524623586173647e+01 8.796813276662987846e+01
4.361899042142032812e+01 8.793328150392257214e+01
4.371285056030902183e+01 8.789874373957485432e+01
4.380682560413307414e+01 8.786451985936510312e+01
4.390091450321429534e+01 8.783061024556566565e+01
4.399511620660274502e+01 8.779701527693859475e+01
4.408942966208855552e+01 8.776373532873145678e+01
4.418385381621354213e+01 8.773077077267312518e+01
4.427838761428305503e+01 8.769812197696957412e+01
4.437303000037780265e+01 8.766578930629984256e+01
4.446777991736552593e+01 8.763377312181195578e+01
4.456263630691290700e+01 8.760207378111881837e+01
4.465759810949733577e+01 8.757069163829429215e+01
4.475266426441876177e+01 8.753962704386921700e+01
4.484783370981160289e+01 8.750888034482750300e+01
4.494310538265645505e+01 8.747845188460220811e+01
4.503847821879215729e+01 8.744834200307178662e+01
4.513395115292750148e+01 8.741855103655620951e+01
4.522952311865323338e+01 8.738907931781328386e+01
4.532519304845395425e+01 8.735992717603485858e+01
4.542095987371999399e+01 8.733109493684324320e+01
4.551682252475944779e+01 8.730258292228742789e+01
4.561277993080998527e+01 8.727439145083965855e+01
4.570883102005097243e+01 8.724652083739171360e+01
4.580497471961527367e+01 8.721897139325153603e+01
4.590120995560135952e+01 8.719174342613966644e+01
4.599753565308525793e+01 8.716483724018578982e+01
4.609395073613253402e+01 8.713825313592542443e+01
4.619045412781040483e+01 8.711199141029648274e+01
4.628704475019962672e+01 8.708605235663600297e+01
4.638372152440668827e+01 8.706043626467683794e+01
4.648048337057571899e+01 8.703514342054444342e+01
4.657732920790063247e+01 8.701017410675372332e+01
4.667425795463718430e+01 8.698552860220573280e+01
4.677126852811503710e+01 8.696120718218476497e+01
4.686835984474993211e+01 8.693721011835506829e+01
4.696553082005563340e+01 8.691353767875800429e+01
4.706278036865623449e+01 8.689019012780886442e+01
4.716010740429812387e+01 8.686716772629409888e+01
4.725751083986217083e+01 8.684447073136826134e+01
4.735498958737591835e+01 8.682209939655123776e+01
4.745254255802563392e+01 8.680005397172536163e+01
4.755016866216862326e+01 8.677833470313257180e+01
4.764786680934521002e+01 8.675694183337181187e+01
4.774563590829110638e+01 8.673587560139617381e+01
4.784347486694943541e+01 8.671513624251028318e+01
4.794138259248303768e+01 8.669472398836772697e+01
4.803935799128663575e+01 8.667463906696833931e+01
4.813739996899904128e+01 8.665488170265579981e+01
4.823550743051546874e+01 8.663545211611500463e+01
4.833367927999961466e+01 8.661635052436965054e+01
4.843191442089597842e+01 8.659757714077984758e+01
4.853021175594219017e+01 8.657913217503968895e+01
4.862857018718111846e+01 8.656101583317490622e+01
4.872698861597320530e+01 8.654322831754060985e+01
4.882546594300872300e+01 8.652576982681897277e+01
4.892400106832014473e+01 8.650864055601704194e+01
4.902259289129427344e+01 8.649184069646459250e+01
4.912124031068460539e+01 8.647537043581192506e+01
4.921994222462371482e+01 8.645922995802779099e+01
4.931869753063541850e+01 8.644341944339740280e+01
4.941750512564718179e+01 8.642793906852030261e+01
4.951636390600237547e+01 8.641278900630848625e+01
4.961527276747273874e+01 8.639796942598444218e+01
4.971423060527051518e+01 8.638348049307924725e+01
4.981323631406095132e+01 8.636932236943070507e+01
4.991228878797453916e+01 8.635549521318159805e+01
5.001138692061949342e+01 8.634199917877786845e+01
5.011052960509395859e+01 8.632883441696691307e+01
5.020971573399848609e+01 8.631600107479587791e+01
5.030894419944831242e+01 8.630349929561006661e+01
5.040821389308587896e+01 8.629132921905127773e+01
5.050752370609303910e+01 8.627949098105627002e+01
5.060687252920352108e+01 8.626798471385527023e+01
5.070625925271539813e+01 8.625681054597045261e+01
5.080568276650331683e+01 8.624596860221453198e+01
5.090514196003103109e+01 8.623545900368935690e+01
5.100463572236372300e+01 8.622528186778457382e+01
5.110416294218052968e+01 8.621543730817629125e+01
5.120372250778679302e+01 8.620592543482581505e+01
5.130331330712659366e+01 8.619674635397844042e+01
5.140293422779512156e+01 8.618790016816225830e+01
5.150258415705116732e+01 8.617938697618698995e+01
5.160226198182945723e+01 8.617120687314289285e+01
5.170196658875311613e+01 8.616335995039973739e+01
5.180169686414619434e+01 8.615584629560568430e+01
5.190145169404596714e+01 8.614866599268643199e+01
5.200122996421544741e+01 8.614181912184422174e+01
5.210103056015584144e+01 8.613530575955689983e+01
5.220085236711894794e+01 8.612912597857712171e+01
5.230069427011973460e+01 8.612327984793154201e+01
5.240055515394858077e+01 8.611776743291999026e+01
5.250043390318397485e+01 8.611258879511478881e+01
5.260032940220475695e+01 8.610774399236007071e+01
5.270024053520272389e+01 8.610323307877108334e+01
5.280016618619501401e+01 8.609905610473362003e+01
5.290010523903661266e+01 8.609521311690346579e+01
5.300005657743286491e+01 8.609170415820582889e+01
5.310001908495178924e+01 8.608852926783494297e+01
5.319999164503676070e+01 8.608568848125355544e+01
5.329997314101877492e+01 8.608318183019252956e+01
5.339996245612906023e+01 8.608100934265056026e+01
5.349995847351149081e+01 8.607917104289380461e+01
5.359996007623507097e+01 8.607766695145561187e+01
5.369996614730646911e+01 8.607649708513631026e+01
5.379997556968237404e+01 8.607566145700303650e+01
5.389998722628211425e+01 8.607516007638952260e+01
5.399999999999999289e+01 8.607499294889611008e+01
5.410001277371787864e+01 8.607516007638952260e+01
5.420002443031761885e+01 8.607566145700303650e+01
5.430003385269351668e+01 8.607649708513631026e+01
5.440003992376492192e+01 8.607766695145561187e+01
5.450004152648849498e+01 8.607917104289380461e+01
5.460003754387093267e+01 8.608100934265056026e+01
5.470002685898121086e+01 8.608318183019252956e+01
5.480000835496323219e+01 8.608568848125355544e+01
5.489998091504819655e+01 8.608852926783494297e+01
5.499994342256712088e+01 8.609170415820582889e+01
5.509989476096337313e+01 8.609521311690346579e+01
5.519983381380497178e+01 8.609905610473362003e+01
5.529975946479726900e+01 8.610323307877108334e+01
5.539967059779522884e+01 8.610774399236007071e+01
5.549956609681601094e+01 8.611258879511478881e+01
5.559944484605140502e+01 8.611776743291999026e+01
5.569930572988025119e+01 8.612327984793154201e+01
5.579914763288103785e+01 8.612912597857712171e+01
5.589896943984415145e+01 8.613530575955689983e+01
5.599877003578454548e+01 8.614181912184422174e+01
5.609854830595402575e+01 8.614866599268643199e+01
5.619830313585379145e+01 8.615584629560568430e+01
5.629803341124686966e+01 8.616335995039972317e+01
5.639773801817052856e+01 8.617120687314289285e+01
5.649741584294881847e+01 8.617938697618698995e+01
5.659706577220487134e+01 8.618790016816225830e+01
5.669668669287339213e+01 8.619674635397844042e+01
5.679627749221319277e+01 8.620592543482581505e+01
5.689583705781946321e+01 8.621543730817627704e+01
5.699536427763626989e+01 8.622528186778457382e+01
5.709485803996895470e+01 8.623545900368935690e+01
5.719431723349666896e+01 8.624596860221453198e+01
5.729374074728459476e+01 8.625681054597043840e+01
5.739312747079646471e+01 8.626798471385527023e+01
5.749247629390694669e+01 8.627949098105627002e+01
5.759178610691410682e+01 8.629132921905127773e+01
5.769105580055167337e+01 8.630349929561006661e+01
5.779028426600150681e+01 8.631600107479587791e+01
5.788947039490602720e+01 8.632883441696691307e+01
5.798861307938049947e+01 8.634199917877786845e+01
5.808771121202545373e+01 8.635549521318159805e+01
5.818676368593903447e+01 8.636932236943070507e+01
5.828576939472947060e+01 8.638348049307924725e+01
5.838472723252725416e+01 8.639796942598444218e+01
5.848363609399761032e+01 8.641278900630848625e+01
5.858249487435280400e+01 8.642793906852030261e+01
5.868130246936456729e+01 8.644341944339740280e+01
5.878005777537627807e+01 8.645922995802779099e+01
5.887875968931538750e+01 8.647537043581192506e+01
5.897740710870571945e+01 8.649184069646459250e+01
5.907599893167984106e+01 8.650864055601704194e+01
5.917453405699126279e+01 8.652576982681895856e+01
5.927301138402678760e+01 8.654322831754060985e+01
5.937142981281887444e+01 8.656101583317490622e+01
5.946978824405779562e+01 8.657913217503968895e+01
5.956808557910401447e+01 8.659757714077984758e+01
5.966632072000037823e+01 8.661635052436963633e+01
5.976449256948452415e+01 8.663545211611499042e+01
5.986260003100095162e+01 8.665488170265579981e+01
5.996064200871335714e+01 8.667463906696833931e+01
6.005861740751695521e+01 8.669472398836772697e+01
6.015652513305055749e+01 8.671513624251028318e+01
6.025436409170888652e+01 8.673587560139615960e+01
6.035213319065478288e+01 8.675694183337181187e+01
6.044983133783136253e+01 8.677833470313257180e+01
6.054745744197435187e+01 8.680005397172534742e+01
6.064501041262407455e+01 8.682209939655123776e+01
6.074248916013781496e+01 8.684447073136826134e+01
6.083989259570186903e+01 8.686716772629409888e+01
6.093721963134375130e+01 8.689019012780886442e+01
6.103446917994435239e+01 8.691353767875799008e+01
6.113164015525005368e+01 8.693721011835506829e+01
6.122873147188494869e+01 8.696120718218476497e+01
6.132574204536280149e+01 8.698552860220573280e+01
6.142267079209936043e+01 8.701017410675370911e+01
6.151951662942427390e+01 8.703514342054444342e+01
6.161627847559329751e+01 8.706043626467683794e+01
6.171295524980035907e+01 8.708605235663600297e+01
6.180954587218958096e+01 8.711199141029648274e+01
6.190604926386745888e+01 8.713825313592542443e+01
6.200246434691473496e+01 8.716483724018578982e+01
6.209879004439862626e+01 8.719174342613966644e+01
6.219502528038471212e+01 8.721897139325153603e+01
6.229116897994902047e+01 8.724652083739171360e+01
6.238722006919000762e+01 8.727439145083964434e+01
6.248317747524053800e+01 8.730258292228742789e+01
6.257904012627999890e+01 8.733109493684324320e+01
6.267480695154603154e+01 8.735992717603485858e+01
6.277047688134675241e+01 8.738907931781328386e+01
6.286604884707249141e+01 8.741855103655620951e+01
6.296152178120783560e+01 8.744834200307177241e+01
6.305689461734353785e+01 8.747845188460220811e+01
6.315216629018839001e+01 8.750888034482750300e+01
6.324733573558123112e+01 8.753962704386921700e+01
6.334240189050265712e+01 8.757069163829429215e+01
6.343736369308708589e+01 8.760207378111881837e+01
6.353222008263446696e+01 8.763377312181195578e+01
6.362696999962219024e+01 8.766578930629984256e+01
6.372161238571693787e+01 8.769812197696957412e+01
6.381614618378644366e+01 8.773077077267311097e+01
6.391057033791143738e+01 8.776373532873145678e+01
6.400488379339724077e+01 8.779701527693859475e+01
6.409908549678569045e+01 8.783061024556565144e+01
6.419317439586691876e+01 8.786451985936510312e+01
6.428714943969096396e+01 8.789874373957485432e+01
6.438100957857966478e+01 8.793328150392257214e+01
6.447475376413825643e+01 8.796813276662987846e+01
6.456838094926723670e+01 8.800329713841676949e+01
6.466189008817391937e+01 8.803877422650579376e+01
6.475528013638410130e+01 8.807456363462659965e+01
6.484855005075392853e+01 8.811066496302026962e+01
6.494169878948130759e+01 8.814707780844385354e+01
6.503472531211770047e+01 8.818380176417477401e+01
6.512762857957962126e+01 8.822083642001544490e+01
6.522040755416041691e+01 8.825818136229786148e+01
6.531306119954170697e+01 8.829583617388820471e+01
6.540558848080497967e+01 8.833380043419143135e+01
6.549798836444318795e+01 8.837207371915606302e+01
6.559025981837233132e+01 8.841065560127893264e+01
6.568240181194292404e+01 8.844954564960985977e+01
6.577441331595146323e+01 8.848874342975656759e+01
6.586629330265202498e+01 8.852824850388942934e+01
6.595804074576774667e+01 8.856806043074649892e+01
6.604965462050215308e+01 8.860817876563829998e+01
6.614113390355076660e+01 8.864860306045287075e+01
6.623247757311240491e+01 8.868933286366076629e+01
6.632368460890072015e+01 8.873036772032007491e+01
6.641475399215551079e+01 8.877170717208153405e+01
6.650568470565406187e+01 8.881335075719356098e+01
6.659647573372265583e+01 8.885529801050758181e+01
6.668712606224778483e+01 8.889754846348303374e+01
6.677763467868749103e+01 8.894010164419273679e+01
6.686800057208273529e+01 8.898295707732809490e+01
6.695822273306868055e+01 8.902611428420443929e+01
6.704830015388593267e+01 8.906957278276637169e+01
6.713823182839175274e+01 8.911333208759307922e+01
6.722801675207145422e+01 8.915739170990391926e+01
6.731765392204944476e+01 8.920175115756369166e+01
6.740714233710053804e+01 8.924640993508825204e+01
6.749648099766106668e+01 8.929136754365002560e+01
6.758566890584010878e+01 8.933662348108350670e+01
6.767470506543065767e+01 8.938217724189104274e+01
6.776358848192060691e+01 8.942802831724826262e+01
6.785231816250404790e+01 8.947417619500991748e+01
6.794089311609218385e+01 8.952062035971553655e+01
6.802931235332452786e+01 8.956736029259519682e+01
6.811757488657988802e+01 8.961439547157529262e+01
6.820567972998739492e+01 8.966172537128441888e+01
6.829362589943762885e+01 8.970934946305924029e+01
6.838141241259337733e+01 8.975726721495028926e+01
6.846903828890090438e+01 8.980547809172807661e+01
6.855650254960062284e+01 8.985398155488891803e+01
6.864380421773820729e+01 8.990277706266104474e+01
6.873094231817543687e+01 8.995186407001057205e+01
6.881791587760110929e+01 9.000124202864769529e+01
6.890472392454191208e+01 9.005091038703272943e+01
6.899136548937325131e+01 9.010086859038229079e+01
6.907783960433013704e+01 9.015111608067552140e+01
6.916414530351788414e+01 9.020165229666027074e+01
6.925028162292302625e+01 9.025247667385940531e+01
6.933624760042398805e+01 9.030358864457710411e+01
6.942204227580188558e+01 9.035498763790516819e+01
6.950766469075129805e+01 9.040667307972948663e+01
6.959311388889079808e+01 9.045864439273634616e+01
6.967838891577383720e+01 9.051090099641892550e+01
6.976348881889929032e+01 9.056344230708378973e+01
6.984841264772211389e+01 9.061626773785738465e+01
6.993315945366396136e+01 9.066937669869261640e+01
7.001772829012379873e+01 9.072276859637540269e+01
7.010211821248850583e+01 9.077644283453136609e+01
7.018632827814329289e+01 9.083039881363241363e+01
7.027035754648247234e+01 9.088463593100352966e+01
7.035420507891966224e+01 9.093915358082939804e+01
7.043786993889854386e+01 9.099395115416125179e+01
7.052135119190312196e+01 9.104902803892363750e+01
7.060464790546826919e+01 9.110438361992123646e+01
7.068775914919018533e+01 9.116001727884585648e+01
7.077068399473664329e+01 9.121592839428312516e+01
7.085342151585744830e+01 9.127211634171959531e+01
7.093597078839481185e+01 9.132858049354972252e+01
7.101833089029361190e+01 9.138532021908275738e+01
7.110050090161169578e+01 9.144233488454987935e+01
7.118247990453018303e+01 9.149962385311127377e+01
7.126426698336378251e+01 9.155718648486322309e+01
7.134586122457085366e+01 9.161502213684525486e+01
7.142726171676372360e+01 9.167313016304728990e+01
7.150846755071890470e+01 9.173150991441698920e+01
7.158947781938712751e+01 9.179016073886681681e+01
7.167029161790358671e+01 9.184908198128145784e+01
7.175090804359794561e+01 9.190827298352508024e+01
7.183132619600455371e+01 9.196773308444873862e+01
7.191154517687235170e+01 9.202746161989767870e+01
7.199156409017500380e+01 9.208745792271881214e+01
7.207138204212087373e+01 9.214772132276814887e+01
7.215099814116304344e+01 9.220825114691831459e+01
7.223041149800921801e+01 9.226904671906602573e+01
7.230962122563167327e+01 9.233010736013963538e+01
7.238862643927716078e+01 9.239143238810675030e+01
7.246742625647688385e+01 9.245302111798190481e+01
7.254601979705618930e+01 9.251487286183407832e+01
7.262440618314448670e+01 9.257698692879442603e+01
7.270258453918511066e+01 9.263936262506410912e+01
7.278055399194499842e+01 9.270199925392188334e+01
7.285831367052449536e+01 9.276489611573197180e+01
7.293586270636703262e+01 9.282805250795186680e+01
7.301320023326894670e+01 9.289146772514014572e+01
7.309032538738902929e+01 9.295514105896441492e+01
7.316723730725823316e+01 9.301907179820915417e+01
7.324393513378925036e+01 9.308325922878366043e+01
7.332041801028621819e+01 9.314770263373011971e+01
7.339668508245415524e+01 9.321240129323147983e+01
7.347273549840855367e+01 9.327735448461959322e+01
7.354856840868497159e+01 9.334256148238327455e+01
7.362418296624838376e+01 9.340802155817634400e+01
7.369957832650271712e+01 9.347373398082579854e+01
7.377475364730031515e+01 9.353969801634002579e+01
7.384970808895127448e+01 9.360591292791689000e+01
7.392444081423289504e+01 9.367237797595211646e+01
7.399895098839894558e+01 9.373909241804739167e+01
7.407323777918907126e+01 9.380605550901881884e+01
7.414730035683805909e+01 9.387326650090506064e+01
7.422113789408507500e+01 9.394072464297582314e+01
7.429474956618292936e+01 9.400842918174021179e+01
7.436813455090731395e+01 9.407637936095514419e+01
7.444129202856598226e+01 9.414457442163381984e+01
7.451422118200778755e+01 9.421301360205407605e+01
7.458692119663206199e+01 9.428169613776712765e+01
7.465939126039744167e+01 9.435062126160588036e+01
7.473163056383108938e+01 9.441978820369358516e+01
7.480363830003770431e+01 9.448919619145249271e+01
7.487541366470854598e+01 9.455884444961239410e+01
7.494695585613041544e+01 9.462873220021934628e+01
7.501826407519455131e+01 9.469885866264429808e+01
7.508933752540569628e+01 9.476922305359191512e+01
7.516017541289080839e+01 9.483982458710917740e+01
7.523077694640807067e+01 9.491066247459430372e+01
7.530114133735568771e+01 9.498173592480543448e+01
7.537126779978063951e+01 9.505304414386958456e+01
7.544115555038760590e+01 9.512458633529143981e+01
7.551080380854749308e+01 9.519636169996228148e+01
7.558021179630640063e+01 9.526836943616891062e+01
7.564937873839411964e+01 9.534060873960254412e+01
7.571830386223285814e+01 9.541307880336792380e+01
7.578698639794590974e+01 9.548577881799219824e+01
7.585542557836618016e+01 9.555870797143401774e+01
7.592362063904484160e+01 9.563186544909267184e+01
7.599157081825977400e+01 9.570525043381705643e+01
7.605927535702417686e+01 9.577886210591492500e+01
7.612673349909493936e+01 9.585269964316192670e+01
7.619394449098118116e+01 9.592676222081091453e+01
7.626090758195259411e+01 9.600104901160105442e+01
7.632762202404786933e+01 9.607555918576709075e+01
7.639408707208309579e+01 9.615029191104871131e+01
7.646030198365997421e+01 9.622524635269967064e+01
7.652626601917418725e+01 9.630042167349726867e+01
7.659197844182364179e+01 9.637581703375161624e+01
7.665743851761671124e+01 9.645143159131501420e+01
7.672264551538039257e+01 9.652726450159143212e+01
7.678759870676850596e+01 9.660331491754584476e+01
7.685229736626988029e+01 9.667958198971376760e+01
7.691674077121633957e+01 9.675606486621074964e+01
7.698092820179084583e+01 9.683276269274175263e+01
7.704485894103557087e+01 9.690967461261095650e+01
7.710853227485984007e+01 9.698679976673103909e+01
7.717194749204813320e+01 9.706413729363296738e+01
7.723510388426801399e+01 9.714168632947550464e+01
7.729800074607810245e+01 9.721944600805498737e+01
7.736063737493589088e+01 9.729741546081487513e+01
7.742301307120557397e+01 9.737559381685551330e+01
7.748512713816592168e+01 9.745398020294379648e+01
7.754697888201808098e+01 9.753257374352310194e+01
7.760856761189323549e+01 9.761137356072282500e+01
7.766989263986036462e+01 9.769037877436831252e+01
7.773095328093396006e+01 9.776958850199076778e+01
7.779174885308167120e+01 9.784900185883694235e+01
7.785227867723183692e+01 9.792861795787911205e+01
7.791254207728117365e+01 9.800843590982498199e+01
7.797253838010230709e+01 9.808845482312763409e+01
7.803226691555124717e+01 9.816867380399543208e+01
7.809172701647491976e+01 9.824909195640204018e+01
7.815091801871852795e+01 9.832970838209639908e+01
7.820983926113318319e+01 9.841052218061285828e+01
7.826849008558301080e+01 9.849153244928109530e+01
7.832686983695269589e+01 9.857273828323627640e+01
7.838497786315474514e+01 9.865413877542913212e+01
7.844281351513676270e+01 9.873573301663620327e+01
7.850037614688872623e+01 9.881752009546980275e+01
7.855766511545010644e+01 9.889949909838830422e+01
7.861467978091724262e+01 9.898166910970638810e+01
7.867141950645027748e+01 9.906402921160517394e+01
7.872788365828040469e+01 9.914657848414253749e+01
7.878407160571687484e+01 9.922931600526334250e+01
7.883998272115414352e+01 9.931224085080980046e+01
7.889561638007874933e+01 9.939535209453171660e+01
7.895097196107636250e+01 9.947864880809686383e+01
7.900604884583874821e+01 9.956213006110145614e+01
7.906084641917058775e+01 9.964579492108032355e+01
7.911536406899645613e+01 9.972964245351752766e+01
7.916960118636757215e+01 9.981367172185669290e+01
7.922355716546861970e+01 9.989788178751149417e+01
7.927723140362459731e+01 9.998227170987618706e+01
7.933062330130736939e+01 1.000668405463360244e+02
7.938373226214260114e+01 1.001515873522778719e+02
7.943655769291621027e+01 1.002365111811006955e+02
7.948909900358106029e+01 1.003216110842261486e+02
7.954135560726365384e+01 1.004068861111092019e+02
7.959332692027049916e+01 1.004923353092486877e+02
7.964501236209483181e+01 1.005779577241981002e+02
7.969641135542289589e+01 1.006637523995759977e+02
7.974752332614059469e+01 1.007497183770769595e+02
7.979834770333971505e+01 1.008358546964821016e+02
7.984888391932446439e+01 1.009221603956698630e+02
7.989913140961769500e+01 1.010086345106267345e+02
7.994908961296725636e+01 1.010952760754580737e+02
7.999875797135229050e+01 1.011820841223988907e+02
8.004813592998941374e+01 1.012690576818245489e+02
8.009722293733895526e+01 1.013561957822617927e+02
8.014601844511106776e+01 1.014434974503993772e+02
8.019452190827190918e+01 1.015309617110990956e+02
8.024273278504969653e+01 1.016185875874066085e+02
8.029065053694075971e+01 1.017063741005623569e+02
8.033827462871556691e+01 1.017943202700125909e+02
8.038560452842470738e+01 1.018824251134200978e+02
8.043263970740480318e+01 1.019706876466754579e+02
8.047937964028446345e+01 1.020591068839078019e+02
8.052582380499006831e+01 1.021476818374959379e+02
8.057197168275172316e+01 1.022364115180793789e+02
8.061782275810894305e+01 1.023252949345693281e+02
8.066337651891647909e+01 1.024143310941598770e+02
8.070863245634997440e+01 1.025035190023389191e+02
8.075359006491173375e+01 1.025928576628994620e+02
8.079824884243629413e+01 1.026823460779505410e+02
8.084260829009608074e+01 1.027719832479285316e+02
8.088666791240690657e+01 1.028617681716082330e+02
8.093042721723362831e+01 1.029516998461140531e+02
8.097388571579554650e+01 1.030417772669313052e+02
8.101704292267190510e+01 1.031319994279172647e+02
8.105989835580726321e+01 1.032223653213124948e+02
8.110245153651695205e+01 1.033128739377522152e+02
8.114470198949241819e+01 1.034035242662773300e+02
8.118664924280642481e+01 1.034943152943459381e+02
8.122829282791846595e+01 1.035852460078444750e+02
8.126963227967991088e+01 1.036763153910992656e+02
8.131066713633923371e+01 1.037675224268875951e+02
8.135139693954712925e+01 1.038588660964492192e+02
8.139182123436170002e+01 1.039503453794978327e+02
8.143193956925350108e+01 1.040419592542322391e+02
8.147175149611057066e+01 1.041337066973479608e+02
8.151125657024343241e+01 1.042255866840485226e+02
8.155045435039012602e+01 1.043175981880570760e+02
8.158934439872106736e+01 1.044097401816276545e+02
8.162792628084392277e+01 1.045020116355568121e+02
8.166619956580856865e+01 1.045944115191950061e+02
8.170416382611179529e+01 1.046869388004582788e+02
8.174181863770212431e+01 1.047795924458395689e+02
8.177916357998455510e+01 1.048723714204203645e+02
8.181619823582522599e+01 1.049652746878822995e+02
8.185292219155614646e+01 1.050583012105186782e+02
8.188933503697971616e+01 1.051514499492460573e+02
8.192543636537340035e+01 1.052447198636158845e+02
8.196122577349420624e+01 1.053381099118260806e+02
8.199670286158323051e+01 1.054316190507327491e+02
8.203186723337010733e+01 1.055252462358617294e+02
8.206671849607742786e+01 1.056189904214203210e+02
8.210125626042514568e+01 1.057128505603090218e+02
8.213548014063489688e+01 1.058068256041330812e+02
8.216938975443433435e+01 1.059009145032142953e+02
8.220298472306140525e+01 1.059951162066027450e+02
8.223626467126854322e+01 1.060894296620885484e+02
8.226922922732687482e+01 1.061838538162135421e+02
8.230187802303042588e+01 1.062783876142830479e+02
8.233421069370015744e+01 1.063730300003777955e+02
8.236622687818804422e+01 1.064677799173655188e+02
8.239792621888118163e+01 1.065626363069129070e+02
8.242930836170570785e+01 1.066575981094973287e+02
8.246037295613078300e+01 1.067526642644187547e+02
8.249111965517249700e+01 1.068478337098115958e+02
8.252154811539779189e+01 1.069431053826564550e+02
8.255165799692821338e+01 1.070384782187921502e+02
8.258144896344379049e+01 1.071339511529274944e+02
8.261092068218671614e+01 1.072295231186532334e+02
8.264007282396512721e+01 1.073251930484539542e+02
8.266890506315675680e+01 1.074209598737199940e+02
8.269741707771257211e+01 1.075168225247594478e+02
8.272560854916034145e+01 1.076127799308099782e+02
8.275347916260828640e+01 1.077088310200509653e+02
8.278102860674846397e+01 1.078049747196152737e+02
8.280825657386033356e+01 1.079012099556013595e+02
8.283516275981421018e+01 1.079975356530852650e+02
8.286174686407457557e+01 1.080939507361325269e+02
8.288800858970351726e+01 1.081904541278104119e+02
8.291394764336399703e+01 1.082870447501996267e+02
8.293956373532316206e+01 1.083837215244066954e+02
8.296485657945555658e+01 1.084804833705757119e+02
8.298982589324627668e+01 1.085773292079006325e+02
8.301447139779426720e+01 1.086742579546371843e+02
8.303879281781523503e+01 1.087712685281150300e+02
8.306278988164493171e+01 1.088683598447499321e+02
8.308646232124199571e+01 1.089655308200556334e+02
8.310980987219113558e+01 1.090627803686562345e+02
8.313283227370590112e+01 1.091601074042981168e+02
8.315552926863173866e+01 1.092575108398621779e+02
8.317790060344876224e+01 1.093549895873759112e+02
8.319994602827463837e+01 1.094525425580256268e+02
8.322166529686742820e+01 1.095501686621686304e+02
8.324305816662818813e+01 1.096478668093452029e+02
8.326412439860382619e+01 1.097456359082911064e+02
8.328486375748971682e+01 1.098434748669494354e+02
8.330527601163227303e+01 1.099413825924830377e+02
8.332536093303166069e+01 1.100393579912866358e+02
8.334511829734420019e+01 1.101373999689990342e+02
8.336454788388499537e+01 1.102355074305154687e+02
8.338364947563034946e+01 1.103336792799996147e+02
8.340242285922015242e+01 1.104319144208959784e+02
8.342086782496031105e+01 1.105302117559421902e+02
8.343898416682509378e+01 1.106285701871811114e+02
8.345677168245939015e+01 1.107269886159731982e+02
8.347423017318102723e+01 1.108254659430087230e+02
8.349135944398295806e+01 1.109240010683201376e+02
8.350815930353540750e+01 1.110225928912942663e+02
8.352462956418807494e+01 1.111212403106845983e+02
8.354077004197220901e+01 1.112199422246237077e+02
8.355658055660259720e+01 1.113186975306354185e+02
8.357206093147969739e+01 1.114175051256471818e+02
8.358721099369151375e+01 1.115163639060023684e+02
8.360203057401555782e+01 1.116152727674727316e+02
8.361651950692075275e+01 1.117142306052705152e+02
8.363067763056929493e+01 1.118132363140609442e+02
8.364450478681840195e+01 1.119122887879745321e+02
8.365800082122213155e+01 1.120113869206194863e+02
8.367116558303308693e+01 1.121105296050939586e+02
8.368399892520412209e+01 1.122097157339984790e+02
8.369650070438993339e+01 1.123089441994483053e+02
8.370867078094872227e+01 1.124082138930858861e+02
8.372050901894372998e+01 1.125075237060930391e+02
8.373201528614472977e+01 1.126068725292035140e+02
8.374318945402954739e+01 1.127062592527153981e+02
8.375403139778546802e+01 1.128056827665033097e+02
8.376454099631064310e+01 1.129051419600310311e+02
8.377471813221542618e+01 1.130046357223637159e+02
8.378456269182370875e+01 1.131041629421805226e+02
8.379407456517418495e+01 1.132037225077867930e+02
8.380325364602155958e+01 1.133033133071266008e+02
8.381209983183774170e+01 1.134029342277951145e+02
8.382061302381301005e+01 1.135025841570511602e+02
8.382879312685710715e+01 1.136022619818294572e+02
8.383664004960026261e+01 1.137019665887531232e+02
8.384415370439431570e+01 1.138016968641461943e+02
8.385133400731356801e+01 1.139014516940459600e+02
8.385818087815577826e+01 1.140012299642154403e+02
8.386469424044310017e+01 1.141010305601558343e+02
8.387087402142287829e+01 1.142008523671189408e+02
8.387672015206845799e+01 1.143006942701197346e+02
8.388223256708000974e+01 1.144005551539485879e+02
8.388741120488521119e+01 1.145004339031839748e+02
8.389225600763992929e+01 1.146003294022047641e+02
8.389676692122891666e+01 1.147002405352027239e+02
8.390094389526637997e+01 1.148001661861950140e+02
8.390478688309653421e+01 1.149001052390366056e+02
8.390829584179417111e+01 1.150000565774328578e+02
8.391147073216505703e+01 1.151000190849517821e+02
8.391431151874644456e+01 1.151999916450367607e+02
8.391681816980747044e+01 1.152999731410187678e+02
8.391899065734943974e+01 1.153999624561290602e+02
8.392082895710619539e+01 1.154999584735114837e+02
8.392233304854438813e+01 1.155999600762350639e+02
8.392350291486368974e+01 1.156999661473064691e+02
8.392433854299696350e+01 1.157999755696823740e+02
8.392483992361047740e+01 1.158999872262821071e+02
8.392500705110388992e+01 1.159999999999999858e+02
