4.870449551751937634e+01 3.400000000000000000e+01
4.870430830723687876e+01 3.409999338604221464e+01
4.870374667901421617e+01 3.419998537008902417e+01
4.870281064072592869e+01 3.429997455016467001e+01
4.870150020549610304e+01 3.439995952433272208e+01
4.869981539169817353e+01 3.449993889071571118e+01
4.869775622295472317e+01 3.459991124751479674e+01
4.869532272813712837e+01 3.469987519302942047e+01
4.869251494136511127e+01 3.479982932567695286e+01
4.868933290200632769e+01 3.489977224401235389e+01
4.868577665467577731e+01 3.499970254674781955e+01
4.868184624923516424e+01 3.509961883277242123e+01
4.867754174079226459e+01 3.519951970117175932e+01
4.867286318970005254e+01 3.529940375124760976e+01
4.866781066155596136e+01 3.539926958253754918e+01
4.866238422720087442e+01 3.549911579483460145e+01
4.865658396271818731e+01 3.559894098820685571e+01
4.865040994943272779e+01 3.569874376301712005e+01
4.864386227390959760e+01 3.579852271994252533e+01
4.863694102795298591e+01 3.589827645999414329e+01
4.862964630860484050e+01 3.599800358453661175e+01
4.862197821814358178e+01 3.609770269530775266e+01
4.861393686408258219e+01 3.619737239443814047e+01
4.860552235916871666e+01 3.629701128447076286e+01
4.859673482138076395e+01 3.639661796838053931e+01
4.858757437392775103e+01 3.649619104959398186e+01
4.857804114524721228e+01 3.659572913200871369e+01
4.856813526900343447e+01 3.669523082001309433e+01
4.855785688408552403e+01 3.679469471850574536e+01
4.854720613460548861e+01 3.689411943291514717e+01
4.853618316989624759e+01 3.699350356921916472e+01
4.852478814450945777e+01 3.709284573396461582e+01
4.851302121821343150e+01 3.719214453428678269e+01
4.850088255599084164e+01 3.729139857792895896e+01
4.848837232803644071e+01 3.739060647326197540e+01
4.847549070975463792e+01 3.748976682930369009e+01
4.846223788175709046e+01 3.758887825573851416e+01
4.844861402986011001e+01 3.768793936293688063e+01
4.843461934508213318e+01 3.778694876197476304e+01
4.842025402364095044e+01 3.788590506465311591e+01
4.840551826695104864e+01 3.798480688351734358e+01
4.839041228162071206e+01 3.808365283187678330e+01
4.837493627944917307e+01 3.818244152382411727e+01
4.835909047742363498e+01 3.828117157425479888e+01
4.834287509771618829e+01 3.837984159888650026e+01
4.832629036768076958e+01 3.847845021427851009e+01
4.830933651984990007e+01 3.857699603785113140e+01
4.829201379193146693e+01 3.867547768790504392e+01
4.827432242680539787e+01 3.877389378364071604e+01
4.825626267252021506e+01 3.887224294517774581e+01
4.823783478228959609e+01 3.897052379357419483e+01
4.821903901448879282e+01 3.906873495084594339e+01
4.819987563265105024e+01 3.916687503998599595e+01
4.818034490546386905e+01 3.926494268498381501e+01
4.816044710676526108e+01 3.936293651084456258e+01
4.814018251553990524e+01 3.946085514360844115e+01
4.811955141591521112e+01 3.955869721036989972e+01
4.809855409715741104e+01 3.965646133929692496e+01
4.807719085366740330e+01 3.975414615965026854e+01
4.805546198497668797e+01 3.985175030180263178e+01
4.803336779574317461e+01 3.994927239725792845e+01
4.801090859574684089e+01 4.004671107867040547e+01
4.798808469988550485e+01 4.014406497986387734e+01
4.796489642817027743e+01 4.024133273585083259e+01
4.794134410572117133e+01 4.033851298285160425e+01
4.791742806276250377e+01 4.043560435831346922e+01
4.789314863461828509e+01 4.053260550092976899e+01
4.786850616170750072e+01 4.062951505065898061e+01
4.784350098953932218e+01 4.072633164874380185e+01
4.781813346870832504e+01 4.082305393773018665e+01
4.779240395488950810e+01 4.091968056148640187e+01
4.776631280883331954e+01 4.101621016522200591e+01
4.773986039636064049e+01 4.111264139550686991e+01
4.771304708835759811e+01 4.120897290029014925e+01
4.768587326077039990e+01 4.130520332891924795e+01
4.765833929460006857e+01 4.140133133215871908e+01
4.763044557589708461e+01 4.149735556220924337e+01
4.760219249575597189e+01 4.159327467272647993e+01
4.757358045030979810e+01 4.168908731883993823e+01
4.754460984072467511e+01 4.178479215717188566e+01
4.751528107319407468e+01 4.188038784585612717e+01
4.748559455893317249e+01 4.197587304455684176e+01
4.745555071417307147e+01 4.207124641448738345e+01
4.742514996015495399e+01 4.216650661842904668e+01
4.739439272312417017e+01 4.226165232074980338e+01
4.736327943432431908e+01 4.235668218742304703e+01
4.733181052999111671e+01 4.245159488604627995e+01
4.729998645134634216e+01 4.254638908585982193e+01
4.726780764459164175e+01 4.264106345776542639e+01
4.723527456090222643e+01 4.273561667434495348e+01
4.720238765642061907e+01 4.283004740987897208e+01
4.716914739225020270e+01 4.292435434036532627e+01
4.713555423444878301e+01 4.301853614353773736e+01
4.710160865402204422e+01 4.311259149888429931e+01
4.706731112691693397e+01 4.320651908766604521e+01
4.703266213401501972e+01 4.330031759293537164e+01
4.699766216112572437e+01 4.339398569955457674e+01
4.696231169897951219e+01 4.348752209421423487e+01
4.692661124322102495e+01 4.358092546545164936e+01
4.689056129440211862e+01 4.367419450366922007e+01
4.685416235797485029e+01 4.376732790115283933e+01
4.681741494428439410e+01 4.386032435209017422e+01
4.678031956856187179e+01 4.395318255258901274e+01
4.674287675091714789e+01 4.404590120069553905e+01
4.670508701633154658e+01 4.413847899641258721e+01
4.666695089465044077e+01 4.423091464171785248e+01
4.662846892057586246e+01 4.432320684058211668e+01
4.658964163365902067e+01 4.441535429898740972e+01
4.655046957829269871e+01 4.450735572494513548e+01
4.651095330370363712e+01 4.459920982851421911e+01
4.647109336394483137e+01 4.469091532181916193e+01
4.643089031788778698e+01 4.478247091906811050e+01
4.639034472921462537e+01 4.487387533657090444e+01
4.634945716641024660e+01 4.496512729275703180e+01
4.630822820275432150e+01 4.505622550819364847e+01
4.626665841631326259e+01 4.514716870560346962e+01
4.622474838993210966e+01 4.523795560988271092e+01
4.618249871122637273e+01 4.532858494811895866e+01
4.613990997257378979e+01 4.541905544960900443e+01
4.609698277110602049e+01 4.550936584587666545e+01
4.605371770870025472e+01 4.559951487069059795e+01
4.601011539197081390e+01 4.568950126008201096e+01
4.596617643226059613e+01 4.577932375236240858e+01
4.592190144563257093e+01 4.586898108814127539e+01
4.587729105286103959e+01 4.595847201034374052e+01
4.583234587942305893e+01 4.604779526422819913e+01
4.578706655548955951e+01 4.613694959740389834e+01
4.574145371591658460e+01 4.622593375984850184e+01
4.569550800023634451e+01 4.631474650392561898e+01
4.564923005264826372e+01 4.640338658440229835e+01
4.560262052200996408e+01 4.649185275846648580e+01
4.555568006182814855e+01 4.658014378574443981e+01
4.550840933024944235e+01 4.666825842831814697e+01
4.546080899005116294e+01 4.675619545074263783e+01
4.541287970863204038e+01 4.684395362006335972e+01
4.536462215800284525e+01 4.693153170583342160e+01
4.531603701477697399e+01 4.701892848013086734e+01
4.526712496016095599e+01 4.710614271757589222e+01
4.521788667994491107e+01 4.719317319534801669e+01
4.516832286449292155e+01 4.728001869320322470e+01
4.511843420873337607e+01 4.736667799349109487e+01
4.506822141214919242e+01 4.745314988117184640e+01
4.501768517876804765e+01 4.753943314383340635e+01
4.496682621715245887e+01 4.762552657170837023e+01
4.491564524038992090e+01 4.771142895769100534e+01
4.486414296608281660e+01 4.779713909735414035e+01
4.481232011633844081e+01 4.788265578896606911e+01
4.476017741775882541e+01 4.796797783350739763e+01
4.470771560143055012e+01 4.805310403468786262e+01
4.465493540291453911e+01 4.813803319896307897e+01
4.460183756223567997e+01 4.822276413555131569e+01
4.454842282387251373e+01 4.830729565645016521e+01
4.449469193674674727e+01 4.839162657645318433e+01
4.444064565421277280e+01 4.847575571316654930e+01
4.438628473404712338e+01 4.855968188702560440e+01
4.433160993843779352e+01 4.864340392131142465e+01
4.427662203397363072e+01 4.872692064216730046e+01
4.422132179163351395e+01 4.881023087861517240e+01
4.416570998677557469e+01 4.889333346257211588e+01
4.410978739912634694e+01 4.897622722886664093e+01
4.405355481276978935e+01 4.905891101525509157e+01
4.399701301613633575e+01 4.914138366243788880e+01
4.394016280199181779e+01 4.922364401407584467e+01
4.388300496742633072e+01 4.930569091680630578e+01
4.382554031384310633e+01 4.938752322025938923e+01
4.376776964694723659e+01 4.946913977707407639e+01
4.370969377673438316e+01 4.955053944291428536e+01
4.365131351747945132e+01 4.963172107648496478e+01
4.359262968772512181e+01 4.971268353954805264e+01
4.353364311027041822e+01 4.979342569693846343e+01
4.347435461215913932e+01 4.987394641657996885e+01
4.341476502466829857e+01 4.995424456950112813e+01
4.335487518329642853e+01 5.003431902985103363e+01
4.329468592775189251e+01 5.011416867491519156e+01
4.323419810194111079e+01 5.019379238513120356e+01
4.317341255395670885e+01 5.027318904410444844e+01
4.311233013606565834e+01 5.035235753862379227e+01
4.305095170469728316e+01 5.043129675867717765e+01
4.298927812043130814e+01 5.051000559746714202e+01
4.292731024798573003e+01 5.058848295142639984e+01
4.286504895620474542e+01 5.066672772023326843e+01
4.280249511804654361e+01 5.074473880682712945e+01
4.273964961057107814e+01 5.082251511742379080e+01
4.267651331492773892e+01 5.090005556153081301e+01
4.261308711634305979e+01 5.097735905196283568e+01
4.254937190410823433e+01 5.105442450485679018e+01
4.248536857156671687e+01 5.113125083968708395e+01
4.242107801610161744e+01 5.120783697928079903e+01
4.235650113912322468e+01 5.128418184983274841e+01
4.229163884605623736e+01 5.136028438092055382e+01
4.222649204632720199e+01 5.143614350551965231e+01
4.216106165335165201e+01 5.151175816001826036e+01
4.209534858452138906e+01 5.158712728423226679e+01
4.202935376119154398e+01 5.166224982142011868e+01
4.196307810866771604e+01 5.173712471829762194e+01
4.189652255619296284e+01 5.181175092505274904e+01
4.182968803693479742e+01 5.188612739536029039e+01
4.176257548797208585e+01 5.196025308639656259e+01
4.169518585028193058e+01 5.203412695885405981e+01
4.162752006872644017e+01 5.210774797695597726e+01
4.155957909203952738e+01 5.218111510847074186e+01
4.149136387281354388e+01 5.225422732472650011e+01
4.142287536748600729e+01 5.232708360062554220e+01
4.135411453632612933e+01 5.239968291465866912e+01
4.128508234342136518e+01 5.247202424891949590e+01
4.121577975666390614e+01 5.254410658911876908e+01
4.114620774773710821e+01 5.261592892459852067e+01
4.107636729210184967e+01 5.268749024834632877e+01
4.100625936898289581e+01 5.275878955700933659e+01
4.093588496135510013e+01 5.282982585090840644e+01
4.086524505592969092e+01 5.290059813405207478e+01
4.079434064314042274e+01 5.297110541415055707e+01
4.072317271712964271e+01 5.304134670262963880e+01
4.065174227573440646e+01 5.311132101464454536e+01
4.058005032047246630e+01 5.318102736909374784e+01
4.050809785652822370e+01 5.325046478863271204e+01
4.043588589273863931e+01 5.331963229968761198e+01
4.036341544157910732e+01 5.338852893246897224e+01
4.029068751914921620e+01 5.345715372098529627e+01
4.021770314515853784e+01 5.352550570305653821e+01
4.014446334291234564e+01 5.359358392032766716e+01
4.007096913929720472e+01 5.366138741828207515e+01
3.999722156476663315e+01 5.372891524625496373e+01
3.992322165332663531e+01 5.379616645744665249e+01
3.984897044252117837e+01 5.386314010893589455e+01
3.977446897341770438e+01 5.392983526169305719e+01
3.969971829059247170e+01 5.399625098059331663e+01
3.962471944211592501e+01 5.406238633442974617e+01
3.954947347953804382e+01 5.412824039592640446e+01
3.947398145787353485e+01 5.419381224175129574e+01
3.939824443558708822e+01 5.425910095252935150e+01
3.932226347457852000e+01 5.432410561285529127e+01
3.924603964016785085e+01 5.438882531130648346e+01
3.916957400108044851e+01 5.445325914045571380e+01
3.909286762943195725e+01 5.451740619688389700e+01
3.901592160071332671e+01 5.458126558119278116e+01
3.893873699377569153e+01 5.464483639801748893e+01
3.886131489081527945e+01 5.470811775603914384e+01
3.878365637735821281e+01 5.477110876799733319e+01
3.870576254224530999e+01 5.483380855070254256e+01
3.862763447761678037e+01 5.489621622504855480e+01
3.854927327889696187e+01 5.495833091602476372e+01
3.847068004477893055e+01 5.502015175272846648e+01
3.839185587720909609e+01 5.508167786837704227e+01
3.831280188137177589e+01 5.514290840032009555e+01
3.823351916567366260e+01 5.520384249005162047e+01
3.815400884172831297e+01 5.526447928322196645e+01
3.807427202434055147e+01 5.532481792964983924e+01
3.799430983149083829e+01 5.538485758333424513e+01
3.791412338431960194e+01 5.544459740246630730e+01
3.783371380711150067e+01 5.550403654944111054e+01
3.775308222727969110e+01 5.556317419086943232e+01
3.767222977534998307e+01 5.562200949758939572e+01
3.759115758494503012e+01 5.568054164467815781e+01
3.750986679276839197e+01 5.573876981146341336e+01
3.742835853858862549e+01 5.579669318153494828e+01
3.734663396522329748e+01 5.585431094275605801e+01
3.726469421852296193e+01 5.591162228727495176e+01
3.718254044735509467e+01 5.596862641153605011e+01
3.710017380358797823e+01 5.602532251629128979e+01
3.701759544207454411e+01 5.608170980661131466e+01
3.693480652063622927e+01 5.613778749189661710e+01
3.685180820004666202e+01 5.619355478588861530e+01
3.676860164401546882e+01 5.624901090668069514e+01
3.668518801917189620e+01 5.630415507672915254e+01
3.660156849504849674e+01 5.635898652286412869e+01
3.651774424406468711e+01 5.641350447630042453e+01
3.643371644151037003e+01 5.646770817264827258e+01
3.634948626552938578e+01 5.652159685192407323e+01
3.626505489710304886e+01 5.657516975856104580e+01
3.618042352003355688e+01 5.662842614141981556e+01
3.609559332092742778e+01 5.668136525379895829e+01
3.601056548917880917e+01 5.673398635344545937e+01
3.592534121695285876e+01 5.678628870256511618e+01
3.583992169916898263e+01 5.683827156783289070e+01
3.575430813348411618e+01 5.688993422040319103e+01
3.566850172027590560e+01 5.694127593592011749e+01
3.558250366262590347e+01 5.699229599452752382e+01
3.549631516630267214e+01 5.704299368087924904e+01
3.540993743974490116e+01 5.709336828414903664e+01
3.532337169404444666e+01 5.714341909804054609e+01
3.523661914292937070e+01 5.719314542079725072e+01
3.514968100274690244e+01 5.724254655521227164e+01
3.506255849244639933e+01 5.729162180863816900e+01
3.497525283356224435e+01 5.734037049299662669e+01
3.488776525019672192e+01 5.738879192478812996e+01
3.480009696900287963e+01 5.743688542510152217e+01
3.471224921916727624e+01 5.748465031962352612e+01
3.462422323239280075e+01 5.753208593864825104e+01
3.453602024288137784e+01 5.757919161708647238e+01
3.444764148731666609e+01 5.762596669447508191e+01
3.435908820484671367e+01 5.767241051498624671e+01
3.427036163706658556e+01 5.771852242743668882e+01
3.418146302800098368e+01 5.776430178529673753e+01
3.409239362408675333e+01 5.780974794669944572e+01
3.400315467415545356e+01 5.785486027444957813e+01
3.391374742941579967e+01 5.789963813603254295e+01
3.382417314343619097e+01 5.794408090362323094e+01
3.373443307212706088e+01 5.798818795409489724e+01
3.364452847372330524e+01 5.803195866902778732e+01
3.355446060876663239e+01 5.807539243471791934e+01
3.346423074008791332e+01 5.811848864218560351e+01
3.337384013278942518e+01 5.816124668718403257e+01
3.328329005422715170e+01 5.820366597020772303e+01
3.319258177399301246e+01 5.824574589650093515e+01
3.310171656389704964e+01 5.828748587606602882e+01
3.301069569794959335e+01 5.832888532367167045e+01
3.291952045234341995e+01 5.836994365886114622e+01
3.282819210543581789e+01 5.841066030596039127e+01
3.273671193773073895e+01 5.845103469408611829e+01
3.264508123186074329e+01 5.849106625715382535e+01
3.255330127256910799e+01 5.853075443388571841e+01
3.246137334669173669e+01 5.857009866781858420e+01
3.236929874313919697e+01 5.860909840731156351e+01
3.227707875287858741e+01 5.864775310555394583e+01
3.218471466891544708e+01 5.868606222057279354e+01
3.209220778627563675e+01 5.872402521524054464e+01
3.199955940198721294e+01 5.876164155728254457e+01
3.190677081506216695e+01 5.879891071928453528e+01
3.181384332647827762e+01 5.883583217870000226e+01
3.172077823916083616e+01 5.887240541785754999e+01
3.162757685796440654e+01 5.890862992396813524e+01
3.153424048965450055e+01 5.894450518913224357e+01
3.144077044288927425e+01 5.898003071034703737e+01
3.134716802820114978e+01 5.901520598951339736e+01
3.125343455797850822e+01 5.905003053344290720e+01
3.115957134644720838e+01 5.908450385386476000e+01
3.106557970965221216e+01 5.911862546743262214e+01
3.097146096543910687e+01 5.915239489573140474e+01
3.087721643343565603e+01 5.918581166528393567e+01
3.078284743503325416e+01 5.921887530755768125e+01
3.068835529336844559e+01 5.925158535897121226e+01
3.059374133330434731e+01 5.928394136090078348e+01
3.049900688141206473e+01 5.931594285968671443e+01
3.040415326595211809e+01 5.934758940663981264e+01
3.030918181685580493e+01 5.937888055804758380e+01
3.021409386570655187e+01 5.940981587518049878e+01
3.011889074572123093e+01 5.944039492429814686e+01
3.002357379173152196e+01 5.947061727665530384e+01
2.992814434016511882e+01 5.950048250850795739e+01
2.983260372902704916e+01 5.952999020111923301e+01
2.973695329788088770e+01 5.955913994076527729e+01
2.964119438782999438e+01 5.958793131874102755e+01
2.954532834149869558e+01 5.961636393136600987e+01
2.944935650301344765e+01 5.964443737998990969e+01
2.935328021798402176e+01 5.967215127099825622e+01
2.925710083348462121e+01 5.969950521581786518e+01
2.916081969803498808e+01 5.972649883092230993e+01
2.906443816158150639e+01 5.975313173783731457e+01
2.896795757547826611e+01 5.977940356314606163e+01
2.887137929246812718e+01 5.980531393849439326e+01
2.877470466666374804e+01 5.983086250059601241e+01
2.867793505352858929e+01 5.985604889123755612e+01
2.858107180985791018e+01 5.988087275728363323e+01
2.848411629375978649e+01 5.990533375068176269e+01
2.838706986463599691e+01 5.992943152846724786e+01
2.828993388316302315e+01 5.995316575276801530e+01
2.819270971127292924e+01 5.997653609080930437e+01
2.809539871213431894e+01 5.999954221491839235e+01
2.799800225013316890e+01 6.002218380252914187e+01
2.790052169085371503e+01 6.004446053618652712e+01
2.780295840105931404e+01 6.006637210355111733e+01
2.770531374867330143e+01 6.008791819740341111e+01
2.760758910275976064e+01 6.010909851564819206e+01
2.750978583350436324e+01 6.012991276131872809e+01
2.741190531219514526e+01 6.015036064258094939e+01
2.731394891120329760e+01 6.017044187273752698e+01
2.721591800396389971e+01 6.019015617023192988e+01
2.711781396495667451e+01 6.020950325865233310e+01
2.701963816968672205e+01 6.022848286673548301e+01
2.692139199466522470e+01 6.024709472837055557e+01
2.682307681739015948e+01 6.026533858260285825e+01
2.672469401632696062e+01 6.028321417363745383e+01
2.662624497088921061e+01 6.030072125084281254e+01
2.652773106141931692e+01 6.031785956875428667e+01
2.642915366916911069e+01 6.033462888707753535e+01
2.633051417628052349e+01 6.035102897069194228e+01
2.623181396576617885e+01 6.036705958965389129e+01
2.613305442149004421e+01 6.038272051919994965e+01
2.603423692814796198e+01 6.039801153975011516e+01
2.593536287124829798e+01 6.041293243691076498e+01
2.583643363709246898e+01 6.042748300147780327e+01
2.573745061275554491e+01 6.044166302943946789e+01
2.563841518606677283e+01 6.045547232197927201e+01
2.553932874559012234e+01 6.046891068547876813e+01
2.544019268060482375e+01 6.048197793152024815e+01
2.534100838108589571e+01 6.049467387688941500e+01
2.524177723768463721e+01 6.050699834357791929e+01
2.514250064170914101e+01 6.051895115878586751e+01
2.504317998510478205e+01 6.053053215492425920e+01
2.494381666043471668e+01 6.054174116961733176e+01
2.484441206086033915e+01 6.055257804570480573e+01
2.474496758012175235e+01 6.056304263124413012e+01
2.464548461251822431e+01 6.057313477951259983e+01
2.454596455288864121e+01 6.058285434900938782e+01
2.444640879659197452e+01 6.059220120345756300e+01
2.434681873948766295e+01 6.060117521180600875e+01
2.424719577791609737e+01 6.060977624823118504e+01
2.414754130867899562e+01 6.061800419213901137e+01
2.404785672901986970e+01 6.062585892816644417e+01
2.394814343660438283e+01 6.063334034618316082e+01
2.384840282950078461e+01 6.064044834129309436e+01
2.374863630616029297e+01 6.064718281383588305e+01
2.364884526539751519e+01 6.065354366938829855e+01
2.354903110637079067e+01 6.065953081876551778e+01
2.344919522856261196e+01 6.066514417802244452e+01
2.334933903175997116e+01 6.067038366845481789e+01
2.324946391603478091e+01 6.067524921660039183e+01
2.314957128172418521e+01 6.067974075423987301e+01
2.304966252941096627e+01 6.068385821839794403e+01
2.294973905990388374e+01 6.068760155134413026e+01
2.284980227421807086e+01 6.069097070059360988e+01
2.274985357355534532e+01 6.069396561890793862e+01
2.264989435928457695e+01 6.069658626429571768e+01
2.254992603292206255e+01 6.069883260001319059e+01
2.244994999611185094e+01 6.070070459456475476e+01
2.234996765060610358e+01 6.070220222170340207e+01
2.224998039824542673e+01 6.070332546043105992e+01
2.214998964093922140e+01 6.070407429499894647e+01
2.204999678064605106e+01 6.070444871490774119e+01
2.195000321935394538e+01 6.070444871490774119e+01
2.185001035906077504e+01 6.070407429499894647e+01
2.175001960175457683e+01 6.070332546043105992e+01
2.165003234939389287e+01 6.070220222170340207e+01
2.155005000388814551e+01 6.070070459456475476e+01
2.145007396707793745e+01 6.069883260001319059e+01
2.135010564071542305e+01 6.069658626429571768e+01
2.125014642644465468e+01 6.069396561890793862e+01
2.115019772578192558e+01 6.069097070059360988e+01
2.105026094009611271e+01 6.068760155134413026e+01
2.095033747058903728e+01 6.068385821839794403e+01
2.085042871827581124e+01 6.067974075423987301e+01
2.075053608396521554e+01 6.067524921660039183e+01
2.065066096824002528e+01 6.067038366845481789e+01
2.055080477143739159e+01 6.066514417802244452e+01
2.045096889362920578e+01 6.065953081876551778e+01
2.035115473460248126e+01 6.065354366938829855e+01
2.025136369383970347e+01 6.064718281383588305e+01
2.015159717049921539e+01 6.064044834129309436e+01
2.005185656339561362e+01 6.063334034618316082e+01
1.995214327098012674e+01 6.062585892816644417e+01
1.985245869132100083e+01 6.061800419213901137e+01
1.975280422208390618e+01 6.060977624823118504e+01
1.965318126051233349e+01 6.060117521180600875e+01
1.955359120340802548e+01 6.059220120345756300e+01
1.945403544711135524e+01 6.058285434900938782e+01
1.935451538748177924e+01 6.057313477951259983e+01
1.925503241987824765e+01 6.056304263124413012e+01
1.915558793913965729e+01 6.055257804570480573e+01
1.905618333956528332e+01 6.054174116961733176e+01
1.895682001489522150e+01 6.053053215492425920e+01
1.885749935829086255e+01 6.051895115878586751e+01
1.875822276231536634e+01 6.050699834357791929e+01
1.865899161891410785e+01 6.049467387688942210e+01
1.855980731939517980e+01 6.048197793152024815e+01
1.846067125440988121e+01 6.046891068547876813e+01
1.836158481393323072e+01 6.045547232197927201e+01
1.826254938724445509e+01 6.044166302943946789e+01
1.816356636290753457e+01 6.042748300147780327e+01
1.806463712875170557e+01 6.041293243691076498e+01
1.796576307185203802e+01 6.039801153975011516e+01
1.786694557850995935e+01 6.038272051919994965e+01
1.776818603423382115e+01 6.036705958965389129e+01
1.766948582371948007e+01 6.035102897069194228e+01
1.757084633083089287e+01 6.033462888707753535e+01
1.747226893858069019e+01 6.031785956875428667e+01
1.737375502911079295e+01 6.030072125084281254e+01
1.727530598367304293e+01 6.028321417363746093e+01
1.717692318260984408e+01 6.026533858260285825e+01
1.707860800533477885e+01 6.024709472837056268e+01
1.698036183031328505e+01 6.022848286673548301e+01
1.688218603504332549e+01 6.020950325865233310e+01
1.678408199603610385e+01 6.019015617023193698e+01
1.668605108879670595e+01 6.017044187273752698e+01
1.658809468780486185e+01 6.015036064258094939e+01
1.649021416649564031e+01 6.012991276131872809e+01
1.639241089724024292e+01 6.010909851564819206e+01
1.629468625132670212e+01 6.008791819740341111e+01
1.619704159894068596e+01 6.006637210355111733e+01
1.609947830914629208e+01 6.004446053618652712e+01
1.600199774986683821e+01 6.002218380252914187e+01
1.590460128786568106e+01 5.999954221491839945e+01
1.580729028872707254e+01 5.997653609080931147e+01
1.571006611683698218e+01 5.995316575276801530e+01
1.561293013536400665e+01 5.992943152846724786e+01
1.551588370624021707e+01 5.990533375068176269e+01
1.541892819014209159e+01 5.988087275728363323e+01
1.532206494647141426e+01 5.985604889123755612e+01
1.522529533333625551e+01 5.983086250059601241e+01
1.512862070753187282e+01 5.980531393849439326e+01
1.503204242452173744e+01 5.977940356314606163e+01
1.493556183841849538e+01 5.975313173783731457e+01
1.483918030196501547e+01 5.972649883092230993e+01
1.474289916651538235e+01 5.969950521581786518e+01
1.464671978201598179e+01 5.967215127099825622e+01
1.455064349698655413e+01 5.964443737998990969e+01
1.445467165850130797e+01 5.961636393136600987e+01
1.435880561217000739e+01 5.958793131874102755e+01
1.426304670211911585e+01 5.955913994076527729e+01
1.416739627097295440e+01 5.952999020111923301e+01
1.407185565983488473e+01 5.950048250850796450e+01
1.397642620826848336e+01 5.947061727665530384e+01
1.388110925427877085e+01 5.944039492429814686e+01
1.378590613429345346e+01 5.940981587518049878e+01
1.369081818314419685e+01 5.937888055804758380e+01
1.359584673404788546e+01 5.934758940663981264e+01
1.350099311858794060e+01 5.931594285968672153e+01
1.340625866669565625e+01 5.928394136090078348e+01
1.331164470663155619e+01 5.925158535897121226e+01
1.321715256496675117e+01 5.921887530755768125e+01
1.312278356656435463e+01 5.918581166528394277e+01
1.302853903456089668e+01 5.915239489573140474e+01
1.293442029034779672e+01 5.911862546743262214e+01
1.284042865355280050e+01 5.908450385386476000e+01
1.274656544202150066e+01 5.905003053344290720e+01
1.265283197179885377e+01 5.901520598951339736e+01
1.255922955711073641e+01 5.898003071034703737e+01
1.246575951034550656e+01 5.894450518913224357e+01
1.237242314203560056e+01 5.890862992396813524e+01
1.227922176083916916e+01 5.887240541785754999e+01
1.218615667352173304e+01 5.883583217870000226e+01
1.209322918493784194e+01 5.879891071928453528e+01
1.200044059801279595e+01 5.876164155728254457e+01
1.190779221372436325e+01 5.872402521524054464e+01
1.181528533108456180e+01 5.868606222057279354e+01
1.172292124712142147e+01 5.864775310555394583e+01
1.163070125686080836e+01 5.860909840731156351e+01
1.153862665330826687e+01 5.857009866781858420e+01
1.144669872743090266e+01 5.853075443388571841e+01
1.135491876813926382e+01 5.849106625715383245e+01
1.126328806226926993e+01 5.845103469408611829e+01
1.117180789456418033e+01 5.841066030596039127e+01
1.108047954765659071e+01 5.836994365886114622e+01
1.098930430205041553e+01 5.832888532367167755e+01
1.089828343610296102e+01 5.828748587606602882e+01
1.080741822600699287e+01 5.824574589650094225e+01
1.071670994577285541e+01 5.820366597020772303e+01
1.062615986721058547e+01 5.816124668718403257e+01
1.053576925991209556e+01 5.811848864218561062e+01
1.044553939123337294e+01 5.807539243471792645e+01
1.035547152627669654e+01 5.803195866902778732e+01
1.026556692787294089e+01 5.798818795409489724e+01
1.017582685656381081e+01 5.794408090362323804e+01
1.008625257058418967e+01 5.789963813603253584e+01
9.996845325844544661e+00 5.785486027444957813e+01
9.907606375913241337e+00 5.780974794669944572e+01
9.818536971999012763e+00 5.776430178529673753e+01
9.729638362933409113e+00 5.771852242743668882e+01
9.640911795153289887e+00 5.767241051498624671e+01
9.552358512683335690e+00 5.762596669447508191e+01
9.463979757118622160e+00 5.757919161708647238e+01
9.375776767607192141e+00 5.753208593864824394e+01
9.287750780832720210e+00 5.748465031962352612e+01
9.199903030997118591e+00 5.743688542510152217e+01
9.112234749803272749e+00 5.738879192478812996e+01
9.024747166437755652e+00 5.734037049299662669e+01
8.937441507553600673e+00 5.729162180863816900e+01
8.850318997253097564e+00 5.724254655521227164e+01
8.763380857070631080e+00 5.719314542079725072e+01
8.676628305955546239e+00 5.714341909804053898e+01
8.590062560255097068e+00 5.709336828414903664e+01
8.503684833697324308e+00 5.704299368087924904e+01
8.417496337374096527e+00 5.699229599452752382e+01
8.331498279724090850e+00 5.694127593592011038e+01
8.245691866515885593e+00 5.688993422040319814e+01
8.160078300831019149e+00 5.683827156783289070e+01
8.074658783047143018e+00 5.678628870256511618e+01
7.989434510821183721e+00 5.673398635344545937e+01
7.904406679072568664e+00 5.668136525379895829e+01
7.819576479966437788e+00 5.662842614141980846e+01
7.734945102896954694e+00 5.657516975856104580e+01
7.650513734470617777e+00 5.652159685192407323e+01
7.566283558489635297e+00 5.646770817264827258e+01
7.482255755935314667e+00 5.641350447630043163e+01
7.398431504951512139e+00 5.635898652286413579e+01
7.314811980828100246e+00 5.630415507672915254e+01
7.231398355984532955e+00 5.624901090668068804e+01
7.148191799953339753e+00 5.619355478588861530e+01
7.065193479363777840e+00 5.613778749189661710e+01
6.982404557925459443e+00 5.608170980661132177e+01
6.899826196412030654e+00 5.602532251629129689e+01
6.817459552644910659e+00 5.596862641153605011e+01
6.735305781477039844e+00 5.591162228727495176e+01
6.653366034776698967e+00 5.585431094275605801e+01
6.571641461411376284e+00 5.579669318153494828e+01
6.490133207231609802e+00 5.573876981146341336e+01
6.408842415054973429e+00 5.568054164467815781e+01
6.327770224650015152e+00 5.562200949758939572e+01
6.246917772720314233e+00 5.556317419086943232e+01
6.166286192888506434e+00 5.550403654944111764e+01
6.085876615680406942e+00 5.544459740246631441e+01
6.005690168509161708e+00 5.538485758333424513e+01
5.925727975659448532e+00 5.532481792964983924e+01
5.845991158271690580e+00 5.526447928322196645e+01
5.766480834326340954e+00 5.520384249005162758e+01
5.687198118628227661e+00 5.514290840032009555e+01
5.608144122790907460e+00 5.508167786837704227e+01
5.529319955221076555e+00 5.502015175272848069e+01
5.450726721103045236e+00 5.495833091602477793e+01
5.372365522383219627e+00 5.489621622504854770e+01
5.294237457754693565e+00 5.483380855070254256e+01
5.216343622641783639e+00 5.477110876799733319e+01
5.138685109184724098e+00 5.470811775603914384e+01
5.061263006224315575e+00 5.464483639801748893e+01
4.984078399286683947e+00 5.458126558119278116e+01
4.907132370568049851e+00 5.451740619688390410e+01
4.830425998919558594e+00 5.445325914045571380e+01
4.753960359832149152e+00 5.438882531130647635e+01
4.677736525421483549e+00 5.432410561285529127e+01
4.601755564412911781e+00 5.425910095252935150e+01
4.526018542126465150e+00 5.419381224175129574e+01
4.450526520461959734e+00 5.412824039592641157e+01
4.375280557884078547e+00 5.406238633442975328e+01
4.300281709407538955e+00 5.399625098059331663e+01
4.225531026582299177e+00 5.392983526169306430e+01
4.151029557478818077e+00 5.386314010893589455e+01
4.076778346673368247e+00 5.379616645744665249e+01
4.002778435233366849e+00 5.372891524625496373e+01
3.929030860702798833e+00 5.366138741828207515e+01
3.855536657087657915e+00 5.359358392032766716e+01
3.782296854841462164e+00 5.352550570305653821e+01
3.709312480850790905e+00 5.345715372098530338e+01
3.636584558420899782e+00 5.338852893246898645e+01
3.564114107261353581e+00 5.331963229968761198e+01
3.491902143471772746e+00 5.325046478863271204e+01
3.419949679527530151e+00 5.318102736909375494e+01
3.348257724265589985e+00 5.311132101464455246e+01
3.276827282870357294e+00 5.304134670262964590e+01
3.205659356859580811e+00 5.297110541415055707e+01
3.134754944070305527e+00 5.290059813405207478e+01
3.064115038644906974e+00 5.282982585090841354e+01
2.993740631017104192e+00 5.275878955700933659e+01
2.923632707898146776e+00 5.268749024834632877e+01
2.853792252262891793e+00 5.261592892459852777e+01
2.784220243336090306e+00 5.254410658911876908e+01
2.714917656578638372e+00 5.247202424891951011e+01
2.645885463673874227e+00 5.239968291465868333e+01
2.577124632513999813e+00 5.232708360062555641e+01
2.508636127186466780e+00 5.225422732472651433e+01
2.440420907960476171e+00 5.218111510847074186e+01
2.372479931273556275e+00 5.210774797695597726e+01
2.304814149718065863e+00 5.203412695885405981e+01
2.237424512027910595e+00 5.196025308639656259e+01
2.170311963065206129e+00 5.188612739536029039e+01
2.103477443807047820e+00 5.181175092505274904e+01
2.036921891332294621e+00 5.173712471829763615e+01
1.970646238808463124e+00 5.166224982142011868e+01
1.904651415478614496e+00 5.158712728423226679e+01
1.838938346648347988e+00 5.151175816001826036e+01
1.773507953672805115e+00 5.143614350551965231e+01
1.708361153943766197e+00 5.136028438092055382e+01
1.643498860876785983e+00 5.128418184983274841e+01
1.578921983898382564e+00 5.120783697928080613e+01
1.514631428433293792e+00 5.113125083968709106e+01
1.450628095891769220e+00 5.105442450485679728e+01
1.386912883656943762e+00 5.097735905196284278e+01
1.323486685072264635e+00 5.090005556153082011e+01
1.260350389428928963e+00 5.082251511742379080e+01
1.197504881953459943e+00 5.074473880682712945e+01
1.134951043795261683e+00 5.066672772023326843e+01
1.072689752014269970e+00 5.058848295142639273e+01
1.010721879568691861e+00 5.051000559746714202e+01
9.490482953027132851e-01 5.043129675867717765e+01
8.876698639343416630e-01 5.035235753862379937e+01
8.265874460432911519e-01 5.027318904410445555e+01
7.658018980588892077e-01 5.019379238513118935e+01
7.053140722481039404e-01 5.011416867491519156e+01
6.451248167035714687e-01 5.003431902985103363e+01
5.852349753317049874e-01 4.995424456950112813e+01
5.256453878408606784e-01 4.987394641657996885e+01
4.663568897295853333e-01 4.979342569693846343e+01
4.073703122748781880e-01 4.971268353954805264e+01
3.486864825205486795e-01 4.963172107648496478e+01
2.903062232656097308e-01 4.955053944291427825e+01
2.322303530527598525e-01 4.946913977707406929e+01
1.744596861568901147e-01 4.938752322025938923e+01
1.169950325736657248e-01 4.930569091680630578e+01
5.983719800818221302e-02 4.922364401407584467e+01
2.986983863664249839e-03 4.914138366243789591e+01
-5.355481276978579785e-02 4.905891101525509157e+01
-1.097873991263398352e-01 4.897622722886664803e+01
-1.657099867755746914e-01 4.889333346257210877e+01
-2.213217916335104007e-01 4.881023087861517240e+01
-2.766220339736342737e-01 4.872692064216729335e+01
-3.316099384377970694e-01 4.864340392131142465e+01
-3.862847340471198265e-01 4.855968188702560440e+01
-4.406456542127763498e-01 4.847575571316654930e+01
-4.946919367467437212e-01 4.839162657645318433e+01
-5.484228238725101789e-01 4.830729565645017232e+01
-6.018375622356835208e-01 4.822276413555131569e+01
-6.549354029145391110e-01 4.813803319896307897e+01
-7.077156014305536758e-01 4.805310403468785552e+01
-7.601774177588218606e-01 4.796797783350739763e+01
-8.123201163384443646e-01 4.788265578896606911e+01
-8.641429660828165993e-01 4.779713909735414035e+01
-9.156452403899173476e-01 4.771142895769101244e+01
-9.668262171524588666e-01 4.762552657170837733e+01
-1.017685178768047649e+00 4.753943314383340635e+01
-1.068221412149195970e+00 4.745314988117184640e+01
-1.118434208733379620e+00 4.736667799349109487e+01
-1.168322864492921553e+00 4.728001869320322470e+01
-1.217886679944911066e+00 4.719317319534801669e+01
-1.267124960160955993e+00 4.710614271757589933e+01
-1.316037014776973990e+00 4.701892848013087445e+01
-1.364622158002845254e+00 4.693153170583342870e+01
-1.412879708632040376e+00 4.684395362006335972e+01
-1.460808990051166489e+00 4.675619545074263783e+01
-1.508409330249442348e+00 4.666825842831814697e+01
-1.555680061828145000e+00 4.658014378574444692e+01
-1.602620522009964077e+00 4.649185275846649290e+01
-1.649230052648260170e+00 4.640338658440230546e+01
-1.695508000236337409e+00 4.631474650392561898e+01
-1.741453715916581046e+00 4.622593375984850184e+01
-1.787066555489566611e+00 4.613694959740389123e+01
-1.832345879423055379e+00 4.604779526422819913e+01
-1.877291052861039589e+00 4.595847201034374052e+01
-1.921901445632563821e+00 4.586898108814127539e+01
-1.966176432260599682e+00 4.577932375236240858e+01
-2.010115391970810350e+00 4.568950126008201096e+01
-2.053717708700254718e+00 4.559951487069060505e+01
-2.096982771106016941e+00 4.550936584587667255e+01
-2.139909972573793340e+00 4.541905544960899732e+01
-2.182498711226372734e+00 4.532858494811895866e+01
-2.224748389932109660e+00 4.523795560988271802e+01
-2.266658416313259039e+00 4.514716870560346962e+01
-2.308228202754325054e+00 4.505622550819364847e+01
-2.349457166410246600e+00 4.496512729275703890e+01
-2.390344729214621822e+00 4.487387533657090444e+01
-2.430890317887783425e+00 4.478247091906811761e+01
-2.471093363944838472e+00 4.469091532181915483e+01
-2.510953303703637118e+00 4.459920982851421911e+01
-2.550469578292698714e+00 4.450735572494514258e+01
-2.589641633659020670e+00 4.441535429898740972e+01
-2.628468920575862455e+00 4.432320684058212379e+01
-2.666950894650433668e+00 4.423091464171785958e+01
-2.705087016331543026e+00 4.413847899641258721e+01
-2.742876750917151440e+00 4.404590120069554615e+01
-2.780319568561871790e+00 4.395318255258901274e+01
-2.817414944284390543e+00 4.386032435209017422e+01
-2.854162357974850295e+00 4.376732790115283933e+01
-2.890561294402115067e+00 4.367419450366922717e+01
-2.926611243221024949e+00 4.358092546545164936e+01
-2.962311698979508634e+00 4.348752209421424197e+01
-2.997662161125717262e+00 4.339398569955458385e+01
-3.032662134015016164e+00 4.330031759293538585e+01
-3.067311126916933972e+00 4.320651908766604521e+01
-3.101608654022037115e+00 4.311259149888430642e+01
-3.135554234448783006e+00 4.301853614353773736e+01
-3.169147392250202699e+00 4.292435434036533337e+01
-3.202387656420615514e+00 4.283004740987897208e+01
-3.235274560902222873e+00 4.273561667434496059e+01
-3.267807644591634642e+00 4.264106345776543350e+01
-3.299986451346345717e+00 4.254638908585982904e+01
-3.331810529991120262e+00 4.245159488604627995e+01
-3.363279434324319084e+00 4.235668218742304703e+01
-3.394392723124173727e+00 4.226165232074980338e+01
-3.425149960154946882e+00 4.216650661842905379e+01
-3.455550714173067917e+00 4.207124641448739055e+01
-3.485594558933172493e+00 4.197587304455684887e+01
-3.515281073194071126e+00 4.188038784585613428e+01
-3.544609840724668004e+00 4.178479215717189987e+01
-3.573580450309790990e+00 4.168908731883995245e+01
-3.602192495755968338e+00 4.159327467272647993e+01
-3.630445575897088162e+00 4.149735556220925048e+01
-3.658339294600072122e+00 4.140133133215872618e+01
-3.685873260770399895e+00 4.130520332891924795e+01
-3.713047088357591008e+00 4.120897290029015636e+01
-3.739860396360633388e+00 4.111264139550687702e+01
-3.766312808833319536e+00 4.101621016522201302e+01
-3.792403954889500994e+00 4.091968056148641608e+01
-3.818133468708328593e+00 4.082305393773019375e+01
-3.843500989539325730e+00 4.072633164874380185e+01
-3.868506161707497171e+00 4.062951505065898772e+01
-3.893148634618281534e+00 4.053260550092977610e+01
-3.917428062762500218e+00 4.043560435831347633e+01
-3.941344105721164226e+00 4.033851298285161135e+01
-3.964896428170270326e+00 4.024133273585084680e+01
-3.988084699885501294e+00 4.014406497986389155e+01
-4.010908595746844441e+00 4.004671107867040547e+01
-4.033367795743171058e+00 3.994927239725792845e+01
-4.055461984976691525e+00 3.985175030180263178e+01
-4.077190853667403303e+00 3.975414615965026144e+01
-4.098554097157411036e+00 3.965646133929692496e+01
-4.119551415915214676e+00 3.955869721036989972e+01
-4.140182515539901686e+00 3.946085514360844115e+01
-4.160447106765261083e+00 3.936293651084456968e+01
-4.180344905463872607e+00 3.926494268498382212e+01
-4.199875632651053792e+00 3.916687503998599595e+01
-4.219039014488792816e+00 3.906873495084593628e+01
-4.237834782289592539e+00 3.897052379357418772e+01
-4.256262672520215062e+00 3.887224294517774581e+01
-4.274322426805397868e+00 3.877389378364071604e+01
-4.292013791931470479e+00 3.867547768790504392e+01
-4.309336519849900071e+00 3.857699603785113140e+01
-4.326290367680769577e+00 3.847845021427851719e+01
-4.342875097716195398e+00 3.837984159888649316e+01
-4.359090477423634979e+00 3.828117157425479178e+01
-4.374936279449176624e+00 3.818244152382411016e+01
-4.390412281620715618e+00 3.808365283187678330e+01
-4.405518266951048645e+00 3.798480688351734358e+01
-4.420254023640953989e+00 3.788590506465311591e+01
-4.434619345082133179e+00 3.778694876197477015e+01
-4.448614029860113561e+00 3.768793936293688773e+01
-4.462237881757090463e+00 3.758887825573850705e+01
-4.475490709754641472e+00 3.748976682930369009e+01
-4.488372328036440706e+00 3.739060647326197540e+01
-4.500882555990845191e+00 3.729139857792895896e+01
-4.513021218213431496e+00 3.719214453428678269e+01
-4.524788144509457766e+00 3.709284573396462292e+01
-4.536183169896244038e+00 3.699350356921917182e+01
-4.547206134605492167e+00 3.689411943291515428e+01
-4.557856884085520477e+00 3.679469471850573825e+01
-4.568135269003434473e+00 3.669523082001308723e+01
-4.578041145247215837e+00 3.659572913200871369e+01
-4.587574373927751026e+00 3.649619104959398186e+01
-4.596734821380767499e+00 3.639661796838054642e+01
-4.605522359168720214e+00 3.629701128447076286e+01
-4.613936864082582190e+00 3.619737239443814758e+01
-4.621978218143581785e+00 3.609770269530775977e+01
-4.629646308604840499e+00 3.599800358453661175e+01
-4.636941027952982353e+00 3.589827645999413619e+01
-4.643862273909597604e+00 3.579852271994252533e+01
-4.650409949432731338e+00 3.569874376301712005e+01
-4.656583962718190861e+00 3.559894098820686281e+01
-4.662384227200874420e+00 3.549911579483460145e+01
-4.667810661555961360e+00 3.539926958253755629e+01
-4.672863189700056097e+00 3.529940375124761687e+01
-4.677541740792264591e+00 3.519951970117175932e+01
-4.681846249235167789e+00 3.509961883277241412e+01
-4.685776654675773756e+00 3.499970254674781955e+01
-4.689332902006331238e+00 3.489977224401235389e+01
-4.692514941365111270e+00 3.479982932567695286e+01
-4.695322728137124813e+00 3.469987519302942047e+01
-4.697756222954726724e+00 3.459991124751480385e+01
-4.699815391698173528e+00 3.449993889071571829e+01
-4.701500205496099483e+00 3.439995952433272208e+01
-4.702810640725932245e+00 3.429997455016467001e+01
-4.703746679014219723e+00 3.419998537008902417e+01
-4.704308307236878761e+00 3.409999338604221464e+01
-4.704495517519379888e+00 3.400000000000000000e+01
-4.704308307236878761e+00 3.390000661395777826e+01
-4.703746679014219723e+00 3.380001462991098293e+01
-4.702810640725932245e+00 3.370002544983532289e+01
-4.701500205496099483e+00 3.360004047566728502e+01
-4.699815391698173528e+00 3.350006110928428882e+01
-4.697756222954726724e+00 3.340008875248520326e+01
-4.695322728137124813e+00 3.330012480697057242e+01
-4.692514941365111270e+00 3.320017067432305424e+01
-4.689332902006331238e+00 3.310022775598763900e+01
-4.685776654675773756e+00 3.300029745325218755e+01
-4.681846249235167789e+00 3.290038116722757877e+01
-4.677541740792264591e+00 3.280048029882824778e+01
-4.672863189700056097e+00 3.270059624875239024e+01
-4.667810661555961360e+00 3.260073041746245082e+01
-4.662384227200874420e+00 3.250088420516539145e+01
-4.656583962718190861e+00 3.240105901179314429e+01
-4.650409949432731338e+00 3.230125623698287285e+01
-4.643862273909597604e+00 3.220147728005748178e+01
-4.636941027952982353e+00 3.210172354000585671e+01
-4.629646308604840499e+00 3.200199641546339535e+01
-4.621978218143581785e+00 3.190229730469225089e+01
-4.613936864082582190e+00 3.180262760556185953e+01
-4.605522359168720214e+00 3.170298871552923003e+01
-4.596734821380767499e+00 3.160338203161946424e+01
-4.587574373927751026e+00 3.150380895040601459e+01
-4.578041145247215837e+00 3.140427086799129341e+01
-4.568135269003434473e+00 3.130476917998690567e+01
-4.557856884085524030e+00 3.120530528149426530e+01
-4.547206134605492167e+00 3.110588056708485283e+01
-4.536183169896247591e+00 3.100649643078083528e+01
-4.524788144509457766e+00 3.090715426603537352e+01
-4.513021218213431496e+00 3.080785546571322087e+01
-4.500882555990845191e+00 3.070860142207103394e+01
-4.488372328036440706e+00 3.060939352673803171e+01
-4.475490709754641472e+00 3.051023317069630636e+01
-4.462237881757094016e+00 3.041112174426150006e+01
-4.448614029860113561e+00 3.031206063706311937e+01
-4.434619345082133179e+00 3.021305123802524051e+01
-4.420254023640950436e+00 3.011409493534688053e+01
-4.405518266951048645e+00 3.001519311648265997e+01
-4.390412281620712065e+00 2.991634716812320960e+01
-4.374936279449180176e+00 2.981755847617589339e+01
-4.359090477423634979e+00 2.971882842574520112e+01
-4.342875097716195398e+00 2.962015840111351395e+01
-4.326290367680769577e+00 2.952154978572148991e+01
-4.309336519849900071e+00 2.942300396214887570e+01
-4.292013791931470479e+00 2.932452231209494897e+01
-4.274322426805397868e+00 2.922610621635929107e+01
-4.256262672520215062e+00 2.912775705482225064e+01
-4.237834782289592539e+00 2.902947620642581583e+01
-4.219039014488792816e+00 2.893126504915405661e+01
-4.199875632651053792e+00 2.883312496001401470e+01
-4.180344905463872607e+00 2.873505731501618854e+01
-4.160447106765261083e+00 2.863706348915543742e+01
-4.140182515539898134e+00 2.853914485639155529e+01
-4.119551415915218229e+00 2.844130278963010738e+01
-4.098554097157411036e+00 2.834353866070306793e+01
-4.077190853667403303e+00 2.824585384034974211e+01
-4.055461984976691525e+00 2.814824969819736467e+01
-4.033367795743174611e+00 2.805072760274208932e+01
-4.010908595746847993e+00 2.795328892132959808e+01
-3.988084699885504847e+00 2.785593502013612976e+01
-3.964896428170270326e+00 2.775866726414916030e+01
-3.941344105721167779e+00 2.766148701714840286e+01
-3.917428062762500218e+00 2.756439564168652723e+01
-3.893148634618288639e+00 2.746739449907024522e+01
-3.868506161707497171e+00 2.737048494934102294e+01
-3.843500989539329282e+00 2.727366835125621236e+01
-3.818133468708328593e+00 2.717694606226981335e+01
-3.792403954889508100e+00 2.708031943851360523e+01
-3.766312808833319536e+00 2.698378983477799409e+01
-3.739860396360640493e+00 2.688735860449314075e+01
-3.713047088357594561e+00 2.679102709970985075e+01
-3.685873260770403448e+00 2.669479667108076626e+01
-3.658339294600075675e+00 2.659866866784128092e+01
-3.630445575897095267e+00 2.650264443779077084e+01
-3.602192495755968338e+00 2.640672532727352717e+01
-3.573580450309798096e+00 2.631091268116006532e+01
-3.544609840724671557e+00 2.621520784282810723e+01
-3.515281073194074679e+00 2.611961215414388349e+01
-3.485594558933176046e+00 2.602412695544315824e+01
-3.455550714173075022e+00 2.592875358551262721e+01
-3.425149960154950435e+00 2.583349338157095687e+01
-3.394392723124180833e+00 2.573834767925021083e+01
-3.363279434324322636e+00 2.564331781257696008e+01
-3.331810529991120262e+00 2.554840511395372005e+01
-3.299986451346345717e+00 2.545361091414017451e+01
-3.267807644591641747e+00 2.535893654223458071e+01
-3.235274560902226426e+00 2.526438332565504652e+01
-3.202387656420622619e+00 2.516995259012104214e+01
-3.169147392250202699e+00 2.507564565963467373e+01
-3.135554234448786559e+00 2.498146385646227685e+01
-3.101608654022040668e+00 2.488740850111570069e+01
-3.067311126916933972e+00 2.479348091233396190e+01
-3.032662134015019717e+00 2.469968240706462126e+01
-2.997662161125727920e+00 2.460601430044543037e+01
-2.962311698979512187e+00 2.451247790578576513e+01
-2.926611243221028502e+00 2.441907453454836485e+01
-2.890561294402118619e+00 2.432580549633077993e+01
-2.854162357974853848e+00 2.423267209884717488e+01
-2.817414944284390543e+00 2.413967564790983289e+01
-2.780319568561875343e+00 2.404681744741099436e+01
-2.742876750917151440e+00 2.395409879930446095e+01
-2.705087016331550132e+00 2.386152100358742700e+01
-2.666950894650437220e+00 2.376908535828214752e+01
-2.628468920575869561e+00 2.367679315941789753e+01
-2.589641633659024222e+00 2.358464570101259383e+01
-2.550469578292705819e+00 2.349264427505487873e+01
-2.510953303703640671e+00 2.340079017148578799e+01
-2.471093363944842025e+00 2.330908467818085228e+01
-2.430890317887783425e+00 2.321752908093188950e+01
-2.390344729214632480e+00 2.312612466342910977e+01
-2.349457166410250153e+00 2.303487270724296820e+01
-2.308228202754332159e+00 2.294377449180636575e+01
-2.266658416313262592e+00 2.285283129439653393e+01
-2.224748389932116766e+00 2.276204439011730329e+01
-2.182498711226376287e+00 2.267141505188104844e+01
-2.139909972573796892e+00 2.258094455039100978e+01
-2.096982771106020493e+00 2.249063415412333455e+01
-2.053717708700251166e+00 2.240048512930939140e+01
-2.010115391970813903e+00 2.231049873991798904e+01
-1.966176432260596130e+00 2.222067624763758431e+01
-1.921901445632567373e+00 2.213101891185872816e+01
-1.877291052861039589e+00 2.204152798965625237e+01
-1.832345879423062485e+00 2.195220473577180798e+01
-1.787066555489563058e+00 2.186305040259610166e+01
-1.741453715916584599e+00 2.177406624015149816e+01
-1.695508000236337409e+00 2.168525349607437391e+01
-1.649230052648263722e+00 2.159661341559770165e+01
-1.602620522009960524e+00 2.150814724153350710e+01
-1.555680061828148553e+00 2.141985621425556019e+01
-1.508409330249438796e+00 2.133174157168185303e+01
-1.460808990051166489e+00 2.124380454925736927e+01
-1.412879708632040376e+00 2.115604637993664028e+01
-1.364622158002845254e+00 2.106846829416657840e+01
-1.316037014776970437e+00 2.098107151986912200e+01
-1.267124960160959546e+00 2.089385728242410778e+01
-1.217886679944907513e+00 2.080682680465197620e+01
-1.168322864492928659e+00 2.071998130679678241e+01
-1.118434208733376067e+00 2.063332200650890513e+01
-1.068221412149199523e+00 2.054685011882816070e+01
-1.017685178768044096e+00 2.046056685616659365e+01
-9.668262171524624193e-01 2.037447342829162977e+01
-9.156452403899137948e-01 2.028857104230898400e+01
-8.641429660828201520e-01 2.020286090264586321e+01
-8.123201163384408119e-01 2.011734421103392734e+01
-7.601774177588254133e-01 2.003202216649260947e+01
-7.077156014305501230e-01 1.994689596531213738e+01
-6.549354029145426637e-01 1.986196680103692813e+01
-6.018375622356799681e-01 1.977723586444868076e+01
-5.484228238725137317e-01 1.969270434354983479e+01
-4.946919367467401685e-01 1.960837342354680857e+01
-4.406456542127799025e-01 1.952424428683345781e+01
-3.862847340471162738e-01 1.944031811297438850e+01
-3.316099384378006221e-01 1.935659607868857890e+01
-2.766220339736307210e-01 1.927307935783269954e+01
-2.213217916335139535e-01 1.918976912138483470e+01
-1.657099867755746914e-01 1.910666653742788412e+01
-1.097873991263433879e-01 1.902377277113335907e+01
-5.355481276979290328e-02 1.894108898474491198e+01
2.986983863660697125e-03 1.885861633756211120e+01
5.983719800818931844e-02 1.877635598592415178e+01
1.169950325736657248e-01 1.869430908319369777e+01
1.744596861568936674e-01 1.861247677974060366e+01
2.322303530527598525e-01 1.853086022292593782e+01
2.903062232656132835e-01 1.844946055708571819e+01
3.486864825205451268e-01 1.836827892351503877e+01
4.073703122748781880e-01 1.828731646045195092e+01
4.663568897295817806e-01 1.820657430306154367e+01
5.256453878408642311e-01 1.812605358342002404e+01
5.852349753316978820e-01 1.804575543049888253e+01
6.451248167035750214e-01 1.796568097014896281e+01
7.053140722481003877e-01 1.788583132508481199e+01
7.658018980588892077e-01 1.780620761486879999e+01
8.265874460432875992e-01 1.772681095589555511e+01
8.876698639343416630e-01 1.764764246137620773e+01
9.490482953027097324e-01 1.756870324132282946e+01
1.010721879568695414e+00 1.748999440253285798e+01
1.072689752014262865e+00 1.741151704857361437e+01
1.134951043795254577e+00 1.733327227976673512e+01
1.197504881953449285e+00 1.725526119317288121e+01
1.260350389428925411e+00 1.717748488257621275e+01
1.323486685072257529e+00 1.709994443846918699e+01
1.386912883656940210e+00 1.702264094803716432e+01
1.450628095891758562e+00 1.694557549514321693e+01
1.514631428433290239e+00 1.686874916031291249e+01
1.578921983898371906e+00 1.679216302071921163e+01
1.643498860876778878e+00 1.671581815016725159e+01
1.708361153943751987e+00 1.663971561907945684e+01
1.773507953672798010e+00 1.656385649448034769e+01
1.838938346648340882e+00 1.648824183998174320e+01
1.904651415478607390e+00 1.641287271576774032e+01
1.970646238808452466e+00 1.633775017857989198e+01
2.036921891332291068e+00 1.626287528170237096e+01
2.103477443807030056e+00 1.618824907494725807e+01
2.170311963065202576e+00 1.611387260463971316e+01
2.237424512027896384e+00 1.603974691360344451e+01
2.304814149718065863e+00 1.596587304114593664e+01
2.372479931273552722e+00 1.589225202304402629e+01
2.440420907960476171e+00 1.581888489152926525e+01
2.508636127186449016e+00 1.574577267527350344e+01
2.577124632513992708e+00 1.567291639937445069e+01
2.645885463673863569e+00 1.560031708534133799e+01
2.714917656578631266e+00 1.552797575108050054e+01
2.784220243336079648e+00 1.545589341088124158e+01
2.853792252262884688e+00 1.538407107540147578e+01
2.923632707898139671e+00 1.531250975165367478e+01
2.993740631017100640e+00 1.524121044299066696e+01
3.064115038644892763e+00 1.517017414909160067e+01
3.134754944070305527e+00 1.509940186594792522e+01
3.205659356859566600e+00 1.502889458584945004e+01
3.276827282870353741e+00 1.495865329737036120e+01
3.348257724265575774e+00 1.488867898535546175e+01
3.419949679527523045e+00 1.481897263090625572e+01
3.491902143471765640e+00 1.474953521136729506e+01
3.564114107261346476e+00 1.468036770031239513e+01
3.636584558420889124e+00 1.461147106753102776e+01
3.709312480850783800e+00 1.454284627901470728e+01
3.782296854841451506e+00 1.447449429694347245e+01
3.855536657087654362e+00 1.440641607967233639e+01
3.929030860702788175e+00 1.433861258171793551e+01
4.002778435233363297e+00 1.427108475374503982e+01
4.076778346673361142e+00 1.420383354255335107e+01
4.151029557478810972e+00 1.413685989106411256e+01
4.225531026582284966e+00 1.407016473830694991e+01
4.300281709407531849e+00 1.400374901940668337e+01
4.375280557884064336e+00 1.393761366557026093e+01
4.450526520461956181e+00 1.387175960407359554e+01
4.526018542126454491e+00 1.380618775824871491e+01
4.601755564412904675e+00 1.374089904747065560e+01
4.677736525421479996e+00 1.367589438714471939e+01
4.753960359832142046e+00 1.361117468869352720e+01
4.830425998919544384e+00 1.354674085954429685e+01
4.907132370568035640e+00 1.348259380311611011e+01
4.984078399286666183e+00 1.341873441880723306e+01
5.061263006224297811e+00 1.335516360198252173e+01
5.138685109184709887e+00 1.329188224396087037e+01
5.216343622641790745e+00 1.322889123200266681e+01
5.294237457754679355e+00 1.316619144929747165e+01
5.372365522383223180e+00 1.310378377495144164e+01
5.450726721103038130e+00 1.304166908397522917e+01
5.529319955221069449e+00 1.297984824727152997e+01
5.608144122790900354e+00 1.291832213162296128e+01
5.687198118628224108e+00 1.285709159967990445e+01
5.766480834326337401e+00 1.279615750994837953e+01
5.845991158271683474e+00 1.273552071677803710e+01
5.925727975659466296e+00 1.267518207035014655e+01
6.005690168509154603e+00 1.261514241666575842e+01
6.085876615680412272e+00 1.255540259753368204e+01
6.166286192888490447e+00 1.249596345055889302e+01
6.246917772720319562e+00 1.243682580913056768e+01
6.327770224650000941e+00 1.237799050241061494e+01
6.408842415054975206e+00 1.231945835532184219e+01
6.490133207231615131e+00 1.226123018853658664e+01
6.571641461411378060e+00 1.220330681846504817e+01
6.653366034776704296e+00 1.214568905724393844e+01
6.735305781477038067e+00 1.208837771272505179e+01
6.817459552644903553e+00 1.203137358846395344e+01
6.899826196412025325e+00 1.197467748370871021e+01
6.982404557925454114e+00 1.191829019338868534e+01
7.065193479363772511e+00 1.186221250810338645e+01
7.148191799953334424e+00 1.180644521411138825e+01
7.231398355984547166e+00 1.175098909331930130e+01
7.314811980828094917e+00 1.169584492327085101e+01
7.398431504951515691e+00 1.164101347713586065e+01
7.482255755935298680e+00 1.158649552369957902e+01
7.566283558489640626e+00 1.153229182735172387e+01
7.650513734470601790e+00 1.147840314807593742e+01
7.734945102896958247e+00 1.142483024143895420e+01
7.819576479966443117e+00 1.137157385858018444e+01
7.904406679072573993e+00 1.131863474620103815e+01
7.989434510821187274e+00 1.126601364655454063e+01
8.074658783047139465e+00 1.121371129743488737e+01
8.160078300831013820e+00 1.116172843216711286e+01
8.245691866515880264e+00 1.111006577959680541e+01
8.331498279724085521e+00 1.105872406407989317e+01
8.417496337374091198e+00 1.100770400547247618e+01
8.503684833697320755e+00 1.095700631912075451e+01
8.590062560255111279e+00 1.090663171585095625e+01
8.676628305955540910e+00 1.085658090195946102e+01
8.763380857070634633e+00 1.080685457920274928e+01
8.850318997253079800e+00 1.075745344478773902e+01
8.937441507553606002e+00 1.070837819136183100e+01
9.024747166437739665e+00 1.065962950700338396e+01
9.112234749803276301e+00 1.061120807521186649e+01
9.199903030997123921e+00 1.056311457489848138e+01
9.287750780832723763e+00 1.051534968037646678e+01
9.375776767607197471e+00 1.046791406135175251e+01
9.463979757118616831e+00 1.042080838291353118e+01
9.552358512683330360e+00 1.037403330552492520e+01
9.640911795153284558e+00 1.032758948501375329e+01
9.729638362933405560e+00 1.028147757256331474e+01
9.818536971999005658e+00 1.023569821470326602e+01
9.907606375913236008e+00 1.019025205330055428e+01
9.996845325844562424e+00 1.014513972555041121e+01
1.008625257058418434e+01 1.010036186396746416e+01
1.017582685656381436e+01 1.005591909637675840e+01
1.026556692787292491e+01 1.001181204590511342e+01
1.035547152627670187e+01 9.968041330972209124e+00
1.044553939123334452e+01 9.924607565282087762e+00
1.053576925991208846e+01 9.881511357814392937e+00
1.062615986721057837e+01 9.838753312815967433e+00
1.071670994577284830e+01 9.796334029792276965e+00
1.080741822600698754e+01 9.754254103499061301e+00
1.089828343610295036e+01 9.712514123933978283e+00
1.098930430205040309e+01 9.671114676328325999e+00
1.108047954765658005e+01 9.630056341138857334e+00
1.117180789456416967e+01 9.589339694039619388e+00
1.126328806226925394e+01 9.548965305913888812e+00
1.135491876813924605e+01 9.508933742846178205e+00
1.144669872743090799e+01 9.469245566114274482e+00
1.153862665330824910e+01 9.429901332181426454e+00
1.163070125686080658e+01 9.390901592688436494e+00
1.172292124712139838e+01 9.352246894446057723e+00
1.181528533108456003e+01 9.313937779427206465e+00
1.190779221372434016e+01 9.275974784759469571e+00
1.200044059801279062e+01 9.238358442717458985e+00
1.209322918493783661e+01 9.201089280715468277e+00
1.218615667352172593e+01 9.164167821299997740e+00
1.227922176083916028e+01 9.127594582142446455e+00
1.237242314203558813e+01 9.091370076031868308e+00
1.246575951034549412e+01 9.055494810867759981e+00
1.255922955711072575e+01 9.019969289652966182e+00
1.265283197179884134e+01 8.984794010486606197e+00
1.274656544202148289e+01 8.949969466557099906e+00
1.284042865355278273e+01 8.915496146135243549e+00
1.293442029034780205e+01 8.881374532567370750e+00
1.302853903456088069e+01 8.847605104268602361e+00
1.312278356656435463e+01 8.814188334716057227e+00
1.321715256496672808e+01 8.781124692442325852e+00
1.331164470663155619e+01 8.748414641028791294e+00
1.340625866669563315e+01 8.716058639099227179e+00
1.350099311858793527e+01 8.684057140313282019e+00
1.359584673404787836e+01 8.652410593360183810e+00
1.369081818314419152e+01 8.621119441952419749e+00
1.378590613429344813e+01 8.590184124819508327e+00
1.388110925427876019e+01 8.559605075701860244e+00
1.397642620826847093e+01 8.529382723344696160e+00
1.407185565983487407e+01 8.499517491492042609e+00
1.416739627097294374e+01 8.470009798880763441e+00
1.426304670211909809e+01 8.440860059234729817e+00
1.435880561216998963e+01 8.412068681258976000e+00
1.445467165850131508e+01 8.383636068633990135e+00
1.455064349698653636e+01 8.355562620010093866e+00
1.464671978201598179e+01 8.327848729001740224e+00
1.474289916651535925e+01 8.300494784182141927e+00
1.483918030196501547e+01 8.273501169077693618e+00
1.493556183841847229e+01 8.246868262162692531e+00
1.503204242452173389e+01 8.220596436853941924e+00
1.512862070753186927e+01 8.194686061505613850e+00
1.522529533333624840e+01 8.169137499403991143e+00
1.532206494647140893e+01 8.143951108762447433e+00
1.541892819014207916e+01 8.119127242716370318e+00
1.551588370624020641e+01 8.094666249318240858e+00
1.561293013536399421e+01 8.070568471532755694e+00
1.571006611683696974e+01 8.046834247231991810e+00
1.580729028872705477e+01 8.023463909190695631e+00
1.590460128786566329e+01 8.000457785081604101e+00
1.600199774986684176e+01 7.977816197470854576e+00
1.609947830914629563e+01 7.955539463813469325e+00
1.619704159894068596e+01 7.933627896448882666e+00
1.629468625132670212e+01 7.912081802596588886e+00
1.639241089724024292e+01 7.890901484351807937e+00
1.649021416649564031e+01 7.870087238681271913e+00
1.658809468780485474e+01 7.849639357419054164e+00
1.668605108879670240e+01 7.829558127262469469e+00
1.678408199603609674e+01 7.809843829768066570e+00
1.688218603504332194e+01 7.790496741347670451e+00
1.698036183031327084e+01 7.771517133264520538e+00
1.707860800533478951e+01 7.752905271629437323e+00
1.717692318260983342e+01 7.734661417397145300e+00
1.727530598367305359e+01 7.716785826362542622e+00
1.737375502911077518e+01 7.699278749157187463e+00
1.747226893858069374e+01 7.682140431245713330e+00
1.757084633083089997e+01 7.665371112922464647e+00
1.766948582371948362e+01 7.648971029308054170e+00
1.776818603423382115e+01 7.632940410346112259e+00
1.786694557850995935e+01 7.617279480800046798e+00
1.796576307185203802e+01 7.601988460249888391e+00
1.806463712875170557e+01 7.587067563089231470e+00
1.816356636290752746e+01 7.572516998522200282e+00
1.826254938724444798e+01 7.558336970560535661e+00
1.836158481393322361e+01 7.544527678020727990e+00
1.846067125440987411e+01 7.531089314521235423e+00
1.855980731939516915e+01 7.518022068479748299e+00
1.865899161891411850e+01 7.505326123110581449e+00
1.875822276231535568e+01 7.493001656422084267e+00
1.885749935829087320e+01 7.481048841214128942e+00
1.895682001489520374e+01 7.469467845075737245e+00
1.905618333956528687e+01 7.458258830382668236e+00
1.915558793913966440e+01 7.447421954295190716e+00
1.925503241987825120e+01 7.436957368755866327e+00
1.935451538748177924e+01 7.426865220487403718e+00
1.945403544711135524e+01 7.417145650990615735e+00
1.955359120340802548e+01 7.407798796542433450e+00
1.965318126051233349e+01 7.398824788193998359e+00
1.975280422208389908e+01 7.390223751768811411e+00
1.985245869132099372e+01 7.381995807860992187e+00
1.995214327098011964e+01 7.374141071833555827e+00
2.005185656339560651e+01 7.366659653816835629e+00
2.015159717049920474e+01 7.359551658706902089e+00
2.025136369383971413e+01 7.352817186164113394e+00
2.035115473460247060e+01 7.346456330611704999e+00
2.045096889362921644e+01 7.340469181234485774e+00
2.055080477143737383e+01 7.334855821977559032e+00
2.065066096824003239e+01 7.329616331545178554e+00
2.075053608396522264e+01 7.324750783399611720e+00
2.085042871827581834e+01 7.320259245760130540e+00
2.095033747058903728e+01 7.316141781602059524e+00
2.105026094009611271e+01 7.312398448655869743e+00
2.115019772578192558e+01 7.309029299406390123e+00
2.125014642644465468e+01 7.306034381092064933e+00
2.135010564071541950e+01 7.303413735704282317e+00
2.145007396707793035e+01 7.301167399986805862e+00
2.155005000388813841e+01 7.299295405435241690e+00
2.165003234939388577e+01 7.297797778296601479e+00
2.175001960175456617e+01 7.296674539568940077e+00
2.185001035906078926e+01 7.295925705001049977e+00
2.195000321935393117e+01 7.295551285092258809e+00
2.204999678064605817e+01 7.295551285092258809e+00
2.214998964093920364e+01 7.295925705001049977e+00
2.224998039824542673e+01 7.296674539568940077e+00
2.234996765060610358e+01 7.297797778296601479e+00
2.244994999611185094e+01 7.299295405435241690e+00
2.254992603292205899e+01 7.301167399986805862e+00
2.264989435928457340e+01 7.303413735704282317e+00
2.274985357355533822e+01 7.306034381092064933e+00
2.284980227421806731e+01 7.309029299406390123e+00
2.294973905990387664e+01 7.312398448655869743e+00
2.304966252941095206e+01 7.316141781602059524e+00
2.314957128172417100e+01 7.320259245760130540e+00
2.324946391603476670e+01 7.324750783399611720e+00
2.334933903175996051e+01 7.329616331545178554e+00
2.344919522856261551e+01 7.334855821977559032e+00
2.354903110637077290e+01 7.340469181234485774e+00
2.364884526539752230e+01 7.346456330611704999e+00
2.374863630616027521e+01 7.352817186164109842e+00
2.384840282950078461e+01 7.359551658706902089e+00
2.394814343660438283e+01 7.366659653816835629e+00
2.404785672901986970e+01 7.374141071833555827e+00
2.414754130867899562e+01 7.381995807860988634e+00
2.424719577791609026e+01 7.390223751768811411e+00
2.434681873948765940e+01 7.398824788193994806e+00
2.444640879659196742e+01 7.407798796542433450e+00
2.454596455288863410e+01 7.417145650990612182e+00
2.464548461251821010e+01 7.426865220487403718e+00
2.474496758012173814e+01 7.436957368755866327e+00
2.484441206086032849e+01 7.447421954295190716e+00
2.494381666043470247e+01 7.458258830382664684e+00
2.504317998510478560e+01 7.469467845075737245e+00
2.514250064170911614e+01 7.481048841214128942e+00
2.524177723768463721e+01 7.493001656422084267e+00
2.534100838108587084e+01 7.505326123110581449e+00
2.544019268060482375e+01 7.518022068479748299e+00
2.553932874559011879e+01 7.531089314521231870e+00
2.563841518606676573e+01 7.544527678020724437e+00
2.573745061275553780e+01 7.558336970560535661e+00
2.583643363709246188e+01 7.572516998522196729e+00
2.593536287124828732e+01 7.587067563089227917e+00
2.603423692814795132e+01 7.601988460249888391e+00
2.613305442149002999e+01 7.617279480800046798e+00
2.623181396576616820e+01 7.632940410346108706e+00
2.633051417628050572e+01 7.648971029308054170e+00
2.642915366916909292e+01 7.665371112922464647e+00
2.652773106141929560e+01 7.682140431245713330e+00
2.662624497088921416e+01 7.699278749157183910e+00
2.672469401632693575e+01 7.716785826362539069e+00
2.682307681739015948e+01 7.734661417397141747e+00
2.692139199466520338e+01 7.752905271629433770e+00
2.701963816968671850e+01 7.771517133264516985e+00
2.711781396495666741e+01 7.790496741347666898e+00
2.721591800396389260e+01 7.809843829768063017e+00
2.731394891120329049e+01 7.829558127262465916e+00
2.741190531219513815e+01 7.849639357419050611e+00
2.750978583350435258e+01 7.870087238681271913e+00
2.760758910275974642e+01 7.890901484351807937e+00
2.770531374867329077e+01 7.912081802596588886e+00
2.780295840105930338e+01 7.933627896448882666e+00
2.790052169085369371e+01 7.955539463813469325e+00
2.799800225013314758e+01 7.977816197470851023e+00
2.809539871213432605e+01 8.000457785081604101e+00
2.819270971127293635e+01 8.023463909190692078e+00
2.828993388316301960e+01 8.046834247231988257e+00
2.838706986463599691e+01 8.070568471532752142e+00
2.848411629375978293e+01 8.094666249318240858e+00
2.858107180985791018e+01 8.119127242716366766e+00
2.867793505352858219e+01 8.143951108762443880e+00
2.877470466666374449e+01 8.169137499403987590e+00
2.887137929246812362e+01 8.194686061505610297e+00
2.896795757547825900e+01 8.220596436853938371e+00
2.906443816158151705e+01 8.246868262162688978e+00
2.916081969803497742e+01 8.273501169077693618e+00
2.925710083348463186e+01 8.300494784182141927e+00
2.935328021798400755e+01 8.327848729001736672e+00
2.944935650301345476e+01 8.355562620010090313e+00
2.954532834149867782e+01 8.383636068633986582e+00
2.964119438783000149e+01 8.412068681258972447e+00
2.973695329788089126e+01 8.440860059234726265e+00
2.983260372902704916e+01 8.470009798880763441e+00
2.992814434016511527e+01 8.499517491492039056e+00
3.002357379173152196e+01 8.529382723344692607e+00
3.011889074572123093e+01 8.559605075701856691e+00
3.021409386570654476e+01 8.590184124819504774e+00
3.030918181685579782e+01 8.621119441952416196e+00
3.040415326595211098e+01 8.652410593360180258e+00
3.049900688141205762e+01 8.684057140313278467e+00
3.059374133330435797e+01 8.716058639099223626e+00
3.068835529336843493e+01 8.748414641028787742e+00
3.078284743503326126e+01 8.781124692442322299e+00
3.087721643343563471e+01 8.814188334716053674e+00
3.097146096543911042e+01 8.847605104268598808e+00
3.106557970965219084e+01 8.881374532567367197e+00
3.115957134644720838e+01 8.915496146135239997e+00
3.125343455797850822e+01 8.949969466557096354e+00
3.134716802820114978e+01 8.984794010486602645e+00
3.144077044288926714e+01 9.019969289652962630e+00
3.153424048965449700e+01 9.055494810867756428e+00
3.162757685796440299e+01 9.091370076031861203e+00
3.172077823916082906e+01 9.127594582142442903e+00
3.181384332647826341e+01 9.164167821299994188e+00
3.190677081506215274e+01 9.201089280715464724e+00
3.199955940198719873e+01 9.238358442717451879e+00
3.209220778627565096e+01 9.275974784759466019e+00
3.218471466891543287e+01 9.313937779427202912e+00
3.227707875287859451e+01 9.352246894446057723e+00
3.236929874313918276e+01 9.390901592688432942e+00
3.246137334669174379e+01 9.429901332181422902e+00
3.255330127256907957e+01 9.469245566114270929e+00
3.264508123186074329e+01 9.508933742846171100e+00
3.273671193773073895e+01 9.548965305913885260e+00
3.282819210543581789e+01 9.589339694039612283e+00
3.291952045234341284e+01 9.630056341138853782e+00
3.301069569794958625e+01 9.671114676328322446e+00
3.310171656389704253e+01 9.712514123933971177e+00
3.319258177399300536e+01 9.754254103499057749e+00
3.328329005422714459e+01 9.796334029792273412e+00
3.337384013278941097e+01 9.838753312815963881e+00
3.346423074008789911e+01 9.881511357814389385e+00
3.355446060876664660e+01 9.924607565282087762e+00
3.364452847372329103e+01 9.968041330972205571e+00
3.373443307212706799e+01 1.001181204590510987e+01
3.382417314343617676e+01 1.005591909637675485e+01
3.391374742941580678e+01 1.010036186396746061e+01
3.400315467415543225e+01 1.014513972555040766e+01
3.409239362408675333e+01 1.019025205330055073e+01
3.418146302800098368e+01 1.023569821470325891e+01
3.427036163706658556e+01 1.028147757256331118e+01
3.435908820484670656e+01 1.032758948501374974e+01
3.444764148731665898e+01 1.037403330552492164e+01
3.453602024288137784e+01 1.042080838291352407e+01
3.462422323239279365e+01 1.046791406135174896e+01
3.471224921916726913e+01 1.051534968037646323e+01
3.480009696900286542e+01 1.056311457489847783e+01
3.488776525019671482e+01 1.061120807521186649e+01
3.497525283356225145e+01 1.065962950700337686e+01
3.506255849244638512e+01 1.070837819136182389e+01
3.514968100274690954e+01 1.075745344478773191e+01
3.523661914292935649e+01 1.080685457920274217e+01
3.532337169404445376e+01 1.085658090195945391e+01
3.540993743974487984e+01 1.090663171585095270e+01
3.549631516630267214e+01 1.095700631912074741e+01
3.558250366262589637e+01 1.100770400547247263e+01
3.566850172027590560e+01 1.105872406407988606e+01
3.575430813348411618e+01 1.111006577959680186e+01
3.583992169916897552e+01 1.116172843216710575e+01
3.592534121695285165e+01 1.121371129743488027e+01
3.601056548917880207e+01 1.126601364655453708e+01
3.609559332092742068e+01 1.131863474620103460e+01
3.618042352003354978e+01 1.137157385858017733e+01
3.626505489710303465e+01 1.142483024143895065e+01
3.634948626552939288e+01 1.147840314807593032e+01
3.643371644151035582e+01 1.153229182735171676e+01
3.651774424406469421e+01 1.158649552369957547e+01
3.660156849504847543e+01 1.164101347713585710e+01
3.668518801917189620e+01 1.169584492327084746e+01
3.676860164401544750e+01 1.175098909331929420e+01
3.685180820004665492e+01 1.180644521411138115e+01
3.693480652063621505e+01 1.186221250810337935e+01
3.701759544207453700e+01 1.191829019338867823e+01
3.710017380358796402e+01 1.197467748370870311e+01
3.718254044735508757e+01 1.203137358846394633e+01
3.726469421852295483e+01 1.208837771272504469e+01
3.734663396522329037e+01 1.214568905724393133e+01
3.742835853858861128e+01 1.220330681846504461e+01
3.750986679276837776e+01 1.226123018853657953e+01
3.759115758494501591e+01 1.231945835532183864e+01
3.767222977534999018e+01 1.237799050241061138e+01
3.775308222727967689e+01 1.243682580913056057e+01
3.783371380711150067e+01 1.249596345055888946e+01
3.791412338431958062e+01 1.255540259753367849e+01
3.799430983149083829e+01 1.261514241666575487e+01
3.807427202434053015e+01 1.267518207035013944e+01
3.815400884172830587e+01 1.273552071677803355e+01
3.823351916567365549e+01 1.279615750994837242e+01
3.831280188137176879e+01 1.285709159967990090e+01
3.839185587720909609e+01 1.291832213162295773e+01
3.847068004477892345e+01 1.297984824727152287e+01
3.854927327889694766e+01 1.304166908397522207e+01
3.862763447761676616e+01 1.310378377495143809e+01
3.870576254224531709e+01 1.316619144929746810e+01
3.878365637735820570e+01 1.322889123200265971e+01
3.886131489081528656e+01 1.329188224396086326e+01
3.893873699377569153e+01 1.335516360198251817e+01
3.901592160071332671e+01 1.341873441880722595e+01
3.909286762943195725e+01 1.348259380311610300e+01
3.916957400108044851e+01 1.354674085954428975e+01
3.924603964016785085e+01 1.361117468869351654e+01
3.932226347457851290e+01 1.367589438714471228e+01
3.939824443558708822e+01 1.374089904747065205e+01
3.947398145787353485e+01 1.380618775824870070e+01
3.954947347953803671e+01 1.387175960407359199e+01
3.962471944211591790e+01 1.393761366557024672e+01
3.969971829059245749e+01 1.400374901940667982e+01
3.977446897341771148e+01 1.407016473830695347e+01
3.984897044252117126e+01 1.413685989106409835e+01
3.992322165332663531e+01 1.420383354255335462e+01
3.999722156476661894e+01 1.427108475374502561e+01
4.007096913929720472e+01 1.433861258171792841e+01
4.014446334291234564e+01 1.440641607967233639e+01
4.021770314515854494e+01 1.447449429694346890e+01
4.029068751914921620e+01 1.454284627901470728e+01
4.036341544157910732e+01 1.461147106753102065e+01
4.043588589273863931e+01 1.468036770031238802e+01
4.050809785652822370e+01 1.474953521136728440e+01
4.058005032047246630e+01 1.481897263090624861e+01
4.065174227573440646e+01 1.488867898535544754e+01
4.072317271712964271e+01 1.495865329737035410e+01
4.079434064314041564e+01 1.502889458584943583e+01
4.086524505592969092e+01 1.509940186594791811e+01
4.093588496135510724e+01 1.517017414909160067e+01
4.100625936898288160e+01 1.524121044299065275e+01
4.107636729210186388e+01 1.531250975165367834e+01
4.114620774773709400e+01 1.538407107540146157e+01
4.121577975666391325e+01 1.545589341088123447e+01
4.128508234342136518e+01 1.552797575108050054e+01
4.135411453632613643e+01 1.560031708534133088e+01
4.142287536748600729e+01 1.567291639937445424e+01
4.149136387281354388e+01 1.574577267527349633e+01
4.155957909203952028e+01 1.581888489152925459e+01
4.162752006872644017e+01 1.589225202304401918e+01
4.169518585028193058e+01 1.596587304114593309e+01
4.176257548797208585e+01 1.603974691360343030e+01
4.182968803693479032e+01 1.611387260463970961e+01
4.189652255619294863e+01 1.618824907494724386e+01
4.196307810866770183e+01 1.626287528170236385e+01
4.202935376119154398e+01 1.633775017857989198e+01
4.209534858452137485e+01 1.641287271576772611e+01
4.216106165335165912e+01 1.648824183998174675e+01
4.222649204632718778e+01 1.656385649448033348e+01
4.229163884605624446e+01 1.663971561907944974e+01
4.235650113912322468e+01 1.671581815016725514e+01
4.242107801610161744e+01 1.679216302071920452e+01
4.248536857156670976e+01 1.686874916031291249e+01
4.254937190410823433e+01 1.694557549514320982e+01
4.261308711634305268e+01 1.702264094803715722e+01
4.267651331492773181e+01 1.709994443846917989e+01
4.273964961057106393e+01 1.717748488257620920e+01
4.280249511804653650e+01 1.725526119317286700e+01
4.286504895620473832e+01 1.733327227976672447e+01
4.292731024798571582e+01 1.741151704857359661e+01
4.298927812043129393e+01 1.748999440253284732e+01
4.305095170469729027e+01 1.756870324132283301e+01
4.311233013606565123e+01 1.764764246137618997e+01
4.317341255395670885e+01 1.772681095589555866e+01
4.323419810194109658e+01 1.780620761486878223e+01
4.329468592775189251e+01 1.788583132508480489e+01
4.335487518329642853e+01 1.796568097014896281e+01
4.341476502466829857e+01 1.804575543049887187e+01
4.347435461215913932e+01 1.812605358342002404e+01
4.353364311027041111e+01 1.820657430306153657e+01
4.359262968772512181e+01 1.828731646045194026e+01
4.365131351747945132e+01 1.836827892351502811e+01
4.370969377673438316e+01 1.844946055708570753e+01
4.376776964694722949e+01 1.853086022292592006e+01
4.382554031384309923e+01 1.861247677974059656e+01
4.388300496742632362e+01 1.869430908319368001e+01
4.394016280199180358e+01 1.877635598592414112e+01
4.399701301613634286e+01 1.885861633756211120e+01
4.405355481276977514e+01 1.894108898474489422e+01
4.410978739912634694e+01 1.902377277113335907e+01
4.416570998677556048e+01 1.910666653742786636e+01
4.422132179163351395e+01 1.918976912138482760e+01
4.427662203397361651e+01 1.927307935783268178e+01
4.433160993843779352e+01 1.935659607868856824e+01
4.438628473404711627e+01 1.944031811297438850e+01
4.444064565421277280e+01 1.952424428683344715e+01
4.449469193674674727e+01 1.960837342354680857e+01
4.454842282387250663e+01 1.969270434354982768e+01
4.460183756223567286e+01 1.977723586444867010e+01
4.465493540291453201e+01 1.986196680103691037e+01
4.470771560143054302e+01 1.994689596531213027e+01
4.476017741775881831e+01 2.003202216649259171e+01
4.481232011633843371e+01 2.011734421103391668e+01
4.486414296608282370e+01 2.020286090264586321e+01
4.491564524038990669e+01 2.028857104230897335e+01
4.496682621715246597e+01 2.037447342829162977e+01
4.501768517876803344e+01 2.046056685616657234e+01
4.506822141214919242e+01 2.054685011882815360e+01
4.511843420873336186e+01 2.063332200650888382e+01
4.516832286449292155e+01 2.071998130679677530e+01
4.521788667994491107e+01 2.080682680465197976e+01
4.526712496016095599e+01 2.089385728242410067e+01
4.531603701477696688e+01 2.098107151986912555e+01
4.536462215800284525e+01 2.106846829416657130e+01
4.541287970863203327e+01 2.115604637993662962e+01
4.546080899005115583e+01 2.124380454925734796e+01
4.550840933024943524e+01 2.133174157168184237e+01
4.555568006182814145e+01 2.141985621425554243e+01
4.560262052200995697e+01 2.150814724153349999e+01
4.564923005264826372e+01 2.159661341559770520e+01
4.569550800023633030e+01 2.168525349607436326e+01
4.574145371591658460e+01 2.177406624015150527e+01
4.578706655548954529e+01 2.186305040259608035e+01
4.583234587942305893e+01 2.195220473577179732e+01
4.587729105286102538e+01 2.204152798965623106e+01
4.592190144563256382e+01 2.213101891185871750e+01
4.596617643226059613e+01 2.222067624763758431e+01
4.601011539197081390e+01 2.231049873991798194e+01
4.605371770870024761e+01 2.240048512930939495e+01
4.609698277110601339e+01 2.249063415412332390e+01
4.613990997257379689e+01 2.258094455039100978e+01
4.618249871122637273e+01 2.267141505188102713e+01
4.622474838993211677e+01 2.276204439011729619e+01
4.626665841631325549e+01 2.285283129439651262e+01
4.630822820275432861e+01 2.294377449180635864e+01
4.634945716641025371e+01 2.303487270724297176e+01
4.639034472921462537e+01 2.312612466342910267e+01
4.643089031788778698e+01 2.321752908093188950e+01
4.647109336394483137e+01 2.330908467818084162e+01
4.651095330370363712e+01 2.340079017148578089e+01
4.655046957829269871e+01 2.349264427505485742e+01
4.658964163365902067e+01 2.358464570101258317e+01
4.662846892057585535e+01 2.367679315941787621e+01
4.666695089465043367e+01 2.376908535828214042e+01
4.670508701633154658e+01 2.386152100358742700e+01
4.674287675091714789e+01 2.395409879930444674e+01
4.678031956856187890e+01 2.404681744741099791e+01
4.681741494428437989e+01 2.413967564790981157e+01
4.685416235797485029e+01 2.423267209884716777e+01
4.689056129440211151e+01 2.432580549633075861e+01
4.692661124322102495e+01 2.441907453454835775e+01
4.696231169897951219e+01 2.451247790578576868e+01
4.699766216112571726e+01 2.460601430044542326e+01
4.703266213401501972e+01 2.469968240706462126e+01
4.706731112691693397e+01 2.479348091233395479e+01
4.710160865402203711e+01 2.488740850111569358e+01
4.713555423444878301e+01 2.498146385646225909e+01
4.716914739225019559e+01 2.507564565963466663e+01
4.720238765642061196e+01 2.516995259012102082e+01
4.723527456090222643e+01 2.526438332565503586e+01
4.726780764459164175e+01 2.535893654223458427e+01
4.729998645134634216e+01 2.545361091414016386e+01
4.733181052999112381e+01 2.554840511395372715e+01
4.736327943432431198e+01 2.564331781257693876e+01
4.739439272312417728e+01 2.573834767925020373e+01
4.742514996015493978e+01 2.583349338157093555e+01
4.745555071417307147e+01 2.592875358551261655e+01
4.748559455893317249e+01 2.602412695544316179e+01
4.751528107319407468e+01 2.611961215414387638e+01
4.754460984072467511e+01 2.621520784282811078e+01
4.757358045030979099e+01 2.631091268116005466e+01
4.760219249575596479e+01 2.640672532727351651e+01
4.763044557589708461e+01 2.650264443779074952e+01
4.765833929460006857e+01 2.659866866784127382e+01
4.768587326077039279e+01 2.669479667108074494e+01
4.771304708835759101e+01 2.679102709970984009e+01
4.773986039636064049e+01 2.688735860449314430e+01
4.776631280883331954e+01 2.698378983477798343e+01
4.779240395488950810e+01 2.708031943851360523e+01
4.781813346870832504e+01 2.717694606226979204e+01
4.784350098953932928e+01 2.727366835125620526e+01
4.786850616170748651e+01 2.737048494934099807e+01
4.789314863461828509e+01 2.746739449907023456e+01
4.791742806276250377e+01 2.756439564168653078e+01
4.794134410572117133e+01 2.766148701714839575e+01
4.796489642817027743e+01 2.775866726414916386e+01
4.798808469988550485e+01 2.785593502013611911e+01
4.801090859574684089e+01 2.795328892132958742e+01
4.803336779574316751e+01 2.805072760274206445e+01
4.805546198497668797e+01 2.814824969819735756e+01
4.807719085366740330e+01 2.824585384034972080e+01
4.809855409715740393e+01 2.834353866070306083e+01
4.811955141591521823e+01 2.844130278963011094e+01
4.814018251553989813e+01 2.853914485639154464e+01
4.816044710676526108e+01 2.863706348915544098e+01
4.818034490546386905e+01 2.873505731501616722e+01
4.819987563265105734e+01 2.883312496001400405e+01
4.821903901448878571e+01 2.893126504915403530e+01
4.823783478228959609e+01 2.902947620642580517e+01
4.825626267252021506e+01 2.912775705482225419e+01
4.827432242680539787e+01 2.922610621635928041e+01
4.829201379193146693e+01 2.932452231209495253e+01
4.830933651984990007e+01 2.942300396214886504e+01
4.832629036768076958e+01 2.952154978572147925e+01
4.834287509771618829e+01 2.962015840111349263e+01
4.835909047742363498e+01 2.971882842574519401e+01
4.837493627944917307e+01 2.981755847617587207e+01
4.839041228162071206e+01 2.991634716812319894e+01
4.840551826695104864e+01 3.001519311648266353e+01
4.842025402364095044e+01 3.011409493534686987e+01
4.843461934508213318e+01 3.021305123802524051e+01
4.844861402986011001e+01 3.031206063706309806e+01
4.846223788175709046e+01 3.041112174426148940e+01
4.847549070975463792e+01 3.051023317069628504e+01
4.848837232803644071e+01 3.060939352673802105e+01
4.850088255599084164e+01 3.070860142207103394e+01
4.851302121821343150e+01 3.080785546571321021e+01
4.852478814450945777e+01 3.090715426603537708e+01
4.853618316989624759e+01 3.100649643078082462e+01
4.854720613460548861e+01 3.110588056708484572e+01
4.855785688408552403e+01 3.120530528149424399e+01
4.856813526900343447e+01 3.130476917998689856e+01
4.857804114524721228e+01 3.140427086799127210e+01
4.858757437392775103e+01 3.150380895040600393e+01
4.859673482138076395e+01 3.160338203161946424e+01
4.860552235916871666e+01 3.170298871552921938e+01
4.861393686408258219e+01 3.180262760556185953e+01
4.862197821814358178e+01 3.190229730469222957e+01
4.862964630860484050e+01 3.200199641546338825e+01
4.863694102795297880e+01 3.210172354000583539e+01
4.864386227390959760e+01 3.220147728005747467e+01
4.865040994943272779e+01 3.230125623698287285e+01
4.865658396271818731e+01 3.240105901179313719e+01
4.866238422720087442e+01 3.250088420516539145e+01
4.866781066155596136e+01 3.260073041746244371e+01
4.867286318970005254e+01 3.270059624875237603e+01
4.867754174079226459e+01 3.280048029882822647e+01
4.868184624923516424e+01 3.290038116722756456e+01
4.868577665467577731e+01 3.300029745325216624e+01
4.868933290200632769e+01 3.310022775598763189e+01
4.869251494136511127e+01 3.320017067432305424e+01
4.869532272813712837e+01 3.330012480697055821e+01
4.869775622295472317e+01 3.340008875248520326e+01
4.869981539169817353e+01 3.350006110928426750e+01
4.870150020549610304e+01 3.360004047566727792e+01
4.870281064072592869e+01 3.370002544983530157e+01
4.870374667901421617e+01 3.380001462991097583e+01
4.870430830723687876e+01 3.390000661395777826e+01
4.870449551751937634e+01 3.399999999999999289e+01
