1.157898892083681801e+02 6.828149107479504210e+01
1.158898884526431203e+02 6.828187984778868724e+01
1.159898876969180606e+02 6.828226862078233239e+01
1.160898869411930008e+02 6.828265739377597754e+01
1.161898861854679410e+02 6.828304616676962269e+01
1.162898854297428812e+02 6.828343493976326783e+01
1.163898846740178215e+02 6.828382371275691298e+01
1.164898839182927617e+02 6.828421248575055813e+01
1.165898831625677019e+02 6.828460125874420328e+01
1.166898824068426421e+02 6.828499003173784843e+01
1.167898816511175824e+02 6.828537880473149357e+01
1.168898808953925226e+02 6.828576757772513872e+01
1.169898801396674628e+02 6.828615635071878387e+01
1.170898793839424030e+02 6.828654512371242902e+01
1.171898786282173432e+02 6.828693389670607417e+01
1.172898778724922835e+02 6.828732266969971931e+01
1.173898771167672237e+02 6.828771144269336446e+01
1.174898763610421639e+02 6.828810021568700961e+01
1.175898756053171041e+02 6.828848898868065476e+01
1.176898748495920444e+02 6.828887776167429990e+01
1.177898740938669846e+02 6.828926653466794505e+01
1.178898733381419248e+02 6.828965530766159020e+01
1.179898725824168650e+02 6.829004408065523535e+01
1.180898718266918053e+02 6.829043285364888050e+01
1.181898710709667455e+02 6.829082162664252564e+01
1.182898703152416857e+02 6.829121039963617079e+01
1.183898695595166259e+02 6.829159917262981594e+01
1.184898688037915662e+02 6.829198794562346109e+01
1.185898680480665064e+02 6.829237671861710623e+01
1.186898672923414466e+02 6.829276549161075138e+01
1.187898665366163868e+02 6.829315426460439653e+01
1.188898657808913271e+02 6.829354303759804168e+01
1.189898650251662673e+02 6.829393181059168683e+01
1.190898642694412075e+02 6.829432058358533197e+01
1.191898635137161477e+02 6.829470935657897712e+01
1.192898627579910880e+02 6.829509812957262227e+01
1.193898620022660282e+02 6.829548690256626742e+01
1.194898612465409684e+02 6.829587567555991257e+01
1.195898604908159086e+02 6.829626444855355771e+01
1.196898597350908489e+02 6.829665322154720286e+01
1.197898589793657891e+02 6.829704199454084801e+01
1.198898582236407293e+02 6.829743076753449316e+01
1.199898574679156695e+02 6.829781954052813830e+01
1.200898567121906098e+02 6.829820831352178345e+01
1.201898559564655500e+02 6.829859708651542860e+01
1.202898552007404902e+02 6.829898585950907375e+01
1.203898544450154304e+02 6.829937463250271890e+01
1.204898536892903707e+02 6.829976340549636404e+01
1.205898529335653109e+02 6.830015217849000919e+01
1.206898521778402511e+02 6.830054095148365434e+01
1.207898514221151913e+02 6.830092972447729949e+01
1.208898506663901316e+02 6.830131849747094464e+01
1.209898499106650718e+02 6.830170727046458978e+01
1.210898491549400120e+02 6.830209604345823493e+01
1.211898483992149522e+02 6.830248481645188008e+01
1.212898476434898924e+02 6.830287358944552523e+01
1.213898468877648327e+02 6.830326236243917037e+01
1.214898461320397729e+02 6.830365113543281552e+01
1.215898453763147131e+02 6.830403990842646067e+01
1.216898446205896533e+02 6.830442868142010582e+01
1.217898438648645936e+02 6.830481745441375097e+01
1.218898431091395338e+02 6.830520622740739611e+01
1.219898423534144740e+02 6.830559500040104126e+01
1.220898415976894142e+02 6.830598377339468641e+01
1.221898408419643545e+02 6.830637254638833156e+01
1.222898400862392947e+02 6.830676131938197670e+01
1.223898393305142349e+02 6.830715009237562185e+01
1.224898385747891751e+02 6.830753886536926700e+01
1.225898378190641154e+02 6.830792763836291215e+01
1.226898370633390556e+02 6.830831641135655730e+01
1.227898363076139958e+02 6.830870518435020244e+01
1.228898355518889360e+02 6.830909395734384759e+01
1.229898347961638763e+02 6.830948273033749274e+01
1.230898340404388165e+02 6.830987150333113789e+01
1.231898332847137567e+02 6.831026027632478304e+01
1.232898325289886969e+02 6.831064904931842818e+01
1.233898317732636372e+02 6.831103782231207333e+01
1.234898310175385774e+02 6.831142659530571848e+01
1.235898302618135176e+02 6.831181536829936363e+01
1.236898295060884578e+02 6.831220414129300877e+01
1.237898287503633981e+02 6.831259291428665392e+01
1.238898279946383383e+02 6.831298168728029907e+01
1.239898272389132785e+02 6.831337046027394422e+01
1.240898264831882187e+02 6.831375923326758937e+01
1.241898257274631590e+02 6.831414800626123451e+01
1.242898249717380992e+02 6.831453677925487966e+01
1.243898242160130394e+02 6.831492555224852481e+01
1.244898234602879796e+02 6.831531432524216996e+01
1.245898227045629199e+02 6.831570309823581510e+01
1.246898219488378601e+02 6.831609187122946025e+01
1.247898211931128003e+02 6.831648064422310540e+01
1.248898204373877405e+02 6.831686941721675055e+01
1.249898196816626808e+02 6.831725819021039570e+01
1.250898189259376210e+02 6.831764696320404084e+01
1.251898181702125612e+02 6.831803573619768599e+01
1.252898174144875014e+02 6.831842450919133114e+01
1.253898166587624416e+02 6.831881328218497629e+01
1.254898159030373819e+02 6.831920205517862144e+01
1.255898151473123221e+02 6.831959082817226658e+01
1.256898143915872623e+02 6.831997960116591173e+01
1.257898136358622025e+02 6.832036837415955688e+01
1.258898128801371428e+02 6.832075714715320203e+01
1.259898121244120830e+02 6.832114592014684717e+01
1.260898113686870232e+02 6.832153469314049232e+01
1.261898106129619634e+02 6.832192346613413747e+01
1.262898098572369037e+02 6.832231223912778262e+01
1.263898091015118439e+02 6.832270101212142777e+01
1.264898083457867841e+02 6.832308978511507291e+01
1.265898075900617243e+02 6.832347855810871806e+01
1.266898068343366646e+02 6.832386733110236321e+01
1.267898060786116048e+02 6.832425610409600836e+01
1.268898053228865450e+02 6.832464487708965351e+01
1.269898045671614852e+02 6.832503365008329865e+01
1.270898038114364255e+02 6.832542242307694380e+01
1.271898030557113657e+02 6.832581119607058895e+01
1.272898022999863059e+02 6.832619996906423410e+01
1.273898015442612461e+02 6.832658874205787924e+01
1.274898007885361864e+02 6.832697751505152439e+01
1.275898000328111266e+02 6.832736628804516954e+01
1.276897992770860668e+02 6.832775506103881469e+01
1.277897985213610070e+02 6.832814383403245984e+01
1.278897977656359473e+02 6.832853260702610498e+01
1.279897970099108875e+02 6.832892138001975013e+01
1.280897962541858419e+02 6.832931015301339528e+01
1.281897954984607964e+02 6.832969892600704043e+01
1.282897947427357508e+02 6.833008769900068557e+01
1.283897939870107052e+02 6.833047647199433072e+01
1.284897932312856597e+02 6.833086524498797587e+01
1.285897924755606141e+02 6.833125401798162102e+01
1.286897917198355685e+02 6.833164279097526617e+01
1.287897909641105230e+02 6.833203156396891131e+01
1.288897902083854774e+02 6.833242033696255646e+01
1.289897894526604318e+02 6.833280910995620161e+01
1.290897886969353863e+02 6.833319788294984676e+01
1.291897879412103407e+02 6.833358665594349191e+01
1.292897871854852951e+02 6.833397542893713705e+01
1.293897864297602496e+02 6.833436420193078220e+01
1.294897856740352040e+02 6.833475297492442735e+01
1.295897849183101584e+02 6.833514174791807250e+01
1.296897841625851129e+02 6.833553052091171764e+01
1.297897834068600673e+02 6.833591929390536279e+01
1.298897826511350218e+02 6.833630806689900794e+01
1.299897818954099762e+02 6.833669683989265309e+01
1.300897811396849306e+02 6.833708561288629824e+01
1.301897803839598851e+02 6.833747438587994338e+01
1.302897796282348395e+02 6.833786315887358853e+01
1.303897788725097939e+02 6.833825193186723368e+01
1.304897781167847484e+02 6.833864070486087883e+01
1.305897773610597028e+02 6.833902947785452398e+01
1.306897766053346572e+02 6.833941825084816912e+01
1.307897758496096117e+02 6.833980702384181427e+01
1.308897750938845661e+02 6.834019579683545942e+01
1.309897743381595205e+02 6.834058456982910457e+01
1.310897735824344750e+02 6.834097334282274971e+01
1.311897728267094294e+02 6.834136211581639486e+01
1.312897720709843838e+02 6.834175088881004001e+01
1.313897713152593383e+02 6.834213966180368516e+01
1.314897705595342927e+02 6.834252843479733031e+01
1.315897698038092472e+02 6.834291720779097545e+01
1.316897690480842016e+02 6.834330598078462060e+01
1.317897682923591560e+02 6.834369475377826575e+01
1.318897675366341105e+02 6.834408352677191090e+01
1.319897667809090649e+02 6.834447229976555604e+01
1.320897660251840193e+02 6.834486107275920119e+01
1.321897652694589738e+02 6.834524984575284634e+01
1.322897645137339282e+02 6.834563861874649149e+01
1.323897637580088826e+02 6.834602739174013664e+01
1.324897630022838371e+02 6.834641616473378178e+01
1.325897622465587915e+02 6.834680493772742693e+01
1.326897614908337459e+02 6.834719371072107208e+01
1.327897607351087004e+02 6.834758248371471723e+01
1.328897599793836548e+02 6.834797125670836238e+01
1.329897592236586092e+02 6.834836002970200752e+01
1.330897584679335637e+02 6.834874880269565267e+01
1.331897577122085181e+02 6.834913757568929782e+01
1.332897569564834725e+02 6.834952634868294297e+01
1.333897562007584270e+02 6.834991512167658811e+01
1.334897554450333814e+02 6.835030389467023326e+01
1.335897546893083359e+02 6.835069266766387841e+01
1.336897539335832903e+02 6.835108144065752356e+01
1.337897531778582447e+02 6.835147021365116871e+01
1.338897524221331992e+02 6.835185898664481385e+01
1.339897516664081536e+02 6.835224775963845900e+01
1.340897509106831080e+02 6.835263653263210415e+01
1.341897501549580625e+02 6.835302530562574930e+01
1.342897493992330169e+02 6.835341407861939445e+01
1.343897486435079713e+02 6.835380285161303959e+01
1.344897478877829258e+02 6.835419162460668474e+01
1.345897471320578802e+02 6.835458039760032989e+01
1.346897463763328346e+02 6.835496917059397504e+01
1.347897456206077891e+02 6.835535794358762018e+01
1.348897448648827435e+02 6.835574671658126533e+01
1.349897441091576979e+02 6.835613548957491048e+01
1.350897433534326524e+02 6.835652426256855563e+01
1.351897425977076068e+02 6.835691303556220078e+01
1.352897418419825613e+02 6.835730180855584592e+01
1.353897410862575157e+02 6.835769058154949107e+01
1.354897403305324701e+02 6.835807935454313622e+01
1.355897395748074246e+02 6.835846812753678137e+01
1.356897388190823790e+02 6.835885690053042651e+01
1.357897380633573334e+02 6.835924567352407166e+01
1.358897373076322879e+02 6.835963444651771681e+01
1.359897365519072423e+02 6.836002321951136196e+01
1.360897357961821967e+02 6.836041199250500711e+01
1.361897350404571512e+02 6.836080076549865225e+01
1.362897342847321056e+02 6.836118953849229740e+01
1.363897335290070600e+02 6.836157831148594255e+01
1.364897327732820145e+02 6.836196708447958770e+01
1.365897320175569689e+02 6.836235585747323285e+01
1.366897312618319233e+02 6.836274463046687799e+01
1.367897305061068778e+02 6.836313340346052314e+01
1.368897297503818322e+02 6.836352217645416829e+01
1.369897289946567867e+02 6.836391094944781344e+01
1.370897282389317411e+02 6.836429972244145858e+01
1.371897274832066955e+02 6.836468849543510373e+01
1.372897267274816500e+02 6.836507726842874888e+01
1.373897259717566044e+02 6.836546604142239403e+01
1.374897252160315588e+02 6.836585481441603918e+01
1.375897244603065133e+02 6.836624358740968432e+01
1.376897237045814677e+02 6.836663236040332947e+01
1.377897229488564221e+02 6.836702113339697462e+01
1.378897221931313766e+02 6.836740990639061977e+01
1.379897214374063310e+02 6.836779867938426491e+01
1.380897206816812854e+02 6.836818745237791006e+01
1.381897199259562399e+02 6.836857622537155521e+01
1.382897191702311943e+02 6.836896499836520036e+01
1.383897184145061487e+02 6.836935377135884551e+01
1.384897176587811032e+02 6.836974254435249065e+01
1.385897169030560576e+02 6.837013131734613580e+01
1.386897161473310121e+02 6.837052009033978095e+01
1.387897153916059665e+02 6.837090886333342610e+01
1.388897146358809209e+02 6.837129763632707125e+01
1.389897138801558754e+02 6.837168640932071639e+01
1.390897131244308298e+02 6.837207518231436154e+01
1.391897123687057842e+02 6.837246395530800669e+01
1.392897116129807387e+02 6.837285272830165184e+01
1.393897108572556931e+02 6.837324150129529698e+01
1.394897101015306475e+02 6.837363027428894213e+01
1.395897093458056020e+02 6.837401904728258728e+01
1.396897085900805564e+02 6.837440782027623243e+01
1.397897078343555108e+02 6.837479659326987758e+01
1.398897070786304653e+02 6.837518536626352272e+01
1.399897063229054197e+02 6.837557413925716787e+01
1.400897055671803741e+02 6.837596291225081302e+01
1.401897048114553286e+02 6.837635168524445817e+01
1.402897040557302830e+02 6.837674045823810332e+01
1.403897033000052375e+02 6.837712923123174846e+01
1.404897025442801919e+02 6.837751800422539361e+01
1.405897017885551463e+02 6.837790677721903876e+01
1.406897010328301008e+02 6.837829555021268391e+01
1.407897002771050552e+02 6.837868432320632905e+01
1.408896995213800096e+02 6.837907309619997420e+01
1.409896987656549641e+02 6.837946186919361935e+01
1.410896980099299185e+02 6.837985064218726450e+01
1.411896972542048729e+02 6.838023941518090965e+01
1.412896964984798274e+02 6.838062818817455479e+01
1.413896957427547818e+02 6.838101696116819994e+01
1.414896949870297362e+02 6.838140573416184509e+01
1.415896942313046907e+02 6.838179450715549024e+01
1.416896934755796451e+02 6.838218328014913538e+01
1.417896927198545995e+02 6.838257205314278053e+01
1.418896919641295540e+02 6.838296082613642568e+01
1.419896912084045084e+02 6.838334959913007083e+01
1.420896904526794629e+02 6.838373837212371598e+01
1.421896896969544173e+02 6.838412714511736112e+01
1.422896889412293717e+02 6.838451591811100627e+01
1.423896881855043262e+02 6.838490469110465142e+01
1.424896874297792806e+02 6.838529346409829657e+01
1.425896866740542350e+02 6.838568223709194172e+01
1.426896859183291895e+02 6.838607101008558686e+01
1.427896851626041439e+02 6.838645978307923201e+01
1.428896844068790983e+02 6.838684855607287716e+01
1.429896836511540528e+02 6.838723732906652231e+01
1.430896828954290072e+02 6.838762610206016745e+01
1.431896821397039616e+02 6.838801487505381260e+01
1.432896813839789161e+02 6.838840364804745775e+01
1.433896806282538705e+02 6.838879242104110290e+01
1.434896798725288249e+02 6.838918119403474805e+01
1.435896791168037794e+02 6.838956996702839319e+01
1.436896783610787338e+02 6.838995874002203834e+01
1.437896776053536883e+02 6.839034751301568349e+01
1.438896768496286427e+02 6.839073628600932864e+01
1.439896760939035971e+02 6.839112505900297379e+01
1.440896753381785516e+02 6.839151383199661893e+01
1.441896745824535060e+02 6.839190260499026408e+01
1.443552251508886570e+02 6.839254622575344911e+01
1.443548363778950261e+02 6.849254547002838933e+01
1.443544476049013952e+02 6.859254471430332956e+01
1.443540588319077642e+02 6.869254395857826978e+01
1.443536700589141333e+02 6.879254320285321000e+01
1.443532812859205023e+02 6.889254244712815023e+01
1.443528925129268714e+02 6.899254169140309045e+01
1.443525037399332405e+02 6.909254093567803068e+01
1.443521149669396095e+02 6.919254017995297090e+01
1.443517261939459786e+02 6.929253942422791113e+01
1.443513374209523477e+02 6.939253866850285135e+01
1.443509486479587167e+02 6.949253791277779158e+01
1.443505598749650858e+02 6.959253715705273180e+01
1.443501711019714548e+02 6.969253640132767202e+01
1.443497823289778239e+02 6.979253564560261225e+01
1.443493935559841930e+02 6.989253488987755247e+01
1.443490047829905620e+02 6.999253413415249270e+01
1.443486160099969311e+02 7.009253337842743292e+01
1.443482272370033002e+02 7.019253262270237315e+01
1.443478384640096692e+02 7.029253186697731337e+01
1.443474496910160383e+02 7.039253111125225360e+01
1.443470609180224073e+02 7.049253035552719382e+01
1.443466721450287764e+02 7.059252959980213404e+01
1.443462833720351455e+02 7.069252884407707427e+01
1.443458945990415145e+02 7.079252808835201449e+01
1.443455058260478836e+02 7.089252733262695472e+01
1.443451170530542527e+02 7.099252657690189494e+01
1.443447282800606217e+02 7.109252582117683517e+01
1.443443395070669908e+02 7.119252506545177539e+01
1.443439507340733599e+02 7.129252430972671561e+01
1.443435619610797289e+02 7.139252355400165584e+01
1.443431731880860980e+02 7.149252279827659606e+01
1.443427844150924670e+02 7.159252204255153629e+01
1.443423956420988361e+02 7.169252128682647651e+01
1.443420068691052052e+02 7.179252053110141674e+01
1.443416180961115742e+02 7.189251977537635696e+01
1.443412293231179433e+02 7.199251901965129719e+01
1.443408405501243124e+02 7.209251826392623741e+01
1.443404517771306814e+02 7.219251750820117763e+01
1.443400630041370505e+02 7.229251675247611786e+01
1.443396742311434195e+02 7.239251599675105808e+01
1.443392854581497886e+02 7.249251524102599831e+01
1.443388966851561577e+02 7.259251448530093853e+01
1.443385079121625267e+02 7.269251372957587876e+01
1.443381191391688958e+02 7.279251297385081898e+01
1.443377303661752649e+02 7.289251221812575920e+01
1.443373415931816339e+02 7.299251146240069943e+01
1.443369528201880030e+02 7.309251070667563965e+01
1.443365640471943721e+02 7.319250995095057988e+01
1.443361752742007411e+02 7.329250919522552010e+01
1.443357865012071102e+02 7.339250843950046033e+01
1.443353977282134792e+02 7.349250768377540055e+01
1.443350089552198483e+02 7.359250692805034078e+01
1.443346201822262174e+02 7.369250617232528100e+01
1.443342314092325864e+02 7.379250541660022122e+01
1.443338426362389555e+02 7.389250466087516145e+01
1.443334538632453246e+02 7.399250390515010167e+01
1.443330650902516936e+02 7.409250314942504190e+01
1.443326763172580627e+02 7.419250239369998212e+01
1.443322875442644317e+02 7.429250163797492235e+01
1.443318987712708008e+02 7.439250088224986257e+01
1.443315099982771699e+02 7.449250012652480279e+01
1.443311212252835389e+02 7.459249937079974302e+01
1.443307324522899080e+02 7.469249861507468324e+01
1.443303436792962771e+02 7.479249785934962347e+01
1.443299549063026461e+02 7.489249710362456369e+01
1.443295661333090152e+02 7.499249634789950392e+01
1.443291773603153842e+02 7.509249559217444414e+01
1.443287885873217533e+02 7.519249483644938437e+01
1.443283998143281224e+02 7.529249408072432459e+01
1.443280110413344914e+02 7.539249332499926481e+01
1.443276222683408605e+02 7.549249256927420504e+01
1.443272334953472296e+02 7.559249181354914526e+01
1.443268447223535986e+02 7.569249105782408549e+01
1.443264559493599677e+02 7.579249030209902571e+01
1.443260671763663368e+02 7.589248954637396594e+01
1.443256784033727058e+02 7.599248879064890616e+01
1.443252896303790749e+02 7.609248803492384639e+01
1.443249008573854439e+02 7.619248727919878661e+01
1.443245120843918130e+02 7.629248652347372683e+01
1.443241233113981821e+02 7.639248576774866706e+01
1.443237345384045511e+02 7.649248501202360728e+01
1.443233457654109202e+02 7.659248425629854751e+01
1.443229569924172893e+02 7.669248350057348773e+01
1.443225682194236583e+02 7.679248274484842796e+01
1.443221794464300274e+02 7.689248198912336818e+01
1.443217906734363964e+02 7.699248123339830840e+01
1.443214019004427655e+02 7.709248047767324863e+01
1.443210131274491346e+02 7.719247972194818885e+01
1.443206243544555036e+02 7.729247896622312908e+01
1.443202355814618727e+02 7.739247821049806930e+01
1.443198468084682418e+02 7.749247745477300953e+01
1.443194580354746108e+02 7.759247669904794975e+01
1.443190692624809799e+02 7.769247594332288998e+01
1.443186804894873490e+02 7.779247518759783020e+01
1.443182917164937180e+02 7.789247443187277042e+01
1.443179029435000871e+02 7.799247367614771065e+01
1.443175141705064561e+02 7.809247292042265087e+01
1.443171253975128252e+02 7.819247216469759110e+01
1.443167366245191943e+02 7.829247140897253132e+01
1.443163478515255633e+02 7.839247065324747155e+01
1.443159590785319324e+02 7.849246989752241177e+01
1.443155703055383015e+02 7.859246914179735199e+01
1.443151815325446705e+02 7.869246838607229222e+01
1.443147927595510396e+02 7.879246763034723244e+01
1.443144039865574086e+02 7.889246687462217267e+01
1.443140152135637777e+02 7.899246611889711289e+01
1.443136264405701468e+02 7.909246536317205312e+01
1.443132376675765158e+02 7.919246460744699334e+01
1.443128488945828849e+02 7.929246385172193357e+01
1.443124601215892540e+02 7.939246309599687379e+01
1.443120713485956230e+02 7.949246234027181401e+01
1.443116825756019921e+02 7.959246158454675424e+01
1.443112938026083611e+02 7.969246082882169446e+01
1.443109050296147302e+02 7.979246007309663469e+01
1.443105162566210993e+02 7.989245931737157491e+01
1.443101274836274683e+02 7.999245856164651514e+01
1.443097387106338374e+02 8.009245780592145536e+01
1.443093499376402065e+02 8.019245705019639558e+01
1.443089611646465755e+02 8.029245629447133581e+01
1.443085723916529446e+02 8.039245553874627603e+01
1.443081836186593137e+02 8.049245478302121626e+01
1.443077948456656827e+02 8.059245402729615648e+01
1.443074060726720518e+02 8.069245327157109671e+01
1.443070172996784208e+02 8.079245251584603693e+01
1.443066285266847899e+02 8.089245176012097716e+01
1.443062397536911590e+02 8.099245100439591738e+01
1.443058509806975280e+02 8.109245024867085760e+01
1.443054622077038971e+02 8.119244949294579783e+01
1.443050734347102662e+02 8.129244873722073805e+01
1.443046846617166352e+02 8.139244798149567828e+01
1.443042958887230043e+02 8.149244722577061850e+01
1.443039071157293733e+02 8.159244647004555873e+01
1.443035183427357424e+02 8.169244571432049895e+01
1.443031295697421115e+02 8.179244495859543918e+01
1.443027407967484805e+02 8.189244420287037940e+01
1.443023520237548496e+02 8.199244344714531962e+01
1.443019632507612187e+02 8.209244269142025985e+01
1.443015744777675877e+02 8.219244193569520007e+01
1.443011857047739568e+02 8.229244117997014030e+01
1.443007969317803258e+02 8.239244042424508052e+01
1.443004081587866949e+02 8.249243966852002075e+01
1.443000193857930640e+02 8.259243891279496097e+01
1.442996306127994330e+02 8.269243815706990119e+01
1.442992418398058021e+02 8.279243740134484142e+01
1.442988530668121712e+02 8.289243664561978164e+01
1.442984642938185402e+02 8.299243588989472187e+01
1.442980755208249093e+02 8.309243513416966209e+01
1.442976867478312784e+02 8.319243437844460232e+01
1.442972979748376474e+02 8.329243362271954254e+01
1.442969092018440165e+02 8.339243286699448277e+01
1.442965204288503855e+02 8.349243211126942299e+01
1.442961316558567546e+02 8.359243135554436321e+01
1.442957428828631237e+02 8.369243059981930344e+01
1.442953541098694927e+02 8.379242984409424366e+01
1.442949653368758618e+02 8.389242908836918389e+01
1.442945765638822309e+02 8.399242833264412411e+01
1.442941877908885999e+02 8.409242757691906434e+01
1.442937990178949690e+02 8.419242682119400456e+01
1.442934102449013380e+02 8.429242606546894478e+01
1.442930214719077071e+02 8.439242530974388501e+01
1.442926326989140762e+02 8.449242455401882523e+01
1.442922439259204452e+02 8.459242379829376546e+01
1.442918551529268143e+02 8.469242304256870568e+01
1.442914663799331834e+02 8.479242228684364591e+01
1.442910776069395524e+02 8.489242153111858613e+01
1.442906888339459215e+02 8.499242077539352636e+01
1.442903000609522906e+02 8.509242001966846658e+01
1.442899112879586596e+02 8.519241926394340680e+01
1.442895225149650287e+02 8.529241850821834703e+01
1.442891337419713977e+02 8.539241775249328725e+01
1.442887449689777668e+02 8.549241699676822748e+01
1.442883561959841359e+02 8.559241624104316770e+01
1.442879674229905049e+02 8.569241548531810793e+01
1.442875786499968740e+02 8.579241472959304815e+01
1.442871898770032431e+02 8.589241397386798837e+01
1.442868011040096121e+02 8.599241321814292860e+01
1.442864123310159812e+02 8.609241246241786882e+01
1.442860235580223502e+02 8.619241170669280905e+01
1.442856347850287193e+02 8.629241095096774927e+01
1.442852460120350884e+02 8.639241019524268950e+01
1.442848572390414574e+02 8.649240943951762972e+01
1.442844684660478265e+02 8.659240868379256995e+01
1.442840796930541956e+02 8.669240792806751017e+01
1.442836909200605646e+02 8.679240717234245039e+01
1.442833021470669337e+02 8.689240641661739062e+01
1.442829133740733027e+02 8.699240566089233084e+01
1.442825246010796718e+02 8.709240490516727107e+01
1.442821358280860409e+02 8.719240414944221129e+01
1.442817470550924099e+02 8.729240339371715152e+01
1.442813582820987790e+02 8.739240263799209174e+01
1.442809695091051481e+02 8.749240188226703197e+01
1.442805807361115171e+02 8.759240112654197219e+01
1.442801919631178862e+02 8.769240037081691241e+01
1.442798031901242553e+02 8.779239961509185264e+01
1.442794144171306243e+02 8.789239885936679286e+01
1.442790256441369934e+02 8.799239810364173309e+01
1.442786368711433624e+02 8.809239734791667331e+01
1.442782480981497315e+02 8.819239659219161354e+01
1.442778593251561006e+02 8.829239583646655376e+01
1.442774705521624696e+02 8.839239508074149398e+01
1.442770817791688387e+02 8.849239432501643421e+01
1.442766930061752078e+02 8.859239356929137443e+01
1.442763042331815768e+02 8.869239281356631466e+01
1.442759154601879459e+02 8.879239205784125488e+01
1.442755266871943149e+02 8.889239130211619511e+01
1.442751379142006840e+02 8.899239054639113533e+01
1.442747491412070531e+02 8.909238979066607556e+01
1.442743603682134221e+02 8.919238903494101578e+01
1.442739715952197912e+02 8.929238827921595600e+01
1.442735828222261603e+02 8.939238752349089623e+01
1.442731940492325293e+02 8.949238676776583645e+01
1.442728052762388984e+02 8.959238601204077668e+01
1.442724165032452674e+02 8.969238525631571690e+01
1.442720277302516365e+02 8.979238450059065713e+01
1.442716389572580056e+02 8.989238374486559735e+01
1.442712501842643746e+02 8.999238298914053757e+01
1.442708614112707437e+02 9.009238223341547780e+01
1.442704726382771128e+02 9.019238147769041802e+01
1.442700838652834818e+02 9.029238072196535825e+01
1.442696950922898509e+02 9.039237996624029847e+01
1.442693063192962200e+02 9.049237921051523870e+01
1.442689175463025890e+02 9.059237845479017892e+01
1.442685287733089581e+02 9.069237769906511915e+01
1.442681400003153271e+02 9.079237694334005937e+01
1.442677512273216962e+02 9.089237618761499959e+01
1.442673624543280653e+02 9.099237543188993982e+01
1.442669736813344343e+02 9.109237467616488004e+01
1.442665849083408034e+02 9.119237392043982027e+01
1.442661961353471725e+02 9.129237316471476049e+01
1.442658073623535415e+02 9.139237240898970072e+01
1.442654185893599106e+02 9.149237165326464094e+01
1.442650298163662796e+02 9.159237089753958116e+01
1.442646410433726487e+02 9.169237014181452139e+01
1.442642522703790178e+02 9.179236938608946161e+01
1.442638634973853868e+02 9.189236863036440184e+01
1.442634747243917559e+02 9.199236787463934206e+01
1.442630859513981250e+02 9.209236711891428229e+01
1.442626971784044940e+02 9.219236636318922251e+01
1.442623084054108631e+02 9.229236560746416274e+01
1.442619196324172322e+02 9.239236485173910296e+01
1.442615308594236012e+02 9.249236409601404318e+01
1.442611420864299703e+02 9.259236334028898341e+01
1.442607533134363393e+02 9.269236258456392363e+01
1.442603645404427084e+02 9.279236182883886386e+01
1.442599757674490775e+02 9.289236107311380408e+01
1.442595869944554465e+02 9.299236031738874431e+01
1.442591982214618156e+02 9.309235956166368453e+01
1.442588094484681847e+02 9.319235880593862476e+01
1.442584206754745537e+02 9.329235805021356498e+01
1.442580319024809228e+02 9.339235729448850520e+01
1.442576431294872918e+02 9.349235653876344543e+01
1.442572543564936609e+02 9.359235578303838565e+01
1.442568655835000300e+02 9.369235502731332588e+01
1.442564768105063990e+02 9.379235427158826610e+01
1.442560880375127681e+02 9.389235351586320633e+01
1.442556992645191372e+02 9.399235276013814655e+01
1.442553104915255062e+02 9.409235200441308677e+01
1.442549217185318753e+02 9.419235124868802700e+01
1.442545329455382443e+02 9.429235049296296722e+01
1.442541441725446134e+02 9.439234973723790745e+01
1.442537553995509825e+02 9.449234898151284767e+01
1.442533666265573515e+02 9.459234822578778790e+01
1.442529778535637206e+02 9.469234747006272812e+01
1.442525890805700897e+02 9.479234671433766835e+01
1.442522003075764587e+02 9.489234595861260857e+01
1.442518115345828278e+02 9.499234520288754879e+01
1.442514227615891969e+02 9.509234444716248902e+01
1.442510339885955659e+02 9.519234369143742924e+01
1.442506452156019350e+02 9.529234293571236947e+01
1.442502564426083040e+02 9.539234217998730969e+01
1.442498676696146731e+02 9.549234142426224992e+01
1.442494788966210422e+02 9.559234066853719014e+01
1.442490901236274112e+02 9.569233991281213036e+01
1.442487013506337803e+02 9.579233915708707059e+01
1.442483125776401494e+02 9.589233840136201081e+01
1.442479238046465184e+02 9.599233764563695104e+01
1.442475350316528875e+02 9.609233688991189126e+01
1.442471462586592565e+02 9.619233613418683149e+01
1.442467574856656256e+02 9.629233537846177171e+01
1.442463687126719947e+02 9.639233462273671194e+01
1.442459799396783637e+02 9.649233386701165216e+01
1.442455911666847328e+02 9.659233311128659238e+01
1.442452023936911019e+02 9.669233235556153261e+01
1.442448136206974709e+02 9.679233159983647283e+01
1.442444248477038400e+02 9.689233084411141306e+01
1.442440360747102090e+02 9.699233008838635328e+01
1.442436473017165781e+02 9.709232933266129351e+01
1.442432585287229472e+02 9.719232857693623373e+01
1.442428697557293162e+02 9.729232782121117395e+01
1.442424809827356853e+02 9.739232706548611418e+01
1.442420922097420544e+02 9.749232630976105440e+01
1.442417034367484234e+02 9.759232555403599463e+01
1.442413146637547925e+02 9.769232479831093485e+01
1.442409258907611616e+02 9.779232404258587508e+01
1.442405371177675306e+02 9.789232328686081530e+01
1.442401483447738997e+02 9.799232253113575553e+01
1.442397595717802687e+02 9.809232177541069575e+01
1.442393707987866378e+02 9.819232101968563597e+01
1.442389820257930069e+02 9.829232026396057620e+01
1.442385932527993759e+02 9.839231950823551642e+01
1.442382044798057450e+02 9.849231875251045665e+01
1.442378157068121141e+02 9.859231799678539687e+01
1.442374269338184831e+02 9.869231724106033710e+01
1.442370381608248522e+02 9.879231648533527732e+01
1.442366493878312212e+02 9.889231572961021755e+01
1.442362606148375903e+02 9.899231497388515777e+01
1.442358718418439594e+02 9.909231421816009799e+01
1.442354830688503284e+02 9.919231346243503822e+01
1.442350942958566975e+02 9.929231270670997844e+01
1.442347055228630666e+02 9.939231195098491867e+01
1.442343167498694356e+02 9.949231119525985889e+01
1.442339279768758047e+02 9.959231043953479912e+01
1.442335392038821738e+02 9.969230968380973934e+01
1.442331504308885428e+02 9.979230892808467956e+01
1.442327616578949119e+02 9.989230817235961979e+01
1.442323728849012809e+02 9.999230741663456001e+01
1.442319841119076500e+02 1.000923066609095002e+02
1.442315953389140191e+02 1.001923059051844405e+02
1.442312065659203881e+02 1.002923051494593807e+02
1.442308177929267572e+02 1.003923043937343209e+02
1.442304290199331263e+02 1.004923036380092611e+02
1.442300402469394953e+02 1.005923028822842014e+02
1.442296514739458644e+02 1.006923021265591416e+02
1.442292627009522334e+02 1.007923013708340818e+02
1.442288739279586025e+02 1.008923006151090220e+02
1.442284851549649716e+02 1.009922998593839623e+02
1.442280963819713406e+02 1.010922991036589025e+02
1.442277076089777097e+02 1.011922983479338427e+02
1.442273188359840788e+02 1.012922975922087829e+02
1.442269300629904478e+02 1.013922968364837232e+02
1.442265412899968169e+02 1.014922960807586634e+02
1.442261525170031859e+02 1.015922953250336036e+02
1.442257637440095550e+02 1.016922945693085438e+02
1.442253749710159241e+02 1.017922938135834841e+02
1.442249861980222931e+02 1.018922930578584243e+02
1.442245974250286622e+02 1.019922923021333645e+02
1.442242086520350313e+02 1.020922915464083047e+02
1.442238198790414003e+02 1.021922907906832449e+02
1.442234311060477694e+02 1.022922900349581852e+02
1.442230423330541385e+02 1.023922892792331254e+02
1.442226535600605075e+02 1.024922885235080656e+02
1.442222647870668766e+02 1.025922877677830058e+02
1.442218760140732456e+02 1.026922870120579461e+02
1.442214872410796147e+02 1.027922862563328863e+02
1.442210984680859838e+02 1.028922855006078265e+02
1.442207096950923528e+02 1.029922847448827667e+02
1.442203209220987219e+02 1.030922839891577070e+02
1.442199321491050910e+02 1.031922832334326472e+02
1.442195433761114600e+02 1.032922824777075874e+02
1.442191546031178291e+02 1.033922817219825276e+02
1.442187658301241981e+02 1.034922809662574679e+02
1.442183770571305672e+02 1.035922802105324081e+02
1.442179882841369363e+02 1.036922794548073483e+02
1.442175995111433053e+02 1.037922786990822885e+02
1.442172107381496744e+02 1.038922779433572288e+02
1.442168219651560435e+02 1.039922771876321690e+02
1.442164331921624125e+02 1.040922764319071092e+02
1.442160444191687816e+02 1.041922756761820494e+02
1.442156556461751507e+02 1.042922749204569897e+02
1.442152668731815197e+02 1.043922741647319299e+02
1.442148781001878888e+02 1.044922734090068701e+02
1.442144893271942578e+02 1.045922726532818103e+02
1.442141005542006269e+02 1.046922718975567506e+02
1.442137117812069960e+02 1.047922711418316908e+02
1.442133230082133650e+02 1.048922703861066310e+02
1.442129342352197341e+02 1.049922696303815712e+02
1.442125454622261032e+02 1.050922688746565115e+02
1.442121566892324722e+02 1.051922681189314517e+02
1.442117679162388413e+02 1.052922673632063919e+02
1.442113791432452103e+02 1.053922666074813321e+02
1.442109903702515794e+02 1.054922658517562724e+02
1.442106015972579485e+02 1.055922650960312126e+02
1.442101107916318199e+02 1.057185089252049579e+02
1.441101115473568655e+02 1.057181201522113128e+02
1.440101123030819110e+02 1.057177313792176676e+02
1.439101130588069566e+02 1.057173426062240225e+02
1.438101138145320022e+02 1.057169538332303773e+02
1.437101145702570477e+02 1.057165650602367322e+02
1.436101153259820933e+02 1.057161762872430870e+02
1.435101160817071388e+02 1.057157875142494419e+02
1.434101168374321844e+02 1.057153987412557967e+02
1.433101175931572300e+02 1.057150099682621516e+02
1.432101183488822755e+02 1.057146211952685064e+02
1.431101191046073211e+02 1.057142324222748613e+02
1.430101198603323667e+02 1.057138436492812161e+02
1.429101206160574122e+02 1.057134548762875710e+02
1.428101213717824578e+02 1.057130661032939258e+02
1.427101221275075034e+02 1.057126773303002807e+02
1.426101228832325489e+02 1.057122885573066355e+02
1.425101236389575945e+02 1.057118997843129904e+02
1.424101243946826401e+02 1.057115110113193452e+02
1.423101251504076856e+02 1.057111222383257001e+02
1.422101259061327312e+02 1.057107334653320549e+02
1.421101266618577768e+02 1.057103446923384098e+02
1.420101274175828223e+02 1.057099559193447647e+02
1.419101281733078679e+02 1.057095671463511195e+02
1.418101289290329134e+02 1.057091783733574744e+02
1.417101296847579590e+02 1.057087896003638292e+02
1.416101304404830046e+02 1.057084008273701841e+02
1.415101311962080501e+02 1.057080120543765389e+02
1.414101319519330957e+02 1.057076232813828938e+02
1.413101327076581413e+02 1.057072345083892486e+02
1.412101334633831868e+02 1.057068457353956035e+02
1.411101342191082324e+02 1.057064569624019583e+02
1.410101349748332780e+02 1.057060681894083132e+02
1.409101357305583235e+02 1.057056794164146680e+02
1.408101364862833691e+02 1.057052906434210229e+02
1.407101372420084147e+02 1.057049018704273777e+02
1.406101379977334602e+02 1.057045130974337326e+02
1.405101387534585058e+02 1.057041243244400874e+02
1.404101395091835514e+02 1.057037355514464423e+02
1.403101402649085969e+02 1.057033467784527971e+02
1.402101410206336425e+02 1.057029580054591520e+02
1.401101417763586880e+02 1.057025692324655068e+02
1.400101425320837336e+02 1.057021804594718617e+02
1.399101432878087792e+02 1.057017916864782165e+02
1.398101440435338247e+02 1.057014029134845714e+02
1.397101447992588703e+02 1.057010141404909263e+02
1.396101455549839159e+02 1.057006253674972811e+02
1.395101463107089614e+02 1.057002365945036360e+02
1.394101470664340070e+02 1.056998478215099908e+02
1.393101478221590526e+02 1.056994590485163457e+02
1.392101485778840981e+02 1.056990702755227005e+02
1.391101493336091437e+02 1.056986815025290554e+02
1.390101500893341893e+02 1.056982927295354102e+02
1.389101508450592348e+02 1.056979039565417651e+02
1.388101516007842804e+02 1.056975151835481199e+02
1.387101523565093260e+02 1.056971264105544748e+02
1.386101531122343715e+02 1.056967376375608296e+02
1.385101538679594171e+02 1.056963488645671845e+02
1.384101546236844626e+02 1.056959600915735393e+02
1.383101553794095082e+02 1.056955713185798942e+02
1.382101561351345538e+02 1.056951825455862490e+02
1.381101568908595993e+02 1.056947937725926039e+02
1.380101576465846449e+02 1.056944049995989587e+02
1.379101584023096905e+02 1.056940162266053136e+02
1.378101591580347360e+02 1.056936274536116684e+02
1.377101599137597816e+02 1.056932386806180233e+02
1.376101606694848272e+02 1.056928499076243781e+02
1.375101614252098727e+02 1.056924611346307330e+02
1.374101621809349183e+02 1.056920723616370879e+02
1.373101629366599639e+02 1.056916835886434427e+02
1.372101636923850094e+02 1.056912948156497976e+02
1.371101644481100550e+02 1.056909060426561524e+02
1.370101652038351006e+02 1.056905172696625073e+02
1.369101659595601461e+02 1.056901284966688621e+02
1.368101667152851917e+02 1.056897397236752170e+02
1.367101674710102373e+02 1.056893509506815718e+02
1.366101682267352828e+02 1.056889621776879267e+02
1.365101689824603284e+02 1.056885734046942815e+02
1.364101697381853739e+02 1.056881846317006364e+02
1.363101704939104195e+02 1.056877958587069912e+02
1.362101712496354651e+02 1.056874070857133461e+02
1.361101720053605106e+02 1.056870183127197009e+02
1.360101727610855562e+02 1.056866295397260558e+02
1.359101735168106018e+02 1.056862407667324106e+02
1.358101742725356473e+02 1.056858519937387655e+02
1.357101750282606929e+02 1.056854632207451203e+02
1.356101757839857385e+02 1.056850744477514752e+02
1.355101765397107840e+02 1.056846856747578300e+02
1.354101772954358296e+02 1.056842969017641849e+02
1.353101780511608752e+02 1.056839081287705397e+02
1.352101788068859207e+02 1.056835193557768946e+02
1.351101795626109663e+02 1.056831305827832495e+02
1.350101803183360119e+02 1.056827418097896043e+02
1.349101810740610574e+02 1.056823530367959592e+02
1.348101818297861030e+02 1.056819642638023140e+02
1.347101825855111485e+02 1.056815754908086689e+02
1.346101833412361941e+02 1.056811867178150237e+02
1.345101840969612397e+02 1.056807979448213786e+02
1.344101848526862852e+02 1.056804091718277334e+02
1.343101856084113308e+02 1.056800203988340883e+02
1.342101863641363764e+02 1.056796316258404431e+02
1.341101871198614219e+02 1.056792428528467980e+02
1.340101878755864675e+02 1.056788540798531528e+02
1.339101886313115131e+02 1.056784653068595077e+02
1.338101893870365586e+02 1.056780765338658625e+02
1.337101901427616042e+02 1.056776877608722174e+02
1.336101908984866498e+02 1.056772989878785722e+02
1.335101916542116953e+02 1.056769102148849271e+02
1.334101924099367409e+02 1.056765214418912819e+02
1.333101931656617865e+02 1.056761326688976368e+02
1.332101939213868320e+02 1.056757438959039916e+02
1.331101946771118776e+02 1.056753551229103465e+02
1.330101954328369231e+02 1.056749663499167013e+02
1.329101961885619687e+02 1.056745775769230562e+02
1.328101969442870143e+02 1.056741888039294111e+02
1.327101977000120598e+02 1.056738000309357659e+02
1.326101984557371054e+02 1.056734112579421208e+02
1.325101992114621510e+02 1.056730224849484756e+02
1.324101999671871965e+02 1.056726337119548305e+02
1.323102007229122421e+02 1.056722449389611853e+02
1.322102014786372877e+02 1.056718561659675402e+02
1.321102022343623332e+02 1.056714673929738950e+02
1.320102029900873788e+02 1.056710786199802499e+02
1.319102037458124244e+02 1.056706898469866047e+02
1.318102045015374699e+02 1.056703010739929596e+02
1.317102052572625155e+02 1.056699123009993144e+02
1.316102060129875611e+02 1.056695235280056693e+02
1.315102067687126066e+02 1.056691347550120241e+02
1.314102075244376522e+02 1.056687459820183790e+02
1.313102082801626977e+02 1.056683572090247338e+02
1.312102090358877433e+02 1.056679684360310887e+02
1.311102097916127889e+02 1.056675796630374435e+02
1.310102105473378344e+02 1.056671908900437984e+02
1.309102113030628800e+02 1.056668021170501532e+02
1.308102120587879256e+02 1.056664133440565081e+02
1.307102128145129711e+02 1.056660245710628629e+02
1.306102135702380167e+02 1.056656357980692178e+02
1.305102143259630623e+02 1.056652470250755727e+02
1.304102150816881078e+02 1.056648582520819275e+02
1.303102158374131534e+02 1.056644694790882824e+02
1.302102165931381990e+02 1.056640807060946372e+02
1.301102173488632445e+02 1.056636919331009921e+02
1.300102181045882901e+02 1.056633031601073469e+02
1.299102188603133357e+02 1.056629143871137018e+02
1.298102196160383812e+02 1.056625256141200566e+02
1.297102203717634268e+02 1.056621368411264115e+02
1.296102211274884723e+02 1.056617480681327663e+02
1.295102218832135179e+02 1.056613592951391212e+02
1.294102226389385635e+02 1.056609705221454760e+02
1.293102233946636090e+02 1.056605817491518309e+02
1.292102241503886546e+02 1.056601929761581857e+02
1.291102249061137002e+02 1.056598042031645406e+02
1.290102256618387457e+02 1.056594154301708954e+02
1.289102264175637913e+02 1.056590266571772503e+02
1.288102271732888369e+02 1.056586378841836051e+02
1.287102279290138824e+02 1.056582491111899600e+02
1.286102286847389280e+02 1.056578603381963148e+02
1.285102294404639736e+02 1.056574715652026697e+02
1.284102301961890191e+02 1.056570827922090245e+02
1.283102309519140647e+02 1.056566940192153794e+02
1.282102317076391103e+02 1.056563052462217343e+02
1.281102324633641558e+02 1.056559164732280891e+02
1.280102332190892014e+02 1.056555277002344440e+02
1.279102339748142612e+02 1.056551389272407988e+02
1.278102347305393209e+02 1.056547501542471537e+02
1.277102354862643807e+02 1.056543613812535085e+02
1.276102362419894405e+02 1.056539726082598634e+02
1.275102369977145003e+02 1.056535838352662182e+02
1.274102377534395600e+02 1.056531950622725731e+02
1.273102385091646198e+02 1.056528062892789279e+02
1.272102392648896796e+02 1.056524175162852828e+02
1.271102400206147394e+02 1.056520287432916376e+02
1.270102407763397991e+02 1.056516399702979925e+02
1.269102415320648589e+02 1.056512511973043473e+02
1.268102422877899187e+02 1.056508624243107022e+02
1.267102430435149785e+02 1.056504736513170570e+02
1.266102437992400382e+02 1.056500848783234119e+02
1.265102445549650980e+02 1.056496961053297667e+02
1.264102453106901578e+02 1.056493073323361216e+02
1.263102460664152176e+02 1.056489185593424764e+02
1.262102468221402773e+02 1.056485297863488313e+02
1.261102475778653371e+02 1.056481410133551861e+02
1.260102483335903969e+02 1.056477522403615410e+02
1.259102490893154567e+02 1.056473634673678959e+02
1.258102498450405164e+02 1.056469746943742507e+02
1.257102506007655762e+02 1.056465859213806056e+02
1.256102513564906360e+02 1.056461971483869604e+02
1.255102521122156958e+02 1.056458083753933153e+02
1.254102528679407556e+02 1.056454196023996701e+02
1.253102536236658153e+02 1.056450308294060250e+02
1.252102543793908751e+02 1.056446420564123798e+02
1.251102551351159349e+02 1.056442532834187347e+02
1.250102558908409947e+02 1.056438645104250895e+02
1.249102566465660544e+02 1.056434757374314444e+02
1.248102574022911142e+02 1.056430869644377992e+02
1.247102581580161740e+02 1.056426981914441541e+02
1.246102589137412338e+02 1.056423094184505089e+02
1.245102596694662935e+02 1.056419206454568638e+02
1.244102604251913533e+02 1.056415318724632186e+02
1.243102611809164131e+02 1.056411430994695735e+02
1.242102619366414729e+02 1.056407543264759283e+02
1.241102626923665326e+02 1.056403655534822832e+02
1.240102634480915924e+02 1.056399767804886380e+02
1.239102642038166522e+02 1.056395880074949929e+02
1.238102649595417120e+02 1.056391992345013477e+02
1.237102657152667717e+02 1.056388104615077026e+02
1.236102664709918315e+02 1.056384216885140575e+02
1.235102672267168913e+02 1.056380329155204123e+02
1.234102679824419511e+02 1.056376441425267672e+02
1.233102687381670108e+02 1.056372553695331220e+02
1.232102694938920706e+02 1.056368665965394769e+02
1.231102702496171304e+02 1.056364778235458317e+02
1.230102710053421902e+02 1.056360890505521866e+02
1.229102717610672499e+02 1.056357002775585414e+02
1.228102725167923097e+02 1.056353115045648963e+02
1.227102732725173695e+02 1.056349227315712511e+02
1.226102740282424293e+02 1.056345339585776060e+02
1.225102747839674890e+02 1.056341451855839608e+02
1.224102755396925488e+02 1.056337564125903157e+02
1.223102762954176086e+02 1.056333676395966705e+02
1.222102770511426684e+02 1.056329788666030254e+02
1.221102778068677281e+02 1.056325900936093802e+02
1.220102785625927879e+02 1.056322013206157351e+02
1.219102793183178477e+02 1.056318125476220899e+02
1.218102800740429075e+02 1.056314237746284448e+02
1.217102808297679672e+02 1.056310350016347996e+02
1.216102815854930270e+02 1.056306462286411545e+02
1.215102823412180868e+02 1.056302574556475093e+02
1.214102830969431466e+02 1.056298686826538642e+02
1.213102838526682064e+02 1.056294799096602191e+02
1.212102846083932661e+02 1.056290911366665739e+02
1.211102853641183259e+02 1.056287023636729288e+02
1.210102861198433857e+02 1.056283135906792836e+02
1.209102868755684455e+02 1.056279248176856385e+02
1.208102876312935052e+02 1.056275360446919933e+02
1.207102883870185650e+02 1.056271472716983482e+02
1.206102891427436248e+02 1.056267584987047030e+02
1.205102898984686846e+02 1.056263697257110579e+02
1.204102906541937443e+02 1.056259809527174127e+02
1.203102914099188041e+02 1.056255921797237676e+02
1.202102921656438639e+02 1.056252034067301224e+02
1.201102929213689237e+02 1.056248146337364773e+02
1.200102936770939834e+02 1.056244258607428321e+02
1.199102944328190432e+02 1.056240370877491870e+02
1.198102951885441030e+02 1.056236483147555418e+02
1.197102959442691628e+02 1.056232595417618967e+02
1.196102966999942225e+02 1.056228707687682515e+02
1.195102974557192823e+02 1.056224819957746064e+02
1.194102982114443421e+02 1.056220932227809612e+02
1.193102989671694019e+02 1.056217044497873161e+02
1.192102997228944616e+02 1.056213156767936709e+02
1.191103004786195214e+02 1.056209269038000258e+02
1.190103012343445812e+02 1.056205381308063807e+02
1.189103019900696410e+02 1.056201493578127355e+02
1.188103027457947007e+02 1.056197605848190904e+02
1.187103035015197605e+02 1.056193718118254452e+02
1.186103042572448203e+02 1.056189830388318001e+02
1.185103050129698801e+02 1.056185942658381549e+02
1.184103057686949398e+02 1.056182054928445098e+02
1.183103065244199996e+02 1.056178167198508646e+02
1.182103072801450594e+02 1.056174279468572195e+02
1.181103080358701192e+02 1.056170391738635743e+02
1.180103087915951789e+02 1.056166504008699292e+02
1.179103095473202387e+02 1.056162616278762840e+02
1.178103103030452985e+02 1.056158728548826389e+02
1.177103110587703583e+02 1.056154840818889937e+02
1.176103118144954180e+02 1.056150953088953486e+02
1.175103125702204778e+02 1.056147065359017034e+02
1.174103133259455376e+02 1.056143177629080583e+02
1.173103140816705974e+02 1.056139289899144131e+02
1.172103148373956572e+02 1.056135402169207680e+02
1.171103155931207169e+02 1.056131514439271228e+02
1.170103163488457767e+02 1.056127626709334777e+02
1.169103171045708365e+02 1.056123738979398325e+02
1.168103178602958963e+02 1.056119851249461874e+02
1.167103186160209560e+02 1.056115963519525422e+02
1.166103193717460158e+02 1.056112075789588971e+02
1.165103201274710756e+02 1.056108188059652520e+02
1.164103208831961354e+02 1.056104300329716068e+02
1.163103216389211951e+02 1.056100412599779617e+02
1.162103223946462549e+02 1.056096524869843165e+02
1.161103231503713147e+02 1.056092637139906714e+02
1.160103239060963745e+02 1.056088749409970262e+02
1.159103246618214342e+02 1.056084861680033811e+02
1.158103254175464940e+02 1.056080973950097359e+02
1.156447748491113572e+02 1.056074537742465651e+02
1.156451636221050023e+02 1.055074545299716249e+02
1.156455523950986475e+02 1.054074552856966847e+02
1.156459411680922926e+02 1.053074560414217444e+02
1.156463299410859378e+02 1.052074567971468042e+02
1.156467187140795829e+02 1.051074575528718640e+02
1.156471074870732281e+02 1.050074583085969238e+02
1.156474962600668732e+02 1.049074590643219835e+02
1.156478850330605184e+02 1.048074598200470433e+02
1.156482738060541635e+02 1.047074605757721031e+02
1.156486625790478087e+02 1.046074613314971629e+02
1.156490513520414538e+02 1.045074620872222226e+02
1.156494401250350990e+02 1.044074628429472824e+02
1.156498288980287441e+02 1.043074635986723422e+02
1.156502176710223893e+02 1.042074643543974020e+02
1.156506064440160344e+02 1.041074651101224617e+02
1.156509952170096795e+02 1.040074658658475215e+02
1.156513839900033247e+02 1.039074666215725813e+02
1.156517727629969698e+02 1.038074673772976411e+02
1.156521615359906150e+02 1.037074681330227008e+02
1.156525503089842601e+02 1.036074688887477606e+02
1.156529390819779053e+02 1.035074696444728204e+02
1.156533278549715504e+02 1.034074704001978802e+02
1.156537166279651956e+02 1.033074711559229399e+02
1.156541054009588407e+02 1.032074719116479997e+02
1.156544941739524859e+02 1.031074726673730595e+02
1.156548829469461310e+02 1.030074734230981193e+02
1.156552717199397762e+02 1.029074741788231790e+02
1.156556604929334213e+02 1.028074749345482388e+02
1.156560492659270665e+02 1.027074756902732986e+02
1.156564380389207116e+02 1.026074764459983584e+02
1.156568268119143568e+02 1.025074772017234181e+02
1.156572155849080019e+02 1.024074779574484779e+02
1.156576043579016471e+02 1.023074787131735377e+02
1.156579931308952922e+02 1.022074794688985975e+02
1.156583819038889374e+02 1.021074802246236573e+02
1.156587706768825825e+02 1.020074809803487170e+02
1.156591594498762277e+02 1.019074817360737768e+02
1.156595482228698728e+02 1.018074824917988366e+02
1.156599369958635180e+02 1.017074832475238964e+02
1.156603257688571631e+02 1.016074840032489561e+02
1.156607145418508082e+02 1.015074847589740159e+02
1.156611033148444534e+02 1.014074855146990757e+02
1.156614920878380985e+02 1.013074862704241355e+02
1.156618808608317437e+02 1.012074870261491952e+02
1.156622696338253888e+02 1.011074877818742550e+02
1.156626584068190340e+02 1.010074885375993148e+02
1.156630471798126791e+02 1.009074892933243746e+02
1.156634359528063243e+02 1.008074900490494343e+02
1.156638247257999694e+02 1.007074908047744941e+02
1.156642134987936146e+02 1.006074915604995539e+02
1.156646022717872597e+02 1.005074923162246137e+02
1.156649910447809049e+02 1.004074930719496734e+02
1.156653798177745500e+02 1.003074938276747332e+02
1.156657685907681952e+02 1.002074945833997930e+02
1.156661573637618403e+02 1.001074953391248528e+02
1.156665461367554855e+02 1.000074960948499125e+02
1.156669349097491306e+02 9.990749685057497231e+01
1.156673236827427758e+02 9.980749760630003209e+01
1.156677124557364209e+02 9.970749836202509186e+01
1.156681012287300661e+02 9.960749911775015164e+01
1.156684900017237112e+02 9.950749987347521142e+01
1.156688787747173564e+02 9.940750062920027119e+01
1.156692675477110015e+02 9.930750138492533097e+01
1.156696563207046466e+02 9.920750214065039074e+01
1.156700450936982918e+02 9.910750289637545052e+01
1.156704338666919369e+02 9.900750365210051029e+01
1.156708226396855821e+02 9.890750440782557007e+01
1.156712114126792272e+02 9.880750516355062985e+01
1.156716001856728724e+02 9.870750591927568962e+01
1.156719889586665175e+02 9.860750667500074940e+01
1.156723777316601627e+02 9.850750743072580917e+01
1.156727665046538078e+02 9.840750818645086895e+01
1.156731552776474530e+02 9.830750894217592872e+01
1.156735440506410981e+02 9.820750969790098850e+01
1.156739328236347433e+02 9.810751045362604827e+01
1.156743215966283884e+02 9.800751120935110805e+01
1.156747103696220336e+02 9.790751196507616783e+01
1.156750991426156787e+02 9.780751272080122760e+01
1.156754879156093239e+02 9.770751347652628738e+01
1.156758766886029690e+02 9.760751423225134715e+01
1.156762654615966142e+02 9.750751498797640693e+01
1.156766542345902593e+02 9.740751574370146670e+01
1.156770430075839045e+02 9.730751649942652648e+01
1.156774317805775496e+02 9.720751725515158626e+01
1.156778205535711948e+02 9.710751801087664603e+01
1.156782093265648399e+02 9.700751876660170581e+01
1.156785980995584850e+02 9.690751952232676558e+01
1.156789868725521302e+02 9.680752027805182536e+01
1.156793756455457753e+02 9.670752103377688513e+01
1.156797644185394205e+02 9.660752178950194491e+01
1.156801531915330656e+02 9.650752254522700468e+01
1.156805419645267108e+02 9.640752330095206446e+01
1.156809307375203559e+02 9.630752405667712424e+01
1.156813195105140011e+02 9.620752481240218401e+01
1.156817082835076462e+02 9.610752556812724379e+01
1.156820970565012914e+02 9.600752632385230356e+01
1.156824858294949365e+02 9.590752707957736334e+01
1.156828746024885817e+02 9.580752783530242311e+01
1.156832633754822268e+02 9.570752859102748289e+01
1.156836521484758720e+02 9.560752934675254266e+01
1.156840409214695171e+02 9.550753010247760244e+01
1.156844296944631623e+02 9.540753085820266222e+01
1.156848184674568074e+02 9.530753161392772199e+01
1.156852072404504526e+02 9.520753236965278177e+01
1.156855960134440977e+02 9.510753312537784154e+01
1.156859847864377429e+02 9.500753388110290132e+01
1.156863735594313880e+02 9.490753463682796109e+01
1.156867623324250332e+02 9.480753539255302087e+01
1.156871511054186783e+02 9.470753614827808065e+01
1.156875398784123234e+02 9.460753690400314042e+01
1.156879286514059686e+02 9.450753765972820020e+01
1.156883174243996137e+02 9.440753841545325997e+01
1.156887061973932589e+02 9.430753917117831975e+01
1.156890949703869040e+02 9.420753992690337952e+01
1.156894837433805492e+02 9.410754068262843930e+01
1.156898725163741943e+02 9.400754143835349907e+01
1.156902612893678395e+02 9.390754219407855885e+01
1.156906500623614846e+02 9.380754294980361863e+01
1.156910388353551298e+02 9.370754370552867840e+01
1.156914276083487749e+02 9.360754446125373818e+01
1.156918163813424201e+02 9.350754521697879795e+01
1.156922051543360652e+02 9.340754597270385773e+01
1.156925939273297104e+02 9.330754672842891750e+01
1.156929827003233555e+02 9.320754748415397728e+01
1.156933714733170007e+02 9.310754823987903706e+01
1.156937602463106458e+02 9.300754899560409683e+01
1.156941490193042910e+02 9.290754975132915661e+01
1.156945377922979361e+02 9.280755050705421638e+01
1.156949265652915813e+02 9.270755126277927616e+01
1.156953153382852264e+02 9.260755201850433593e+01
1.156957041112788716e+02 9.250755277422939571e+01
1.156960928842725167e+02 9.240755352995445548e+01
1.156964816572661618e+02 9.230755428567951526e+01
1.156968704302598070e+02 9.220755504140457504e+01
1.156972592032534521e+02 9.210755579712963481e+01
1.156976479762470973e+02 9.200755655285469459e+01
1.156980367492407424e+02 9.190755730857975436e+01
1.156984255222343876e+02 9.180755806430481414e+01
1.156988142952280327e+02 9.170755882002987391e+01
1.156992030682216779e+02 9.160755957575493369e+01
1.156995918412153230e+02 9.150756033147999347e+01
1.156999806142089682e+02 9.140756108720505324e+01
1.157003693872026133e+02 9.130756184293011302e+01
1.157007581601962585e+02 9.120756259865517279e+01
1.157011469331899036e+02 9.110756335438023257e+01
1.157015357061835488e+02 9.100756411010529234e+01
1.157019244791771939e+02 9.090756486583035212e+01
1.157023132521708391e+02 9.080756562155541189e+01
1.157027020251644842e+02 9.070756637728047167e+01
1.157030907981581294e+02 9.060756713300553145e+01
1.157034795711517745e+02 9.050756788873059122e+01
1.157038683441454197e+02 9.040756864445565100e+01
1.157042571171390648e+02 9.030756940018071077e+01
1.157046458901327100e+02 9.020757015590577055e+01
1.157050346631263551e+02 9.010757091163083032e+01
1.157054234361200002e+02 9.000757166735589010e+01
1.157058122091136454e+02 8.990757242308094987e+01
1.157062009821072905e+02 8.980757317880600965e+01
1.157065897551009357e+02 8.970757393453106943e+01
1.157069785280945808e+02 8.960757469025612920e+01
1.157073673010882260e+02 8.950757544598118898e+01
1.157077560740818711e+02 8.940757620170624875e+01
1.157081448470755163e+02 8.930757695743130853e+01
1.157085336200691614e+02 8.920757771315636830e+01
1.157089223930628066e+02 8.910757846888142808e+01
1.157093111660564517e+02 8.900757922460648786e+01
1.157096999390500969e+02 8.890757998033154763e+01
1.157100887120437420e+02 8.880758073605660741e+01
1.157104774850373872e+02 8.870758149178166718e+01
1.157108662580310323e+02 8.860758224750672696e+01
1.157112550310246775e+02 8.850758300323178673e+01
1.157116438040183226e+02 8.840758375895684651e+01
1.157120325770119678e+02 8.830758451468190628e+01
1.157124213500056129e+02 8.820758527040696606e+01
1.157128101229992581e+02 8.810758602613202584e+01
1.157131988959929032e+02 8.800758678185708561e+01
1.157135876689865484e+02 8.790758753758214539e+01
1.157139764419801935e+02 8.780758829330720516e+01
1.157143652149738386e+02 8.770758904903226494e+01
1.157147539879674838e+02 8.760758980475732471e+01
1.157151427609611289e+02 8.750759056048238449e+01
1.157155315339547741e+02 8.740759131620744427e+01
1.157159203069484192e+02 8.730759207193250404e+01
1.157163090799420644e+02 8.720759282765756382e+01
1.157166978529357095e+02 8.710759358338262359e+01
1.157170866259293547e+02 8.700759433910768337e+01
1.157174753989229998e+02 8.690759509483274314e+01
1.157178641719166450e+02 8.680759585055780292e+01
1.157182529449102901e+02 8.670759660628286269e+01
1.157186417179039353e+02 8.660759736200792247e+01
1.157190304908975804e+02 8.650759811773298225e+01
1.157194192638912256e+02 8.640759887345804202e+01
1.157198080368848707e+02 8.630759962918310180e+01
1.157201968098785159e+02 8.620760038490816157e+01
1.157205855828721610e+02 8.610760114063322135e+01
1.157209743558658062e+02 8.600760189635828112e+01
1.157213631288594513e+02 8.590760265208334090e+01
1.157217519018530965e+02 8.580760340780840068e+01
1.157221406748467416e+02 8.570760416353346045e+01
1.157225294478403868e+02 8.560760491925852023e+01
1.157229182208340319e+02 8.550760567498358000e+01
1.157233069938276770e+02 8.540760643070863978e+01
1.157236957668213222e+02 8.530760718643369955e+01
1.157240845398149673e+02 8.520760794215875933e+01
1.157244733128086125e+02 8.510760869788381910e+01
1.157248620858022576e+02 8.500760945360887888e+01
1.157252508587959028e+02 8.490761020933393866e+01
1.157256396317895479e+02 8.480761096505899843e+01
1.157260284047831931e+02 8.470761172078405821e+01
1.157264171777768382e+02 8.460761247650911798e+01
1.157268059507704834e+02 8.450761323223417776e+01
1.157271947237641285e+02 8.440761398795923753e+01
1.157275834967577737e+02 8.430761474368429731e+01
1.157279722697514188e+02 8.420761549940935708e+01
1.157283610427450640e+02 8.410761625513441686e+01
1.157287498157387091e+02 8.400761701085947664e+01
1.157291385887323543e+02 8.390761776658453641e+01
1.157295273617259994e+02 8.380761852230959619e+01
1.157299161347196446e+02 8.370761927803465596e+01
1.157303049077132897e+02 8.360762003375971574e+01
1.157306936807069349e+02 8.350762078948477551e+01
1.157310824537005800e+02 8.340762154520983529e+01
1.157314712266942252e+02 8.330762230093489507e+01
1.157318599996878703e+02 8.320762305665995484e+01
1.157322487726815154e+02 8.310762381238501462e+01
1.157326375456751606e+02 8.300762456811007439e+01
1.157330263186688057e+02 8.290762532383513417e+01
1.157334150916624509e+02 8.280762607956019394e+01
1.157338038646560960e+02 8.270762683528525372e+01
1.157341926376497412e+02 8.260762759101031349e+01
1.157345814106433863e+02 8.250762834673537327e+01
1.157349701836370315e+02 8.240762910246043305e+01
1.157353589566306766e+02 8.230762985818549282e+01
1.157357477296243218e+02 8.220763061391055260e+01
1.157361365026179669e+02 8.210763136963561237e+01
1.157365252756116121e+02 8.200763212536067215e+01
1.157369140486052572e+02 8.190763288108573192e+01
1.157373028215989024e+02 8.180763363681079170e+01
1.157376915945925475e+02 8.170763439253585148e+01
1.157380803675861927e+02 8.160763514826091125e+01
1.157384691405798378e+02 8.150763590398597103e+01
1.157388579135734830e+02 8.140763665971103080e+01
1.157392466865671281e+02 8.130763741543609058e+01
1.157396354595607733e+02 8.120763817116115035e+01
1.157400242325544184e+02 8.110763892688621013e+01
1.157404130055480636e+02 8.100763968261126990e+01
1.157408017785417087e+02 8.090764043833632968e+01
1.157411905515353538e+02 8.080764119406138946e+01
1.157415793245289990e+02 8.070764194978644923e+01
1.157419680975226441e+02 8.060764270551150901e+01
1.157423568705162893e+02 8.050764346123656878e+01
1.157427456435099344e+02 8.040764421696162856e+01
1.157431344165035796e+02 8.030764497268668833e+01
1.157435231894972247e+02 8.020764572841174811e+01
1.157439119624908699e+02 8.010764648413680789e+01
1.157443007354845150e+02 8.000764723986186766e+01
1.157446895084781602e+02 7.990764799558692744e+01
1.157450782814718053e+02 7.980764875131198721e+01
1.157454670544654505e+02 7.970764950703704699e+01
1.157458558274590956e+02 7.960765026276210676e+01
1.157462446004527408e+02 7.950765101848716654e+01
1.157466333734463859e+02 7.940765177421222631e+01
1.157470221464400311e+02 7.930765252993728609e+01
1.157474109194336762e+02 7.920765328566234587e+01
1.157477996924273214e+02 7.910765404138740564e+01
1.157481884654209665e+02 7.900765479711246542e+01
1.157485772384146117e+02 7.890765555283752519e+01
1.157489660114082568e+02 7.880765630856258497e+01
1.157493547844019020e+02 7.870765706428764474e+01
1.157497435573955471e+02 7.860765782001270452e+01
1.157501323303891922e+02 7.850765857573776429e+01
1.157505211033828374e+02 7.840765933146282407e+01
1.157509098763764825e+02 7.830766008718788385e+01
1.157512986493701277e+02 7.820766084291294362e+01
1.157516874223637728e+02 7.810766159863800340e+01
1.157520761953574180e+02 7.800766235436306317e+01
1.157524649683510631e+02 7.790766311008812295e+01
1.157528537413447083e+02 7.780766386581318272e+01
1.157532425143383534e+02 7.770766462153824250e+01
1.157536312873319986e+02 7.760766537726330228e+01
1.157540200603256437e+02 7.750766613298836205e+01
1.157544088333192889e+02 7.740766688871342183e+01
1.157547976063129340e+02 7.730766764443848160e+01
1.157551863793065792e+02 7.720766840016354138e+01
1.157555751523002243e+02 7.710766915588860115e+01
1.157559639252938695e+02 7.700766991161366093e+01
1.157563526982875146e+02 7.690767066733872070e+01
1.157567414712811598e+02 7.680767142306378048e+01
1.157571302442748049e+02 7.670767217878884026e+01
1.157575190172684501e+02 7.660767293451390003e+01
1.157579077902620952e+02 7.650767369023895981e+01
1.157582965632557404e+02 7.640767444596401958e+01
1.157586853362493855e+02 7.630767520168907936e+01
1.157590741092430306e+02 7.620767595741413913e+01
1.157594628822366758e+02 7.610767671313919891e+01
1.157598516552303209e+02 7.600767746886425869e+01
1.157602404282239661e+02 7.590767822458931846e+01
1.157606292012176112e+02 7.580767898031437824e+01
1.157610179742112564e+02 7.570767973603943801e+01
1.157614067472049015e+02 7.560768049176449779e+01
1.157617955201985467e+02 7.550768124748955756e+01
1.157621842931921918e+02 7.540768200321461734e+01
1.157625730661858370e+02 7.530768275893967711e+01
1.157629618391794821e+02 7.520768351466473689e+01
1.157633506121731273e+02 7.510768427038979667e+01
1.157637393851667724e+02 7.500768502611485644e+01
1.157641281581604176e+02 7.490768578183991622e+01
1.157645169311540627e+02 7.480768653756497599e+01
1.157649057041477079e+02 7.470768729329003577e+01
1.157652944771413530e+02 7.460768804901509554e+01
1.157656832501349982e+02 7.450768880474015532e+01
1.157660720231286433e+02 7.440768956046521510e+01
1.157664607961222885e+02 7.430769031619027487e+01
1.157668495691159336e+02 7.420769107191533465e+01
1.157672383421095788e+02 7.410769182764039442e+01
1.157676271151032239e+02 7.400769258336545420e+01
1.157680158880968690e+02 7.390769333909051397e+01
1.157684046610905142e+02 7.380769409481557375e+01
1.157687934340841593e+02 7.370769485054063352e+01
1.157691822070778045e+02 7.360769560626569330e+01
1.157695709800714496e+02 7.350769636199075308e+01
1.157699597530650948e+02 7.340769711771581285e+01
1.157703485260587399e+02 7.330769787344087263e+01
1.157707372990523851e+02 7.320769862916593240e+01
1.157711260720460302e+02 7.310769938489099218e+01
1.157715148450396754e+02 7.300770014061605195e+01
1.157719036180333205e+02 7.290770089634111173e+01
1.157722923910269657e+02 7.280770165206617150e+01
1.157726811640206108e+02 7.270770240779123128e+01
1.157730699370142560e+02 7.260770316351629106e+01
1.157734587100079011e+02 7.250770391924135083e+01
1.157738474830015463e+02 7.240770467496641061e+01
1.157742362559951914e+02 7.230770543069147038e+01
1.157746250289888366e+02 7.220770618641653016e+01
1.157750138019824817e+02 7.210770694214158993e+01
1.157754025749761269e+02 7.200770769786664971e+01
1.157757913479697720e+02 7.190770845359170949e+01
1.157761801209634172e+02 7.180770920931676926e+01
1.157765688939570623e+02 7.170770996504182904e+01
1.157769576669507074e+02 7.160771072076688881e+01
1.157773464399443526e+02 7.150771147649194859e+01
1.157777352129379977e+02 7.140771223221700836e+01
1.157781239859316429e+02 7.130771298794206814e+01
1.157785127589252880e+02 7.120771374366712791e+01
1.157789015319189332e+02 7.110771449939218769e+01
1.157792903049125783e+02 7.100771525511724747e+01
1.157796790779062235e+02 7.090771601084230724e+01
1.157800678508998686e+02 7.080771676656736702e+01
1.157804566238935138e+02 7.070771752229242679e+01
1.157808453968871589e+02 7.060771827801748657e+01
1.157812341698808041e+02 7.050771903374254634e+01
1.157816229428744492e+02 7.040771978946760612e+01
1.157820117158680944e+02 7.030772054519266590e+01
1.157824004888617395e+02 7.020772130091772567e+01
1.157827892618553847e+02 7.010772205664278545e+01
1.157831780348490298e+02 7.000772281236784522e+01
1.157835668078426750e+02 6.990772356809290500e+01
1.157839555808363201e+02 6.980772432381796477e+01
1.157843443538299653e+02 6.970772507954302455e+01
1.157847331268236104e+02 6.960772583526808432e+01
1.157851218998172556e+02 6.950772659099314410e+01
1.157855106728109007e+02 6.940772734671820388e+01
1.157858994458045458e+02 6.930772810244326365e+01
1.157862882187981910e+02 6.920772885816832343e+01
1.157866769917918361e+02 6.910772961389338320e+01
1.157870657647854813e+02 6.900773036961844298e+01
1.157874545377791264e+02 6.890773112534350275e+01
1.157878433107727716e+02 6.880773188106856253e+01
1.157882320837664167e+02 6.870773263679362231e+01
1.157886208567600619e+02 6.860773339251868208e+01
1.157890096297537070e+02 6.850773414824374186e+01
1.157893984027473522e+02 6.840773490396880163e+01
1.157898892083681801e+02 6.828149107479504210e+01
