2.015101617595533128e+02 1.517864288027212467e+02
2.014115507680264727e+02 1.517698193972503589e+02
2.013129397764996327e+02 1.517532099917794710e+02
2.012143287849727926e+02 1.517366005863085832e+02
2.011157177934459526e+02 1.517199911808376953e+02
2.010171068019191125e+02 1.517033817753668075e+02
2.009184958103922725e+02 1.516867723698959196e+02
2.008198848188654324e+02 1.516701629644250318e+02
2.007212738273385924e+02 1.516535535589541439e+02
2.006226628358117523e+02 1.516369441534832561e+02
2.005240518442849122e+02 1.516203347480123682e+02
2.004254408527580722e+02 1.516037253425414804e+02
2.003268298612312321e+02 1.515871159370705925e+02
2.002282188697043921e+02 1.515705065315997047e+02
2.001296078781775520e+02 1.515538971261288168e+02
2.000309968866507120e+02 1.515372877206579290e+02
1.999323858951238719e+02 1.515206783151870411e+02
1.998337749035970319e+02 1.515040689097161533e+02
1.997351639120701918e+02 1.514874595042452654e+02
1.996365529205433518e+02 1.514708500987743776e+02
1.995379419290165117e+02 1.514542406933034897e+02
1.994393309374896717e+02 1.514376312878326019e+02
1.993407199459628316e+02 1.514210218823617140e+02
1.992421089544359916e+02 1.514044124768908262e+02
1.991434979629091515e+02 1.513878030714199383e+02
1.990448869713823115e+02 1.513711936659490505e+02
1.989462759798554714e+02 1.513545842604781626e+02
1.988476649883286314e+02 1.513379748550072748e+02
1.987490539968017913e+02 1.513213654495363869e+02
1.986504430052749512e+02 1.513047560440654991e+02
1.985518320137481112e+02 1.512881466385946112e+02
1.984532210222212711e+02 1.512715372331237234e+02
1.983546100306944311e+02 1.512549278276528355e+02
1.982559990391675910e+02 1.512383184221819477e+02
1.981573880476407510e+02 1.512217090167110598e+02
1.980587770561139109e+02 1.512050996112401720e+02
1.979601660645870709e+02 1.511884902057692841e+02
1.978615550730602308e+02 1.511718808002983963e+02
1.977629440815333908e+02 1.511552713948275084e+02
1.976643330900065507e+02 1.511386619893566206e+02
1.975657220984797107e+02 1.511220525838857327e+02
1.974671111069528706e+02 1.511054431784148449e+02
1.973685001154260306e+02 1.510888337729439570e+02
1.972698891238991905e+02 1.510722243674730692e+02
1.971712781323723505e+02 1.510556149620021813e+02
1.970726671408455104e+02 1.510390055565312935e+02
1.969740561493186704e+02 1.510223961510604056e+02
1.968754451577918303e+02 1.510057867455895177e+02
1.967768341662649902e+02 1.509891773401186299e+02
1.966782231747381502e+02 1.509725679346477420e+02
1.965796121832113101e+02 1.509559585291768542e+02
1.964810011916844701e+02 1.509393491237059663e+02
1.963823902001576300e+02 1.509227397182350785e+02
1.962837792086307900e+02 1.509061303127641906e+02
1.961851682171039499e+02 1.508895209072933028e+02
1.960865572255771099e+02 1.508729115018224149e+02
1.959879462340502698e+02 1.508563020963515271e+02
1.958893352425234298e+02 1.508396926908806392e+02
1.957907242509965897e+02 1.508230832854097514e+02
1.956921132594697497e+02 1.508064738799388635e+02
1.955935022679429096e+02 1.507898644744679757e+02
1.954948912764160696e+02 1.507732550689970878e+02
1.953962802848892295e+02 1.507566456635262000e+02
1.952976692933623895e+02 1.507400362580553121e+02
1.951990583018355494e+02 1.507234268525844243e+02
1.951004473103087093e+02 1.507068174471135364e+02
1.950018363187818693e+02 1.506902080416426486e+02
1.949032253272550292e+02 1.506735986361717607e+02
1.948046143357281892e+02 1.506569892307008729e+02
1.947060033442013491e+02 1.506403798252299850e+02
1.946073923526745091e+02 1.506237704197590972e+02
1.945087813611476690e+02 1.506071610142882093e+02
1.944101703696208290e+02 1.505905516088173215e+02
1.943115593780939889e+02 1.505739422033464336e+02
1.942129483865671489e+02 1.505573327978755458e+02
1.941143373950403088e+02 1.505407233924046579e+02
1.940157264035134688e+02 1.505241139869337701e+02
1.939171154119866287e+02 1.505075045814628822e+02
1.938185044204597887e+02 1.504908951759919944e+02
1.937198934289329486e+02 1.504742857705211065e+02
1.936212824374061086e+02 1.504576763650502187e+02
1.935226714458792685e+02 1.504410669595793308e+02
1.934240604543524285e+02 1.504244575541084430e+02
1.933254494628255884e+02 1.504078481486375551e+02
1.932268384712987483e+02 1.503912387431666673e+02
1.931282274797719083e+02 1.503746293376957794e+02
1.930296164882450682e+02 1.503580199322248916e+02
1.929310054967182282e+02 1.503414105267540037e+02
1.928323945051913881e+02 1.503248011212831159e+02
1.927337835136645481e+02 1.503081917158122280e+02
1.926351725221377080e+02 1.502915823103413402e+02
1.925365615306108680e+02 1.502749729048704523e+02
1.924379505390840279e+02 1.502583634993995645e+02
1.923393395475571879e+02 1.502417540939286766e+02
1.922407285560303478e+02 1.502251446884577888e+02
1.921421175645035078e+02 1.502085352829869009e+02
1.920435065729766677e+02 1.501919258775160131e+02
1.919448955814498277e+02 1.501753164720451252e+02
1.918462845899229876e+02 1.501587070665742374e+02
1.917476735983961476e+02 1.501420976611033495e+02
1.916490626068693075e+02 1.501254882556324617e+02
1.915504516153424674e+02 1.501088788501615738e+02
1.914518406238156274e+02 1.500922694446906860e+02
1.913532296322887873e+02 1.500756600392197981e+02
1.912546186407619473e+02 1.500590506337489103e+02
1.911560076492351072e+02 1.500424412282780224e+02
1.910573966577082672e+02 1.500258318228071346e+02
1.909587856661814271e+02 1.500092224173362467e+02
1.908601746746545871e+02 1.499926130118653589e+02
1.907615636831277470e+02 1.499760036063944710e+02
1.906629526916009070e+02 1.499593942009235832e+02
1.905643417000740669e+02 1.499427847954526953e+02
1.904657307085472269e+02 1.499261753899818075e+02
1.903671197170203868e+02 1.499095659845109196e+02
1.902685087254935468e+02 1.498929565790400318e+02
1.901698977339667067e+02 1.498763471735691439e+02
1.900712867424398667e+02 1.498597377680982561e+02
1.899726757509130266e+02 1.498431283626273682e+02
1.898740647593861866e+02 1.498265189571564804e+02
1.897754537678593465e+02 1.498099095516855925e+02
1.896768427763325064e+02 1.497933001462147047e+02
1.895782317848056664e+02 1.497766907407438168e+02
1.894796207932788263e+02 1.497600813352729290e+02
1.893810098017519863e+02 1.497434719298020411e+02
1.892823988102251462e+02 1.497268625243311533e+02
1.891837878186983062e+02 1.497102531188602654e+02
1.890851768271714661e+02 1.496936437133893776e+02
1.889865658356446261e+02 1.496770343079184897e+02
1.888879548441177860e+02 1.496604249024476019e+02
1.887893438525909460e+02 1.496438154969767140e+02
1.886907328610641059e+02 1.496272060915058262e+02
1.885921218695372659e+02 1.496105966860349383e+02
1.884935108780104258e+02 1.495939872805640505e+02
1.883948998864835858e+02 1.495773778750931626e+02
1.882962888949567457e+02 1.495607684696222748e+02
1.881976779034299057e+02 1.495441590641513869e+02
1.880990669119030656e+02 1.495275496586804991e+02
1.880004559203762255e+02 1.495109402532096112e+02
1.879018449288493855e+02 1.494943308477387234e+02
1.878032339373225454e+02 1.494777214422678355e+02
1.877046229457957054e+02 1.494611120367969477e+02
1.876060119542688653e+02 1.494445026313260598e+02
1.875074009627420253e+02 1.494278932258551720e+02
1.874087899712151852e+02 1.494112838203842841e+02
1.873101789796883452e+02 1.493946744149133963e+02
1.872115679881615051e+02 1.493780650094425084e+02
1.871129569966346651e+02 1.493614556039716206e+02
1.870143460051078250e+02 1.493448461985007327e+02
1.869157350135809850e+02 1.493282367930298449e+02
1.868171240220541449e+02 1.493116273875589570e+02
1.867185130305273049e+02 1.492950179820880692e+02
1.866199020390004648e+02 1.492784085766171813e+02
1.865212910474736248e+02 1.492617991711462935e+02
1.864226800559467847e+02 1.492451897656754056e+02
1.863240690644199447e+02 1.492285803602045178e+02
1.862254580728931046e+02 1.492119709547336299e+02
1.861268470813662645e+02 1.491953615492627421e+02
1.860282360898394245e+02 1.491787521437918542e+02
1.859296250983125844e+02 1.491621427383209664e+02
1.858310141067857444e+02 1.491455333328500785e+02
1.857324031152589043e+02 1.491289239273791907e+02
1.856337921237320643e+02 1.491123145219083028e+02
1.855351811322052242e+02 1.490957051164374150e+02
1.854365701406783842e+02 1.490790957109665271e+02
1.853379591491515441e+02 1.490624863054956393e+02
1.852393481576247041e+02 1.490458769000247514e+02
1.851407371660978640e+02 1.490292674945538636e+02
1.850421261745710240e+02 1.490126580890829757e+02
1.849435151830441839e+02 1.489960486836120879e+02
1.848449041915173439e+02 1.489794392781412000e+02
1.847462931999905038e+02 1.489628298726703122e+02
1.846476822084636638e+02 1.489462204671994243e+02
1.845490712169368237e+02 1.489296110617285365e+02
1.844504602254099837e+02 1.489130016562576486e+02
1.843518492338831436e+02 1.488963922507867608e+02
1.842532382423563035e+02 1.488797828453158729e+02
1.841546272508294635e+02 1.488631734398449851e+02
1.840560162593026234e+02 1.488465640343740972e+02
1.839574052677757834e+02 1.488299546289032094e+02
1.838587942762489433e+02 1.488133452234323215e+02
1.837601832847221033e+02 1.487967358179614337e+02
1.836615722931952632e+02 1.487801264124905458e+02
1.835629613016684232e+02 1.487635170070196580e+02
1.834643503101415831e+02 1.487469076015487701e+02
1.833657393186147431e+02 1.487302981960778823e+02
1.832671283270879030e+02 1.487136887906069944e+02
1.831685173355610630e+02 1.486970793851361066e+02
1.830699063440342229e+02 1.486804699796652187e+02
1.829712953525073829e+02 1.486638605741943309e+02
1.828726843609805428e+02 1.486472511687234430e+02
1.827740733694537028e+02 1.486306417632525552e+02
1.826754623779268627e+02 1.486140323577816673e+02
1.825768513864000226e+02 1.485974229523107795e+02
1.824782403948731826e+02 1.485808135468398916e+02
1.823796294033463425e+02 1.485642041413690038e+02
1.822810184118195025e+02 1.485475947358981159e+02
1.821824074202926624e+02 1.485309853304272281e+02
1.820837964287658224e+02 1.485143759249563402e+02
1.819851854372389823e+02 1.484977665194854524e+02
1.818865744457121423e+02 1.484811571140145645e+02
1.817879634541853022e+02 1.484645477085436767e+02
1.816893524626584622e+02 1.484479383030727888e+02
1.815907414711316221e+02 1.484313288976019010e+02
1.814921304796047821e+02 1.484147194921310131e+02
1.813935194880779420e+02 1.483981100866601253e+02
1.812949084965511020e+02 1.483815006811892374e+02
1.811962975050242619e+02 1.483648912757183496e+02
1.810976865134974219e+02 1.483482818702474617e+02
1.809990755219705818e+02 1.483316724647765739e+02
1.809004645304437418e+02 1.483150630593056860e+02
1.808018535389169017e+02 1.482984536538347982e+02
1.807032425473900616e+02 1.482818442483639103e+02
1.806046315558632216e+02 1.482652348428930225e+02
1.805060205643363815e+02 1.482486254374221346e+02
1.804074095728095415e+02 1.482320160319512468e+02
1.803087985812827014e+02 1.482154066264803589e+02
1.802101875897558614e+02 1.481987972210094711e+02
1.801115765982290213e+02 1.481821878155385832e+02
1.800129656067021813e+02 1.481655784100676954e+02
1.799143546151753412e+02 1.481489690045968075e+02
1.798157436236485012e+02 1.481323595991259197e+02
1.797171326321216611e+02 1.481157501936550318e+02
1.796185216405948211e+02 1.480991407881841440e+02
1.795199106490679810e+02 1.480825313827132561e+02
1.794212996575411410e+02 1.480659219772423683e+02
1.793226886660143009e+02 1.480493125717714804e+02
1.792240776744874609e+02 1.480327031663005926e+02
1.791254666829606208e+02 1.480160937608297047e+02
1.790268556914337807e+02 1.479994843553588169e+02
1.789282446999069407e+02 1.479828749498879290e+02
1.788296337083801006e+02 1.479662655444170412e+02
1.787310227168532606e+02 1.479496561389461533e+02
1.786324117253264205e+02 1.479330467334752655e+02
1.785338007337995805e+02 1.479164373280043776e+02
1.784351897422727404e+02 1.478998279225334898e+02
1.783365787507459004e+02 1.478832185170626019e+02
1.782379677592190603e+02 1.478666091115917141e+02
1.781393567676922203e+02 1.478499997061208262e+02
1.780407457761653802e+02 1.478333903006499384e+02
1.779421347846385402e+02 1.478167808951790505e+02
1.778435237931117001e+02 1.478001714897081627e+02
1.777449128015848601e+02 1.477835620842372748e+02
1.776463018100580200e+02 1.477669526787663870e+02
1.775476908185311800e+02 1.477503432732954991e+02
1.774490798270043399e+02 1.477337338678246113e+02
1.773504688354774999e+02 1.477171244623537234e+02
1.772518578439506598e+02 1.477005150568828356e+02
1.771532468524238197e+02 1.476839056514119477e+02
1.770546358608969797e+02 1.476672962459410599e+02
1.769560248693701396e+02 1.476506868404701720e+02
1.768574138778432996e+02 1.476340774349992842e+02
1.767588028863164595e+02 1.476174680295283963e+02
1.766601918947896195e+02 1.476008586240575085e+02
1.765615809032627794e+02 1.475842492185866206e+02
1.764629699117359394e+02 1.475676398131157327e+02
1.763643589202090993e+02 1.475510304076448449e+02
1.762657479286822593e+02 1.475344210021739570e+02
1.761671369371554192e+02 1.475178115967030692e+02
1.760685259456285792e+02 1.475012021912321813e+02
1.759699149541017391e+02 1.474845927857612935e+02
1.758713039625748991e+02 1.474679833802904056e+02
1.757726929710480590e+02 1.474513739748195178e+02
1.756740819795212190e+02 1.474347645693486299e+02
1.755754709879943789e+02 1.474181551638777421e+02
1.754768599964675388e+02 1.474015457584068542e+02
1.753782490049406988e+02 1.473849363529359664e+02
1.752796380134138587e+02 1.473683269474650785e+02
1.751810270218870187e+02 1.473517175419941907e+02
1.750824160303601786e+02 1.473351081365233028e+02
1.749838050388333386e+02 1.473184987310524150e+02
1.748851940473064985e+02 1.473018893255815271e+02
1.747865830557796585e+02 1.472852799201106393e+02
1.746879720642528184e+02 1.472686705146397514e+02
1.745893610727259784e+02 1.472520611091688636e+02
1.744907500811991383e+02 1.472354517036979757e+02
1.743921390896722983e+02 1.472188422982270879e+02
1.742935280981454582e+02 1.472022328927562000e+02
1.741949171066186182e+02 1.471856234872853122e+02
1.740963061150917781e+02 1.471690140818144243e+02
1.739976951235649381e+02 1.471524046763435365e+02
1.738990841320380980e+02 1.471357952708726486e+02
1.738004731405112580e+02 1.471191858654017608e+02
1.737018621489844179e+02 1.471025764599308729e+02
1.736032511574575778e+02 1.470859670544599851e+02
1.735046401659307378e+02 1.470693576489890972e+02
1.734060291744038977e+02 1.470527482435182094e+02
1.733074181828770577e+02 1.470361388380473215e+02
1.732088071913502176e+02 1.470195294325764337e+02
1.731101961998233776e+02 1.470029200271055458e+02
1.730115852082965375e+02 1.469863106216346580e+02
1.729129742167696975e+02 1.469697012161637701e+02
1.728143632252428574e+02 1.469530918106928823e+02
1.727157522337160174e+02 1.469364824052219944e+02
1.726171412421891773e+02 1.469198729997511066e+02
1.725185302506623373e+02 1.469032635942802187e+02
1.724199192591354972e+02 1.468866541888093309e+02
1.723213082676086572e+02 1.468700447833384430e+02
1.722226972760818171e+02 1.468534353778675552e+02
1.721240862845549771e+02 1.468368259723966673e+02
1.720254752930281370e+02 1.468202165669257795e+02
1.719268643015012969e+02 1.468036071614548916e+02
1.718282533099744569e+02 1.467869977559840038e+02
1.717296423184476168e+02 1.467703883505131159e+02
1.716310313269207768e+02 1.467537789450422281e+02
1.715324203353939367e+02 1.467371695395713402e+02
1.714338093438670967e+02 1.467205601341004524e+02
1.713351983523402566e+02 1.467039507286295645e+02
1.712365873608134166e+02 1.466873413231586767e+02
1.711379763692865765e+02 1.466707319176877888e+02
1.710393653777597365e+02 1.466541225122169010e+02
1.709407543862328964e+02 1.466375131067460131e+02
1.708421433947060564e+02 1.466209037012751253e+02
1.707435324031792163e+02 1.466042942958042374e+02
1.706449214116523763e+02 1.465876848903333496e+02
1.705463104201255362e+02 1.465710754848624617e+02
1.704476994285986962e+02 1.465544660793915739e+02
1.703490884370718561e+02 1.465378566739206860e+02
1.702504774455450161e+02 1.465212472684497982e+02
1.701518664540181760e+02 1.465046378629789103e+02
1.700532554624913359e+02 1.464880284575080225e+02
1.699546444709644959e+02 1.464714190520371346e+02
1.698560334794376558e+02 1.464548096465662468e+02
1.697574224879108158e+02 1.464382002410953589e+02
1.696588114963839757e+02 1.464215908356244711e+02
1.695602005048571357e+02 1.464049814301535832e+02
1.694615895133302956e+02 1.463883720246826954e+02
1.693629785218034556e+02 1.463717626192118075e+02
1.692643675302766155e+02 1.463551532137409197e+02
1.691657565387497755e+02 1.463385438082700318e+02
1.690671455472229354e+02 1.463219344027991440e+02
1.689685345556960954e+02 1.463053249973282561e+02
1.688699235641692553e+02 1.462887155918573683e+02
1.687713125726424153e+02 1.462721061863864804e+02
1.686727015811155752e+02 1.462554967809155926e+02
1.685740905895887352e+02 1.462388873754447047e+02
1.684754795980618951e+02 1.462222779699738169e+02
1.683768686065350551e+02 1.462056685645029290e+02
1.682782576150082150e+02 1.461890591590320412e+02
1.681796466234813749e+02 1.461724497535611533e+02
1.680810356319545349e+02 1.461558403480902655e+02
1.679824246404276948e+02 1.461392309426193776e+02
1.678838136489008548e+02 1.461226215371484898e+02
1.677852026573740147e+02 1.461060121316776019e+02
1.676865916658471747e+02 1.460894027262067141e+02
1.675879806743203346e+02 1.460727933207358262e+02
1.674893696827934946e+02 1.460561839152649384e+02
1.673907586912666545e+02 1.460395745097940505e+02
1.672921476997398145e+02 1.460229651043231627e+02
1.671935367082129744e+02 1.460063556988522748e+02
1.670949257166861344e+02 1.459897462933813870e+02
1.669963147251592943e+02 1.459731368879104991e+02
1.668977037336324543e+02 1.459565274824396113e+02
1.667990927421056142e+02 1.459399180769687234e+02
1.667004817505787742e+02 1.459233086714978356e+02
1.666018707590519341e+02 1.459066992660269477e+02
1.665032597675250940e+02 1.458900898605560599e+02
1.664046487759982540e+02 1.458734804550851720e+02
1.663060377844714139e+02 1.458568710496142842e+02
1.662074267929445739e+02 1.458402616441433963e+02
1.661088158014177338e+02 1.458236522386725085e+02
1.660102048098908938e+02 1.458070428332016206e+02
1.659115938183640537e+02 1.457904334277307328e+02
1.658129828268372137e+02 1.457738240222598449e+02
1.657143718353103736e+02 1.457572146167889571e+02
1.656157608437835336e+02 1.457406052113180692e+02
1.655171498522566935e+02 1.457239958058471814e+02
1.654185388607298535e+02 1.457073864003762935e+02
1.653199278692030134e+02 1.456907769949054057e+02
1.652213168776761734e+02 1.456741675894345178e+02
1.651227058861493333e+02 1.456575581839636300e+02
1.650240948946224933e+02 1.456409487784927421e+02
1.649254839030956532e+02 1.456243393730218543e+02
1.648268729115688132e+02 1.456077299675509664e+02
1.647282619200419731e+02 1.455911205620800786e+02
1.646296509285151330e+02 1.455745111566091907e+02
1.645310399369882930e+02 1.455579017511383029e+02
1.644324289454614529e+02 1.455412923456674150e+02
1.643338179539346129e+02 1.455246829401965272e+02
1.642352069624077728e+02 1.455080735347256393e+02
1.641365959708809328e+02 1.454914641292547515e+02
1.640379849793540927e+02 1.454748547237838636e+02
1.639393739878272527e+02 1.454582453183129758e+02
1.638407629963004126e+02 1.454416359128420879e+02
1.637421520047735726e+02 1.454250265073712001e+02
1.636435410132467325e+02 1.454084171019003122e+02
1.635449300217198925e+02 1.453918076964294244e+02
1.634463190301930524e+02 1.453751982909585365e+02
1.633477080386662124e+02 1.453585888854876487e+02
1.632490970471393723e+02 1.453419794800167608e+02
1.631504860556125323e+02 1.453253700745458730e+02
1.630518750640856922e+02 1.453087606690749851e+02
1.629532640725588521e+02 1.452921512636040973e+02
1.628546530810320121e+02 1.452755418581332094e+02
1.627560420895051720e+02 1.452589324526623216e+02
1.626574310979783320e+02 1.452423230471914337e+02
1.625588201064514919e+02 1.452257136417205459e+02
1.624602091149246519e+02 1.452091042362496580e+02
1.623615981233978118e+02 1.451924948307787702e+02
1.622629871318709718e+02 1.451758854253078823e+02
1.621643761403441317e+02 1.451592760198369945e+02
1.620657651488172917e+02 1.451426666143661066e+02
1.619671541572904516e+02 1.451260572088952188e+02
1.618685431657636116e+02 1.451094478034243309e+02
1.617699321742367715e+02 1.450928383979534431e+02
1.616713211827099315e+02 1.450762289924825552e+02
1.615727101911830914e+02 1.450596195870116674e+02
1.614740991996562514e+02 1.450430101815407795e+02
1.613754882081294113e+02 1.450264007760698917e+02
1.612768772166025713e+02 1.450097913705990038e+02
1.611782662250757312e+02 1.449931819651281160e+02
1.610796552335488911e+02 1.449765725596572281e+02
1.609810442420220511e+02 1.449599631541863403e+02
1.608824332504952110e+02 1.449433537487154524e+02
1.607838222589683710e+02 1.449267443432445646e+02
1.606852112674415309e+02 1.449101349377736767e+02
1.605866002759146909e+02 1.448935255323027889e+02
1.604879892843878508e+02 1.448769161268319010e+02
1.603893782928610108e+02 1.448603067213610132e+02
1.602907673013341707e+02 1.448436973158901253e+02
1.601921563098073307e+02 1.448270879104192375e+02
1.600935453182804906e+02 1.448104785049483496e+02
1.599949343267536506e+02 1.447938690994774618e+02
1.598963233352268105e+02 1.447772596940065739e+02
1.597977123436999705e+02 1.447606502885356861e+02
1.596991013521731304e+02 1.447440408830647982e+02
1.596004903606462904e+02 1.447274314775939104e+02
1.595018793691194503e+02 1.447108220721230225e+02
1.594032683775926102e+02 1.446942126666521347e+02
1.593046573860657702e+02 1.446776032611812468e+02
1.592060463945389301e+02 1.446609938557103590e+02
1.591074354030120901e+02 1.446443844502394711e+02
1.590088244114852500e+02 1.446277750447685833e+02
1.589102134199584100e+02 1.446111656392976954e+02
1.588116024284315699e+02 1.445945562338268076e+02
1.587129914369047299e+02 1.445779468283559197e+02
1.586143804453778898e+02 1.445613374228850319e+02
1.585157694538510498e+02 1.445447280174141440e+02
1.584171584623242097e+02 1.445281186119432562e+02
1.583185474707973697e+02 1.445115092064723683e+02
1.582199364792705296e+02 1.444948998010014805e+02
1.581213254877436896e+02 1.444782903955305926e+02
1.580227144962168495e+02 1.444616809900597048e+02
1.579241035046900095e+02 1.444450715845888169e+02
1.578254925131631694e+02 1.444284621791179291e+02
1.577268815216363294e+02 1.444118527736470412e+02
1.576282705301094893e+02 1.443952433681761534e+02
1.575296595385826492e+02 1.443786339627052655e+02
1.574310485470558092e+02 1.443620245572343777e+02
1.573324375555289691e+02 1.443454151517634898e+02
1.572338265640021291e+02 1.443288057462926020e+02
1.571352155724752890e+02 1.443121963408217141e+02
1.570366045809484490e+02 1.442955869353508263e+02
1.569379935894216089e+02 1.442789775298799384e+02
1.568393825978947689e+02 1.442623681244090506e+02
1.567407716063679288e+02 1.442457587189381627e+02
1.566421606148410888e+02 1.442291493134672749e+02
1.565435496233142487e+02 1.442125399079963870e+02
1.564449386317874087e+02 1.441959305025254992e+02
1.563463276402605686e+02 1.441793210970546113e+02
1.562477166487337286e+02 1.441627116915837235e+02
1.561491056572068885e+02 1.441461022861128356e+02
1.560504946656800485e+02 1.441294928806419477e+02
1.559518836741532084e+02 1.441128834751710599e+02
1.558532726826263684e+02 1.440962740697001720e+02
1.557546616910995283e+02 1.440796646642292842e+02
1.556560506995726882e+02 1.440630552587583963e+02
1.555574397080458482e+02 1.440464458532875085e+02
1.554588287165190081e+02 1.440298364478166206e+02
1.553602177249921681e+02 1.440132270423457328e+02
1.552616067334653280e+02 1.439966176368748449e+02
1.551629957419384880e+02 1.439800082314039571e+02
1.550643847504116479e+02 1.439633988259330692e+02
1.549657737588848079e+02 1.439467894204621814e+02
1.548671627673579678e+02 1.439301800149912935e+02
1.547685517758311278e+02 1.439135706095204057e+02
1.546699407843042877e+02 1.438969612040495178e+02
1.545713297927774477e+02 1.438803517985786300e+02
1.544727188012506076e+02 1.438637423931077421e+02
1.543741078097237676e+02 1.438471329876368543e+02
1.542754968181969275e+02 1.438305235821659664e+02
1.541768858266700875e+02 1.438139141766950786e+02
1.540782748351432474e+02 1.437973047712241907e+02
1.539796638436164073e+02 1.437806953657533029e+02
1.538810528520895673e+02 1.437640859602824150e+02
1.537824418605627272e+02 1.437474765548115272e+02
1.536838308690358872e+02 1.437308671493406393e+02
1.535852198775090471e+02 1.437142577438697515e+02
1.534866088859822071e+02 1.436976483383988636e+02
1.533879978944553670e+02 1.436810389329279758e+02
1.532893869029285270e+02 1.436644295274570879e+02
1.531907759114016869e+02 1.436478201219862001e+02
1.530921649198748469e+02 1.436312107165153122e+02
1.529935539283480068e+02 1.436146013110444244e+02
1.528949429368211668e+02 1.435979919055735365e+02
1.527963319452943267e+02 1.435813825001026487e+02
1.526977209537674867e+02 1.435647730946317608e+02
1.525991099622406466e+02 1.435481636891608730e+02
1.525004989707138066e+02 1.435315542836899851e+02
1.524018879791869665e+02 1.435149448782190973e+02
1.523032769876601265e+02 1.434983354727482094e+02
1.522046659961332864e+02 1.434817260672773216e+02
1.521060550046064463e+02 1.434651166618064337e+02
1.520074440130796063e+02 1.434485072563355459e+02
1.519088330215527662e+02 1.434318978508646580e+02
1.518102220300259262e+02 1.434152884453937702e+02
1.517116110384990861e+02 1.433986790399228823e+02
1.515512613185377404e+02 1.433716707574338614e+02
1.516409566171375900e+02 1.433274581641024952e+02
1.517306519157374396e+02 1.432832455707711290e+02
1.518203472143372892e+02 1.432390329774397628e+02
1.519100425129371388e+02 1.431948203841083966e+02
1.519997378115369884e+02 1.431506077907770305e+02
1.520894331101368380e+02 1.431063951974456643e+02
1.521791284087366876e+02 1.430621826041142981e+02
1.522688237073365372e+02 1.430179700107829319e+02
1.523585190059363867e+02 1.429737574174515657e+02
1.524482143045362363e+02 1.429295448241201996e+02
1.525379096031360859e+02 1.428853322307888334e+02
1.526276049017359355e+02 1.428411196374574672e+02
1.527173002003357851e+02 1.427969070441261010e+02
1.528069954989356347e+02 1.427526944507947348e+02
1.528966907975354843e+02 1.427084818574633687e+02
1.529863860961353339e+02 1.426642692641320025e+02
1.530760813947351835e+02 1.426200566708006363e+02
1.531657766933350331e+02 1.425758440774692701e+02
1.532554719919348827e+02 1.425316314841379040e+02
1.533451672905347323e+02 1.424874188908065378e+02
1.534348625891345819e+02 1.424432062974751716e+02
1.535245578877344315e+02 1.423989937041438054e+02
1.536142531863342811e+02 1.423547811108124392e+02
1.537039484849341306e+02 1.423105685174810731e+02
1.537936437835339802e+02 1.422663559241497069e+02
1.538833390821338298e+02 1.422221433308183407e+02
1.539730343807336794e+02 1.421779307374869745e+02
1.540627296793335290e+02 1.421337181441556083e+02
1.541524249779333786e+02 1.420895055508242422e+02
1.542421202765332282e+02 1.420452929574928760e+02
1.543318155751330778e+02 1.420010803641615098e+02
1.544215108737329274e+02 1.419568677708301436e+02
1.545112061723327770e+02 1.419126551774987774e+02
1.546009014709326266e+02 1.418684425841674113e+02
1.546905967695324762e+02 1.418242299908360451e+02
1.547802920681323258e+02 1.417800173975046789e+02
1.548699873667321754e+02 1.417358048041733127e+02
1.549596826653320250e+02 1.416915922108419466e+02
1.550493779639318745e+02 1.416473796175105804e+02
1.551390732625317241e+02 1.416031670241792142e+02
1.552287685611315737e+02 1.415589544308478480e+02
1.553184638597314233e+02 1.415147418375164818e+02
1.554081591583312729e+02 1.414705292441851157e+02
1.554978544569311225e+02 1.414263166508537495e+02
1.555875497555309721e+02 1.413821040575223833e+02
1.556772450541308217e+02 1.413378914641910171e+02
1.557669403527306713e+02 1.412936788708596509e+02
1.558566356513305209e+02 1.412494662775282848e+02
1.559463309499303705e+02 1.412052536841969186e+02
1.560360262485302201e+02 1.411610410908655524e+02
1.561257215471300697e+02 1.411168284975341862e+02
1.562154168457299193e+02 1.410726159042028200e+02
1.563051121443297689e+02 1.410284033108714539e+02
1.563948074429296184e+02 1.409841907175400877e+02
1.564845027415294680e+02 1.409399781242087215e+02
1.565741980401293176e+02 1.408957655308773553e+02
1.566638933387291672e+02 1.408515529375459892e+02
1.567535886373290168e+02 1.408073403442146230e+02
1.568432839359288664e+02 1.407631277508832568e+02
1.569329792345287160e+02 1.407189151575518906e+02
1.570226745331285656e+02 1.406747025642205244e+02
1.571123698317284152e+02 1.406304899708891583e+02
1.572020651303282648e+02 1.405862773775577921e+02
1.572917604289281144e+02 1.405420647842264259e+02
1.573814557275279640e+02 1.404978521908950597e+02
1.574711510261278136e+02 1.404536395975636935e+02
1.575608463247276632e+02 1.404094270042323274e+02
1.576505416233275128e+02 1.403652144109009612e+02
1.577402369219273623e+02 1.403210018175695950e+02
1.578299322205272119e+02 1.402767892242382288e+02
1.579196275191270615e+02 1.402325766309068626e+02
1.580093228177269111e+02 1.401883640375754965e+02
1.580990181163267607e+02 1.401441514442441303e+02
1.581887134149266103e+02 1.400999388509127641e+02
1.582784087135264599e+02 1.400557262575813979e+02
1.583681040121263095e+02 1.400115136642500318e+02
1.584577993107261591e+02 1.399673010709186656e+02
1.585474946093260087e+02 1.399230884775872994e+02
1.586371899079258583e+02 1.398788758842559332e+02
1.587268852065257079e+02 1.398346632909245670e+02
1.588165805051255575e+02 1.397904506975932009e+02
1.589062758037254071e+02 1.397462381042618347e+02
1.589959711023252567e+02 1.397020255109304685e+02
1.590856664009251062e+02 1.396578129175991023e+02
1.591753616995249558e+02 1.396136003242677361e+02
1.592650569981248054e+02 1.395693877309363700e+02
1.593547522967246550e+02 1.395251751376050038e+02
1.594444475953245046e+02 1.394809625442736376e+02
1.595341428939243542e+02 1.394367499509422714e+02
1.596238381925242038e+02 1.393925373576109052e+02
1.597135334911240534e+02 1.393483247642795391e+02
1.598032287897239030e+02 1.393041121709481729e+02
1.598929240883237526e+02 1.392598995776168067e+02
1.599826193869236022e+02 1.392156869842854405e+02
1.600723146855234518e+02 1.391714743909540744e+02
1.601620099841233014e+02 1.391272617976227082e+02
1.602517052827231510e+02 1.390830492042913420e+02
1.603414005813230006e+02 1.390388366109599758e+02
1.604310958799228501e+02 1.389946240176286096e+02
1.605207911785226997e+02 1.389504114242972435e+02
1.606104864771225493e+02 1.389061988309658773e+02
1.607001817757223989e+02 1.388619862376345111e+02
1.607898770743222485e+02 1.388177736443031449e+02
1.608795723729220981e+02 1.387735610509717787e+02
1.609692676715219477e+02 1.387293484576404126e+02
1.610589629701217973e+02 1.386851358643090464e+02
1.611486582687216469e+02 1.386409232709776802e+02
1.612383535673214965e+02 1.385967106776463140e+02
1.613280488659213461e+02 1.385524980843149478e+02
1.614177441645211957e+02 1.385082854909835817e+02
1.615074394631210453e+02 1.384640728976522155e+02
1.615971347617208949e+02 1.384198603043208493e+02
1.616868300603207445e+02 1.383756477109894831e+02
1.617765253589205940e+02 1.383314351176581170e+02
1.618662206575204436e+02 1.382872225243267508e+02
1.619559159561202932e+02 1.382430099309953846e+02
1.620456112547201428e+02 1.381987973376640184e+02
1.621353065533199924e+02 1.381545847443326522e+02
1.622250018519198420e+02 1.381103721510012861e+02
1.623146971505196916e+02 1.380661595576699199e+02
1.624043924491195412e+02 1.380219469643385537e+02
1.624940877477193908e+02 1.379777343710071875e+02
1.625837830463192404e+02 1.379335217776758213e+02
1.626734783449190900e+02 1.378893091843444552e+02
1.627631736435189396e+02 1.378450965910130890e+02
1.628528689421187892e+02 1.378008839976817228e+02
1.629425642407186388e+02 1.377566714043503566e+02
1.630322595393184884e+02 1.377124588110189904e+02
1.631219548379183379e+02 1.376682462176876243e+02
1.632116501365181875e+02 1.376240336243562581e+02
1.633013454351180371e+02 1.375798210310248919e+02
1.633910407337178867e+02 1.375356084376935257e+02
1.634807360323177363e+02 1.374913958443621596e+02
1.635704313309175859e+02 1.374471832510307934e+02
1.636601266295174355e+02 1.374029706576994272e+02
1.637498219281172851e+02 1.373587580643680610e+02
1.638395172267171347e+02 1.373145454710366948e+02
1.639292125253169843e+02 1.372703328777053287e+02
1.640189078239168339e+02 1.372261202843739625e+02
1.641086031225166835e+02 1.371819076910425963e+02
1.641982984211165331e+02 1.371376950977112301e+02
1.642879937197163827e+02 1.370934825043798639e+02
1.643776890183162323e+02 1.370492699110484978e+02
1.644673843169160818e+02 1.370050573177171316e+02
1.645570796155159314e+02 1.369608447243857654e+02
1.646467749141157810e+02 1.369166321310543992e+02
1.647364702127156306e+02 1.368724195377230330e+02
1.648261655113154802e+02 1.368282069443916669e+02
1.649158608099153298e+02 1.367839943510603007e+02
1.650055561085151794e+02 1.367397817577289345e+02
1.650952514071150290e+02 1.366955691643975683e+02
1.651849467057148786e+02 1.366513565710662022e+02
1.652746420043147282e+02 1.366071439777348360e+02
1.653643373029145778e+02 1.365629313844034698e+02
1.654540326015144274e+02 1.365187187910721036e+02
1.655437279001142770e+02 1.364745061977407374e+02
1.656334231987141266e+02 1.364302936044093713e+02
1.657231184973139761e+02 1.363860810110780051e+02
1.658128137959138257e+02 1.363418684177466389e+02
1.659025090945136753e+02 1.362976558244152727e+02
1.659922043931135249e+02 1.362534432310839065e+02
1.660818996917133745e+02 1.362092306377525404e+02
1.661715949903132241e+02 1.361650180444211742e+02
1.662612902889130737e+02 1.361208054510898080e+02
1.663509855875129233e+02 1.360765928577584418e+02
1.664406808861127729e+02 1.360323802644270756e+02
1.665303761847126225e+02 1.359881676710957095e+02
1.666200714833124721e+02 1.359439550777643433e+02
1.667097667819123217e+02 1.358997424844329771e+02
1.667994620805121713e+02 1.358555298911016109e+02
1.668891573791120209e+02 1.358113172977702447e+02
1.669788526777118705e+02 1.357671047044388786e+02
1.670685479763117200e+02 1.357228921111075124e+02
1.671582432749115696e+02 1.356786795177761462e+02
1.672479385735114192e+02 1.356344669244447800e+02
1.673376338721112688e+02 1.355902543311134139e+02
1.674273291707111184e+02 1.355460417377820477e+02
1.675170244693109680e+02 1.355018291444506815e+02
1.676067197679108176e+02 1.354576165511193153e+02
1.676964150665106672e+02 1.354134039577879491e+02
1.677861103651105168e+02 1.353691913644565830e+02
1.678758056637103664e+02 1.353249787711252168e+02
1.679655009623102160e+02 1.352807661777938506e+02
1.680551962609100656e+02 1.352365535844624844e+02
1.681448915595099152e+02 1.351923409911311182e+02
1.682345868581097648e+02 1.351481283977997521e+02
1.683242821567096144e+02 1.351039158044683859e+02
1.684139774553094639e+02 1.350597032111370197e+02
1.685036727539093135e+02 1.350154906178056535e+02
1.685933680525091631e+02 1.349712780244742873e+02
1.686830633511090127e+02 1.349270654311429212e+02
1.687727586497088623e+02 1.348828528378115550e+02
1.688624539483087119e+02 1.348386402444801888e+02
1.689521492469085615e+02 1.347944276511488226e+02
1.690418445455084111e+02 1.347502150578174565e+02
1.691315398441082607e+02 1.347060024644860903e+02
1.692212351427081103e+02 1.346617898711547241e+02
1.693109304413079599e+02 1.346175772778233579e+02
1.694006257399078095e+02 1.345733646844919917e+02
1.694903210385076591e+02 1.345291520911606256e+02
1.695800163371075087e+02 1.344849394978292594e+02
1.696697116357073583e+02 1.344407269044978932e+02
1.697594069343072078e+02 1.343965143111665270e+02
1.698491022329070574e+02 1.343523017178351608e+02
1.699387975315069070e+02 1.343080891245037947e+02
1.700284928301067566e+02 1.342638765311724285e+02
1.701181881287066062e+02 1.342196639378410623e+02
1.702078834273064558e+02 1.341754513445096961e+02
1.702975787259063054e+02 1.341312387511783299e+02
1.703872740245061550e+02 1.340870261578469638e+02
1.704769693231060046e+02 1.340428135645155976e+02
1.705666646217058542e+02 1.339986009711842314e+02
1.706563599203057038e+02 1.339543883778528652e+02
1.707460552189055534e+02 1.339101757845214991e+02
1.708357505175054030e+02 1.338659631911901329e+02
1.709254458161052526e+02 1.338217505978587667e+02
1.710151411147051022e+02 1.337775380045274005e+02
1.711048364133049517e+02 1.337333254111960343e+02
1.711945317119048013e+02 1.336891128178646682e+02
1.712842270105046509e+02 1.336449002245333020e+02
1.713739223091045005e+02 1.336006876312019358e+02
1.714636176077043501e+02 1.335564750378705696e+02
1.715533129063041997e+02 1.335122624445392034e+02
1.716430082049040493e+02 1.334680498512078373e+02
1.717327035035038989e+02 1.334238372578764711e+02
1.718223988021037485e+02 1.333796246645451049e+02
1.719120941007035981e+02 1.333354120712137387e+02
1.720017893993034477e+02 1.332911994778823725e+02
1.720914846979032973e+02 1.332469868845510064e+02
1.721811799965031469e+02 1.332027742912196402e+02
1.722708752951029965e+02 1.331585616978882740e+02
1.723605705937028461e+02 1.331143491045569078e+02
1.724502658923026956e+02 1.330701365112255417e+02
1.725399611909025452e+02 1.330259239178941755e+02
1.726296564895023948e+02 1.329817113245628093e+02
1.727193517881022444e+02 1.329374987312314431e+02
1.728090470867020940e+02 1.328932861379000769e+02
1.728987423853019436e+02 1.328490735445687108e+02
1.729884376839017932e+02 1.328048609512373446e+02
1.730781329825016428e+02 1.327606483579059784e+02
1.731678282811014924e+02 1.327164357645746122e+02
1.732575235797013420e+02 1.326722231712432460e+02
1.733472188783011916e+02 1.326280105779118799e+02
1.734369141769010412e+02 1.325837979845805137e+02
1.735266094755008908e+02 1.325395853912491475e+02
1.736163047741007404e+02 1.324953727979177813e+02
1.737060000727005900e+02 1.324511602045864151e+02
1.737956953713004395e+02 1.324069476112550490e+02
1.738853906699002891e+02 1.323627350179236828e+02
1.739750859685001387e+02 1.323185224245923166e+02
1.740647812670999883e+02 1.322743098312609504e+02
1.741544765656998379e+02 1.322300972379295843e+02
1.742441718642996875e+02 1.321858846445982181e+02
1.743338671628995371e+02 1.321416720512668519e+02
1.744235624614993867e+02 1.320974594579354857e+02
1.745132577600992363e+02 1.320532468646041195e+02
1.746029530586990859e+02 1.320090342712727534e+02
1.746926483572989355e+02 1.319648216779413872e+02
1.747823436558987851e+02 1.319206090846100210e+02
1.748720389544986347e+02 1.318763964912786548e+02
1.749617342530984843e+02 1.318321838979472886e+02
1.750514295516983339e+02 1.317879713046159225e+02
1.751411248502981834e+02 1.317437587112845563e+02
1.752308201488980330e+02 1.316995461179531901e+02
1.753205154474978826e+02 1.316553335246218239e+02
1.754102107460977322e+02 1.316111209312904577e+02
1.754999060446975818e+02 1.315669083379590916e+02
1.755896013432974314e+02 1.315226957446277254e+02
1.756792966418972810e+02 1.314784831512963592e+02
1.757689919404971306e+02 1.314342705579649930e+02
1.758586872390969802e+02 1.313900579646336269e+02
1.759483825376968298e+02 1.313458453713022607e+02
1.760380778362966794e+02 1.313016327779708945e+02
1.761277731348965290e+02 1.312574201846395283e+02
1.762174684334963786e+02 1.312132075913081621e+02
1.763071637320962282e+02 1.311689949979767960e+02
1.763968590306960778e+02 1.311247824046454298e+02
1.764865543292959273e+02 1.310805698113140636e+02
1.765762496278957769e+02 1.310363572179826974e+02
1.766659449264956265e+02 1.309921446246513312e+02
1.767556402250954761e+02 1.309479320313199651e+02
1.768453355236953257e+02 1.309037194379885989e+02
1.769350308222951753e+02 1.308595068446572327e+02
1.770247261208950249e+02 1.308152942513258665e+02
1.771144214194948745e+02 1.307710816579945003e+02
1.772041167180947241e+02 1.307268690646631342e+02
1.772938120166945737e+02 1.306826564713317680e+02
1.773835073152944233e+02 1.306384438780004018e+02
1.774732026138942729e+02 1.305942312846690356e+02
1.775628979124941225e+02 1.305500186913376695e+02
1.776525932110939721e+02 1.305058060980063033e+02
1.777422885096938217e+02 1.304615935046749371e+02
1.778319838082936712e+02 1.304173809113435709e+02
1.779216791068935208e+02 1.303731683180122047e+02
1.780113744054933704e+02 1.303289557246808386e+02
1.781010697040932200e+02 1.302847431313494724e+02
1.781907650026930696e+02 1.302405305380181062e+02
1.782804603012929192e+02 1.301963179446867400e+02
1.783701555998927688e+02 1.301521053513553738e+02
1.784598508984926184e+02 1.301078927580240077e+02
1.785495461970924680e+02 1.300636801646926415e+02
1.786392414956923176e+02 1.300194675713612753e+02
1.787289367942921672e+02 1.299752549780299091e+02
1.788186320928920168e+02 1.299310423846985429e+02
1.789083273914918664e+02 1.298868297913671768e+02
1.789980226900917160e+02 1.298426171980358106e+02
1.790877179886915656e+02 1.297984046047044444e+02
1.791774132872914151e+02 1.297541920113730782e+02
1.792671085858912647e+02 1.297099794180417121e+02
1.793568038844911143e+02 1.296657668247103459e+02
1.794464991830909639e+02 1.296215542313789797e+02
1.795361944816908135e+02 1.295773416380476135e+02
1.796258897802906631e+02 1.295331290447162473e+02
1.797155850788905127e+02 1.294889164513848812e+02
1.798052803774903623e+02 1.294447038580535150e+02
1.798949756760902119e+02 1.294004912647221488e+02
1.799846709746900615e+02 1.293562786713907826e+02
1.800743662732899111e+02 1.293120660780594164e+02
1.801640615718897607e+02 1.292678534847280503e+02
1.802537568704896103e+02 1.292236408913966841e+02
1.803434521690894599e+02 1.291794282980653179e+02
1.804331474676893095e+02 1.291352157047339517e+02
1.805228427662891590e+02 1.290910031114025855e+02
1.806125380648890086e+02 1.290467905180712194e+02
1.807022333634888582e+02 1.290025779247398532e+02
1.807919286620887078e+02 1.289583653314084870e+02
1.808816239606885574e+02 1.289141527380771208e+02
1.809713192592884070e+02 1.288699401447457547e+02
1.810610145578882566e+02 1.288257275514143885e+02
1.811507098564881062e+02 1.287815149580830223e+02
1.812404051550879558e+02 1.287373023647516561e+02
1.813301004536878054e+02 1.286930897714202899e+02
1.814197957522876550e+02 1.286488771780889238e+02
1.815094910508875046e+02 1.286046645847575576e+02
1.815991863494873542e+02 1.285604519914261914e+02
1.816888816480872038e+02 1.285162393980948252e+02
1.817785769466870534e+02 1.284720268047634590e+02
1.818682722452869029e+02 1.284278142114320929e+02
1.819579675438867525e+02 1.283836016181007267e+02
1.820476628424866021e+02 1.283393890247693605e+02
1.821373581410864517e+02 1.282951764314379943e+02
1.822270534396863013e+02 1.282509638381066281e+02
1.823167487382861509e+02 1.282067512447752620e+02
1.824064440368860005e+02 1.281625386514438958e+02
1.824961393354858501e+02 1.281183260581125296e+02
1.825858346340856997e+02 1.280741134647811634e+02
1.826755299326855493e+02 1.280299008714497973e+02
1.827652252312853989e+02 1.279856882781184169e+02
1.828549205298852485e+02 1.279414756847870365e+02
1.829446158284850981e+02 1.278972630914556561e+02
1.830343111270849477e+02 1.278530504981242757e+02
1.831240064256847973e+02 1.278088379047928953e+02
1.832137017242846468e+02 1.277646253114615149e+02
1.833033970228844964e+02 1.277204127181301345e+02
1.833930923214843460e+02 1.276762001247987541e+02
1.834827876200841956e+02 1.276319875314673737e+02
1.835724829186840452e+02 1.275877749381359934e+02
1.836621782172838948e+02 1.275435623448046130e+02
1.837518735158837444e+02 1.274993497514732326e+02
1.838415688144835940e+02 1.274551371581418522e+02
1.839312641130834436e+02 1.274109245648104718e+02
1.840209594116832932e+02 1.273667119714790914e+02
1.841106547102831428e+02 1.273224993781477110e+02
1.842003500088829924e+02 1.272782867848163306e+02
1.842900453074828420e+02 1.272340741914849502e+02
1.843797406060826916e+02 1.271898615981535698e+02
1.844694359046825411e+02 1.271456490048221895e+02
1.845591312032823907e+02 1.271014364114908091e+02
1.846488265018822403e+02 1.270572238181594287e+02
1.847385218004820899e+02 1.270130112248280483e+02
1.848282170990819395e+02 1.269687986314966679e+02
1.849179123976817891e+02 1.269245860381652875e+02
1.850076076962816387e+02 1.268803734448339071e+02
1.850973029948814883e+02 1.268361608515025267e+02
1.851869982934813379e+02 1.267919482581711463e+02
1.852766935920811875e+02 1.267477356648397659e+02
1.853663888906810371e+02 1.267035230715083856e+02
1.854560841892808867e+02 1.266593104781770052e+02
1.855457794878807363e+02 1.266150978848456248e+02
1.856354747864805859e+02 1.265708852915142444e+02
1.857251700850804355e+02 1.265266726981828640e+02
1.858148653836802850e+02 1.264824601048514836e+02
1.859045606822801346e+02 1.264382475115201032e+02
1.859942559808799842e+02 1.263940349181887228e+02
1.860839512794798338e+02 1.263498223248573424e+02
1.861736465780796834e+02 1.263056097315259620e+02
1.862633418766795330e+02 1.262613971381945817e+02
1.863530371752793826e+02 1.262171845448632013e+02
1.864427324738792322e+02 1.261729719515318209e+02
1.865324277724790818e+02 1.261287593582004405e+02
1.866221230710789314e+02 1.260845467648690601e+02
1.867118183696787810e+02 1.260403341715376797e+02
1.868015136682786306e+02 1.259961215782062993e+02
1.868912089668784802e+02 1.259519089848749189e+02
1.869809042654783298e+02 1.259076963915435385e+02
1.870705995640781794e+02 1.258634837982121581e+02
1.871602948626780289e+02 1.258192712048807778e+02
1.872499901612778785e+02 1.257750586115493974e+02
1.873396854598777281e+02 1.257308460182180170e+02
1.874293807584775777e+02 1.256866334248866366e+02
1.875190760570774273e+02 1.256424208315552562e+02
1.876087713556772769e+02 1.255982082382238758e+02
1.876984666542771265e+02 1.255539956448924954e+02
1.877881619528769761e+02 1.255097830515611150e+02
1.878778572514768257e+02 1.254655704582297346e+02
1.879675525500766753e+02 1.254213578648983543e+02
1.880572478486765249e+02 1.253771452715669739e+02
1.881469431472763745e+02 1.253329326782355935e+02
1.882366384458762241e+02 1.252887200849042131e+02
1.883263337444760737e+02 1.252445074915728327e+02
1.884160290430759233e+02 1.252002948982414523e+02
1.885057243416757728e+02 1.251560823049100719e+02
1.885954196402756224e+02 1.251118697115786915e+02
1.886851149388754720e+02 1.250676571182473111e+02
1.887748102374753216e+02 1.250234445249159307e+02
1.888645055360751712e+02 1.249792319315845504e+02
1.889542008346750208e+02 1.249350193382531700e+02
1.890438961332748704e+02 1.248908067449217896e+02
1.891335914318747200e+02 1.248465941515904092e+02
1.892232867304745696e+02 1.248023815582590288e+02
1.893129820290744192e+02 1.247581689649276484e+02
1.894026773276742688e+02 1.247139563715962680e+02
1.894923726262741184e+02 1.246697437782648876e+02
1.895820679248739680e+02 1.246255311849335072e+02
1.896717632234738176e+02 1.245813185916021268e+02
1.897614585220736672e+02 1.245371059982707465e+02
1.898511538206735167e+02 1.244928934049393661e+02
1.899408491192733663e+02 1.244486808116079857e+02
1.900305444178732159e+02 1.244044682182766053e+02
1.901202397164730655e+02 1.243602556249452249e+02
1.902099350150729151e+02 1.243160430316138445e+02
1.902996303136727647e+02 1.242718304382824641e+02
1.903893256122726143e+02 1.242276178449510837e+02
1.904790209108724639e+02 1.241834052516197033e+02
1.905687162094723135e+02 1.241391926582883229e+02
1.906584115080721631e+02 1.240949800649569426e+02
1.907481068066720127e+02 1.240507674716255622e+02
1.908378021052718623e+02 1.240065548782941818e+02
1.909274974038717119e+02 1.239623422849628014e+02
1.910171927024715615e+02 1.239181296916314210e+02
1.911068880010714111e+02 1.238739170983000406e+02
1.911965832996712606e+02 1.238297045049686602e+02
1.912862785982711102e+02 1.237854919116372798e+02
1.913759738968709598e+02 1.237412793183058994e+02
1.914656691954708094e+02 1.236970667249745190e+02
1.915553644940706590e+02 1.236528541316431387e+02
1.916450597926705086e+02 1.236086415383117583e+02
1.917694112139477909e+02 1.235473462541069694e+02
1.918020196642756332e+02 1.236418803165776836e+02
1.918346281146034755e+02 1.237364143790483979e+02
1.918672365649313178e+02 1.238309484415191122e+02
1.918998450152591602e+02 1.239254825039898265e+02
1.919324534655870025e+02 1.240200165664605407e+02
1.919650619159148448e+02 1.241145506289312550e+02
1.919976703662426871e+02 1.242090846914019693e+02
1.920302788165705294e+02 1.243036187538726836e+02
1.920628872668983718e+02 1.243981528163433978e+02
1.920954957172262141e+02 1.244926868788141121e+02
1.921281041675540564e+02 1.245872209412848264e+02
1.921607126178818987e+02 1.246817550037555407e+02
1.921933210682097410e+02 1.247762890662262549e+02
1.922259295185375834e+02 1.248708231286969692e+02
1.922585379688654257e+02 1.249653571911676835e+02
1.922911464191932680e+02 1.250598912536383978e+02
1.923237548695211103e+02 1.251544253161091120e+02
1.923563633198489526e+02 1.252489593785798263e+02
1.923889717701767950e+02 1.253434934410505406e+02
1.924215802205046373e+02 1.254380275035212549e+02
1.924541886708324796e+02 1.255325615659919691e+02
1.924867971211603219e+02 1.256270956284626834e+02
1.925194055714881642e+02 1.257216296909333977e+02
1.925520140218160066e+02 1.258161637534041120e+02
1.925846224721438489e+02 1.259106978158748262e+02
1.926172309224716912e+02 1.260052318783455405e+02
1.926498393727995335e+02 1.260997659408162548e+02
1.926824478231273758e+02 1.261943000032869691e+02
1.927150562734552182e+02 1.262888340657576833e+02
1.927476647237830605e+02 1.263833681282283976e+02
1.927802731741109028e+02 1.264779021906991119e+02
1.928128816244387451e+02 1.265724362531698262e+02
1.928454900747665874e+02 1.266669703156405404e+02
1.928780985250944298e+02 1.267615043781112547e+02
1.929107069754222721e+02 1.268560384405819690e+02
1.929433154257501144e+02 1.269505725030526833e+02
1.929759238760779567e+02 1.270451065655233975e+02
1.930085323264057990e+02 1.271396406279941118e+02
1.930411407767336414e+02 1.272341746904648261e+02
1.930737492270614837e+02 1.273287087529355404e+02
1.931063576773893260e+02 1.274232428154062546e+02
1.931389661277171683e+02 1.275177768778769689e+02
1.931715745780450106e+02 1.276123109403476832e+02
1.932041830283728530e+02 1.277068450028183975e+02
1.932367914787006953e+02 1.278013790652891117e+02
1.932693999290285376e+02 1.278959131277598260e+02
1.933020083793563799e+02 1.279904471902305403e+02
1.933346168296842222e+02 1.280849812527012546e+02
1.933672252800120646e+02 1.281795153151719830e+02
1.933998337303399069e+02 1.282740493776427115e+02
1.934324421806677492e+02 1.283685834401134400e+02
1.934650506309955915e+02 1.284631175025841685e+02
1.934976590813234338e+02 1.285576515650548970e+02
1.935302675316512762e+02 1.286521856275256255e+02
1.935628759819791185e+02 1.287467196899963540e+02
1.935954844323069608e+02 1.288412537524670824e+02
1.936280928826348031e+02 1.289357878149378109e+02
1.936607013329626454e+02 1.290303218774085394e+02
1.936933097832904878e+02 1.291248559398792679e+02
1.937259182336183301e+02 1.292193900023499964e+02
1.937585266839461724e+02 1.293139240648207249e+02
1.937911351342740147e+02 1.294084581272914534e+02
1.938237435846018570e+02 1.295029921897621819e+02
1.938563520349296994e+02 1.295975262522329103e+02
1.938889604852575417e+02 1.296920603147036388e+02
1.939215689355853840e+02 1.297865943771743673e+02
1.939541773859132263e+02 1.298811284396450958e+02
1.939867858362410686e+02 1.299756625021158243e+02
1.940193942865689110e+02 1.300701965645865528e+02
1.940520027368967533e+02 1.301647306270572813e+02
1.940846111872245956e+02 1.302592646895280097e+02
1.941172196375524379e+02 1.303537987519987382e+02
1.941498280878802802e+02 1.304483328144694667e+02
1.941824365382081226e+02 1.305428668769401952e+02
1.942150449885359649e+02 1.306374009394109237e+02
1.942476534388638072e+02 1.307319350018816522e+02
1.942802618891916495e+02 1.308264690643523807e+02
1.943128703395194918e+02 1.309210031268231091e+02
1.943454787898473342e+02 1.310155371892938376e+02
1.943780872401751765e+02 1.311100712517645661e+02
1.944106956905030188e+02 1.312046053142352946e+02
1.944433041408308611e+02 1.312991393767060231e+02
1.944759125911587034e+02 1.313936734391767516e+02
1.945085210414865458e+02 1.314882075016474801e+02
1.945411294918143881e+02 1.315827415641182085e+02
1.945737379421422304e+02 1.316772756265889370e+02
1.946063463924700727e+02 1.317718096890596655e+02
1.946389548427979150e+02 1.318663437515303940e+02
1.946715632931257574e+02 1.319608778140011225e+02
1.947041717434535997e+02 1.320554118764718510e+02
1.947367801937814420e+02 1.321499459389425795e+02
1.947693886441092843e+02 1.322444800014133079e+02
1.948019970944371266e+02 1.323390140638840364e+02
1.948346055447649690e+02 1.324335481263547649e+02
1.948672139950928113e+02 1.325280821888254934e+02
1.948998224454206536e+02 1.326226162512962219e+02
1.949324308957484959e+02 1.327171503137669504e+02
1.949650393460763382e+02 1.328116843762376789e+02
1.949976477964041806e+02 1.329062184387084073e+02
1.950302562467320229e+02 1.330007525011791358e+02
1.950628646970598652e+02 1.330952865636498643e+02
1.950954731473877075e+02 1.331898206261205928e+02
1.951280815977155498e+02 1.332843546885913213e+02
1.951606900480433922e+02 1.333788887510620498e+02
1.951932984983712345e+02 1.334734228135327783e+02
1.952259069486990768e+02 1.335679568760035067e+02
1.952585153990269191e+02 1.336624909384742352e+02
1.952911238493547614e+02 1.337570250009449637e+02
1.953237322996826038e+02 1.338515590634156922e+02
1.953563407500104461e+02 1.339460931258864207e+02
1.953889492003382884e+02 1.340406271883571492e+02
1.954215576506661307e+02 1.341351612508278777e+02
1.954541661009939730e+02 1.342296953132986062e+02
1.954867745513218154e+02 1.343242293757693346e+02
1.955193830016496577e+02 1.344187634382400631e+02
1.955519914519775000e+02 1.345132975007107916e+02
1.955845999023053423e+02 1.346078315631815201e+02
1.956172083526331846e+02 1.347023656256522486e+02
1.956498168029610270e+02 1.347968996881229771e+02
1.956824252532888693e+02 1.348914337505937056e+02
1.957150337036167116e+02 1.349859678130644340e+02
1.957476421539445539e+02 1.350805018755351625e+02
1.957802506042723962e+02 1.351750359380058910e+02
1.958128590546002386e+02 1.352695700004766195e+02
1.958454675049280809e+02 1.353641040629473480e+02
1.958780759552559232e+02 1.354586381254180765e+02
1.959106844055837655e+02 1.355531721878888050e+02
1.959432928559116078e+02 1.356477062503595334e+02
1.959759013062394502e+02 1.357422403128302619e+02
1.960085097565672925e+02 1.358367743753009904e+02
1.960411182068951348e+02 1.359313084377717189e+02
1.960737266572229771e+02 1.360258425002424474e+02
1.961063351075508194e+02 1.361203765627131759e+02
1.961389435578786617e+02 1.362149106251839044e+02
1.961715520082065041e+02 1.363094446876546328e+02
1.962041604585343464e+02 1.364039787501253613e+02
1.962367689088621887e+02 1.364985128125960898e+02
1.962693773591900310e+02 1.365930468750668183e+02
1.963019858095178733e+02 1.366875809375375468e+02
1.963345942598457157e+02 1.367821150000082753e+02
1.963672027101735580e+02 1.368766490624790038e+02
1.963998111605014003e+02 1.369711831249497322e+02
1.964324196108292426e+02 1.370657171874204607e+02
1.964650280611570849e+02 1.371602512498911892e+02
1.964976365114849273e+02 1.372547853123619177e+02
1.965302449618127696e+02 1.373493193748326462e+02
1.965628534121406119e+02 1.374438534373033747e+02
1.965954618624684542e+02 1.375383874997741032e+02
1.966280703127962965e+02 1.376329215622448316e+02
1.966606787631241389e+02 1.377274556247155601e+02
1.966932872134519812e+02 1.378219896871862886e+02
1.967258956637798235e+02 1.379165237496570171e+02
1.967585041141076658e+02 1.380110578121277456e+02
1.967911125644355081e+02 1.381055918745984741e+02
1.968237210147633505e+02 1.382001259370692026e+02
1.968563294650911928e+02 1.382946599995399311e+02
1.968889379154190351e+02 1.383891940620106595e+02
1.969215463657468774e+02 1.384837281244813880e+02
1.969541548160747197e+02 1.385782621869521165e+02
1.969867632664025621e+02 1.386727962494228450e+02
1.970193717167304044e+02 1.387673303118935735e+02
1.970519801670582467e+02 1.388618643743643020e+02
1.970845886173860890e+02 1.389563984368350305e+02
1.971171970677139313e+02 1.390509324993057589e+02
1.971498055180417737e+02 1.391454665617764874e+02
1.971824139683696160e+02 1.392400006242472159e+02
1.972150224186974583e+02 1.393345346867179444e+02
1.972476308690253006e+02 1.394290687491886729e+02
1.972802393193531429e+02 1.395236028116594014e+02
1.973128477696809853e+02 1.396181368741301299e+02
1.973454562200088276e+02 1.397126709366008583e+02
1.973780646703366699e+02 1.398072049990715868e+02
1.974106731206645122e+02 1.399017390615423153e+02
1.974432815709923545e+02 1.399962731240130438e+02
1.974758900213201969e+02 1.400908071864837723e+02
1.975084984716480392e+02 1.401853412489545008e+02
1.975411069219758815e+02 1.402798753114252293e+02
1.975737153723037238e+02 1.403744093738959577e+02
1.976063238226315661e+02 1.404689434363666862e+02
1.976389322729594085e+02 1.405634774988374147e+02
1.976715407232872508e+02 1.406580115613081432e+02
1.977041491736150931e+02 1.407525456237788717e+02
1.977367576239429354e+02 1.408470796862496002e+02
1.977693660742707777e+02 1.409416137487203287e+02
1.978019745245986201e+02 1.410361478111910571e+02
1.978345829749264624e+02 1.411306818736617856e+02
1.978671914252543047e+02 1.412252159361325141e+02
1.978997998755821470e+02 1.413197499986032426e+02
1.979324083259099893e+02 1.414142840610739711e+02
1.979650167762378317e+02 1.415088181235446996e+02
1.979976252265656740e+02 1.416033521860154281e+02
1.980302336768935163e+02 1.416978862484861565e+02
1.980628421272213586e+02 1.417924203109568850e+02
1.980954505775492009e+02 1.418869543734276135e+02
1.981280590278770433e+02 1.419814884358983420e+02
1.981606674782048856e+02 1.420760224983690705e+02
1.981932759285327279e+02 1.421705565608397990e+02
1.982258843788605702e+02 1.422650906233105275e+02
1.982584928291884125e+02 1.423596246857812559e+02
1.982911012795162549e+02 1.424541587482519844e+02
1.983237097298440972e+02 1.425486928107227129e+02
1.983563181801719395e+02 1.426432268731934414e+02
1.983889266304997818e+02 1.427377609356641699e+02
1.984215350808276241e+02 1.428322949981348984e+02
1.984541435311554665e+02 1.429268290606056269e+02
1.984867519814833088e+02 1.430213631230763554e+02
1.985193604318111511e+02 1.431158971855470838e+02
1.985519688821389934e+02 1.432104312480178123e+02
1.985845773324668357e+02 1.433049653104885408e+02
1.986171857827946781e+02 1.433994993729592693e+02
1.986497942331225204e+02 1.434940334354299978e+02
1.986824026834503627e+02 1.435885674979007263e+02
1.987150111337782050e+02 1.436831015603714548e+02
1.987476195841060473e+02 1.437776356228421832e+02
1.987802280344338897e+02 1.438721696853129117e+02
1.988128364847617320e+02 1.439667037477836402e+02
1.988454449350895743e+02 1.440612378102543687e+02
1.988780533854174166e+02 1.441557718727250972e+02
1.989106618357452589e+02 1.442503059351958257e+02
1.989432702860731013e+02 1.443448399976665542e+02
1.989758787364009436e+02 1.444393740601372826e+02
1.990084871867287859e+02 1.445339081226080111e+02
1.990410956370566282e+02 1.446284421850787396e+02
1.990737040873844705e+02 1.447229762475494681e+02
1.991063125377123129e+02 1.448175103100201966e+02
1.991389209880401552e+02 1.449120443724909251e+02
1.991715294383679975e+02 1.450065784349616536e+02
1.992041378886958398e+02 1.451011124974323820e+02
1.992367463390236821e+02 1.451956465599031105e+02
1.992693547893515245e+02 1.452901806223738390e+02
1.993019632396793668e+02 1.453847146848445675e+02
1.993345716900072091e+02 1.454792487473152960e+02
1.993671801403350514e+02 1.455737828097860245e+02
1.993997885906628937e+02 1.456683168722567530e+02
1.994323970409907361e+02 1.457628509347274814e+02
1.994650054913185784e+02 1.458573849971982099e+02
1.994976139416464207e+02 1.459519190596689384e+02
1.995302223919742630e+02 1.460464531221396669e+02
1.995628308423021053e+02 1.461409871846103954e+02
1.995954392926299477e+02 1.462355212470811239e+02
1.996280477429577900e+02 1.463300553095518524e+02
1.996606561932856323e+02 1.464245893720225808e+02
1.996932646436134746e+02 1.465191234344933093e+02
1.997258730939413169e+02 1.466136574969640378e+02
1.997584815442691593e+02 1.467081915594347663e+02
1.997910899945970016e+02 1.468027256219054948e+02
1.998236984449248439e+02 1.468972596843762233e+02
1.998563068952526862e+02 1.469917937468469518e+02
1.998889153455805285e+02 1.470863278093176802e+02
1.999215237959083709e+02 1.471808618717884087e+02
1.999541322462362132e+02 1.472753959342591372e+02
1.999867406965640555e+02 1.473699299967298657e+02
2.000193491468918978e+02 1.474644640592005942e+02
2.000519575972197401e+02 1.475589981216713227e+02
2.000845660475475825e+02 1.476535321841420512e+02
2.001171744978754248e+02 1.477480662466127797e+02
2.001497829482032671e+02 1.478426003090835081e+02
2.001823913985311094e+02 1.479371343715542366e+02
2.002149998488589517e+02 1.480316684340249651e+02
2.002476082991867941e+02 1.481262024964956936e+02
2.002802167495146364e+02 1.482207365589664221e+02
2.003128251998424787e+02 1.483152706214371506e+02
2.003454336501703210e+02 1.484098046839078791e+02
2.003780421004981633e+02 1.485043387463786075e+02
2.004106505508260057e+02 1.485988728088493360e+02
2.004432590011538480e+02 1.486934068713200645e+02
2.004758674514816903e+02 1.487879409337907930e+02
2.005084759018095326e+02 1.488824749962615215e+02
2.005410843521373749e+02 1.489770090587322500e+02
2.005736928024652173e+02 1.490715431212029785e+02
2.006063012527930596e+02 1.491660771836737069e+02
2.006389097031209019e+02 1.492606112461444354e+02
2.006715181534487442e+02 1.493551453086151639e+02
2.007041266037765865e+02 1.494496793710858924e+02
2.007367350541044289e+02 1.495442134335566209e+02
2.007693435044322712e+02 1.496387474960273494e+02
2.008019519547601135e+02 1.497332815584980779e+02
2.008345604050879558e+02 1.498278156209688063e+02
2.008671688554157981e+02 1.499223496834395348e+02
2.008997773057436405e+02 1.500168837459102633e+02
2.009323857560714828e+02 1.501114178083809918e+02
2.009649942063993251e+02 1.502059518708517203e+02
2.009976026567271674e+02 1.503004859333224488e+02
2.010302111070550097e+02 1.503950199957931773e+02
2.010628195573828521e+02 1.504895540582639057e+02
2.010954280077106944e+02 1.505840881207346342e+02
2.011280364580385367e+02 1.506786221832053627e+02
2.011606449083663790e+02 1.507731562456760912e+02
2.011932533586942213e+02 1.508676903081468197e+02
2.012258618090220637e+02 1.509622243706175482e+02
2.012584702593499060e+02 1.510567584330882767e+02
2.012910787096777483e+02 1.511512924955590051e+02
2.013236871600055906e+02 1.512458265580297336e+02
2.013562956103334329e+02 1.513403606205004621e+02
2.013889040606612753e+02 1.514348946829711906e+02
2.014215125109891176e+02 1.515294287454419191e+02
2.014541209613169599e+02 1.516239628079126476e+02
2.015101617595533128e+02 1.517864288027212467e+02
