4.512939812595179490e+01 1.730815401318603790e+02
4.502953597842976308e+01 1.730762911803186626e+02
4.492967383090773126e+01 1.730710422287769461e+02
4.482981168338569944e+01 1.730657932772352297e+02
4.472994953586366762e+01 1.730605443256935132e+02
4.463008738834163580e+01 1.730552953741517968e+02
4.453022524081960398e+01 1.730500464226100803e+02
4.443036309329757216e+01 1.730447974710683638e+02
4.433050094577554034e+01 1.730395485195266474e+02
4.423063879825350853e+01 1.730342995679849309e+02
4.413077665073147671e+01 1.730290506164432145e+02
4.403091450320944489e+01 1.730238016649014980e+02
4.393105235568741307e+01 1.730185527133597816e+02
4.383119020816538125e+01 1.730133037618180651e+02
4.373132806064334943e+01 1.730080548102763487e+02
4.363146591312131761e+01 1.730028058587346322e+02
4.353160376559928579e+01 1.729975569071929158e+02
4.343174161807725397e+01 1.729923079556511993e+02
4.333187947055522216e+01 1.729870590041094829e+02
4.323201732303319034e+01 1.729818100525677664e+02
4.313215517551115852e+01 1.729765611010260500e+02
4.303229302798912670e+01 1.729713121494843335e+02
4.293243088046709488e+01 1.729660631979426171e+02
4.283256873294506306e+01 1.729608142464009006e+02
4.273270658542303124e+01 1.729555652948591842e+02
4.263284443790099942e+01 1.729503163433174677e+02
4.253298229037896760e+01 1.729450673917757513e+02
4.243312014285693579e+01 1.729398184402340348e+02
4.233325799533490397e+01 1.729345694886923184e+02
4.223339584781287215e+01 1.729293205371506019e+02
4.213353370029084033e+01 1.729240715856088855e+02
4.203367155276880851e+01 1.729188226340671690e+02
4.193380940524677669e+01 1.729135736825254526e+02
4.183394725772474487e+01 1.729083247309837361e+02
4.173408511020271305e+01 1.729030757794420197e+02
4.163422296268068123e+01 1.728978268279003032e+02
4.153436081515864942e+01 1.728925778763585868e+02
4.143449866763661760e+01 1.728873289248168703e+02
4.133463652011458578e+01 1.728820799732751539e+02
4.123477437259255396e+01 1.728768310217334374e+02
4.113491222507052214e+01 1.728715820701917210e+02
4.103505007754849032e+01 1.728663331186500045e+02
4.093518793002645850e+01 1.728610841671082881e+02
4.083532578250442668e+01 1.728558352155665716e+02
4.073546363498239486e+01 1.728505862640248552e+02
4.063560148746036305e+01 1.728453373124831387e+02
4.053573933993833123e+01 1.728400883609414223e+02
4.043587719241629941e+01 1.728348394093997058e+02
4.033601504489426759e+01 1.728295904578579893e+02
4.023615289737223577e+01 1.728243415063162729e+02
4.013629074985020395e+01 1.728190925547745564e+02
4.003642860232817213e+01 1.728138436032328400e+02
3.993656645480614031e+01 1.728085946516911235e+02
3.983670430728410849e+01 1.728033457001494071e+02
3.973684215976207668e+01 1.727980967486076906e+02
3.963698001224004486e+01 1.727928477970659742e+02
3.953711786471801304e+01 1.727875988455242577e+02
3.943725571719598122e+01 1.727823498939825413e+02
3.933739356967394940e+01 1.727771009424408248e+02
3.923753142215191758e+01 1.727718519908991084e+02
3.913766927462988576e+01 1.727666030393573919e+02
3.903780712710785394e+01 1.727613540878156755e+02
3.893794497958582213e+01 1.727561051362739590e+02
3.883808283206379031e+01 1.727508561847322426e+02
3.873822068454175849e+01 1.727456072331905261e+02
3.863835853701972667e+01 1.727403582816488097e+02
3.853849638949769485e+01 1.727351093301070932e+02
3.843863424197566303e+01 1.727298603785653768e+02
3.833877209445363121e+01 1.727246114270236603e+02
3.823890994693159939e+01 1.727193624754819439e+02
3.813904779940956757e+01 1.727141135239402274e+02
3.803918565188753576e+01 1.727088645723985110e+02
3.793932350436550394e+01 1.727036156208567945e+02
3.783946135684347212e+01 1.726983666693150781e+02
3.773959920932144030e+01 1.726931177177733616e+02
3.763973706179940848e+01 1.726878687662316452e+02
3.753987491427737666e+01 1.726826198146899287e+02
3.744001276675534484e+01 1.726773708631482123e+02
3.734015061923331302e+01 1.726721219116064958e+02
3.724028847171128120e+01 1.726668729600647794e+02
3.714042632418924939e+01 1.726616240085230629e+02
3.704056417666721757e+01 1.726563750569813465e+02
3.694070202914518575e+01 1.726511261054396300e+02
3.684083988162315393e+01 1.726458771538979136e+02
3.674097773410112211e+01 1.726406282023561971e+02
3.664111558657909029e+01 1.726353792508144807e+02
3.654125343905705847e+01 1.726301302992727642e+02
3.644139129153502665e+01 1.726248813477310478e+02
3.634152914401299483e+01 1.726196323961893313e+02
3.624166699649096302e+01 1.726143834446476149e+02
3.614180484896893120e+01 1.726091344931058984e+02
3.604194270144689938e+01 1.726038855415641819e+02
3.594208055392486756e+01 1.725986365900224655e+02
3.584221840640283574e+01 1.725933876384807490e+02
3.574235625888080392e+01 1.725881386869390326e+02
3.564249411135877210e+01 1.725828897353973161e+02
3.554263196383674028e+01 1.725776407838555997e+02
3.544276981631470846e+01 1.725723918323138832e+02
3.534290766879267665e+01 1.725671428807721668e+02
3.524304552127064483e+01 1.725618939292304503e+02
3.514318337374861301e+01 1.725566449776887339e+02
3.504332122622658119e+01 1.725513960261470174e+02
3.494345907870454937e+01 1.725461470746053010e+02
3.484359693118251755e+01 1.725408981230635845e+02
3.474373478366048573e+01 1.725356491715218681e+02
3.464387263613845391e+01 1.725304002199801516e+02
3.454401048861642209e+01 1.725251512684384352e+02
3.444414834109439028e+01 1.725199023168967187e+02
3.434428619357235846e+01 1.725146533653550023e+02
3.424442404605032664e+01 1.725094044138132858e+02
3.414456189852829482e+01 1.725041554622715694e+02
3.404469975100626300e+01 1.724989065107298529e+02
3.394483760348423118e+01 1.724936575591881365e+02
3.384497545596219936e+01 1.724884086076464200e+02
3.374511330844016754e+01 1.724831596561047036e+02
3.364525116091813572e+01 1.724779107045629871e+02
3.354538901339610391e+01 1.724726617530212707e+02
3.344552686587407209e+01 1.724674128014795542e+02
3.334566471835204027e+01 1.724621638499378378e+02
3.324580257083000845e+01 1.724569148983961213e+02
3.314594042330797663e+01 1.724516659468544049e+02
3.304607827578594481e+01 1.724464169953126884e+02
3.294621612826391299e+01 1.724411680437709720e+02
3.284635398074188117e+01 1.724359190922292555e+02
3.274649183321984935e+01 1.724306701406875391e+02
3.264662968569781754e+01 1.724254211891458226e+02
3.254676753817578572e+01 1.724201722376041062e+02
3.244690539065375390e+01 1.724149232860623897e+02
3.234704324313172208e+01 1.724096743345206733e+02
3.224718109560969026e+01 1.724044253829789568e+02
3.214731894808765844e+01 1.723991764314372404e+02
3.204745680056562662e+01 1.723939274798955239e+02
3.194759465304359125e+01 1.723886785283538075e+02
3.184773250552155588e+01 1.723834295768120910e+02
3.174787035799952051e+01 1.723781806252703745e+02
3.164800821047748514e+01 1.723729316737286581e+02
3.154814606295544976e+01 1.723676827221869416e+02
3.144828391543341439e+01 1.723624337706452252e+02
3.134842176791137902e+01 1.723571848191035087e+02
3.124855962038934365e+01 1.723519358675617923e+02
3.114869747286730828e+01 1.723466869160200758e+02
3.104883532534527291e+01 1.723414379644783594e+02
3.094897317782323753e+01 1.723361890129366429e+02
3.084911103030120216e+01 1.723309400613949265e+02
3.074924888277916679e+01 1.723256911098532100e+02
3.064938673525713142e+01 1.723204421583114936e+02
3.054952458773509605e+01 1.723151932067697771e+02
3.044966244021306068e+01 1.723099442552280607e+02
3.034980029269102531e+01 1.723046953036863442e+02
3.024993814516898993e+01 1.722994463521446278e+02
3.015007599764695456e+01 1.722941974006029113e+02
3.005021385012491919e+01 1.722889484490611949e+02
2.995035170260288382e+01 1.722836994975194784e+02
2.985048955508084845e+01 1.722784505459777620e+02
2.975062740755881308e+01 1.722732015944360455e+02
2.965076526003677770e+01 1.722679526428943291e+02
2.955090311251474233e+01 1.722627036913526126e+02
2.945104096499270696e+01 1.722574547398108962e+02
2.935117881747067159e+01 1.722522057882691797e+02
2.925131666994863622e+01 1.722469568367274633e+02
2.915145452242660085e+01 1.722417078851857468e+02
2.905159237490456547e+01 1.722364589336440304e+02
2.895173022738253010e+01 1.722312099821023139e+02
2.885186807986049473e+01 1.722259610305605975e+02
2.875200593233845936e+01 1.722207120790188810e+02
2.865214378481642399e+01 1.722154631274771646e+02
2.855228163729438862e+01 1.722102141759354481e+02
2.845241948977235324e+01 1.722049652243937317e+02
2.835255734225031787e+01 1.721997162728520152e+02
2.825269519472828250e+01 1.721944673213102988e+02
2.815283304720624713e+01 1.721892183697685823e+02
2.805297089968421176e+01 1.721839694182268659e+02
2.795310875216217639e+01 1.721787204666851494e+02
2.785324660464014102e+01 1.721734715151434330e+02
2.775338445711810564e+01 1.721682225636017165e+02
2.765352230959607027e+01 1.721629736120600001e+02
2.755366016207403490e+01 1.721577246605182836e+02
2.745379801455199953e+01 1.721524757089765671e+02
2.735393586702996416e+01 1.721472267574348507e+02
2.725407371950792879e+01 1.721419778058931342e+02
2.715421157198589341e+01 1.721367288543514178e+02
2.705434942446385804e+01 1.721314799028097013e+02
2.695448727694182267e+01 1.721262309512679849e+02
2.685462512941978730e+01 1.721209819997262684e+02
2.675476298189775193e+01 1.721157330481845520e+02
2.665490083437571656e+01 1.721104840966428355e+02
2.655503868685368118e+01 1.721052351451011191e+02
2.645517653933164581e+01 1.720999861935594026e+02
2.635531439180961044e+01 1.720947372420176862e+02
2.625545224428757507e+01 1.720894882904759697e+02
2.615559009676553970e+01 1.720842393389342533e+02
2.605572794924350433e+01 1.720789903873925368e+02
2.595586580172146896e+01 1.720737414358508204e+02
2.585600365419943358e+01 1.720684924843091039e+02
2.575614150667739821e+01 1.720632435327673875e+02
2.565627935915536284e+01 1.720579945812256710e+02
2.555641721163332747e+01 1.720527456296839546e+02
2.545655506411129210e+01 1.720474966781422381e+02
2.535669291658925673e+01 1.720422477266005217e+02
2.525683076906722135e+01 1.720369987750588052e+02
2.515696862154518598e+01 1.720317498235170888e+02
2.505710647402315061e+01 1.720265008719753723e+02
2.495724432650111524e+01 1.720212519204336559e+02
2.485738217897907987e+01 1.720160029688919394e+02
2.475752003145704450e+01 1.720107540173502230e+02
2.465765788393500912e+01 1.720055050658085065e+02
2.455779573641297375e+01 1.720002561142667901e+02
2.445793358889093838e+01 1.719950071627250736e+02
2.435807144136890301e+01 1.719897582111833572e+02
2.425820929384686764e+01 1.719845092596416407e+02
2.415834714632483227e+01 1.719792603080999243e+02
2.405848499880279689e+01 1.719740113565582078e+02
2.395862285128076152e+01 1.719687624050164914e+02
2.385876070375872615e+01 1.719635134534747749e+02
2.375889855623669078e+01 1.719582645019330585e+02
2.365903640871465541e+01 1.719530155503913420e+02
2.355917426119262004e+01 1.719477665988496256e+02
2.345931211367058467e+01 1.719425176473079091e+02
2.335944996614854929e+01 1.719372686957661926e+02
2.325958781862651392e+01 1.719320197442244762e+02
2.315972567110447855e+01 1.719267707926827597e+02
2.305986352358244318e+01 1.719215218411410433e+02
2.296000137606040781e+01 1.719162728895993268e+02
2.280665490767719206e+01 1.719082126966050623e+02
2.281775807012243362e+01 1.718088310092390429e+02
2.282886123256767519e+01 1.717094493218730236e+02
2.283996439501291675e+01 1.716100676345070042e+02
2.285106755745815832e+01 1.715106859471409848e+02
2.286217071990339988e+01 1.714113042597749654e+02
2.287327388234864145e+01 1.713119225724089461e+02
2.288437704479388302e+01 1.712125408850429267e+02
2.289548020723912458e+01 1.711131591976769073e+02
2.290658336968436615e+01 1.710137775103108879e+02
2.291768653212960771e+01 1.709143958229448685e+02
2.292878969457484928e+01 1.708150141355788492e+02
2.293989285702009084e+01 1.707156324482128298e+02
2.295099601946533241e+01 1.706162507608468104e+02
2.296209918191057398e+01 1.705168690734807910e+02
2.297320234435581554e+01 1.704174873861147717e+02
2.298430550680105711e+01 1.703181056987487523e+02
2.299540866924629867e+01 1.702187240113827329e+02
2.300651183169154024e+01 1.701193423240167135e+02
2.301761499413678180e+01 1.700199606366506941e+02
2.302871815658202337e+01 1.699205789492846748e+02
2.303982131902726493e+01 1.698211972619186554e+02
2.305092448147250650e+01 1.697218155745526360e+02
2.306202764391774807e+01 1.696224338871866166e+02
2.307313080636298963e+01 1.695230521998205973e+02
2.308423396880823120e+01 1.694236705124545779e+02
2.309533713125347276e+01 1.693242888250885585e+02
2.310644029369871433e+01 1.692249071377225391e+02
2.311754345614395589e+01 1.691255254503565197e+02
2.312864661858919746e+01 1.690261437629905004e+02
2.313974978103443902e+01 1.689267620756244810e+02
2.315085294347968059e+01 1.688273803882584616e+02
2.316195610592492216e+01 1.687279987008924422e+02
2.317305926837016372e+01 1.686286170135264229e+02
2.318416243081540529e+01 1.685292353261604035e+02
2.319526559326064685e+01 1.684298536387943841e+02
2.320636875570588842e+01 1.683304719514283647e+02
2.321747191815112998e+01 1.682310902640623453e+02
2.322857508059637155e+01 1.681317085766963260e+02
2.323967824304161311e+01 1.680323268893303066e+02
2.325078140548685468e+01 1.679329452019642872e+02
2.326188456793209625e+01 1.678335635145982678e+02
2.327298773037733781e+01 1.677341818272322485e+02
2.328409089282257938e+01 1.676348001398662291e+02
2.329519405526782094e+01 1.675354184525002097e+02
2.330629721771306251e+01 1.674360367651341903e+02
2.331740038015830407e+01 1.673366550777681709e+02
2.332850354260354564e+01 1.672372733904021516e+02
2.333960670504878721e+01 1.671378917030361322e+02
2.335070986749402877e+01 1.670385100156701128e+02
2.336181302993927034e+01 1.669391283283040934e+02
2.337291619238451190e+01 1.668397466409380741e+02
2.338401935482975347e+01 1.667403649535720547e+02
2.339512251727499503e+01 1.666409832662060353e+02
2.340622567972023660e+01 1.665416015788400159e+02
2.341732884216547816e+01 1.664422198914739965e+02
2.342843200461071973e+01 1.663428382041079772e+02
2.343953516705596130e+01 1.662434565167419578e+02
2.345063832950120286e+01 1.661440748293759384e+02
2.346174149194644443e+01 1.660446931420099190e+02
2.347284465439168599e+01 1.659453114546438997e+02
2.348394781683692756e+01 1.658459297672778803e+02
2.349505097928216912e+01 1.657465480799118609e+02
2.350615414172741069e+01 1.656471663925458415e+02
2.351725730417265225e+01 1.655477847051798221e+02
2.352836046661789382e+01 1.654484030178138028e+02
2.353946362906313539e+01 1.653490213304477834e+02
2.355056679150837695e+01 1.652496396430817640e+02
2.356166995395361852e+01 1.651502579557157446e+02
2.357277311639886008e+01 1.650508762683497253e+02
2.358387627884410165e+01 1.649514945809837059e+02
2.359497944128934321e+01 1.648521128936176865e+02
2.360608260373458478e+01 1.647527312062516671e+02
2.361718576617982635e+01 1.646533495188856477e+02
2.362828892862506791e+01 1.645539678315196284e+02
2.363939209107030948e+01 1.644545861441536090e+02
2.365049525351555104e+01 1.643552044567875896e+02
2.366159841596079261e+01 1.642558227694215702e+02
2.367270157840603417e+01 1.641564410820555509e+02
2.368380474085127574e+01 1.640570593946895315e+02
2.369490790329651730e+01 1.639576777073235121e+02
2.370601106574175887e+01 1.638582960199574927e+02
2.371711422818700044e+01 1.637589143325914733e+02
2.372821739063224200e+01 1.636595326452254540e+02
2.373932055307748357e+01 1.635601509578594346e+02
2.375042371552272513e+01 1.634607692704934152e+02
2.376152687796796670e+01 1.633613875831273958e+02
2.377263004041320826e+01 1.632620058957613765e+02
2.378373320285844983e+01 1.631626242083953571e+02
2.379483636530369139e+01 1.630632425210293377e+02
2.380593952774893296e+01 1.629638608336633183e+02
2.381704269019417453e+01 1.628644791462972989e+02
2.382814585263941609e+01 1.627650974589312796e+02
2.383924901508465766e+01 1.626657157715652602e+02
2.385035217752989922e+01 1.625663340841992408e+02
2.386145533997514079e+01 1.624669523968332214e+02
2.387255850242038235e+01 1.623675707094672021e+02
2.388366166486562392e+01 1.622681890221011827e+02
2.389476482731086548e+01 1.621688073347351633e+02
2.390586798975610705e+01 1.620694256473691439e+02
2.391697115220134862e+01 1.619700439600031245e+02
2.392807431464659018e+01 1.618706622726371052e+02
2.393917747709183175e+01 1.617712805852710858e+02
2.395028063953707331e+01 1.616718988979050664e+02
2.396138380198231488e+01 1.615725172105390470e+02
2.397248696442755644e+01 1.614731355231730277e+02
2.398359012687279801e+01 1.613737538358070083e+02
2.399469328931803958e+01 1.612743721484409889e+02
2.400579645176328114e+01 1.611749904610749695e+02
2.401689961420852271e+01 1.610756087737089501e+02
2.402800277665376427e+01 1.609762270863429308e+02
2.403910593909900584e+01 1.608768453989769114e+02
2.405020910154424740e+01 1.607774637116108920e+02
2.406131226398948897e+01 1.606780820242448726e+02
2.407241542643473053e+01 1.605787003368788532e+02
2.408351858887997210e+01 1.604793186495128339e+02
2.409462175132521367e+01 1.603799369621468145e+02
2.410572491377045523e+01 1.602805552747807951e+02
2.411682807621569680e+01 1.601811735874147757e+02
2.412793123866093836e+01 1.600817919000487564e+02
2.413903440110617993e+01 1.599824102126827370e+02
2.415013756355142149e+01 1.598830285253167176e+02
2.416124072599666306e+01 1.597836468379506982e+02
2.417234388844190462e+01 1.596842651505846788e+02
2.418344705088714619e+01 1.595848834632186595e+02
2.419455021333238776e+01 1.594855017758526401e+02
2.420565337577762932e+01 1.593861200884866207e+02
2.421675653822287089e+01 1.592867384011206013e+02
2.422785970066811245e+01 1.591873567137545820e+02
2.423896286311335402e+01 1.590879750263885626e+02
2.425006602555859558e+01 1.589885933390225432e+02
2.426116918800383715e+01 1.588892116516565238e+02
2.427227235044907871e+01 1.587898299642905044e+02
2.428337551289432028e+01 1.586904482769244851e+02
2.429447867533956185e+01 1.585910665895584657e+02
2.430558183778480341e+01 1.584916849021924463e+02
2.431668500023004498e+01 1.583923032148264269e+02
2.432778816267528654e+01 1.582929215274604076e+02
2.433889132512052811e+01 1.581935398400943882e+02
2.434999448756576967e+01 1.580941581527283688e+02
2.436109765001101124e+01 1.579947764653623494e+02
2.437220081245625281e+01 1.578953947779963300e+02
2.438330397490149437e+01 1.577960130906303107e+02
2.439440713734673594e+01 1.576966314032642913e+02
2.440551029979197750e+01 1.575972497158982719e+02
2.441661346223721907e+01 1.574978680285322525e+02
2.442771662468246063e+01 1.573984863411662332e+02
2.443881978712770220e+01 1.572991046538002138e+02
2.444992294957294376e+01 1.571997229664341944e+02
2.446102611201818533e+01 1.571003412790681750e+02
2.447212927446342690e+01 1.570009595917021556e+02
2.448323243690866846e+01 1.569015779043361363e+02
2.449433559935391003e+01 1.568021962169701169e+02
2.450543876179915159e+01 1.567028145296040975e+02
2.451654192424439316e+01 1.566034328422380781e+02
2.452764508668963472e+01 1.565040511548720588e+02
2.453874824913487629e+01 1.564046694675060394e+02
2.454985141158011785e+01 1.563052877801400200e+02
2.456095457402535942e+01 1.562059060927740006e+02
2.457205773647060099e+01 1.561065244054079812e+02
2.458316089891584255e+01 1.560071427180419619e+02
2.459426406136108412e+01 1.559077610306759425e+02
2.460536722380632568e+01 1.558083793433099231e+02
2.461647038625156725e+01 1.557089976559439037e+02
2.462757354869680881e+01 1.556096159685778844e+02
2.463867671114205038e+01 1.555102342812118650e+02
2.464977987358729195e+01 1.554108525938458456e+02
2.466088303603253351e+01 1.553114709064798262e+02
2.467198619847777508e+01 1.552120892191138068e+02
2.468308936092301664e+01 1.551127075317477875e+02
2.469419252336825821e+01 1.550133258443817681e+02
2.470529568581349977e+01 1.549139441570157487e+02
2.471639884825874134e+01 1.548145624696497293e+02
2.472750201070398290e+01 1.547151807822837100e+02
2.473860517314922447e+01 1.546157990949176906e+02
2.474970833559446604e+01 1.545164174075516712e+02
2.476081149803970760e+01 1.544170357201856518e+02
2.477191466048494917e+01 1.543176540328196324e+02
2.478301782293019073e+01 1.542182723454536131e+02
2.479412098537543230e+01 1.541188906580875937e+02
2.480522414782067386e+01 1.540195089707215743e+02
2.481632731026591543e+01 1.539201272833555549e+02
2.482743047271115699e+01 1.538207455959895356e+02
2.483853363515639856e+01 1.537213639086235162e+02
2.484963679760164013e+01 1.536219822212574968e+02
2.486073996004688169e+01 1.535226005338914774e+02
2.487184312249212326e+01 1.534232188465254580e+02
2.488294628493736482e+01 1.533238371591594387e+02
2.489404944738260639e+01 1.532244554717934193e+02
2.490515260982784795e+01 1.531250737844273999e+02
2.491625577227308952e+01 1.530256920970613805e+02
2.492735893471833108e+01 1.529263104096953612e+02
2.493846209716357265e+01 1.528269287223293418e+02
2.494956525960881422e+01 1.527275470349633224e+02
2.496066842205405578e+01 1.526281653475973030e+02
2.497177158449929735e+01 1.525287836602312836e+02
2.498287474694453891e+01 1.524294019728652643e+02
2.499397790938978048e+01 1.523300202854992449e+02
2.500508107183502204e+01 1.522306385981332255e+02
2.501618423428026361e+01 1.521312569107672061e+02
2.502728739672550518e+01 1.520318752234011868e+02
2.503839055917074674e+01 1.519324935360351674e+02
2.504949372161598831e+01 1.518331118486691480e+02
2.506059688406122987e+01 1.517337301613031286e+02
2.507170004650647144e+01 1.516343484739371092e+02
2.508280320895171300e+01 1.515349667865710899e+02
2.509390637139695457e+01 1.514355850992050705e+02
2.510500953384219613e+01 1.513362034118390511e+02
2.511611269628743770e+01 1.512368217244730317e+02
2.512721585873267927e+01 1.511374400371070124e+02
2.513831902117792083e+01 1.510380583497409930e+02
2.514942218362316240e+01 1.509386766623749736e+02
2.516052534606840396e+01 1.508392949750089542e+02
2.517162850851364553e+01 1.507399132876429348e+02
2.518273167095888709e+01 1.506405316002769155e+02
2.519383483340412866e+01 1.505411499129108961e+02
2.520493799584937022e+01 1.504417682255448767e+02
2.521604115829461179e+01 1.503423865381788573e+02
2.522714432073985336e+01 1.502430048508128380e+02
2.523824748318509492e+01 1.501436231634468186e+02
2.524935064563033649e+01 1.500442414760807992e+02
2.526045380807557805e+01 1.499448597887147798e+02
2.527155697052081962e+01 1.498454781013487604e+02
2.528266013296606118e+01 1.497460964139827411e+02
2.529376329541130275e+01 1.496467147266167217e+02
2.530486645785654432e+01 1.495473330392507023e+02
2.531596962030178588e+01 1.494479513518846829e+02
2.532707278274702745e+01 1.493485696645186636e+02
2.533817594519226901e+01 1.492491879771526442e+02
2.534927910763751058e+01 1.491498062897866248e+02
2.536038227008275214e+01 1.490504246024206054e+02
2.537148543252799371e+01 1.489510429150545860e+02
2.538258859497323527e+01 1.488516612276885667e+02
2.539369175741847684e+01 1.487522795403225473e+02
2.540479491986371841e+01 1.486528978529565279e+02
2.541589808230895997e+01 1.485535161655905085e+02
2.542700124475420154e+01 1.484541344782244892e+02
2.543810440719944310e+01 1.483547527908584698e+02
2.544920756964468467e+01 1.482553711034924504e+02
2.546031073208992623e+01 1.481559894161264310e+02
2.547141389453516780e+01 1.480566077287604116e+02
2.548251705698040936e+01 1.479572260413943923e+02
2.549362021942565093e+01 1.478578443540283729e+02
2.550472338187089250e+01 1.477584626666623535e+02
2.551582654431613406e+01 1.476590809792963341e+02
2.552692970676137563e+01 1.475596992919303148e+02
2.553803286920661719e+01 1.474603176045642954e+02
2.554913603165185876e+01 1.473609359171982760e+02
2.556023919409710032e+01 1.472615542298322566e+02
2.557134235654234189e+01 1.471621725424662372e+02
2.558244551898758345e+01 1.470627908551002179e+02
2.559354868143282502e+01 1.469634091677341985e+02
2.560465184387806659e+01 1.468640274803681791e+02
2.561575500632330815e+01 1.467646457930021597e+02
2.562685816876854972e+01 1.466652641056361404e+02
2.563796133121379128e+01 1.465658824182701210e+02
2.564906449365903285e+01 1.464665007309041016e+02
2.566016765610427441e+01 1.463671190435380822e+02
2.567127081854951598e+01 1.462677373561720628e+02
2.568237398099475755e+01 1.461683556688060435e+02
2.569347714343999911e+01 1.460689739814400241e+02
2.570458030588524068e+01 1.459695922940740047e+02
2.571568346833048224e+01 1.458702106067079853e+02
2.572678663077572381e+01 1.457708289193419660e+02
2.573788979322096537e+01 1.456714472319759466e+02
2.574899295566620694e+01 1.455720655446099272e+02
2.576009611811144850e+01 1.454726838572439078e+02
2.577119928055669007e+01 1.453733021698778884e+02
2.578230244300193164e+01 1.452739204825118691e+02
2.579340560544717320e+01 1.451745387951458497e+02
2.580450876789241477e+01 1.450751571077798303e+02
2.581561193033765633e+01 1.449757754204138109e+02
2.582671509278289790e+01 1.448763937330477916e+02
2.583781825522813946e+01 1.447770120456817722e+02
2.584892141767338103e+01 1.446776303583157528e+02
2.586002458011862259e+01 1.445782486709497334e+02
2.587112774256386416e+01 1.444788669835837140e+02
2.588223090500910573e+01 1.443794852962176947e+02
2.589333406745434729e+01 1.442801036088516753e+02
2.590443722989958886e+01 1.441807219214856559e+02
2.591554039234483042e+01 1.440813402341196365e+02
2.592664355479007199e+01 1.439819585467536172e+02
2.593774671723531355e+01 1.438825768593875978e+02
2.594884987968055512e+01 1.437831951720215784e+02
2.595995304212579669e+01 1.436838134846555590e+02
2.597105620457103825e+01 1.435844317972895396e+02
2.598215936701627982e+01 1.434850501099235203e+02
2.599326252946152138e+01 1.433856684225575009e+02
2.600436569190676295e+01 1.432862867351914815e+02
2.601546885435200451e+01 1.431869050478254621e+02
2.602657201679724608e+01 1.430875233604594428e+02
2.603767517924248764e+01 1.429881416730934234e+02
2.604877834168772921e+01 1.428887599857274040e+02
2.605988150413297078e+01 1.427893782983613846e+02
2.607098466657821234e+01 1.426899966109953652e+02
2.608208782902345391e+01 1.425906149236293459e+02
2.609319099146869547e+01 1.424912332362633265e+02
2.610429415391393704e+01 1.423918515488973071e+02
2.611539731635917860e+01 1.422924698615312877e+02
2.612650047880442017e+01 1.421930881741652684e+02
2.613760364124966173e+01 1.420937064867992490e+02
2.614870680369490330e+01 1.419943247994332296e+02
2.615980996614014487e+01 1.418949431120672102e+02
2.617091312858538643e+01 1.417955614247011908e+02
2.618201629103062800e+01 1.416961797373351715e+02
2.619311945347586956e+01 1.415967980499691521e+02
2.620422261592111113e+01 1.414974163626031327e+02
2.621532577836635269e+01 1.413980346752371133e+02
2.622642894081159426e+01 1.412986529878710940e+02
2.623753210325683582e+01 1.411992713005050746e+02
2.624863526570207739e+01 1.410998896131390552e+02
2.625973842814731896e+01 1.410005079257730358e+02
2.627084159059256052e+01 1.409011262384070164e+02
2.628194475303780209e+01 1.408017445510409971e+02
2.629304791548304365e+01 1.407023628636749777e+02
2.630415107792828522e+01 1.406029811763089583e+02
2.631525424037352678e+01 1.405035994889429389e+02
2.632635740281876835e+01 1.404042178015769196e+02
2.633746056526400992e+01 1.403048361142109002e+02
2.634856372770925148e+01 1.402054544268448808e+02
2.635966689015449305e+01 1.401060727394788614e+02
2.637077005259973461e+01 1.400066910521128420e+02
2.638187321504497618e+01 1.399073093647468227e+02
2.639297637749021774e+01 1.398079276773808033e+02
2.640407953993545931e+01 1.397085459900147839e+02
2.641518270238070087e+01 1.396091643026487645e+02
2.642628586482594244e+01 1.395097826152827452e+02
2.643738902727118401e+01 1.394104009279167258e+02
2.644849218971642557e+01 1.393110192405507064e+02
2.645959535216166714e+01 1.392116375531846870e+02
2.647069851460690870e+01 1.391122558658186676e+02
2.648180167705215027e+01 1.390128741784526483e+02
2.649290483949739183e+01 1.389134924910866289e+02
2.650400800194263340e+01 1.388141108037206095e+02
2.651511116438787496e+01 1.387147291163545901e+02
2.652621432683311653e+01 1.386153474289885708e+02
2.653731748927835810e+01 1.385159657416225514e+02
2.654842065172359966e+01 1.384165840542565320e+02
2.655952381416884123e+01 1.383172023668905126e+02
2.657062697661408279e+01 1.382178206795244932e+02
2.658173013905932436e+01 1.381184389921584739e+02
2.659283330150456592e+01 1.380190573047924545e+02
2.660393646394980749e+01 1.379196756174264351e+02
2.661503962639504905e+01 1.378202939300604157e+02
2.662614278884029062e+01 1.377209122426943964e+02
2.663724595128553219e+01 1.376215305553283770e+02
2.664834911373077375e+01 1.375221488679623576e+02
2.665945227617601532e+01 1.374227671805963382e+02
2.667055543862125688e+01 1.373233854932303188e+02
2.668165860106649845e+01 1.372240038058642995e+02
2.669276176351174001e+01 1.371246221184982801e+02
2.670386492595698158e+01 1.370252404311322607e+02
2.671496808840222315e+01 1.369258587437662413e+02
2.672607125084746471e+01 1.368264770564002220e+02
2.673717441329270628e+01 1.367270953690342026e+02
2.674827757573794784e+01 1.366277136816681832e+02
2.675938073818318941e+01 1.365283319943021638e+02
2.677048390062843097e+01 1.364289503069361444e+02
2.678158706307367254e+01 1.363295686195701251e+02
2.679269022551891410e+01 1.362301869322041057e+02
2.680379338796415567e+01 1.361308052448380863e+02
2.681489655040939724e+01 1.360314235574720669e+02
2.682599971285463880e+01 1.359320418701060476e+02
2.683710287529988037e+01 1.358326601827400282e+02
2.684820603774512193e+01 1.357332784953740088e+02
2.685930920019036350e+01 1.356338968080079894e+02
2.687041236263560506e+01 1.355345151206419700e+02
2.688151552508084663e+01 1.354351334332759507e+02
2.689261868752608819e+01 1.353357517459099313e+02
2.690372184997132976e+01 1.352363700585439119e+02
2.691482501241657133e+01 1.351369883711778925e+02
2.692592817486181289e+01 1.350376066838118732e+02
2.693703133730705446e+01 1.349382249964458538e+02
2.694813449975229602e+01 1.348388433090798344e+02
2.695923766219753759e+01 1.347394616217138150e+02
2.697034082464277915e+01 1.346400799343477956e+02
2.698144398708802072e+01 1.345406982469817763e+02
2.699254714953326229e+01 1.344413165596157569e+02
2.700365031197850385e+01 1.343419348722497375e+02
2.701475347442374542e+01 1.342425531848837181e+02
2.702585663686898698e+01 1.341431714975176988e+02
2.703695979931422855e+01 1.340437898101516794e+02
2.704806296175947011e+01 1.339444081227856600e+02
2.705916612420471168e+01 1.338450264354196406e+02
2.707026928664995324e+01 1.337456447480536212e+02
2.708137244909519481e+01 1.336462630606876019e+02
2.709247561154043638e+01 1.335468813733215825e+02
2.710357877398567794e+01 1.334474996859555631e+02
2.711468193643091951e+01 1.333481179985895437e+02
2.712578509887616107e+01 1.332487363112235244e+02
2.713688826132140264e+01 1.331493546238575050e+02
2.714799142376664420e+01 1.330499729364914856e+02
2.715909458621188577e+01 1.329505912491254662e+02
2.717019774865712733e+01 1.328512095617594468e+02
2.718130091110236890e+01 1.327518278743934275e+02
2.719240407354761047e+01 1.326524461870274081e+02
2.720350723599285203e+01 1.325530644996613887e+02
2.721461039843809360e+01 1.324536828122953693e+02
2.722571356088333516e+01 1.323543011249293500e+02
2.723681672332857673e+01 1.322549194375633306e+02
2.724791988577381829e+01 1.321555377501973112e+02
2.725902304821905986e+01 1.320561560628312918e+02
2.727012621066430142e+01 1.319567743754652724e+02
2.728122937310954299e+01 1.318573926880992531e+02
2.729233253555478456e+01 1.317580110007332337e+02
2.730343569800002612e+01 1.316586293133672143e+02
2.731453886044526769e+01 1.315592476260011949e+02
2.732564202289050925e+01 1.314598659386351756e+02
2.733674518533575082e+01 1.313604842512691562e+02
2.734784834778099238e+01 1.312611025639031368e+02
2.735895151022623395e+01 1.311617208765371174e+02
2.737005467267147552e+01 1.310623391891710980e+02
2.738115783511671708e+01 1.309629575018050787e+02
2.739226099756195865e+01 1.308635758144390593e+02
2.740336416000720021e+01 1.307641941270730399e+02
2.741446732245244178e+01 1.306648124397070205e+02
2.742557048489768334e+01 1.305654307523410012e+02
2.743667364734292491e+01 1.304660490649749818e+02
2.744777680978816647e+01 1.303666673776089624e+02
2.745887997223340804e+01 1.302672856902429430e+02
2.746998313467864961e+01 1.301679040028769236e+02
2.748108629712389117e+01 1.300685223155109043e+02
2.749218945956913274e+01 1.299691406281448849e+02
2.750329262201437430e+01 1.298697589407788655e+02
2.751439578445961587e+01 1.297703772534128461e+02
2.752549894690485743e+01 1.296709955660468268e+02
2.753660210935009900e+01 1.295716138786808074e+02
2.754770527179534056e+01 1.294722321913147880e+02
2.755880843424058213e+01 1.293728505039487686e+02
2.756991159668582370e+01 1.292734688165827492e+02
2.758101475913106526e+01 1.291740871292167299e+02
2.759211792157630683e+01 1.290747054418507105e+02
2.760322108402154839e+01 1.289753237544846911e+02
2.761432424646678996e+01 1.288759420671186717e+02
2.762542740891203152e+01 1.287765603797526524e+02
2.763653057135727309e+01 1.286771786923866330e+02
2.764763373380251466e+01 1.285777970050206136e+02
2.765873689624775622e+01 1.284784153176545942e+02
2.766984005869299779e+01 1.283790336302885748e+02
2.768094322113823935e+01 1.282796519429225555e+02
2.769204638358348092e+01 1.281802702555565361e+02
2.770314954602872248e+01 1.280808885681905167e+02
2.771425270847396405e+01 1.279815068808245115e+02
2.772535587091920561e+01 1.278821251934585064e+02
2.773645903336444718e+01 1.277827435060925012e+02
2.774756219580968875e+01 1.276833618187264960e+02
2.776425191689522620e+01 1.275339762133821466e+02
2.779987597969307700e+01 1.276274156384112786e+02
2.783550004249092780e+01 1.277208550634404105e+02
2.787112410528877859e+01 1.278142944884695424e+02
2.790674816808662939e+01 1.279077339134986744e+02
2.794237223088448019e+01 1.280011733385277921e+02
2.797799629368233099e+01 1.280946127635569098e+02
2.801362035648018178e+01 1.281880521885860276e+02
2.804924441927803258e+01 1.282814916136151453e+02
2.808486848207588338e+01 1.283749310386442630e+02
2.812049254487373418e+01 1.284683704636733808e+02
2.815611660767158497e+01 1.285618098887024985e+02
2.819174067046943577e+01 1.286552493137316162e+02
2.822736473326728657e+01 1.287486887387607339e+02
2.826298879606513736e+01 1.288421281637898517e+02
2.829861285886298816e+01 1.289355675888189694e+02
2.833423692166083896e+01 1.290290070138480871e+02
2.836986098445868976e+01 1.291224464388772049e+02
2.840548504725654055e+01 1.292158858639063226e+02
2.844110911005439135e+01 1.293093252889354403e+02
2.847673317285224215e+01 1.294027647139645580e+02
2.851235723565009295e+01 1.294962041389936758e+02
2.854798129844794374e+01 1.295896435640227935e+02
2.858360536124579454e+01 1.296830829890519112e+02
2.861922942404364534e+01 1.297765224140810290e+02
2.865485348684149614e+01 1.298699618391101467e+02
2.869047754963934693e+01 1.299634012641392644e+02
2.872610161243719773e+01 1.300568406891683821e+02
2.876172567523504853e+01 1.301502801141974999e+02
2.879734973803289932e+01 1.302437195392266176e+02
2.883297380083075012e+01 1.303371589642557353e+02
2.886859786362860092e+01 1.304305983892848531e+02
2.890422192642645172e+01 1.305240378143139708e+02
2.893984598922430251e+01 1.306174772393430885e+02
2.897547005202215331e+01 1.307109166643722062e+02
2.901109411482000411e+01 1.308043560894013240e+02
2.904671817761785491e+01 1.308977955144304417e+02
2.908234224041570570e+01 1.309912349394595594e+02
2.911796630321355650e+01 1.310846743644886772e+02
2.915359036601140730e+01 1.311781137895177949e+02
2.918921442880925810e+01 1.312715532145469126e+02
2.922483849160710889e+01 1.313649926395760303e+02
2.926046255440495969e+01 1.314584320646051481e+02
2.929608661720281049e+01 1.315518714896342658e+02
2.933171068000066128e+01 1.316453109146633835e+02
2.936733474279851208e+01 1.317387503396925013e+02
2.940295880559636288e+01 1.318321897647216190e+02
2.943858286839421368e+01 1.319256291897507367e+02
2.947420693119206447e+01 1.320190686147798544e+02
2.950983099398991527e+01 1.321125080398089722e+02
2.954545505678776607e+01 1.322059474648380899e+02
2.958107911958561687e+01 1.322993868898672076e+02
2.961670318238346766e+01 1.323928263148963254e+02
2.965232724518131846e+01 1.324862657399254431e+02
2.968795130797916926e+01 1.325797051649545608e+02
2.972357537077702005e+01 1.326731445899836785e+02
2.975919943357487085e+01 1.327665840150127963e+02
2.979482349637272165e+01 1.328600234400419140e+02
2.983044755917057245e+01 1.329534628650710317e+02
2.986607162196842324e+01 1.330469022901001495e+02
2.990169568476627404e+01 1.331403417151292672e+02
2.993731974756412484e+01 1.332337811401583849e+02
2.997294381036197564e+01 1.333272205651875026e+02
3.000856787315982643e+01 1.334206599902166204e+02
3.004419193595767723e+01 1.335140994152457381e+02
3.007981599875552803e+01 1.336075388402748558e+02
3.011544006155337883e+01 1.337009782653039736e+02
3.015106412435122962e+01 1.337944176903330913e+02
3.018668818714908042e+01 1.338878571153622090e+02
3.022231224994693122e+01 1.339812965403913267e+02
3.025793631274478201e+01 1.340747359654204445e+02
3.029356037554263281e+01 1.341681753904495622e+02
3.032918443834048361e+01 1.342616148154786799e+02
3.036480850113833441e+01 1.343550542405077977e+02
3.040043256393618520e+01 1.344484936655369154e+02
3.043605662673403600e+01 1.345419330905660331e+02
3.047168068953188680e+01 1.346353725155951508e+02
3.050730475232973760e+01 1.347288119406242686e+02
3.054292881512758839e+01 1.348222513656533863e+02
3.057855287792543919e+01 1.349156907906825040e+02
3.061417694072328999e+01 1.350091302157116218e+02
3.064980100352114079e+01 1.351025696407407395e+02
3.068542506631899158e+01 1.351960090657698572e+02
3.072104912911684238e+01 1.352894484907989749e+02
3.075667319191469318e+01 1.353828879158280927e+02
3.079229725471254397e+01 1.354763273408572104e+02
3.082792131751039477e+01 1.355697667658863281e+02
3.086354538030824557e+01 1.356632061909154459e+02
3.089916944310609637e+01 1.357566456159445636e+02
3.093479350590394716e+01 1.358500850409736813e+02
3.097041756870179796e+01 1.359435244660027990e+02
3.100604163149964876e+01 1.360369638910319168e+02
3.104166569429749956e+01 1.361304033160610345e+02
3.107728975709535035e+01 1.362238427410901522e+02
3.111291381989320115e+01 1.363172821661192700e+02
3.114853788269105195e+01 1.364107215911483877e+02
3.118416194548890275e+01 1.365041610161775054e+02
3.121978600828675354e+01 1.365976004412066231e+02
3.125541007108460434e+01 1.366910398662357409e+02
3.129103413388245514e+01 1.367844792912648586e+02
3.132665819668030593e+01 1.368779187162939763e+02
3.136228225947815673e+01 1.369713581413230941e+02
3.139790632227600753e+01 1.370647975663522118e+02
3.143353038507385833e+01 1.371582369913813295e+02
3.146915444787170912e+01 1.372516764164104472e+02
3.150477851066955992e+01 1.373451158414395650e+02
3.154040257346741072e+01 1.374385552664686827e+02
3.157602663626526152e+01 1.375319946914978004e+02
3.161165069906311231e+01 1.376254341165269182e+02
3.164727476186096311e+01 1.377188735415560359e+02
3.168289882465881391e+01 1.378123129665851536e+02
3.171852288745666471e+01 1.379057523916142713e+02
3.175414695025451550e+01 1.379991918166433891e+02
3.178977101305236630e+01 1.380926312416725068e+02
3.182539507585021710e+01 1.381860706667016245e+02
3.186101913864806789e+01 1.382795100917307423e+02
3.189664320144591869e+01 1.383729495167598600e+02
3.193226726424376949e+01 1.384663889417889777e+02
3.196789132704162029e+01 1.385598283668180954e+02
3.200351538983947108e+01 1.386532677918472132e+02
3.203913945263732188e+01 1.387467072168763309e+02
3.207476351543517268e+01 1.388401466419054486e+02
3.211038757823302348e+01 1.389335860669345664e+02
3.214601164103087427e+01 1.390270254919636841e+02
3.218163570382872507e+01 1.391204649169928018e+02
3.221725976662657587e+01 1.392139043420219195e+02
3.225288382942442666e+01 1.393073437670510373e+02
3.228850789222227746e+01 1.394007831920801550e+02
3.232413195502012826e+01 1.394942226171092727e+02
3.235975601781797906e+01 1.395876620421383905e+02
3.239538008061582985e+01 1.396811014671675082e+02
3.243100414341368065e+01 1.397745408921966259e+02
3.246662820621153145e+01 1.398679803172257436e+02
3.250225226900938225e+01 1.399614197422548614e+02
3.253787633180723304e+01 1.400548591672839791e+02
3.257350039460508384e+01 1.401482985923130968e+02
3.260912445740293464e+01 1.402417380173422146e+02
3.264474852020078544e+01 1.403351774423713323e+02
3.268037258299863623e+01 1.404286168674004500e+02
3.271599664579648703e+01 1.405220562924295677e+02
3.275162070859433783e+01 1.406154957174586855e+02
3.278724477139218862e+01 1.407089351424878032e+02
3.282286883419003942e+01 1.408023745675169209e+02
3.285849289698789022e+01 1.408958139925460387e+02
3.289411695978574102e+01 1.409892534175751564e+02
3.292974102258359181e+01 1.410826928426042741e+02
3.296536508538144261e+01 1.411761322676333918e+02
3.300098914817929341e+01 1.412695716926625096e+02
3.303661321097714421e+01 1.413630111176916273e+02
3.307223727377499500e+01 1.414564505427207450e+02
3.310786133657284580e+01 1.415498899677498628e+02
3.314348539937069660e+01 1.416433293927789805e+02
3.317910946216854740e+01 1.417367688178080982e+02
3.321473352496639819e+01 1.418302082428372159e+02
3.325035758776424899e+01 1.419236476678663337e+02
3.328598165056209979e+01 1.420170870928954514e+02
3.332160571335995058e+01 1.421105265179245691e+02
3.335722977615780138e+01 1.422039659429536869e+02
3.339285383895565218e+01 1.422974053679828046e+02
3.342847790175350298e+01 1.423908447930119223e+02
3.346410196455135377e+01 1.424842842180410400e+02
3.349972602734920457e+01 1.425777236430701578e+02
3.353535009014705537e+01 1.426711630680992755e+02
3.357097415294490617e+01 1.427646024931283932e+02
3.360659821574275696e+01 1.428580419181575110e+02
3.364222227854060776e+01 1.429514813431866287e+02
3.367784634133845856e+01 1.430449207682157464e+02
3.371347040413630936e+01 1.431383601932448641e+02
3.374909446693416015e+01 1.432317996182739819e+02
3.378471852973201095e+01 1.433252390433030996e+02
3.382034259252986175e+01 1.434186784683322173e+02
3.385596665532771254e+01 1.435121178933613351e+02
3.389159071812556334e+01 1.436055573183904528e+02
3.392721478092341414e+01 1.436989967434195705e+02
3.396283884372126494e+01 1.437924361684486882e+02
3.399846290651911573e+01 1.438858755934778060e+02
3.403408696931696653e+01 1.439793150185069237e+02
3.406971103211481733e+01 1.440727544435360414e+02
3.410533509491266813e+01 1.441661938685651592e+02
3.414095915771051892e+01 1.442596332935942769e+02
3.417658322050836972e+01 1.443530727186233946e+02
3.421220728330622052e+01 1.444465121436525123e+02
3.424783134610407132e+01 1.445399515686816301e+02
3.428345540890192211e+01 1.446333909937107478e+02
3.431907947169977291e+01 1.447268304187398655e+02
3.435470353449762371e+01 1.448202698437689833e+02
3.439032759729547450e+01 1.449137092687981010e+02
3.442595166009332530e+01 1.450071486938272187e+02
3.446157572289117610e+01 1.451005881188563365e+02
3.449719978568902690e+01 1.451940275438854542e+02
3.453282384848687769e+01 1.452874669689145719e+02
3.456844791128472849e+01 1.453809063939436896e+02
3.460407197408257929e+01 1.454743458189728074e+02
3.463969603688043009e+01 1.455677852440019251e+02
3.467532009967828088e+01 1.456612246690310428e+02
3.471094416247613168e+01 1.457546640940601606e+02
3.474656822527398248e+01 1.458481035190892783e+02
3.478219228807183327e+01 1.459415429441183960e+02
3.481781635086968407e+01 1.460349823691475137e+02
3.485344041366753487e+01 1.461284217941766315e+02
3.488906447646538567e+01 1.462218612192057492e+02
3.492468853926323646e+01 1.463153006442348669e+02
3.496031260206108726e+01 1.464087400692639847e+02
3.499593666485893806e+01 1.465021794942931024e+02
3.503156072765678886e+01 1.465956189193222201e+02
3.506718479045463965e+01 1.466890583443513378e+02
3.510280885325249045e+01 1.467824977693804556e+02
3.513843291605034125e+01 1.468759371944095733e+02
3.517405697884819205e+01 1.469693766194386910e+02
3.520968104164604284e+01 1.470628160444678088e+02
3.524530510444389364e+01 1.471562554694969265e+02
3.528092916724174444e+01 1.472496948945260442e+02
3.531655323003959523e+01 1.473431343195551619e+02
3.535217729283744603e+01 1.474365737445842797e+02
3.538780135563529683e+01 1.475300131696133974e+02
3.542342541843314763e+01 1.476234525946425151e+02
3.545904948123099842e+01 1.477168920196716329e+02
3.549467354402884922e+01 1.478103314447007506e+02
3.553029760682670002e+01 1.479037708697298683e+02
3.556592166962455082e+01 1.479972102947589860e+02
3.560154573242240161e+01 1.480906497197881038e+02
3.563716979522025241e+01 1.481840891448172215e+02
3.567279385801810321e+01 1.482775285698463392e+02
3.570841792081595401e+01 1.483709679948754570e+02
3.574404198361380480e+01 1.484644074199045747e+02
3.577966604641165560e+01 1.485578468449336924e+02
3.581529010920950640e+01 1.486512862699628101e+02
3.585091417200735719e+01 1.487447256949919279e+02
3.588653823480520799e+01 1.488381651200210456e+02
3.592216229760305879e+01 1.489316045450501633e+02
3.595778636040090959e+01 1.490250439700792811e+02
3.599341042319876038e+01 1.491184833951083988e+02
3.602903448599661118e+01 1.492119228201375165e+02
3.606465854879446198e+01 1.493053622451666342e+02
3.610028261159231278e+01 1.493988016701957520e+02
3.613590667439016357e+01 1.494922410952248697e+02
3.617153073718801437e+01 1.495856805202539874e+02
3.620715479998586517e+01 1.496791199452831052e+02
3.624277886278371597e+01 1.497725593703122229e+02
3.627840292558156676e+01 1.498659987953413406e+02
3.631402698837941756e+01 1.499594382203704583e+02
3.634965105117726836e+01 1.500528776453995761e+02
3.638527511397511915e+01 1.501463170704286938e+02
3.642089917677296995e+01 1.502397564954578115e+02
3.645652323957082075e+01 1.503331959204869293e+02
3.649214730236867155e+01 1.504266353455160470e+02
3.652777136516652234e+01 1.505200747705451647e+02
3.656339542796437314e+01 1.506135141955742824e+02
3.659901949076222394e+01 1.507069536206034002e+02
3.663464355356007474e+01 1.508003930456325179e+02
3.667026761635792553e+01 1.508938324706616356e+02
3.670589167915577633e+01 1.509872718956907534e+02
3.674151574195362713e+01 1.510807113207198711e+02
3.677713980475147793e+01 1.511741507457489888e+02
3.681276386754932872e+01 1.512675901707781065e+02
3.684838793034717952e+01 1.513610295958072243e+02
3.688401199314503032e+01 1.514544690208363420e+02
3.691963605594288111e+01 1.515479084458654597e+02
3.695526011874073191e+01 1.516413478708945775e+02
3.699088418153858271e+01 1.517347872959236952e+02
3.702650824433643351e+01 1.518282267209528129e+02
3.706213230713428430e+01 1.519216661459819306e+02
3.709775636993213510e+01 1.520151055710110484e+02
3.713338043272998590e+01 1.521085449960401661e+02
3.716900449552783670e+01 1.522019844210692838e+02
3.720462855832568749e+01 1.522954238460984016e+02
3.724025262112353829e+01 1.523888632711275193e+02
3.727587668392138909e+01 1.524823026961566370e+02
3.731150074671923988e+01 1.525757421211857547e+02
3.734712480951709068e+01 1.526691815462148725e+02
3.738274887231494148e+01 1.527626209712439902e+02
3.741837293511279228e+01 1.528560603962731079e+02
3.745399699791064307e+01 1.529494998213022257e+02
3.748962106070849387e+01 1.530429392463313434e+02
3.752524512350634467e+01 1.531363786713604611e+02
3.756086918630419547e+01 1.532298180963895788e+02
3.759649324910204626e+01 1.533232575214186966e+02
3.763211731189989706e+01 1.534166969464478143e+02
3.766774137469774786e+01 1.535101363714769320e+02
3.770336543749559866e+01 1.536035757965060498e+02
3.773898950029344945e+01 1.536970152215351675e+02
3.777461356309130025e+01 1.537904546465642852e+02
3.781023762588915105e+01 1.538838940715934029e+02
3.784586168868700184e+01 1.539773334966225207e+02
3.788148575148485264e+01 1.540707729216516384e+02
3.791710981428270344e+01 1.541642123466807561e+02
3.795273387708055424e+01 1.542576517717098739e+02
3.798835793987840503e+01 1.543510911967389916e+02
3.802398200267625583e+01 1.544445306217681093e+02
3.805960606547410663e+01 1.545379700467972270e+02
3.809523012827195743e+01 1.546314094718263448e+02
3.813085419106980822e+01 1.547248488968554625e+02
3.816647825386765902e+01 1.548182883218845802e+02
3.820210231666550982e+01 1.549117277469136980e+02
3.823772637946336062e+01 1.550051671719428157e+02
3.827335044226121141e+01 1.550986065969719334e+02
3.830897450505906221e+01 1.551920460220010511e+02
3.834459856785691301e+01 1.552854854470301689e+02
3.838022263065476380e+01 1.553789248720592866e+02
3.841584669345261460e+01 1.554723642970884043e+02
3.845147075625046540e+01 1.555658037221175221e+02
3.848709481904831620e+01 1.556592431471466398e+02
3.852271888184616699e+01 1.557526825721757575e+02
3.855834294464401779e+01 1.558461219972048752e+02
3.859396700744186859e+01 1.559395614222339930e+02
3.862959107023971939e+01 1.560330008472631107e+02
3.866521513303757018e+01 1.561264402722922284e+02
3.870083919583542098e+01 1.562198796973213462e+02
3.873646325863327178e+01 1.563133191223504639e+02
3.877208732143112258e+01 1.564067585473795816e+02
3.880771138422897337e+01 1.565001979724086993e+02
3.884333544702682417e+01 1.565936373974378171e+02
3.887895950982467497e+01 1.566870768224669348e+02
3.891458357262252576e+01 1.567805162474960525e+02
3.895020763542037656e+01 1.568739556725251703e+02
3.898583169821822736e+01 1.569673950975542880e+02
3.902145576101607816e+01 1.570608345225834057e+02
3.905707982381392895e+01 1.571542739476125234e+02
3.909270388661177975e+01 1.572477133726416412e+02
3.912832794940963055e+01 1.573411527976707589e+02
3.916395201220748135e+01 1.574345922226998766e+02
3.919957607500533214e+01 1.575280316477289944e+02
3.923520013780318294e+01 1.576214710727581121e+02
3.927082420060103374e+01 1.577149104977872298e+02
3.930644826339888454e+01 1.578083499228163475e+02
3.934207232619673533e+01 1.579017893478454653e+02
3.937769638899458613e+01 1.579952287728745830e+02
3.941332045179243693e+01 1.580886681979037007e+02
3.944894451459028772e+01 1.581821076229328185e+02
3.948456857738813852e+01 1.582755470479619362e+02
3.952019264018598932e+01 1.583689864729910539e+02
3.955581670298384012e+01 1.584624258980201716e+02
3.959144076578169091e+01 1.585558653230492894e+02
3.962706482857954171e+01 1.586493047480784071e+02
3.966268889137739251e+01 1.587427441731075248e+02
3.969831295417524331e+01 1.588361835981366426e+02
3.973393701697309410e+01 1.589296230231657603e+02
3.976956107977094490e+01 1.590230624481948780e+02
3.980518514256879570e+01 1.591165018732239957e+02
3.984080920536664649e+01 1.592099412982531135e+02
3.987643326816449729e+01 1.593033807232822312e+02
3.991205733096234809e+01 1.593968201483113489e+02
3.994768139376019889e+01 1.594902595733404667e+02
3.998330545655804968e+01 1.595836989983695844e+02
4.001892951935590048e+01 1.596771384233987021e+02
4.005455358215375128e+01 1.597705778484278198e+02
4.009017764495160208e+01 1.598640172734569376e+02
4.012580170774945287e+01 1.599574566984860553e+02
4.016142577054730367e+01 1.600508961235151730e+02
4.019704983334515447e+01 1.601443355485442908e+02
4.023267389614300527e+01 1.602377749735734085e+02
4.026829795894085606e+01 1.603312143986025262e+02
4.030392202173870686e+01 1.604246538236316439e+02
4.033954608453655766e+01 1.605180932486607617e+02
4.037517014733440845e+01 1.606115326736898794e+02
4.041079421013225925e+01 1.607049720987189971e+02
4.044641827293011005e+01 1.607984115237481149e+02
4.048204233572796085e+01 1.608918509487772326e+02
4.051766639852581164e+01 1.609852903738063503e+02
4.055329046132366244e+01 1.610787297988354680e+02
4.058891452412151324e+01 1.611721692238645858e+02
4.062453858691936404e+01 1.612656086488937035e+02
4.066016264971721483e+01 1.613590480739228212e+02
4.069578671251506563e+01 1.614524874989519390e+02
4.073141077531291643e+01 1.615459269239810567e+02
4.076703483811076723e+01 1.616393663490101744e+02
4.080265890090861802e+01 1.617328057740392921e+02
4.083828296370646882e+01 1.618262451990684099e+02
4.087390702650431962e+01 1.619196846240975276e+02
4.090953108930217041e+01 1.620131240491266453e+02
4.094515515210002121e+01 1.621065634741557631e+02
4.098077921489787201e+01 1.622000028991848808e+02
4.101640327769572281e+01 1.622934423242139985e+02
4.105202734049357360e+01 1.623868817492431162e+02
4.108765140329142440e+01 1.624803211742722340e+02
4.112327546608927520e+01 1.625737605993013517e+02
4.115889952888712600e+01 1.626672000243304694e+02
4.119452359168497679e+01 1.627606394493595872e+02
4.123014765448282759e+01 1.628540788743887049e+02
4.126577171728067839e+01 1.629475182994178226e+02
4.130139578007852919e+01 1.630409577244469403e+02
4.133701984287637998e+01 1.631343971494760581e+02
4.137264390567423078e+01 1.632278365745051758e+02
4.140826796847208158e+01 1.633212759995342935e+02
4.144389203126993237e+01 1.634147154245634113e+02
4.147951609406778317e+01 1.635081548495925290e+02
4.151514015686563397e+01 1.636015942746216467e+02
4.155076421966348477e+01 1.636950336996507644e+02
4.158638828246133556e+01 1.637884731246798822e+02
4.162201234525918636e+01 1.638819125497089999e+02
4.165763640805703716e+01 1.639753519747381176e+02
4.169326047085488796e+01 1.640687913997672354e+02
4.172888453365273875e+01 1.641622308247963531e+02
4.176450859645058955e+01 1.642556702498254708e+02
4.180013265924844035e+01 1.643491096748545885e+02
4.183575672204629115e+01 1.644425490998837063e+02
4.187138078484414194e+01 1.645359885249128240e+02
4.190700484764199274e+01 1.646294279499419417e+02
4.194262891043984354e+01 1.647228673749710595e+02
4.197825297323769433e+01 1.648163068000001772e+02
4.201387703603554513e+01 1.649097462250292949e+02
4.204950109883339593e+01 1.650031856500584126e+02
4.208512516163124673e+01 1.650966250750875304e+02
4.212074922442909752e+01 1.651900645001166481e+02
4.215637328722694832e+01 1.652835039251457658e+02
4.219199735002479912e+01 1.653769433501748836e+02
4.222762141282264992e+01 1.654703827752040013e+02
4.226324547562050071e+01 1.655638222002331190e+02
4.229886953841835151e+01 1.656572616252622367e+02
4.233449360121620231e+01 1.657507010502913545e+02
4.237011766401405310e+01 1.658441404753204722e+02
4.240574172681190390e+01 1.659375799003495899e+02
4.244136578960975470e+01 1.660310193253787077e+02
4.247698985240760550e+01 1.661244587504078254e+02
4.251261391520545629e+01 1.662178981754369431e+02
4.254823797800330709e+01 1.663113376004660608e+02
4.258386204080115789e+01 1.664047770254951786e+02
4.261948610359900869e+01 1.664982164505242963e+02
4.265511016639685948e+01 1.665916558755534140e+02
4.269073422919471028e+01 1.666850953005825318e+02
4.272635829199256108e+01 1.667785347256116495e+02
4.276198235479041188e+01 1.668719741506407672e+02
4.279760641758826267e+01 1.669654135756698849e+02
4.283323048038611347e+01 1.670588530006990027e+02
4.286885454318396427e+01 1.671522924257281204e+02
4.290447860598181506e+01 1.672457318507572381e+02
4.294010266877966586e+01 1.673391712757863559e+02
4.297572673157751666e+01 1.674326107008154736e+02
4.301135079437536746e+01 1.675260501258445913e+02
4.304697485717321825e+01 1.676194895508737090e+02
4.308259891997106905e+01 1.677129289759028268e+02
4.311822298276891985e+01 1.678063684009319445e+02
4.315384704556677065e+01 1.678998078259610622e+02
4.318947110836462144e+01 1.679932472509901800e+02
4.322509517116247224e+01 1.680866866760192977e+02
4.326071923396032304e+01 1.681801261010484154e+02
4.329634329675817384e+01 1.682735655260775331e+02
4.333196735955602463e+01 1.683670049511066509e+02
4.336759142235387543e+01 1.684604443761357686e+02
4.340321548515172623e+01 1.685538838011648863e+02
4.343883954794957702e+01 1.686473232261940041e+02
4.347446361074742782e+01 1.687407626512231218e+02
4.351008767354527862e+01 1.688342020762522395e+02
4.354571173634312942e+01 1.689276415012813573e+02
4.358133579914098021e+01 1.690210809263104750e+02
4.361695986193883101e+01 1.691145203513395927e+02
4.365258392473668181e+01 1.692079597763687104e+02
4.368820798753453261e+01 1.693013992013978282e+02
4.372383205033238340e+01 1.693948386264269459e+02
4.375945611313023420e+01 1.694882780514560636e+02
4.379508017592808500e+01 1.695817174764851814e+02
4.383070423872593580e+01 1.696751569015142991e+02
4.386632830152378659e+01 1.697685963265434168e+02
4.390195236432163739e+01 1.698620357515725345e+02
4.393757642711948819e+01 1.699554751766016523e+02
4.397320048991733898e+01 1.700489146016307700e+02
4.400882455271518978e+01 1.701423540266598877e+02
4.404444861551304058e+01 1.702357934516890055e+02
4.408007267831089138e+01 1.703292328767181232e+02
4.411569674110874217e+01 1.704226723017472409e+02
4.415132080390659297e+01 1.705161117267763586e+02
4.418694486670444377e+01 1.706095511518054764e+02
4.422256892950229457e+01 1.707029905768345941e+02
4.425819299230014536e+01 1.707964300018637118e+02
4.429381705509799616e+01 1.708898694268928296e+02
4.432944111789584696e+01 1.709833088519219473e+02
4.436506518069369776e+01 1.710767482769510650e+02
4.440068924349154855e+01 1.711701877019801827e+02
4.443631330628939935e+01 1.712636271270093005e+02
4.447193736908725015e+01 1.713570665520384182e+02
4.450756143188510094e+01 1.714505059770675359e+02
4.454318549468295174e+01 1.715439454020966537e+02
4.457880955748080254e+01 1.716373848271257714e+02
4.461443362027865334e+01 1.717308242521548891e+02
4.465005768307650413e+01 1.718242636771840068e+02
4.468568174587435493e+01 1.719177031022131246e+02
4.472130580867220573e+01 1.720111425272422423e+02
4.475692987147005653e+01 1.721045819522713600e+02
4.479255393426790732e+01 1.721980213773004778e+02
4.482817799706575812e+01 1.722914608023295955e+02
4.486380205986360892e+01 1.723849002273587132e+02
4.489942612266145971e+01 1.724783396523878309e+02
4.493505018545931051e+01 1.725717790774169487e+02
4.497067424825716131e+01 1.726652185024460664e+02
4.500629831105501211e+01 1.727586579274751841e+02
4.504192237385286290e+01 1.728520973525043019e+02
4.507754643665071370e+01 1.729455367775334196e+02
4.512939812595179490e+01 1.730815401318603790e+02
