6.146294828479465622e+01 9.804682961754436121e+01
6.136359140256020339e+01 9.803550663416322664e+01
6.126423452032575057e+01 9.802418365078209206e+01
6.116487763809129774e+01 9.801286066740095748e+01
6.106552075585684491e+01 9.800153768401982290e+01
6.096616387362239209e+01 9.799021470063868833e+01
6.086680699138793926e+01 9.797889171725755375e+01
6.076745010915348644e+01 9.796756873387641917e+01
6.066809322691903361e+01 9.795624575049528460e+01
6.056873634468458079e+01 9.794492276711415002e+01
6.046937946245012796e+01 9.793359978373301544e+01
6.037002258021567513e+01 9.792227680035188087e+01
6.027066569798122231e+01 9.791095381697074629e+01
6.017130881574676948e+01 9.789963083358961171e+01
6.007195193351231666e+01 9.788830785020847713e+01
5.997259505127786383e+01 9.787698486682734256e+01
5.987323816904341101e+01 9.786566188344620798e+01
5.977388128680895818e+01 9.785433890006507340e+01
5.967452440457450535e+01 9.784301591668393883e+01
5.957516752234005253e+01 9.783169293330280425e+01
5.947581064010559970e+01 9.782036994992166967e+01
5.937645375787114688e+01 9.780904696654053510e+01
5.927709687563669405e+01 9.779772398315940052e+01
5.917773999340224123e+01 9.778640099977826594e+01
5.907838311116778840e+01 9.777507801639713136e+01
5.897902622893333557e+01 9.776375503301599679e+01
5.887966934669888275e+01 9.775243204963486221e+01
5.878031246446442992e+01 9.774110906625372763e+01
5.868095558222997710e+01 9.772978608287259306e+01
5.858159869999552427e+01 9.771846309949145848e+01
5.848224181776107145e+01 9.770714011611032390e+01
5.838288493552661862e+01 9.769581713272918932e+01
5.828352805329216579e+01 9.768449414934805475e+01
5.818417117105771297e+01 9.767317116596692017e+01
5.808481428882326014e+01 9.766184818258578559e+01
5.798545740658880732e+01 9.765052519920465102e+01
5.788610052435435449e+01 9.763920221582351644e+01
5.778674364211990166e+01 9.762787923244238186e+01
5.768738675988544884e+01 9.761655624906124729e+01
5.758802987765099601e+01 9.760523326568011271e+01
5.748867299541654319e+01 9.759391028229897813e+01
5.738931611318209036e+01 9.758258729891784355e+01
5.728995923094763754e+01 9.757126431553670898e+01
5.719060234871318471e+01 9.755994133215557440e+01
5.709124546647873188e+01 9.754861834877443982e+01
5.699188858424427906e+01 9.753729536539330525e+01
5.689253170200982623e+01 9.752597238201217067e+01
5.679317481977537341e+01 9.751464939863103609e+01
5.669381793754092058e+01 9.750332641524990152e+01
5.659446105530646776e+01 9.749200343186876694e+01
5.649510417307201493e+01 9.748068044848763236e+01
5.639574729083756210e+01 9.746935746510649778e+01
5.629639040860310928e+01 9.745803448172536321e+01
5.619703352636865645e+01 9.744671149834422863e+01
5.609767664413420363e+01 9.743538851496309405e+01
5.599831976189975080e+01 9.742406553158195948e+01
5.589896287966529798e+01 9.741274254820082490e+01
5.579960599743084515e+01 9.740141956481969032e+01
5.570024911519639232e+01 9.739009658143855575e+01
5.560089223296193950e+01 9.737877359805742117e+01
5.550153535072748667e+01 9.736745061467628659e+01
5.540217846849303385e+01 9.735612763129515201e+01
5.530282158625858102e+01 9.734480464791401744e+01
5.520346470402412820e+01 9.733348166453288286e+01
5.510410782178967537e+01 9.732215868115174828e+01
5.500475093955522254e+01 9.731083569777061371e+01
5.490539405732076972e+01 9.729951271438947913e+01
5.480603717508631689e+01 9.728818973100834455e+01
5.470668029285186407e+01 9.727686674762720997e+01
5.460732341061741124e+01 9.726554376424607540e+01
5.450796652838295842e+01 9.725422078086494082e+01
5.440860964614850559e+01 9.724289779748380624e+01
5.430925276391405276e+01 9.723157481410267167e+01
5.420989588167959994e+01 9.722025183072153709e+01
5.411053899944514711e+01 9.720892884734040251e+01
5.401118211721069429e+01 9.719760586395926794e+01
5.391182523497624146e+01 9.718628288057813336e+01
5.381246835274178864e+01 9.717495989719699878e+01
5.371311147050733581e+01 9.716363691381586420e+01
5.361375458827288298e+01 9.715231393043472963e+01
5.351439770603843016e+01 9.714099094705359505e+01
5.341504082380397733e+01 9.712966796367246047e+01
5.331568394156952451e+01 9.711834498029132590e+01
5.321632705933507168e+01 9.710702199691019132e+01
5.311697017710061886e+01 9.709569901352905674e+01
5.301761329486616603e+01 9.708437603014792217e+01
5.291825641263171320e+01 9.707305304676678759e+01
5.281889953039726038e+01 9.706173006338565301e+01
5.271954264816280755e+01 9.705040708000451843e+01
5.262018576592835473e+01 9.703908409662338386e+01
5.252082888369390190e+01 9.702776111324224928e+01
5.242147200145944907e+01 9.701643812986111470e+01
5.232211511922499625e+01 9.700511514647998013e+01
5.222275823699054342e+01 9.699379216309884555e+01
5.212340135475609060e+01 9.698246917971771097e+01
5.202404447252163777e+01 9.697114619633657639e+01
5.192468759028718495e+01 9.695982321295544182e+01
5.182533070805273212e+01 9.694850022957430724e+01
5.172597382581827929e+01 9.693717724619317266e+01
5.162661694358382647e+01 9.692585426281203809e+01
5.152726006134937364e+01 9.691453127943090351e+01
5.142790317911492082e+01 9.690320829604976893e+01
5.132854629688046799e+01 9.689188531266863436e+01
5.122918941464601517e+01 9.688056232928749978e+01
5.112983253241156234e+01 9.686923934590636520e+01
5.103047565017710951e+01 9.685791636252523062e+01
5.093111876794265669e+01 9.684659337914409605e+01
5.083176188570820386e+01 9.683527039576296147e+01
5.073240500347375104e+01 9.682394741238182689e+01
5.063304812123929821e+01 9.681262442900069232e+01
5.053369123900484539e+01 9.680130144561955774e+01
5.043433435677039256e+01 9.678997846223842316e+01
5.033497747453593973e+01 9.677865547885728859e+01
5.023562059230148691e+01 9.676733249547615401e+01
5.013626371006703408e+01 9.675600951209501943e+01
5.003690682783258126e+01 9.674468652871388485e+01
4.993754994559812843e+01 9.673336354533275028e+01
4.983819306336367561e+01 9.672204056195161570e+01
4.973883618112922278e+01 9.671071757857048112e+01
4.963947929889476995e+01 9.669939459518934655e+01
4.954012241666031713e+01 9.668807161180821197e+01
4.944076553442586430e+01 9.667674862842707739e+01
4.934140865219141148e+01 9.666542564504594282e+01
4.924205176995695865e+01 9.665410266166480824e+01
4.914269488772250583e+01 9.664277967828367366e+01
4.904333800548805300e+01 9.663145669490253908e+01
4.894398112325360017e+01 9.662013371152140451e+01
4.884462424101914735e+01 9.660881072814026993e+01
4.874526735878469452e+01 9.659748774475913535e+01
4.864591047655024170e+01 9.658616476137800078e+01
4.854655359431578887e+01 9.657484177799686620e+01
4.844719671208133605e+01 9.656351879461573162e+01
4.834783982984688322e+01 9.655219581123459704e+01
4.824848294761243039e+01 9.654087282785346247e+01
4.814912606537797757e+01 9.652954984447232789e+01
4.804976918314352474e+01 9.651822686109119331e+01
4.795041230090907192e+01 9.650690387771005874e+01
4.785105541867461909e+01 9.649558089432892416e+01
4.775169853644016627e+01 9.648425791094778958e+01
4.765234165420571344e+01 9.647293492756665501e+01
4.755298477197126061e+01 9.646161194418552043e+01
4.745362788973680779e+01 9.645028896080438585e+01
4.735427100750235496e+01 9.643896597742325127e+01
4.725491412526790214e+01 9.642764299404211670e+01
4.715555724303344931e+01 9.641632001066098212e+01
4.705620036079899648e+01 9.640499702727984754e+01
4.695684347856454366e+01 9.639367404389871297e+01
4.685748659633009083e+01 9.638235106051757839e+01
4.675812971409563801e+01 9.637102807713644381e+01
4.665877283186118518e+01 9.635970509375530924e+01
4.655941594962673236e+01 9.634838211037417466e+01
4.646005906739227953e+01 9.633705912699304008e+01
4.636070218515782670e+01 9.632573614361190550e+01
4.626134530292337388e+01 9.631441316023077093e+01
4.616198842068892105e+01 9.630309017684963635e+01
4.606263153845446823e+01 9.629176719346850177e+01
4.596327465622001540e+01 9.628044421008736720e+01
4.586391777398556258e+01 9.626912122670623262e+01
4.576456089175110975e+01 9.625779824332509804e+01
4.566520400951665692e+01 9.624647525994396347e+01
4.556584712728220410e+01 9.623515227656282889e+01
4.546649024504775127e+01 9.622382929318169431e+01
4.536713336281329845e+01 9.621250630980055973e+01
4.526777648057884562e+01 9.620118332641942516e+01
4.516841959834439280e+01 9.618986034303829058e+01
4.506906271610993997e+01 9.617853735965715600e+01
4.496970583387548714e+01 9.616721437627602143e+01
4.487034895164103432e+01 9.615589139289488685e+01
4.477099206940658149e+01 9.614456840951375227e+01
4.467163518717212867e+01 9.613324542613261769e+01
4.457227830493767584e+01 9.612192244275148312e+01
4.447292142270322302e+01 9.611059945937034854e+01
4.437356454046877019e+01 9.609927647598921396e+01
4.427420765823431736e+01 9.608795349260807939e+01
4.417485077599986454e+01 9.607663050922694481e+01
4.407549389376541171e+01 9.606530752584581023e+01
4.397613701153095889e+01 9.605398454246467566e+01
4.387678012929650606e+01 9.604266155908354108e+01
4.377742324706205324e+01 9.603133857570240650e+01
4.367806636482760041e+01 9.602001559232127192e+01
4.357870948259314758e+01 9.600869260894013735e+01
4.347935260035869476e+01 9.599736962555900277e+01
4.337999571812424193e+01 9.598604664217786819e+01
4.328063883588978911e+01 9.597472365879673362e+01
4.318128195365533628e+01 9.596340067541559904e+01
4.308192507142088346e+01 9.595207769203446446e+01
4.298256818918643063e+01 9.594075470865332989e+01
4.288321130695197780e+01 9.592943172527219531e+01
4.278385442471752498e+01 9.591810874189106073e+01
4.268449754248307215e+01 9.590678575850992615e+01
4.258514066024861933e+01 9.589546277512879158e+01
4.248578377801416650e+01 9.588413979174765700e+01
4.238642689577971367e+01 9.587281680836652242e+01
4.228707001354526085e+01 9.586149382498538785e+01
4.218771313131080802e+01 9.585017084160425327e+01
4.208835624907635520e+01 9.583884785822311869e+01
4.198899936684190237e+01 9.582752487484198411e+01
4.188964248460744955e+01 9.581620189146084954e+01
4.179028560237299672e+01 9.580487890807971496e+01
4.169092872013854389e+01 9.579355592469858038e+01
4.159157183790409107e+01 9.578223294131744581e+01
4.149221495566963824e+01 9.577090995793631123e+01
4.139285807343518542e+01 9.575958697455517665e+01
4.129350119120073259e+01 9.574826399117404208e+01
4.119414430896627977e+01 9.573694100779290750e+01
4.109478742673182694e+01 9.572561802441177292e+01
4.099543054449737411e+01 9.571429504103063834e+01
4.089607366226292129e+01 9.570297205764950377e+01
4.079671678002846846e+01 9.569164907426836919e+01
4.069735989779401564e+01 9.568032609088723461e+01
4.059800301555956281e+01 9.566900310750610004e+01
4.049864613332510999e+01 9.565768012412496546e+01
4.039928925109065716e+01 9.564635714074383088e+01
4.029993236885620433e+01 9.563503415736269631e+01
4.020057548662175151e+01 9.562371117398156173e+01
4.010121860438729868e+01 9.561238819060042715e+01
4.000186172215284586e+01 9.560106520721929257e+01
3.990250483991839303e+01 9.558974222383815800e+01
3.980314795768394021e+01 9.557841924045702342e+01
3.970379107544948738e+01 9.556709625707588884e+01
3.960443419321503455e+01 9.555577327369475427e+01
3.950507731098058173e+01 9.554445029031361969e+01
3.940572042874612890e+01 9.553312730693248511e+01
3.930636354651167608e+01 9.552180432355135054e+01
3.920700666427722325e+01 9.551048134017021596e+01
3.910764978204277043e+01 9.549915835678908138e+01
3.900829289980831760e+01 9.548783537340794680e+01
3.890893601757386477e+01 9.547651239002681223e+01
3.880957913533941195e+01 9.546518940664567765e+01
3.871022225310495912e+01 9.545386642326454307e+01
3.861086537087050630e+01 9.544254343988340850e+01
3.851150848863605347e+01 9.543122045650227392e+01
3.841215160640160065e+01 9.541989747312113934e+01
3.831279472416714782e+01 9.540857448974000476e+01
3.821343784193269499e+01 9.539725150635887019e+01
3.811408095969824217e+01 9.538592852297773561e+01
3.801472407746378934e+01 9.537460553959660103e+01
3.791536719522933652e+01 9.536328255621546646e+01
3.781601031299488369e+01 9.535195957283433188e+01
3.771665343076043087e+01 9.534063658945319730e+01
3.761729654852597804e+01 9.532931360607206273e+01
3.751793966629152521e+01 9.531799062269092815e+01
3.741858278405707239e+01 9.530666763930979357e+01
3.731922590182261956e+01 9.529534465592865899e+01
3.721986901958816674e+01 9.528402167254752442e+01
3.712051213735371391e+01 9.527269868916638984e+01
3.702115525511926108e+01 9.526137570578525526e+01
3.692179837288480826e+01 9.525005272240412069e+01
3.682244149065035543e+01 9.523872973902298611e+01
3.672308460841590261e+01 9.522740675564185153e+01
3.662372772618144978e+01 9.521608377226071696e+01
3.652437084394699696e+01 9.520476078887958238e+01
3.642501396171254413e+01 9.519343780549844780e+01
3.632565707947809130e+01 9.518211482211731322e+01
3.622630019724363848e+01 9.517079183873617865e+01
3.612694331500918565e+01 9.515946885535504407e+01
3.602758643277473283e+01 9.514814587197390949e+01
3.592822955054028000e+01 9.513682288859277492e+01
3.582887266830582718e+01 9.512549990521164034e+01
3.572951578607137435e+01 9.511417692183050576e+01
3.563015890383692152e+01 9.510285393844937119e+01
3.553080202160246870e+01 9.509153095506823661e+01
3.543144513936801587e+01 9.508020797168710203e+01
3.533208825713356305e+01 9.506888498830596745e+01
3.523273137489911022e+01 9.505756200492483288e+01
3.513337449266465740e+01 9.504623902154369830e+01
3.503401761043020457e+01 9.503491603816256372e+01
3.493466072819575174e+01 9.502359305478142915e+01
3.483530384596129892e+01 9.501227007140029457e+01
3.473594696372684609e+01 9.500094708801915999e+01
3.463659008149239327e+01 9.498962410463802541e+01
3.453723319925794044e+01 9.497830112125689084e+01
3.443787631702348762e+01 9.496697813787575626e+01
3.433851943478903479e+01 9.495565515449462168e+01
3.423916255255458196e+01 9.494433217111348711e+01
3.413980567032012914e+01 9.493300918773235253e+01
3.404044878808567631e+01 9.492168620435121795e+01
3.394109190585122349e+01 9.491036322097008338e+01
3.384173502361677066e+01 9.489904023758894880e+01
3.374237814138231784e+01 9.488771725420781422e+01
3.364302125914786501e+01 9.487639427082667964e+01
3.354366437691341218e+01 9.486507128744554507e+01
3.344430749467895936e+01 9.485374830406441049e+01
3.334495061244450653e+01 9.484242532068327591e+01
3.324559373021005371e+01 9.483110233730214134e+01
3.314623684797560088e+01 9.481977935392100676e+01
3.304687996574114806e+01 9.480845637053987218e+01
3.294752308350669523e+01 9.479713338715873761e+01
3.284816620127224240e+01 9.478581040377760303e+01
3.274880931903778958e+01 9.477448742039646845e+01
3.264945243680333675e+01 9.476316443701533387e+01
3.255009555456888393e+01 9.475184145363419930e+01
3.245073867233443110e+01 9.474051847025306472e+01
3.235138179009997828e+01 9.472919548687193014e+01
3.225202490786552545e+01 9.471787250349079557e+01
3.215266802563107262e+01 9.470654952010966099e+01
3.205331114339661980e+01 9.469522653672852641e+01
3.195395426116216697e+01 9.468390355334739183e+01
3.185459737892771415e+01 9.467258056996625726e+01
3.175524049669326132e+01 9.466125758658512268e+01
3.165588361445880849e+01 9.464993460320398810e+01
3.155652673222435567e+01 9.463861161982285353e+01
3.145716984998990284e+01 9.462728863644171895e+01
3.135781296775545002e+01 9.461596565306058437e+01
3.125845608552099719e+01 9.460464266967944980e+01
3.115909920328654437e+01 9.459331968629831522e+01
3.105974232105209154e+01 9.458199670291718064e+01
3.096038543881763871e+01 9.457067371953604606e+01
3.086102855658318589e+01 9.455935073615491149e+01
3.076167167434873306e+01 9.454802775277377691e+01
3.066231479211428024e+01 9.453670476939264233e+01
3.056295790987982741e+01 9.452538178601150776e+01
3.046360102764537459e+01 9.451405880263037318e+01
3.036424414541092176e+01 9.450273581924923860e+01
3.026488726317646893e+01 9.449141283586810403e+01
3.016553038094201611e+01 9.448008985248696945e+01
3.006617349870756328e+01 9.446876686910583487e+01
2.996681661647311046e+01 9.445744388572470029e+01
2.986745973423865763e+01 9.444612090234356572e+01
2.976810285200420481e+01 9.443479791896243114e+01
2.966874596976975198e+01 9.442347493558129656e+01
2.956938908753529915e+01 9.441215195220016199e+01
2.947003220530084633e+01 9.440082896881902741e+01
2.937067532306639350e+01 9.438950598543789283e+01
2.927131844083194068e+01 9.437818300205675826e+01
2.917196155859748785e+01 9.436686001867562368e+01
2.907260467636303503e+01 9.435553703529448910e+01
2.897324779412858220e+01 9.434421405191335452e+01
2.887389091189412937e+01 9.433289106853221995e+01
2.877453402965967655e+01 9.432156808515108537e+01
2.867517714742522372e+01 9.431024510176995079e+01
2.857582026519077090e+01 9.429892211838881622e+01
2.847646338295631807e+01 9.428759913500768164e+01
2.837710650072186525e+01 9.427627615162654706e+01
2.827774961848741242e+01 9.426495316824541248e+01
2.817839273625295959e+01 9.425363018486427791e+01
2.807903585401850677e+01 9.424230720148314333e+01
2.797967897178405394e+01 9.423098421810200875e+01
2.788032208954960112e+01 9.421966123472087418e+01
2.778096520731514829e+01 9.420833825133973960e+01
2.768160832508069547e+01 9.419701526795860502e+01
2.758225144284624264e+01 9.418569228457747045e+01
2.748289456061178981e+01 9.417436930119633587e+01
2.738353767837733699e+01 9.416304631781520129e+01
2.728418079614288416e+01 9.415172333443406671e+01
2.718482391390843134e+01 9.414040035105293214e+01
2.708546703167397851e+01 9.412907736767179756e+01
2.698611014943952569e+01 9.411775438429066298e+01
2.688675326720507286e+01 9.410643140090952841e+01
2.678739638497062003e+01 9.409510841752839383e+01
2.668803950273616721e+01 9.408378543414725925e+01
2.658868262050171438e+01 9.407246245076612468e+01
2.648932573826726156e+01 9.406113946738499010e+01
2.638996885603280873e+01 9.404981648400385552e+01
2.629061197379835590e+01 9.403849350062272094e+01
2.619125509156390308e+01 9.402717051724158637e+01
2.609189820932945025e+01 9.401584753386045179e+01
2.599254132709499743e+01 9.400452455047931721e+01
2.589318444486054460e+01 9.399320156709818264e+01
2.579382756262609178e+01 9.398187858371704806e+01
2.569447068039163895e+01 9.397055560033591348e+01
2.559511379815718612e+01 9.395923261695477890e+01
2.549575691592273330e+01 9.394790963357364433e+01
2.539640003368828047e+01 9.393658665019250975e+01
2.529704315145382765e+01 9.392526366681137517e+01
2.519768626921937482e+01 9.391394068343024060e+01
2.509832938698492200e+01 9.390261770004910602e+01
2.499897250475046917e+01 9.389129471666797144e+01
2.489961562251601634e+01 9.387997173328683687e+01
2.480025874028156352e+01 9.386864874990570229e+01
2.470090185804711069e+01 9.385732576652456771e+01
2.460154497581265787e+01 9.384600278314343313e+01
2.450218809357820504e+01 9.383467979976229856e+01
2.440283121134375222e+01 9.382335681638116398e+01
2.430347432910929939e+01 9.381203383300002940e+01
2.420411744687484656e+01 9.380071084961889483e+01
2.410476056464039374e+01 9.378938786623776025e+01
2.400540368240594091e+01 9.377806488285662567e+01
2.390604680017148809e+01 9.376674189947549110e+01
2.380668991793703526e+01 9.375541891609435652e+01
2.370733303570258244e+01 9.374409593271322194e+01
2.360797615346812961e+01 9.373277294933208736e+01
2.350861927123367678e+01 9.372144996595095279e+01
2.340926238899922396e+01 9.371012698256981821e+01
2.330990550676477113e+01 9.369880399918868363e+01
2.321054862453031831e+01 9.368748101580754906e+01
2.311119174229586548e+01 9.367615803242641448e+01
2.301183486006141266e+01 9.366483504904527990e+01
2.291247797782695983e+01 9.365351206566414533e+01
2.281312109559250700e+01 9.364218908228301075e+01
2.271376421335805418e+01 9.363086609890187617e+01
2.261440733112360135e+01 9.361954311552074159e+01
2.251505044888914853e+01 9.360822013213960702e+01
2.241569356665469570e+01 9.359689714875847244e+01
2.231633668442024288e+01 9.358557416537733786e+01
2.221697980218579005e+01 9.357425118199620329e+01
2.211762291995133722e+01 9.356292819861506871e+01
2.201826603771688440e+01 9.355160521523393413e+01
2.191890915548243157e+01 9.354028223185279955e+01
2.181955227324797875e+01 9.352895924847166498e+01
2.172019539101352592e+01 9.351763626509053040e+01
2.162083850877907309e+01 9.350631328170939582e+01
2.152148162654462027e+01 9.349499029832826125e+01
2.142212474431016744e+01 9.348366731494712667e+01
2.132276786207571462e+01 9.347234433156599209e+01
2.122341097984126179e+01 9.346102134818485752e+01
2.112405409760680897e+01 9.344969836480372294e+01
2.102469721537235614e+01 9.343837538142258836e+01
2.092534033313790331e+01 9.342705239804145378e+01
2.082598345090345049e+01 9.341572941466031921e+01
2.072662656866899766e+01 9.340440643127918463e+01
2.062726968643454484e+01 9.339308344789805005e+01
2.052791280420009201e+01 9.338176046451691548e+01
2.042855592196563919e+01 9.337043748113578090e+01
2.032919903973118636e+01 9.335911449775464632e+01
2.022984215749673353e+01 9.334779151437351175e+01
2.013048527526228071e+01 9.333646853099237717e+01
2.003112839302782788e+01 9.332514554761124259e+01
1.993177151079337506e+01 9.331382256423010801e+01
1.983241462855892223e+01 9.330249958084897344e+01
1.973305774632446941e+01 9.329117659746783886e+01
1.963370086409001658e+01 9.327985361408670428e+01
1.953434398185556375e+01 9.326853063070556971e+01
1.943498709962111093e+01 9.325720764732443513e+01
1.933563021738665810e+01 9.324588466394330055e+01
1.923627333515220528e+01 9.323456168056216598e+01
1.913691645291775245e+01 9.322323869718103140e+01
1.903755957068329963e+01 9.321191571379989682e+01
1.893820268844884680e+01 9.320059273041876224e+01
1.883884580621439397e+01 9.318926974703762767e+01
1.873948892397994115e+01 9.317794676365649309e+01
1.864013204174548832e+01 9.316662378027535851e+01
1.854077515951103550e+01 9.315530079689422394e+01
1.844141827727658267e+01 9.314397781351308936e+01
1.834206139504212985e+01 9.313265483013195478e+01
1.824270451280767702e+01 9.312133184675082020e+01
1.814334763057322419e+01 9.311000886336968563e+01
1.804399074833877137e+01 9.309868587998855105e+01
1.794463386610431854e+01 9.308736289660741647e+01
1.784527698386986572e+01 9.307603991322628190e+01
1.774592010163541289e+01 9.306471692984514732e+01
1.764656321940096007e+01 9.305339394646401274e+01
1.754720633716650724e+01 9.304207096308287817e+01
1.744784945493205441e+01 9.303074797970174359e+01
1.734849257269760159e+01 9.301942499632060901e+01
1.724913569046314876e+01 9.300810201293947443e+01
1.714977880822869594e+01 9.299677902955833986e+01
1.705042192599424311e+01 9.298545604617720528e+01
1.695106504375979029e+01 9.297413306279607070e+01
1.685170816152533746e+01 9.296281007941493613e+01
1.675235127929088463e+01 9.295148709603380155e+01
1.665299439705643181e+01 9.294016411265266697e+01
1.655363751482197898e+01 9.292884112927153240e+01
1.645428063258752616e+01 9.291751814589039782e+01
1.635492375035307333e+01 9.290619516250926324e+01
1.625556686811862050e+01 9.289487217912812866e+01
1.615620998588416768e+01 9.288354919574699409e+01
1.605685310364971485e+01 9.287222621236585951e+01
1.595749622141526380e+01 9.286090322898472493e+01
1.585813933918081275e+01 9.284958024560359036e+01
1.575878245694636171e+01 9.283825726222245578e+01
1.565942557471191066e+01 9.282693427884132120e+01
1.556006869247745961e+01 9.281561129546018662e+01
1.546071181024300856e+01 9.280428831207905205e+01
1.536135492800855751e+01 9.279296532869791747e+01
1.526199804577410646e+01 9.278164234531678289e+01
1.516264116353965541e+01 9.277031936193564832e+01
1.506328428130520436e+01 9.275899637855451374e+01
1.496392739907075331e+01 9.274767339517337916e+01
1.478727690626328339e+01 9.272754181949234464e+01
1.483916794155544139e+01 9.264205895304351657e+01
1.489105897684759938e+01 9.255657608659468849e+01
1.494295001213975738e+01 9.247109322014586041e+01
1.499484104743191537e+01 9.238561035369703234e+01
1.504673208272407336e+01 9.230012748724820426e+01
1.509862311801623136e+01 9.221464462079937618e+01
1.515051415330838935e+01 9.212916175435054811e+01
1.520240518860054735e+01 9.204367888790172003e+01
1.525429622389270534e+01 9.195819602145289196e+01
1.530618725918486334e+01 9.187271315500406388e+01
1.535807829447702133e+01 9.178723028855523580e+01
1.540996932976917932e+01 9.170174742210640773e+01
1.546186036506133732e+01 9.161626455565757965e+01
1.551375140035349531e+01 9.153078168920875157e+01
1.556564243564565331e+01 9.144529882275992350e+01
1.561753347093781130e+01 9.135981595631109542e+01
1.566942450622996930e+01 9.127433308986226734e+01
1.572131554152212729e+01 9.118885022341343927e+01
1.577320657681428528e+01 9.110336735696461119e+01
1.582509761210644328e+01 9.101788449051578311e+01
1.587698864739860127e+01 9.093240162406695504e+01
1.592887968269075927e+01 9.084691875761812696e+01
1.598077071798291726e+01 9.076143589116929888e+01
1.603266175327507526e+01 9.067595302472047081e+01
1.608455278856723325e+01 9.059047015827164273e+01
1.613644382385939124e+01 9.050498729182281465e+01
1.618833485915154924e+01 9.041950442537398658e+01
1.624022589444370723e+01 9.033402155892515850e+01
1.629211692973586523e+01 9.024853869247633043e+01
1.634400796502802322e+01 9.016305582602750235e+01
1.639589900032018122e+01 9.007757295957867427e+01
1.644779003561233921e+01 8.999209009312984620e+01
1.649968107090449720e+01 8.990660722668101812e+01
1.655157210619665520e+01 8.982112436023219004e+01
1.660346314148881319e+01 8.973564149378336197e+01
1.665535417678097119e+01 8.965015862733453389e+01
1.670724521207312918e+01 8.956467576088570581e+01
1.675913624736528718e+01 8.947919289443687774e+01
1.681102728265744517e+01 8.939371002798804966e+01
1.686291831794960316e+01 8.930822716153922158e+01
1.691480935324176116e+01 8.922274429509039351e+01
1.696670038853391915e+01 8.913726142864156543e+01
1.701859142382607715e+01 8.905177856219273735e+01
1.707048245911823514e+01 8.896629569574390928e+01
1.712237349441039314e+01 8.888081282929508120e+01
1.717426452970255113e+01 8.879532996284625312e+01
1.722615556499470912e+01 8.870984709639742505e+01
1.727804660028686712e+01 8.862436422994859697e+01
1.732993763557902511e+01 8.853888136349976890e+01
1.738182867087118311e+01 8.845339849705094082e+01
1.743371970616334110e+01 8.836791563060211274e+01
1.748561074145549910e+01 8.828243276415328467e+01
1.753750177674765709e+01 8.819694989770445659e+01
1.758939281203981508e+01 8.811146703125562851e+01
1.764128384733197308e+01 8.802598416480680044e+01
1.769317488262413107e+01 8.794050129835797236e+01
1.774506591791628907e+01 8.785501843190914428e+01
1.779695695320844706e+01 8.776953556546031621e+01
1.784884798850060506e+01 8.768405269901148813e+01
1.790073902379276305e+01 8.759856983256266005e+01
1.795263005908492104e+01 8.751308696611383198e+01
1.800452109437707904e+01 8.742760409966500390e+01
1.805641212966923703e+01 8.734212123321617582e+01
1.810830316496139503e+01 8.725663836676734775e+01
1.816019420025355302e+01 8.717115550031851967e+01
1.821208523554571101e+01 8.708567263386969159e+01
1.826397627083786901e+01 8.700018976742086352e+01
1.831586730613002700e+01 8.691470690097203544e+01
1.836775834142218500e+01 8.682922403452320737e+01
1.841964937671434299e+01 8.674374116807437929e+01
1.847154041200650099e+01 8.665825830162555121e+01
1.852343144729865898e+01 8.657277543517672314e+01
1.857532248259081697e+01 8.648729256872789506e+01
1.862721351788297497e+01 8.640180970227906698e+01
1.867910455317513296e+01 8.631632683583023891e+01
1.873099558846729096e+01 8.623084396938141083e+01
1.878288662375944895e+01 8.614536110293258275e+01
1.883477765905160695e+01 8.605987823648375468e+01
1.888666869434376494e+01 8.597439537003492660e+01
1.893855972963592293e+01 8.588891250358609852e+01
1.899045076492808093e+01 8.580342963713727045e+01
1.904234180022023892e+01 8.571794677068844237e+01
1.909423283551239692e+01 8.563246390423961429e+01
1.914612387080455491e+01 8.554698103779078622e+01
1.919801490609671291e+01 8.546149817134195814e+01
1.924990594138887090e+01 8.537601530489313006e+01
1.930179697668102889e+01 8.529053243844430199e+01
1.935368801197318689e+01 8.520504957199547391e+01
1.940557904726534488e+01 8.511956670554664584e+01
1.945747008255750288e+01 8.503408383909781776e+01
1.950936111784966087e+01 8.494860097264898968e+01
1.956125215314181887e+01 8.486311810620016161e+01
1.961314318843397686e+01 8.477763523975133353e+01
1.966503422372613485e+01 8.469215237330250545e+01
1.971692525901829285e+01 8.460666950685367738e+01
1.976881629431045084e+01 8.452118664040484930e+01
1.982070732960260884e+01 8.443570377395602122e+01
1.987259836489476683e+01 8.435022090750719315e+01
1.992448940018692483e+01 8.426473804105836507e+01
1.997638043547908282e+01 8.417925517460953699e+01
2.002827147077124081e+01 8.409377230816070892e+01
2.008016250606339881e+01 8.400828944171188084e+01
2.013205354135555680e+01 8.392280657526305276e+01
2.018394457664771480e+01 8.383732370881422469e+01
2.023583561193987279e+01 8.375184084236539661e+01
2.028772664723203079e+01 8.366635797591656853e+01
2.033961768252418878e+01 8.358087510946774046e+01
2.039150871781634677e+01 8.349539224301891238e+01
2.044339975310850477e+01 8.340990937657008431e+01
2.049529078840066276e+01 8.332442651012125623e+01
2.054718182369282076e+01 8.323894364367242815e+01
2.059907285898497875e+01 8.315346077722360008e+01
2.065096389427713675e+01 8.306797791077477200e+01
2.070285492956929474e+01 8.298249504432594392e+01
2.075474596486145273e+01 8.289701217787711585e+01
2.080663700015361073e+01 8.281152931142828777e+01
2.085852803544576872e+01 8.272604644497945969e+01
2.091041907073792672e+01 8.264056357853063162e+01
2.096231010603008471e+01 8.255508071208180354e+01
2.101420114132224271e+01 8.246959784563297546e+01
2.106609217661440070e+01 8.238411497918414739e+01
2.111798321190655869e+01 8.229863211273531931e+01
2.116987424719871669e+01 8.221314924628649123e+01
2.122176528249087468e+01 8.212766637983766316e+01
2.127365631778303268e+01 8.204218351338883508e+01
2.132554735307519067e+01 8.195670064694000700e+01
2.137743838836734867e+01 8.187121778049117893e+01
2.142932942365950666e+01 8.178573491404235085e+01
2.148122045895166465e+01 8.170025204759352278e+01
2.153311149424382265e+01 8.161476918114469470e+01
2.158500252953598064e+01 8.152928631469586662e+01
2.163689356482813864e+01 8.144380344824703855e+01
2.168878460012029663e+01 8.135832058179821047e+01
2.174067563541245462e+01 8.127283771534938239e+01
2.179256667070461262e+01 8.118735484890055432e+01
2.184445770599677061e+01 8.110187198245172624e+01
2.189634874128892861e+01 8.101638911600289816e+01
2.194823977658108660e+01 8.093090624955407009e+01
2.200013081187324460e+01 8.084542338310524201e+01
2.205202184716540259e+01 8.075994051665641393e+01
2.210391288245756058e+01 8.067445765020758586e+01
2.215580391774971858e+01 8.058897478375875778e+01
2.220769495304187657e+01 8.050349191730992970e+01
2.225958598833403457e+01 8.041800905086110163e+01
2.231147702362619256e+01 8.033252618441227355e+01
2.236336805891835056e+01 8.024704331796344547e+01
2.241525909421050855e+01 8.016156045151461740e+01
2.246715012950266654e+01 8.007607758506578932e+01
2.251904116479482454e+01 7.999059471861696125e+01
2.257093220008698253e+01 7.990511185216813317e+01
2.262282323537914053e+01 7.981962898571930509e+01
2.267471427067129852e+01 7.973414611927047702e+01
2.272660530596345652e+01 7.964866325282164894e+01
2.277849634125561451e+01 7.956318038637282086e+01
2.283038737654777250e+01 7.947769751992399279e+01
2.288227841183993050e+01 7.939221465347516471e+01
2.293416944713208849e+01 7.930673178702633663e+01
2.298606048242424649e+01 7.922124892057750856e+01
2.303795151771640448e+01 7.913576605412868048e+01
2.308984255300856248e+01 7.905028318767985240e+01
2.314173358830072047e+01 7.896480032123102433e+01
2.319362462359287846e+01 7.887931745478219625e+01
2.324551565888503646e+01 7.879383458833336817e+01
2.329740669417719445e+01 7.870835172188454010e+01
2.334929772946935245e+01 7.862286885543571202e+01
2.340118876476151044e+01 7.853738598898688394e+01
2.345307980005366844e+01 7.845190312253805587e+01
2.350497083534582643e+01 7.836642025608922779e+01
2.355686187063798442e+01 7.828093738964039972e+01
2.360875290593014242e+01 7.819545452319157164e+01
2.366064394122230041e+01 7.810997165674274356e+01
2.371253497651445841e+01 7.802448879029391549e+01
2.376442601180661640e+01 7.793900592384508741e+01
2.381631704709877440e+01 7.785352305739625933e+01
2.386820808239093239e+01 7.776804019094743126e+01
2.392009911768309038e+01 7.768255732449860318e+01
2.397199015297524838e+01 7.759707445804977510e+01
2.402388118826740637e+01 7.751159159160094703e+01
2.407577222355956437e+01 7.742610872515211895e+01
2.412766325885172236e+01 7.734062585870329087e+01
2.417955429414388036e+01 7.725514299225446280e+01
2.423144532943603835e+01 7.716966012580563472e+01
2.428333636472819634e+01 7.708417725935680664e+01
2.433522740002035434e+01 7.699869439290797857e+01
2.438711843531251233e+01 7.691321152645915049e+01
2.443900947060467033e+01 7.682772866001032241e+01
2.449090050589682832e+01 7.674224579356149434e+01
2.454279154118898632e+01 7.665676292711266626e+01
2.459468257648114431e+01 7.657128006066383819e+01
2.464657361177330230e+01 7.648579719421501011e+01
2.469846464706546030e+01 7.640031432776618203e+01
2.475035568235761829e+01 7.631483146131735396e+01
2.480224671764977629e+01 7.622934859486852588e+01
2.485413775294193428e+01 7.614386572841969780e+01
2.490602878823409227e+01 7.605838286197086973e+01
2.495791982352625027e+01 7.597289999552204165e+01
2.500981085881840826e+01 7.588741712907321357e+01
2.506170189411056626e+01 7.580193426262438550e+01
2.511359292940272425e+01 7.571645139617555742e+01
2.516548396469488225e+01 7.563096852972672934e+01
2.521737499998704024e+01 7.554548566327790127e+01
2.526926603527919823e+01 7.546000279682907319e+01
2.532115707057135623e+01 7.537451993038024511e+01
2.537304810586351422e+01 7.528903706393141704e+01
2.542493914115567222e+01 7.520355419748258896e+01
2.547683017644783021e+01 7.511807133103376088e+01
2.552872121173998821e+01 7.503258846458493281e+01
2.558061224703214620e+01 7.494710559813610473e+01
2.563250328232430419e+01 7.486162273168727666e+01
2.568439431761646219e+01 7.477613986523844858e+01
2.573628535290862018e+01 7.469065699878962050e+01
2.578817638820077818e+01 7.460517413234079243e+01
2.584006742349293617e+01 7.451969126589196435e+01
2.589195845878509417e+01 7.443420839944313627e+01
2.594384949407725216e+01 7.434872553299430820e+01
2.599574052936941015e+01 7.426324266654548012e+01
2.604763156466156815e+01 7.417775980009665204e+01
2.609952259995372614e+01 7.409227693364782397e+01
2.615141363524588414e+01 7.400679406719899589e+01
2.620330467053804213e+01 7.392131120075016781e+01
2.625519570583020013e+01 7.383582833430133974e+01
2.630708674112235812e+01 7.375034546785251166e+01
2.635897777641451611e+01 7.366486260140368358e+01
2.641086881170667411e+01 7.357937973495485551e+01
2.646275984699883210e+01 7.349389686850602743e+01
2.651465088229099010e+01 7.340841400205719935e+01
2.656654191758314809e+01 7.332293113560837128e+01
2.661843295287530609e+01 7.323744826915954320e+01
2.667032398816746408e+01 7.315196540271071513e+01
2.672221502345962207e+01 7.306648253626188705e+01
2.677410605875178007e+01 7.298099966981305897e+01
2.682599709404393806e+01 7.289551680336423090e+01
2.687788812933609606e+01 7.281003393691540282e+01
2.692977916462825405e+01 7.272455107046657474e+01
2.698167019992041205e+01 7.263906820401774667e+01
2.703356123521257004e+01 7.255358533756891859e+01
2.708545227050472803e+01 7.246810247112009051e+01
2.713734330579688603e+01 7.238261960467126244e+01
2.718923434108904402e+01 7.229713673822243436e+01
2.724112537638120202e+01 7.221165387177360628e+01
2.729301641167336001e+01 7.212617100532477821e+01
2.734490744696551801e+01 7.204068813887595013e+01
2.739679848225767600e+01 7.195520527242712205e+01
2.744868951754983399e+01 7.186972240597829398e+01
2.750058055284199199e+01 7.178423953952946590e+01
2.755247158813414998e+01 7.169875667308063782e+01
2.760436262342630798e+01 7.161327380663180975e+01
2.765625365871846597e+01 7.152779094018298167e+01
2.770814469401062397e+01 7.144230807373415360e+01
2.776003572930278196e+01 7.135682520728532552e+01
2.781192676459493995e+01 7.127134234083649744e+01
2.786381779988709795e+01 7.118585947438766937e+01
2.791570883517925594e+01 7.110037660793884129e+01
2.796759987047141394e+01 7.101489374149001321e+01
2.801949090576357193e+01 7.092941087504118514e+01
2.807138194105572992e+01 7.084392800859235706e+01
2.812327297634788792e+01 7.075844514214352898e+01
2.817516401164004591e+01 7.067296227569470091e+01
2.822705504693220391e+01 7.058747940924587283e+01
2.827894608222436190e+01 7.050199654279704475e+01
2.833083711751651990e+01 7.041651367634821668e+01
2.838272815280867789e+01 7.033103080989938860e+01
2.843461918810083588e+01 7.024554794345056052e+01
2.848651022339299388e+01 7.016006507700173245e+01
2.853840125868515187e+01 7.007458221055290437e+01
2.859029229397730987e+01 6.998909934410407629e+01
2.864218332926946786e+01 6.990361647765524822e+01
2.869407436456162586e+01 6.981813361120642014e+01
2.874596539985378385e+01 6.973265074475759207e+01
2.879785643514594184e+01 6.964716787830876399e+01
2.884974747043809984e+01 6.956168501185993591e+01
2.890163850573025783e+01 6.947620214541110784e+01
2.895352954102241583e+01 6.939071927896227976e+01
2.900542057631457382e+01 6.930523641251345168e+01
2.905731161160673182e+01 6.921975354606462361e+01
2.910920264689888981e+01 6.913427067961579553e+01
2.916109368219104780e+01 6.904878781316696745e+01
2.921298471748320580e+01 6.896330494671813938e+01
2.926487575277536379e+01 6.887782208026931130e+01
2.931676678806752179e+01 6.879233921382048322e+01
2.936865782335967978e+01 6.870685634737165515e+01
2.942054885865183778e+01 6.862137348092282707e+01
2.947243989394399577e+01 6.853589061447399899e+01
2.952433092923615376e+01 6.845040774802517092e+01
2.957622196452831176e+01 6.836492488157634284e+01
2.962811299982046975e+01 6.827944201512751476e+01
2.968000403511262775e+01 6.819395914867868669e+01
2.973189507040478574e+01 6.810847628222985861e+01
2.978378610569694374e+01 6.802299341578103054e+01
2.983567714098910173e+01 6.793751054933220246e+01
2.988756817628125972e+01 6.785202768288337438e+01
2.993945921157341772e+01 6.776654481643454631e+01
2.999135024686557571e+01 6.768106194998571823e+01
3.004324128215773371e+01 6.759557908353689015e+01
3.009513231744989170e+01 6.751009621708806208e+01
3.014702335274204970e+01 6.742461335063923400e+01
3.019891438803420769e+01 6.733913048419040592e+01
3.025080542332636568e+01 6.725364761774157785e+01
3.030269645861852368e+01 6.716816475129274977e+01
3.035458749391068167e+01 6.708268188484392169e+01
3.040647852920283967e+01 6.699719901839509362e+01
3.045836956449499766e+01 6.691171615194626554e+01
3.051026059978715566e+01 6.682623328549743746e+01
3.056215163507931365e+01 6.674075041904860939e+01
3.061404267037147164e+01 6.665526755259978131e+01
3.066593370566362964e+01 6.656978468615095323e+01
3.071782474095578763e+01 6.648430181970212516e+01
3.076971577624794563e+01 6.639881895325329708e+01
3.082160681154010362e+01 6.631333608680446901e+01
3.087349784683226162e+01 6.622785322035564093e+01
3.092538888212441961e+01 6.614237035390681285e+01
3.097727991741657760e+01 6.605688748745798478e+01
3.102917095270873560e+01 6.597140462100915670e+01
3.108106198800089359e+01 6.588592175456032862e+01
3.113295302329305159e+01 6.580043888811150055e+01
3.118484405858520958e+01 6.571495602166267247e+01
3.123673509387736758e+01 6.562947315521384439e+01
3.128862612916952557e+01 6.554399028876501632e+01
3.134051716446168356e+01 6.545850742231618824e+01
3.139240819975384156e+01 6.537302455586736016e+01
3.144429923504599955e+01 6.528754168941853209e+01
3.149619027033815755e+01 6.520205882296970401e+01
3.154808130563031554e+01 6.511657595652087593e+01
3.159997234092247353e+01 6.503109309007204786e+01
3.165186337621463153e+01 6.494561022362321978e+01
3.170375441150678952e+01 6.486012735717439170e+01
3.175564544679894752e+01 6.477464449072556363e+01
3.180753648209110551e+01 6.468916162427673555e+01
3.185942751738326351e+01 6.460367875782790748e+01
3.191131855267542150e+01 6.451819589137907940e+01
3.196320958796757949e+01 6.443271302493025132e+01
3.201510062325973394e+01 6.434723015848142325e+01
3.206699165855189193e+01 6.426174729203259517e+01
3.211888269384404992e+01 6.417626442558376709e+01
3.217077372913620792e+01 6.409078155913493902e+01
3.222266476442836591e+01 6.400529869268611094e+01
3.227455579972052391e+01 6.391981582623728286e+01
3.232644683501268190e+01 6.383433295978845479e+01
3.237833787030483990e+01 6.374885009333962671e+01
3.243022890559699789e+01 6.366336722689079863e+01
3.248211994088915588e+01 6.357788436044197056e+01
3.253401097618131388e+01 6.349240149399314248e+01
3.258590201147347187e+01 6.340691862754431440e+01
3.263779304676562987e+01 6.332143576109548633e+01
3.268968408205778786e+01 6.323595289464665825e+01
3.274157511734994586e+01 6.315047002819783017e+01
3.279346615264210385e+01 6.306498716174900210e+01
3.284535718793426184e+01 6.297950429530017402e+01
3.289724822322641984e+01 6.289402142885134595e+01
3.294913925851857783e+01 6.280853856240251787e+01
3.300103029381073583e+01 6.272305569595368979e+01
3.305292132910289382e+01 6.263757282950486172e+01
3.310481236439505182e+01 6.255208996305603364e+01
3.315670339968720981e+01 6.246660709660720556e+01
3.320859443497936780e+01 6.238112423015837749e+01
3.326048547027152580e+01 6.229564136370954941e+01
3.331237650556368379e+01 6.221015849726072133e+01
3.336426754085584179e+01 6.212467563081189326e+01
3.341615857614799978e+01 6.203919276436306518e+01
3.346804961144015778e+01 6.195370989791423710e+01
3.351994064673231577e+01 6.186822703146540903e+01
3.357183168202447376e+01 6.178274416501658095e+01
3.362372271731663176e+01 6.169726129856775287e+01
3.367561375260878975e+01 6.161177843211892480e+01
3.372750478790094775e+01 6.152629556567009672e+01
3.377939582319310574e+01 6.144081269922126864e+01
3.383128685848526374e+01 6.135532983277244057e+01
3.388317789377742173e+01 6.126984696632361249e+01
3.393506892906957972e+01 6.118436409987478442e+01
3.398695996436173772e+01 6.109888123342595634e+01
3.403885099965389571e+01 6.101339836697712826e+01
3.409074203494605371e+01 6.092791550052830019e+01
3.414263307023821170e+01 6.084243263407947211e+01
3.419452410553036970e+01 6.075694976763064403e+01
3.424641514082252769e+01 6.067146690118181596e+01
3.429830617611468568e+01 6.058598403473298788e+01
3.435019721140684368e+01 6.050050116828415980e+01
3.440208824669900167e+01 6.041501830183533173e+01
3.445397928199115967e+01 6.032953543538650365e+01
3.450587031728331766e+01 6.024405256893767557e+01
3.455776135257547566e+01 6.015856970248884750e+01
3.460965238786763365e+01 6.007308683604001942e+01
3.466154342315979164e+01 5.998760396959119134e+01
3.471343445845194964e+01 5.990212110314236327e+01
3.476532549374410763e+01 5.981663823669353519e+01
3.481721652903626563e+01 5.973115537024470711e+01
3.486910756432842362e+01 5.964567250379587904e+01
3.492099859962058161e+01 5.956018963734705096e+01
3.497288963491273961e+01 5.947470677089822289e+01
3.502478067020489760e+01 5.938922390444939481e+01
3.507667170549705560e+01 5.930374103800056673e+01
3.512856274078921359e+01 5.921825817155173866e+01
3.518045377608137159e+01 5.913277530510291058e+01
3.523234481137352958e+01 5.904729243865408250e+01
3.528423584666568757e+01 5.896180957220525443e+01
3.533612688195784557e+01 5.887632670575642635e+01
3.538801791725000356e+01 5.879084383930759827e+01
3.543990895254216156e+01 5.870536097285877020e+01
3.549179998783431955e+01 5.861987810640994212e+01
3.554369102312647755e+01 5.853439523996111404e+01
3.559558205841863554e+01 5.844891237351228597e+01
3.564747309371079353e+01 5.836342950706345789e+01
3.569936412900295153e+01 5.827794664061462981e+01
3.575125516429510952e+01 5.819246377416580174e+01
3.580314619958726752e+01 5.810698090771697366e+01
3.585503723487942551e+01 5.802149804126814558e+01
3.590692827017158351e+01 5.793601517481931751e+01
3.595881930546374150e+01 5.785053230837048943e+01
3.601071034075589949e+01 5.776504944192166136e+01
3.606260137604805749e+01 5.767956657547283328e+01
3.611449241134021548e+01 5.759408370902400520e+01
3.616638344663237348e+01 5.750860084257517713e+01
3.621827448192453147e+01 5.742311797612634905e+01
3.627016551721668947e+01 5.733763510967752097e+01
3.632205655250884746e+01 5.725215224322869290e+01
3.637394758780100545e+01 5.716666937677986482e+01
3.642583862309316345e+01 5.708118651033103674e+01
3.647772965838532144e+01 5.699570364388220867e+01
3.652962069367747944e+01 5.691022077743338059e+01
3.658151172896963743e+01 5.682473791098455251e+01
3.663340276426179543e+01 5.673925504453572444e+01
3.668529379955395342e+01 5.665377217808689636e+01
3.673718483484611141e+01 5.656828931163806828e+01
3.681465364726710732e+01 5.644067081050695833e+01
3.686562285628571800e+01 5.652670649921820001e+01
3.691659206530432868e+01 5.661274218792944168e+01
3.696756127432293937e+01 5.669877787664068336e+01
3.701853048334155005e+01 5.678481356535192504e+01
3.706949969236016074e+01 5.687084925406316671e+01
3.712046890137877142e+01 5.695688494277440839e+01
3.717143811039738210e+01 5.704292063148565006e+01
3.722240731941599279e+01 5.712895632019689174e+01
3.727337652843460347e+01 5.721499200890813341e+01
3.732434573745321416e+01 5.730102769761937509e+01
3.737531494647182484e+01 5.738706338633061677e+01
3.742628415549043552e+01 5.747309907504185844e+01
3.747725336450904621e+01 5.755913476375310012e+01
3.752822257352765689e+01 5.764517045246434179e+01
3.757919178254626758e+01 5.773120614117558347e+01
3.763016099156487826e+01 5.781724182988682514e+01
3.768113020058348894e+01 5.790327751859806682e+01
3.773209940960209963e+01 5.798931320730930850e+01
3.778306861862071031e+01 5.807534889602055017e+01
3.783403782763932099e+01 5.816138458473179185e+01
3.788500703665793168e+01 5.824742027344303352e+01
3.793597624567654236e+01 5.833345596215427520e+01
3.798694545469515305e+01 5.841949165086551687e+01
3.803791466371376373e+01 5.850552733957675855e+01
3.808888387273237441e+01 5.859156302828800023e+01
3.813985308175098510e+01 5.867759871699924190e+01
3.819082229076959578e+01 5.876363440571048358e+01
3.824179149978820647e+01 5.884967009442172525e+01
3.829276070880681715e+01 5.893570578313296693e+01
3.834372991782542783e+01 5.902174147184420860e+01
3.839469912684403852e+01 5.910777716055545028e+01
3.844566833586264920e+01 5.919381284926669196e+01
3.849663754488125988e+01 5.927984853797793363e+01
3.854760675389987057e+01 5.936588422668917531e+01
3.859857596291848125e+01 5.945191991540041698e+01
3.864954517193709194e+01 5.953795560411165866e+01
3.870051438095570262e+01 5.962399129282290033e+01
3.875148358997431330e+01 5.971002698153414201e+01
3.880245279899292399e+01 5.979606267024538369e+01
3.885342200801153467e+01 5.988209835895662536e+01
3.890439121703014536e+01 5.996813404766786704e+01
3.895536042604875604e+01 6.005416973637910871e+01
3.900632963506736672e+01 6.014020542509035039e+01
3.905729884408597741e+01 6.022624111380159206e+01
3.910826805310458809e+01 6.031227680251283374e+01
3.915923726212319878e+01 6.039831249122407542e+01
3.921020647114180946e+01 6.048434817993531709e+01
3.926117568016042014e+01 6.057038386864655877e+01
3.931214488917903083e+01 6.065641955735780044e+01
3.936311409819764151e+01 6.074245524606904212e+01
3.941408330721625219e+01 6.082849093478028379e+01
3.946505251623486288e+01 6.091452662349152547e+01
3.951602172525347356e+01 6.100056231220276715e+01
3.956699093427208425e+01 6.108659800091400882e+01
3.961796014329069493e+01 6.117263368962525050e+01
3.966892935230930561e+01 6.125866937833649217e+01
3.971989856132791630e+01 6.134470506704773385e+01
3.977086777034652698e+01 6.143074075575897552e+01
3.982183697936513767e+01 6.151677644447021720e+01
3.987280618838374835e+01 6.160281213318145888e+01
3.992377539740235903e+01 6.168884782189270055e+01
3.997474460642096972e+01 6.177488351060394223e+01
4.002571381543958040e+01 6.186091919931518390e+01
4.007668302445819108e+01 6.194695488802642558e+01
4.012765223347680177e+01 6.203299057673766725e+01
4.017862144249541245e+01 6.211902626544890893e+01
4.022959065151402314e+01 6.220506195416015061e+01
4.028055986053263382e+01 6.229109764287139228e+01
4.033152906955124450e+01 6.237713333158263396e+01
4.038249827856985519e+01 6.246316902029387563e+01
4.043346748758846587e+01 6.254920470900511731e+01
4.048443669660707656e+01 6.263524039771635898e+01
4.053540590562568724e+01 6.272127608642760066e+01
4.058637511464429792e+01 6.280731177513884234e+01
4.063734432366290861e+01 6.289334746385008401e+01
4.068831353268151929e+01 6.297938315256132569e+01
4.073928274170012998e+01 6.306541884127256736e+01
4.079025195071874066e+01 6.315145452998380904e+01
4.084122115973735134e+01 6.323749021869505071e+01
4.089219036875596203e+01 6.332352590740629239e+01
4.094315957777457271e+01 6.340956159611753407e+01
4.099412878679318339e+01 6.349559728482877574e+01
4.104509799581179408e+01 6.358163297354001742e+01
4.109606720483040476e+01 6.366766866225125909e+01
4.114703641384901545e+01 6.375370435096250077e+01
4.119800562286762613e+01 6.383974003967374244e+01
4.124897483188623681e+01 6.392577572838498412e+01
4.129994404090484750e+01 6.401181141709622580e+01
4.135091324992345818e+01 6.409784710580746037e+01
4.140188245894206887e+01 6.418388279451869494e+01
4.145285166796067955e+01 6.426991848322992951e+01
4.150382087697929023e+01 6.435595417194116408e+01
4.155479008599790092e+01 6.444198986065239865e+01
4.160575929501651160e+01 6.452802554936363322e+01
4.165672850403512228e+01 6.461406123807486779e+01
4.170769771305373297e+01 6.470009692678610236e+01
4.175866692207234365e+01 6.478613261549733693e+01
4.180963613109095434e+01 6.487216830420857150e+01
4.186060534010956502e+01 6.495820399291980607e+01
4.191157454912817570e+01 6.504423968163104064e+01
4.196254375814678639e+01 6.513027537034227521e+01
4.201351296716539707e+01 6.521631105905350978e+01
4.206448217618400776e+01 6.530234674776474435e+01
4.211545138520261844e+01 6.538838243647597892e+01
4.216642059422122912e+01 6.547441812518721349e+01
4.221738980323983981e+01 6.556045381389844806e+01
4.226835901225845049e+01 6.564648950260968263e+01
4.231932822127706117e+01 6.573252519132091720e+01
4.237029743029567186e+01 6.581856088003215177e+01
4.242126663931428254e+01 6.590459656874338634e+01
4.247223584833289323e+01 6.599063225745462091e+01
4.252320505735150391e+01 6.607666794616585548e+01
4.257417426637011459e+01 6.616270363487709005e+01
4.262514347538872528e+01 6.624873932358832462e+01
4.267611268440733596e+01 6.633477501229955919e+01
4.272708189342594665e+01 6.642081070101079376e+01
4.277805110244455733e+01 6.650684638972202833e+01
4.282902031146316801e+01 6.659288207843326290e+01
4.287998952048177870e+01 6.667891776714449747e+01
4.293095872950038938e+01 6.676495345585573205e+01
4.298192793851900007e+01 6.685098914456696662e+01
4.303289714753761075e+01 6.693702483327820119e+01
4.308386635655622143e+01 6.702306052198943576e+01
4.313483556557483212e+01 6.710909621070067033e+01
4.318580477459344280e+01 6.719513189941190490e+01
4.323677398361205348e+01 6.728116758812313947e+01
4.328774319263066417e+01 6.736720327683437404e+01
4.333871240164927485e+01 6.745323896554560861e+01
4.338968161066788554e+01 6.753927465425684318e+01
4.344065081968649622e+01 6.762531034296807775e+01
4.349162002870510690e+01 6.771134603167931232e+01
4.354258923772371759e+01 6.779738172039054689e+01
4.359355844674232827e+01 6.788341740910178146e+01
4.364452765576093896e+01 6.796945309781301603e+01
4.369549686477954964e+01 6.805548878652425060e+01
4.374646607379816032e+01 6.814152447523548517e+01
4.379743528281677101e+01 6.822756016394671974e+01
4.384840449183538169e+01 6.831359585265795431e+01
4.389937370085399237e+01 6.839963154136918888e+01
4.395034290987260306e+01 6.848566723008042345e+01
4.400131211889121374e+01 6.857170291879165802e+01
4.405228132790982443e+01 6.865773860750289259e+01
4.410325053692843511e+01 6.874377429621412716e+01
4.415421974594704579e+01 6.882980998492536173e+01
4.420518895496565648e+01 6.891584567363659630e+01
4.425615816398426716e+01 6.900188136234783087e+01
4.430712737300287785e+01 6.908791705105906544e+01
4.435809658202148853e+01 6.917395273977030001e+01
4.440906579104009921e+01 6.925998842848153458e+01
4.446003500005870990e+01 6.934602411719276915e+01
4.451100420907732058e+01 6.943205980590400372e+01
4.456197341809593127e+01 6.951809549461523829e+01
4.461294262711454195e+01 6.960413118332647286e+01
4.466391183613315263e+01 6.969016687203770744e+01
4.471488104515176332e+01 6.977620256074894201e+01
4.476585025417037400e+01 6.986223824946017658e+01
4.481681946318898468e+01 6.994827393817141115e+01
4.486778867220759537e+01 7.003430962688264572e+01
4.491875788122620605e+01 7.012034531559388029e+01
4.496972709024481674e+01 7.020638100430511486e+01
4.502069629926342742e+01 7.029241669301634943e+01
4.507166550828203810e+01 7.037845238172758400e+01
4.512263471730064879e+01 7.046448807043881857e+01
4.517360392631925947e+01 7.055052375915005314e+01
4.522457313533787016e+01 7.063655944786128771e+01
4.527554234435648084e+01 7.072259513657252228e+01
4.532651155337509152e+01 7.080863082528375685e+01
4.537748076239370221e+01 7.089466651399499142e+01
4.542844997141231289e+01 7.098070220270622599e+01
4.547941918043092357e+01 7.106673789141746056e+01
4.553038838944953426e+01 7.115277358012869513e+01
4.558135759846814494e+01 7.123880926883992970e+01
4.563232680748675563e+01 7.132484495755116427e+01
4.568329601650536631e+01 7.141088064626239884e+01
4.573426522552397699e+01 7.149691633497363341e+01
4.578523443454258768e+01 7.158295202368486798e+01
4.583620364356119836e+01 7.166898771239610255e+01
4.588717285257980905e+01 7.175502340110733712e+01
4.593814206159841973e+01 7.184105908981857169e+01
4.598911127061703041e+01 7.192709477852980626e+01
4.604008047963564110e+01 7.201313046724104083e+01
4.609104968865425178e+01 7.209916615595227540e+01
4.614201889767286247e+01 7.218520184466350997e+01
4.619298810669147315e+01 7.227123753337474454e+01
4.624395731571008383e+01 7.235727322208597911e+01
4.629492652472869452e+01 7.244330891079721368e+01
4.634589573374730520e+01 7.252934459950844825e+01
4.639686494276591588e+01 7.261538028821968283e+01
4.644783415178452657e+01 7.270141597693091740e+01
4.649880336080313725e+01 7.278745166564215197e+01
4.654977256982174794e+01 7.287348735435338654e+01
4.660074177884035862e+01 7.295952304306462111e+01
4.665171098785896930e+01 7.304555873177585568e+01
4.670268019687757999e+01 7.313159442048709025e+01
4.675364940589619067e+01 7.321763010919832482e+01
4.680461861491480136e+01 7.330366579790955939e+01
4.685558782393341204e+01 7.338970148662079396e+01
4.690655703295202272e+01 7.347573717533202853e+01
4.695752624197063341e+01 7.356177286404326310e+01
4.700849545098924409e+01 7.364780855275449767e+01
4.705946466000785477e+01 7.373384424146573224e+01
4.711043386902646546e+01 7.381987993017696681e+01
4.716140307804507614e+01 7.390591561888820138e+01
4.721237228706368683e+01 7.399195130759943595e+01
4.726334149608229751e+01 7.407798699631067052e+01
4.731431070510090819e+01 7.416402268502190509e+01
4.736527991411951888e+01 7.425005837373313966e+01
4.741624912313812956e+01 7.433609406244437423e+01
4.746721833215674025e+01 7.442212975115560880e+01
4.751818754117535093e+01 7.450816543986684337e+01
4.756915675019396161e+01 7.459420112857807794e+01
4.762012595921257230e+01 7.468023681728931251e+01
4.767109516823118298e+01 7.476627250600054708e+01
4.772206437724979367e+01 7.485230819471178165e+01
4.777303358626840435e+01 7.493834388342301622e+01
4.782400279528701503e+01 7.502437957213425079e+01
4.787497200430562572e+01 7.511041526084548536e+01
4.792594121332423640e+01 7.519645094955671993e+01
4.797691042234284708e+01 7.528248663826795450e+01
4.802787963136145777e+01 7.536852232697918907e+01
4.807884884038006845e+01 7.545455801569042364e+01
4.812981804939867914e+01 7.554059370440165821e+01
4.818078725841728982e+01 7.562662939311289279e+01
4.823175646743590050e+01 7.571266508182412736e+01
4.828272567645451119e+01 7.579870077053536193e+01
4.833369488547312187e+01 7.588473645924659650e+01
4.838466409449173256e+01 7.597077214795783107e+01
4.843563330351034324e+01 7.605680783666906564e+01
4.848660251252895392e+01 7.614284352538030021e+01
4.853757172154756461e+01 7.622887921409153478e+01
4.858854093056617529e+01 7.631491490280276935e+01
4.863951013958478597e+01 7.640095059151400392e+01
4.869047934860339666e+01 7.648698628022523849e+01
4.874144855762200734e+01 7.657302196893647306e+01
4.879241776664061803e+01 7.665905765764770763e+01
4.884338697565922871e+01 7.674509334635894220e+01
4.889435618467783939e+01 7.683112903507017677e+01
4.894532539369645008e+01 7.691716472378141134e+01
4.899629460271506076e+01 7.700320041249264591e+01
4.904726381173367145e+01 7.708923610120388048e+01
4.909823302075228213e+01 7.717527178991511505e+01
4.914920222977089281e+01 7.726130747862634962e+01
4.920017143878950350e+01 7.734734316733758419e+01
4.925114064780811418e+01 7.743337885604881876e+01
4.930210985682672487e+01 7.751941454476005333e+01
4.935307906584533555e+01 7.760545023347128790e+01
4.940404827486394623e+01 7.769148592218252247e+01
4.945501748388255692e+01 7.777752161089375704e+01
4.950598669290116760e+01 7.786355729960499161e+01
4.955695590191977828e+01 7.794959298831622618e+01
4.960792511093838897e+01 7.803562867702746075e+01
4.965889431995699965e+01 7.812166436573869532e+01
4.970986352897561034e+01 7.820770005444992989e+01
4.976083273799422102e+01 7.829373574316116446e+01
4.981180194701283170e+01 7.837977143187239903e+01
4.986277115603144239e+01 7.846580712058363360e+01
4.991374036505005307e+01 7.855184280929486818e+01
4.996470957406866376e+01 7.863787849800610275e+01
5.001567878308727444e+01 7.872391418671733732e+01
5.006664799210588512e+01 7.880994987542857189e+01
5.011761720112449581e+01 7.889598556413980646e+01
5.016858641014310649e+01 7.898202125285104103e+01
5.021955561916171717e+01 7.906805694156227560e+01
5.027052482818032786e+01 7.915409263027351017e+01
5.032149403719893854e+01 7.924012831898474474e+01
5.037246324621754923e+01 7.932616400769597931e+01
5.042343245523615991e+01 7.941219969640721388e+01
5.047440166425477059e+01 7.949823538511844845e+01
5.052537087327338128e+01 7.958427107382968302e+01
5.057634008229199196e+01 7.967030676254091759e+01
5.062730929131060265e+01 7.975634245125215216e+01
5.067827850032921333e+01 7.984237813996338673e+01
5.072924770934782401e+01 7.992841382867462130e+01
5.078021691836643470e+01 8.001444951738585587e+01
5.083118612738504538e+01 8.010048520609709044e+01
5.088215533640365607e+01 8.018652089480832501e+01
5.093312454542226675e+01 8.027255658351955958e+01
5.098409375444087743e+01 8.035859227223079415e+01
5.103506296345948812e+01 8.044462796094202872e+01
5.108603217247809880e+01 8.053066364965326329e+01
5.113700138149670948e+01 8.061669933836449786e+01
5.118797059051532017e+01 8.070273502707573243e+01
5.123893979953393085e+01 8.078877071578696700e+01
5.128990900855254154e+01 8.087480640449820157e+01
5.134087821757115222e+01 8.096084209320943614e+01
5.139184742658976290e+01 8.104687778192067071e+01
5.144281663560837359e+01 8.113291347063190528e+01
5.149378584462698427e+01 8.121894915934313985e+01
5.154475505364559496e+01 8.130498484805437442e+01
5.159572426266420564e+01 8.139102053676560899e+01
5.164669347168281632e+01 8.147705622547684357e+01
5.169766268070142701e+01 8.156309191418807814e+01
5.174863188972003769e+01 8.164912760289931271e+01
5.179960109873864837e+01 8.173516329161054728e+01
5.185057030775725906e+01 8.182119898032178185e+01
5.190153951677586974e+01 8.190723466903301642e+01
5.195250872579448043e+01 8.199327035774425099e+01
5.200347793481309111e+01 8.207930604645548556e+01
5.205444714383170179e+01 8.216534173516672013e+01
5.210541635285031248e+01 8.225137742387795470e+01
5.215638556186892316e+01 8.233741311258918927e+01
5.220735477088753385e+01 8.242344880130042384e+01
5.225832397990614453e+01 8.250948449001165841e+01
5.230929318892475521e+01 8.259552017872289298e+01
5.236026239794336590e+01 8.268155586743412755e+01
5.241123160696197658e+01 8.276759155614536212e+01
5.246220081598058727e+01 8.285362724485659669e+01
5.251317002499919795e+01 8.293966293356783126e+01
5.256413923401780863e+01 8.302569862227906583e+01
5.261510844303641932e+01 8.311173431099030040e+01
5.266607765205503000e+01 8.319776999970153497e+01
5.271704686107364068e+01 8.328380568841276954e+01
5.276801607009225137e+01 8.336984137712400411e+01
5.281898527911086205e+01 8.345587706583523868e+01
5.286995448812947274e+01 8.354191275454647325e+01
5.292092369714808342e+01 8.362794844325770782e+01
5.297189290616669410e+01 8.371398413196894239e+01
5.302286211518530479e+01 8.380001982068017696e+01
5.307383132420391547e+01 8.388605550939141153e+01
5.312480053322252616e+01 8.397209119810264610e+01
5.317576974224113684e+01 8.405812688681388067e+01
5.322673895125974752e+01 8.414416257552511524e+01
5.327770816027835821e+01 8.423019826423634981e+01
5.332867736929696889e+01 8.431623395294758438e+01
5.337964657831557957e+01 8.440226964165881895e+01
5.343061578733419026e+01 8.448830533037005353e+01
5.348158499635280094e+01 8.457434101908128810e+01
5.353255420537141163e+01 8.466037670779252267e+01
5.358352341439002231e+01 8.474641239650375724e+01
5.363449262340863299e+01 8.483244808521499181e+01
5.368546183242724368e+01 8.491848377392622638e+01
5.373643104144585436e+01 8.500451946263746095e+01
5.378740025046446505e+01 8.509055515134869552e+01
5.383836945948307573e+01 8.517659084005993009e+01
5.388933866850168641e+01 8.526262652877116466e+01
5.394030787752029710e+01 8.534866221748239923e+01
5.399127708653890778e+01 8.543469790619363380e+01
5.404224629555751847e+01 8.552073359490486837e+01
5.409321550457612915e+01 8.560676928361610294e+01
5.414418471359473983e+01 8.569280497232733751e+01
5.419515392261335052e+01 8.577884066103857208e+01
5.424612313163196120e+01 8.586487634974980665e+01
5.429709234065057188e+01 8.595091203846104122e+01
5.434806154966918257e+01 8.603694772717227579e+01
5.439903075868779325e+01 8.612298341588351036e+01
5.444999996770640394e+01 8.620901910459474493e+01
5.450096917672501462e+01 8.629505479330597950e+01
5.455193838574362530e+01 8.638109048201721407e+01
5.460290759476223599e+01 8.646712617072844864e+01
5.465387680378084667e+01 8.655316185943968321e+01
5.470484601279945736e+01 8.663919754815091778e+01
5.475581522181806804e+01 8.672523323686215235e+01
5.480678443083667872e+01 8.681126892557338692e+01
5.485775363985528941e+01 8.689730461428462149e+01
5.490872284887390009e+01 8.698334030299585606e+01
5.495969205789251077e+01 8.706937599170709063e+01
5.501066126691112146e+01 8.715541168041832520e+01
5.506163047592973214e+01 8.724144736912955977e+01
5.511259968494834283e+01 8.732748305784079434e+01
5.516356889396695351e+01 8.741351874655202892e+01
5.521453810298556419e+01 8.749955443526326349e+01
5.526550731200417488e+01 8.758559012397449806e+01
5.531647652102278556e+01 8.767162581268573263e+01
5.536744573004139625e+01 8.775766150139696720e+01
5.541841493906000693e+01 8.784369719010820177e+01
5.546938414807861761e+01 8.792973287881943634e+01
5.552035335709722830e+01 8.801576856753067091e+01
5.557132256611583898e+01 8.810180425624190548e+01
5.562229177513444967e+01 8.818783994495314005e+01
5.567326098415306035e+01 8.827387563366437462e+01
5.572423019317167103e+01 8.835991132237560919e+01
5.577519940219028172e+01 8.844594701108684376e+01
5.582616861120889240e+01 8.853198269979807833e+01
5.587713782022750308e+01 8.861801838850931290e+01
5.592810702924611377e+01 8.870405407722054747e+01
5.597907623826472445e+01 8.879008976593178204e+01
5.603004544728333514e+01 8.887612545464301661e+01
5.608101465630194582e+01 8.896216114335425118e+01
5.613198386532055650e+01 8.904819683206548575e+01
5.618295307433916719e+01 8.913423252077672032e+01
5.623392228335777787e+01 8.922026820948795489e+01
5.628489149237638856e+01 8.930630389819918946e+01
5.633586070139499924e+01 8.939233958691042403e+01
5.638682991041360992e+01 8.947837527562165860e+01
5.643779911943222061e+01 8.956441096433289317e+01
5.648876832845083129e+01 8.965044665304412774e+01
5.653973753746944197e+01 8.973648234175536231e+01
5.659070674648805266e+01 8.982251803046659688e+01
5.664167595550666334e+01 8.990855371917783145e+01
5.669264516452527403e+01 8.999458940788906602e+01
5.674361437354388471e+01 9.008062509660030059e+01
5.679458358256249539e+01 9.016666078531153516e+01
5.684555279158110608e+01 9.025269647402276973e+01
5.689652200059971676e+01 9.033873216273400431e+01
5.694749120961832745e+01 9.042476785144523888e+01
5.699846041863693813e+01 9.051080354015647345e+01
5.704942962765554881e+01 9.059683922886770802e+01
5.710039883667415950e+01 9.068287491757894259e+01
5.715136804569277018e+01 9.076891060629017716e+01
5.720233725471138087e+01 9.085494629500141173e+01
5.725330646372999155e+01 9.094098198371264630e+01
5.730427567274860223e+01 9.102701767242388087e+01
5.735524488176721292e+01 9.111305336113511544e+01
5.740621409078582360e+01 9.119908904984635001e+01
5.745718329980443428e+01 9.128512473855758458e+01
5.750815250882304497e+01 9.137116042726881915e+01
5.755912171784165565e+01 9.145719611598005372e+01
5.761009092686026634e+01 9.154323180469128829e+01
5.766106013587887702e+01 9.162926749340252286e+01
5.771202934489748770e+01 9.171530318211375743e+01
5.776299855391609839e+01 9.180133887082499200e+01
5.781396776293470907e+01 9.188737455953622657e+01
5.786493697195331976e+01 9.197341024824746114e+01
5.791590618097193044e+01 9.205944593695869571e+01
5.796687538999054112e+01 9.214548162566993028e+01
5.801784459900915181e+01 9.223151731438116485e+01
5.806881380802776249e+01 9.231755300309239942e+01
5.811978301704637317e+01 9.240358869180363399e+01
5.817075222606498386e+01 9.248962438051486856e+01
5.822172143508359454e+01 9.257566006922610313e+01
5.827269064410220523e+01 9.266169575793733770e+01
5.832365985312081591e+01 9.274773144664857227e+01
5.837462906213942659e+01 9.283376713535980684e+01
5.842559827115803728e+01 9.291980282407104141e+01
5.847656748017664796e+01 9.300583851278227598e+01
5.852753668919525865e+01 9.309187420149351055e+01
5.857850589821386933e+01 9.317790989020474512e+01
5.862947510723248001e+01 9.326394557891597970e+01
5.868044431625109070e+01 9.334998126762721427e+01
5.873141352526970138e+01 9.343601695633844884e+01
5.878238273428831207e+01 9.352205264504968341e+01
5.883335194330692275e+01 9.360808833376091798e+01
5.888432115232553343e+01 9.369412402247215255e+01
5.893529036134414412e+01 9.378015971118338712e+01
5.898625957036275480e+01 9.386619539989462169e+01
5.903722877938136548e+01 9.395223108860585626e+01
5.908819798839997617e+01 9.403826677731709083e+01
5.913916719741858685e+01 9.412430246602832540e+01
5.919013640643719754e+01 9.421033815473955997e+01
5.924110561545580822e+01 9.429637384345079454e+01
5.929207482447441890e+01 9.438240953216202911e+01
5.934304403349302959e+01 9.446844522087326368e+01
5.939401324251164027e+01 9.455448090958449825e+01
5.944498245153025096e+01 9.464051659829573282e+01
5.949595166054886164e+01 9.472655228700696739e+01
5.954692086956747232e+01 9.481258797571820196e+01
5.959789007858608301e+01 9.489862366442943653e+01
5.964885928760469369e+01 9.498465935314067110e+01
5.969982849662330437e+01 9.507069504185190567e+01
5.975079770564191506e+01 9.515673073056314024e+01
5.980176691466052574e+01 9.524276641927437481e+01
5.985273612367913643e+01 9.532880210798560938e+01
5.990370533269774711e+01 9.541483779669684395e+01
5.995467454171635779e+01 9.550087348540807852e+01
6.000564375073496848e+01 9.558690917411931309e+01
6.005661295975357916e+01 9.567294486283054766e+01
6.010758216877218985e+01 9.575898055154178223e+01
6.015855137779080053e+01 9.584501624025301680e+01
6.020952058680941121e+01 9.593105192896425137e+01
6.026048979582802190e+01 9.601708761767548594e+01
6.031145900484663258e+01 9.610312330638672051e+01
6.036242821386524326e+01 9.618915899509795508e+01
6.041339742288385395e+01 9.627519468380918966e+01
6.046436663190246463e+01 9.636123037252042423e+01
6.051533584092107532e+01 9.644726606123165880e+01
6.056630504993968600e+01 9.653330174994289337e+01
6.061727425895829668e+01 9.661933743865412794e+01
6.066824346797690737e+01 9.670537312736536251e+01
6.071921267699551805e+01 9.679140881607659708e+01
6.077018188601412874e+01 9.687744450478783165e+01
6.082115109503273942e+01 9.696348019349906622e+01
6.087212030405135010e+01 9.704951588221030079e+01
6.092308951306996079e+01 9.713555157092153536e+01
6.097405872208857147e+01 9.722158725963276993e+01
6.102502793110718216e+01 9.730762294834400450e+01
6.107599714012579284e+01 9.739365863705523907e+01
6.112696634914440352e+01 9.747969432576647364e+01
6.117793555816301421e+01 9.756573001447770821e+01
6.122890476718162489e+01 9.765176570318894278e+01
6.127987397620023557e+01 9.773780139190017735e+01
6.133084318521884626e+01 9.782383708061141192e+01
6.138181239423745694e+01 9.790987276932264649e+01
6.146294828479465622e+01 9.804682961754436121e+01
