1.941385384847582714e+02 8.697469892767101385e+01
1.940858994896822765e+02 8.688967460057935455e+01
1.940332604946062816e+02 8.680465027348769524e+01
1.939806214995302867e+02 8.671962594639603594e+01
1.939279825044542918e+02 8.663460161930437664e+01
1.938753435093782969e+02 8.654957729221271734e+01
1.938227045143023020e+02 8.646455296512105804e+01
1.937700655192263071e+02 8.637952863802939873e+01
1.937174265241503122e+02 8.629450431093773943e+01
1.936647875290743173e+02 8.620947998384608013e+01
1.936121485339983224e+02 8.612445565675442083e+01
1.935595095389223275e+02 8.603943132966276153e+01
1.935068705438463326e+02 8.595440700257110223e+01
1.934542315487703377e+02 8.586938267547944292e+01
1.934015925536943428e+02 8.578435834838778362e+01
1.933489535586183479e+02 8.569933402129612432e+01
1.932963145635423530e+02 8.561430969420446502e+01
1.932436755684663581e+02 8.552928536711280572e+01
1.931910365733903632e+02 8.544426104002114641e+01
1.931383975783143683e+02 8.535923671292948711e+01
1.930857585832383734e+02 8.527421238583782781e+01
1.930331195881623785e+02 8.518918805874616851e+01
1.929804805930863836e+02 8.510416373165450921e+01
1.929278415980103887e+02 8.501913940456284990e+01
1.928752026029343938e+02 8.493411507747119060e+01
1.928225636078583989e+02 8.484909075037953130e+01
1.927699246127824040e+02 8.476406642328787200e+01
1.927172856177064091e+02 8.467904209619621270e+01
1.926646466226304142e+02 8.459401776910455339e+01
1.926120076275544193e+02 8.450899344201289409e+01
1.925593686324784244e+02 8.442396911492123479e+01
1.925067296374024295e+02 8.433894478782957549e+01
1.924540906423264346e+02 8.425392046073791619e+01
1.924014516472504397e+02 8.416889613364625689e+01
1.923488126521744448e+02 8.408387180655459758e+01
1.922961736570984499e+02 8.399884747946293828e+01
1.922435346620224550e+02 8.391382315237127898e+01
1.921908956669464601e+02 8.382879882527961968e+01
1.921382566718704652e+02 8.374377449818796038e+01
1.920856176767944703e+02 8.365875017109630107e+01
1.920329786817184754e+02 8.357372584400464177e+01
1.919803396866424805e+02 8.348870151691298247e+01
1.919277006915664856e+02 8.340367718982132317e+01
1.918750616964904907e+02 8.331865286272966387e+01
1.918224227014144958e+02 8.323362853563800456e+01
1.917697837063385009e+02 8.314860420854634526e+01
1.917171447112625060e+02 8.306357988145468596e+01
1.916645057161865111e+02 8.297855555436302666e+01
1.916118667211105162e+02 8.289353122727136736e+01
1.915592277260345213e+02 8.280850690017970805e+01
1.915065887309585264e+02 8.272348257308804875e+01
1.914539497358825315e+02 8.263845824599638945e+01
1.914013107408065366e+02 8.255343391890473015e+01
1.913486717457305417e+02 8.246840959181307085e+01
1.912960327506545468e+02 8.238338526472141154e+01
1.912433937555785519e+02 8.229836093762975224e+01
1.911907547605025570e+02 8.221333661053809294e+01
1.911381157654265621e+02 8.212831228344643364e+01
1.910854767703505672e+02 8.204328795635477434e+01
1.910328377752745723e+02 8.195826362926311504e+01
1.909801987801985774e+02 8.187323930217145573e+01
1.909275597851225825e+02 8.178821497507979643e+01
1.908749207900465876e+02 8.170319064798813713e+01
1.908222817949705927e+02 8.161816632089647783e+01
1.907696427998945978e+02 8.153314199380481853e+01
1.907170038048186029e+02 8.144811766671315922e+01
1.906643648097426080e+02 8.136309333962149992e+01
1.906117258146666131e+02 8.127806901252984062e+01
1.905590868195906182e+02 8.119304468543818132e+01
1.905064478245146233e+02 8.110802035834652202e+01
1.904538088294386284e+02 8.102299603125486271e+01
1.904011698343626335e+02 8.093797170416320341e+01
1.903485308392866386e+02 8.085294737707154411e+01
1.902958918442106437e+02 8.076792304997988481e+01
1.902432528491346488e+02 8.068289872288822551e+01
1.901906138540586539e+02 8.059787439579656620e+01
1.901379748589826590e+02 8.051285006870490690e+01
1.900853358639066641e+02 8.042782574161324760e+01
1.900326968688306692e+02 8.034280141452158830e+01
1.899800578737546743e+02 8.025777708742992900e+01
1.899274188786786794e+02 8.017275276033826970e+01
1.898747798836026845e+02 8.008772843324661039e+01
1.898221408885266897e+02 8.000270410615495109e+01
1.897695018934506948e+02 7.991767977906329179e+01
1.897168628983746999e+02 7.983265545197163249e+01
1.896642239032987050e+02 7.974763112487997319e+01
1.896115849082227101e+02 7.966260679778831388e+01
1.895589459131467152e+02 7.957758247069665458e+01
1.895063069180707203e+02 7.949255814360499528e+01
1.894536679229947254e+02 7.940753381651333598e+01
1.894010289279187305e+02 7.932250948942167668e+01
1.893483899328427356e+02 7.923748516233001737e+01
1.892957509377667407e+02 7.915246083523835807e+01
1.892431119426907458e+02 7.906743650814669877e+01
1.891904729476147509e+02 7.898241218105503947e+01
1.891378339525387560e+02 7.889738785396338017e+01
1.890851949574627611e+02 7.881236352687172086e+01
1.890325559623867662e+02 7.872733919978006156e+01
1.889799169673107713e+02 7.864231487268840226e+01
1.889272779722347764e+02 7.855729054559674296e+01
1.888746389771587815e+02 7.847226621850508366e+01
1.888219999820827866e+02 7.838724189141342436e+01
1.887693609870067917e+02 7.830221756432176505e+01
1.887167219919307968e+02 7.821719323723010575e+01
1.886640829968548019e+02 7.813216891013844645e+01
1.886114440017788070e+02 7.804714458304678715e+01
1.885588050067028121e+02 7.796212025595512785e+01
1.885061660116268172e+02 7.787709592886346854e+01
1.884535270165508223e+02 7.779207160177180924e+01
1.884008880214748274e+02 7.770704727468014994e+01
1.883482490263988325e+02 7.762202294758849064e+01
1.882956100313228376e+02 7.753699862049683134e+01
1.882429710362468427e+02 7.745197429340517203e+01
1.881903320411708478e+02 7.736694996631351273e+01
1.881376930460948529e+02 7.728192563922185343e+01
1.880850540510188580e+02 7.719690131213019413e+01
1.880324150559428631e+02 7.711187698503853483e+01
1.879797760608668682e+02 7.702685265794687552e+01
1.879271370657908733e+02 7.694182833085521622e+01
1.878744980707148784e+02 7.685680400376355692e+01
1.878218590756388835e+02 7.677177967667189762e+01
1.877692200805628886e+02 7.668675534958023832e+01
1.877165810854868937e+02 7.660173102248857901e+01
1.876639420904108988e+02 7.651670669539691971e+01
1.876113030953349039e+02 7.643168236830526041e+01
1.875586641002589090e+02 7.634665804121360111e+01
1.875060251051829141e+02 7.626163371412194181e+01
1.874533861101069192e+02 7.617660938703028251e+01
1.874007471150309243e+02 7.609158505993862320e+01
1.873481081199549294e+02 7.600656073284696390e+01
1.872954691248789345e+02 7.592153640575530460e+01
1.872428301298029396e+02 7.583651207866364530e+01
1.871901911347269447e+02 7.575148775157198600e+01
1.871375521396509498e+02 7.566646342448032669e+01
1.870849131445749549e+02 7.558143909738866739e+01
1.870322741494989600e+02 7.549641477029700809e+01
1.869796351544229651e+02 7.541139044320534879e+01
1.869269961593469702e+02 7.532636611611368949e+01
1.868743571642709753e+02 7.524134178902203018e+01
1.868217181691949804e+02 7.515631746193037088e+01
1.867690791741189855e+02 7.507129313483871158e+01
1.867164401790429906e+02 7.498626880774705228e+01
1.866638011839669957e+02 7.490124448065539298e+01
1.866111621888910008e+02 7.481622015356373367e+01
1.865585231938150059e+02 7.473119582647207437e+01
1.865058841987390110e+02 7.464617149938041507e+01
1.864532452036630161e+02 7.456114717228875577e+01
1.864006062085870212e+02 7.447612284519709647e+01
1.863479672135110263e+02 7.439109851810543717e+01
1.862953282184350314e+02 7.430607419101377786e+01
1.862426892233590365e+02 7.422104986392211856e+01
1.861900502282830416e+02 7.413602553683045926e+01
1.861374112332070467e+02 7.405100120973879996e+01
1.860847722381310518e+02 7.396597688264714066e+01
1.860321332430550569e+02 7.388095255555548135e+01
1.859794942479790620e+02 7.379592822846382205e+01
1.859268552529030671e+02 7.371090390137216275e+01
1.858742162578270722e+02 7.362587957428050345e+01
1.858215772627510773e+02 7.354085524718884415e+01
1.857689382676750824e+02 7.345583092009718484e+01
1.857162992725990875e+02 7.337080659300552554e+01
1.856636602775230926e+02 7.328578226591386624e+01
1.856110212824470977e+02 7.320075793882220694e+01
1.855583822873711028e+02 7.311573361173054764e+01
1.855057432922951079e+02 7.303070928463888833e+01
1.854531042972191131e+02 7.294568495754722903e+01
1.854004653021431182e+02 7.286066063045556973e+01
1.853478263070671233e+02 7.277563630336391043e+01
1.852951873119911284e+02 7.269061197627225113e+01
1.852425483169151335e+02 7.260558764918059182e+01
1.851899093218391386e+02 7.252056332208893252e+01
1.851372703267631437e+02 7.243553899499727322e+01
1.850846313316871488e+02 7.235051466790561392e+01
1.850319923366111539e+02 7.226549034081395462e+01
1.849793533415351590e+02 7.218046601372229532e+01
1.849267143464591641e+02 7.209544168663063601e+01
1.848740753513831692e+02 7.201041735953897671e+01
1.848214363563071743e+02 7.192539303244731741e+01
1.847687973612311794e+02 7.184036870535565811e+01
1.847161583661551845e+02 7.175534437826399881e+01
1.846635193710791896e+02 7.167032005117233950e+01
1.846108803760031947e+02 7.158529572408068020e+01
1.845582413809271998e+02 7.150027139698902090e+01
1.845056023858512049e+02 7.141524706989736160e+01
1.844529633907752100e+02 7.133022274280570230e+01
1.844003243956992151e+02 7.124519841571404299e+01
1.843476854006232202e+02 7.116017408862238369e+01
1.842950464055472253e+02 7.107514976153072439e+01
1.842424074104712304e+02 7.099012543443906509e+01
1.841897684153952355e+02 7.090510110734740579e+01
1.841371294203192406e+02 7.082007678025574648e+01
1.840844904252432457e+02 7.073505245316408718e+01
1.840318514301672508e+02 7.065002812607242788e+01
1.839792124350912559e+02 7.056500379898076858e+01
1.839265734400152610e+02 7.047997947188910928e+01
1.838739344449392661e+02 7.039495514479744998e+01
1.838212954498632712e+02 7.030993081770579067e+01
1.837686564547872763e+02 7.022490649061413137e+01
1.837160174597112814e+02 7.013988216352247207e+01
1.836633784646352865e+02 7.005485783643081277e+01
1.836107394695592916e+02 6.996983350933915347e+01
1.835581004744832967e+02 6.988480918224749416e+01
1.835054614794073018e+02 6.979978485515583486e+01
1.834528224843313069e+02 6.971476052806417556e+01
1.834001834892553120e+02 6.962973620097251626e+01
1.833475444941793171e+02 6.954471187388085696e+01
1.832949054991033222e+02 6.945968754678919765e+01
1.832422665040273273e+02 6.937466321969753835e+01
1.831896275089513324e+02 6.928963889260587905e+01
1.831369885138753375e+02 6.920461456551421975e+01
1.830843495187993426e+02 6.911959023842256045e+01
1.830317105237233477e+02 6.903456591133090114e+01
1.829790715286473528e+02 6.894954158423924184e+01
1.829264325335713579e+02 6.886451725714758254e+01
1.828737935384953630e+02 6.877949293005592324e+01
1.828211545434193681e+02 6.869446860296426394e+01
1.827685155483433732e+02 6.860944427587260463e+01
1.827158765532673783e+02 6.852441994878094533e+01
1.826632375581913834e+02 6.843939562168928603e+01
1.826105985631153885e+02 6.835437129459762673e+01
1.825579595680393936e+02 6.826934696750596743e+01
1.825053205729633987e+02 6.818432264041430813e+01
1.824526815778874038e+02 6.809929831332264882e+01
1.824000425828114089e+02 6.801427398623098952e+01
1.823474035877354140e+02 6.792924965913933022e+01
1.822947645926594191e+02 6.784422533204767092e+01
1.822421255975834242e+02 6.775920100495601162e+01
1.821894866025074293e+02 6.767417667786435231e+01
1.821368476074314344e+02 6.758915235077269301e+01
1.820842086123554395e+02 6.750412802368103371e+01
1.820315696172794446e+02 6.741910369658937441e+01
1.819789306222034497e+02 6.733407936949771511e+01
1.819262916271274548e+02 6.724905504240605580e+01
1.818736526320514599e+02 6.716403071531439650e+01
1.818210136369754650e+02 6.707900638822273720e+01
1.817683746418994701e+02 6.699398206113107790e+01
1.817157356468234752e+02 6.690895773403941860e+01
1.816630966517474803e+02 6.682393340694775929e+01
1.816104576566714854e+02 6.673890907985609999e+01
1.815578186615954905e+02 6.665388475276444069e+01
1.815051796665194956e+02 6.656886042567278139e+01
1.814525406714435007e+02 6.648383609858112209e+01
1.813999016763675058e+02 6.639881177148946279e+01
1.813472626812915109e+02 6.631378744439780348e+01
1.812946236862155160e+02 6.622876311730614418e+01
1.812419846911395211e+02 6.614373879021448488e+01
1.811893456960635262e+02 6.605871446312282558e+01
1.811367067009875313e+02 6.597369013603116628e+01
1.810840677059115365e+02 6.588866580893950697e+01
1.810314287108355416e+02 6.580364148184784767e+01
1.809787897157595467e+02 6.571861715475618837e+01
1.809261507206835518e+02 6.563359282766452907e+01
1.808735117256075569e+02 6.554856850057286977e+01
1.808208727305315620e+02 6.546354417348121046e+01
1.807682337354555671e+02 6.537851984638955116e+01
1.807155947403795722e+02 6.529349551929789186e+01
1.806629557453035773e+02 6.520847119220623256e+01
1.806103167502275824e+02 6.512344686511457326e+01
1.805576777551515875e+02 6.503842253802291395e+01
1.805050387600755926e+02 6.495339821093125465e+01
1.804523997649995977e+02 6.486837388383959535e+01
1.803997607699236028e+02 6.478334955674793605e+01
1.803471217748476079e+02 6.469832522965627675e+01
1.802944827797716130e+02 6.461330090256461745e+01
1.802418437846956181e+02 6.452827657547295814e+01
1.801892047896196232e+02 6.444325224838129884e+01
1.801365657945436283e+02 6.435822792128963954e+01
1.800839267994676334e+02 6.427320359419798024e+01
1.800312878043916385e+02 6.418817926710632094e+01
1.799786488093156436e+02 6.410315494001466163e+01
1.799260098142396487e+02 6.401813061292300233e+01
1.798733708191636538e+02 6.393310628583134303e+01
1.798207318240876589e+02 6.384808195873968373e+01
1.797680928290116640e+02 6.376305763164802443e+01
1.797154538339356691e+02 6.367803330455636512e+01
1.796628148388596742e+02 6.359300897746470582e+01
1.796101758437836793e+02 6.350798465037304652e+01
1.795575368487076844e+02 6.342296032328138722e+01
1.795048978536316895e+02 6.333793599618972792e+01
1.794522588585556946e+02 6.325291166909806861e+01
1.793996198634796997e+02 6.316788734200640931e+01
1.793469808684037048e+02 6.308286301491475001e+01
1.792943418733277099e+02 6.299783868782309071e+01
1.792417028782517150e+02 6.291281436073143141e+01
1.791890638831757201e+02 6.282779003363977210e+01
1.791364248880997252e+02 6.274276570654811280e+01
1.790837858930237303e+02 6.265774137945645350e+01
1.790311468979477354e+02 6.257271705236479420e+01
1.789785079028717405e+02 6.248769272527313490e+01
1.789258689077957456e+02 6.240266839818147560e+01
1.788732299127197507e+02 6.231764407108981629e+01
1.788205909176437558e+02 6.223261974399815699e+01
1.787679519225677609e+02 6.214759541690649769e+01
1.787153129274917660e+02 6.206257108981483839e+01
1.786626739324157711e+02 6.197754676272317909e+01
1.786100349373397762e+02 6.189252243563151978e+01
1.785573959422637813e+02 6.180749810853986048e+01
1.785047569471877864e+02 6.172247378144820118e+01
1.784521179521117915e+02 6.163744945435654188e+01
1.783994789570357966e+02 6.155242512726488258e+01
1.783468399619598017e+02 6.146740080017322327e+01
1.782942009668838068e+02 6.138237647308156397e+01
1.782415619718078119e+02 6.129735214598990467e+01
1.781889229767318170e+02 6.121232781889824537e+01
1.781362839816558221e+02 6.112730349180658607e+01
1.780836449865798272e+02 6.104227916471492676e+01
1.780310059915038323e+02 6.095725483762326746e+01
1.779783669964278374e+02 6.087223051053160816e+01
1.779257280013518425e+02 6.078720618343994886e+01
1.778730890062758476e+02 6.070218185634828956e+01
1.778204500111998527e+02 6.061715752925663026e+01
1.777678110161238578e+02 6.053213320216497095e+01
1.777151720210478629e+02 6.044710887507331165e+01
1.776625330259718680e+02 6.036208454798165235e+01
1.776098940308958731e+02 6.027706022088999305e+01
1.775572550358198782e+02 6.019203589379833375e+01
1.775036031760610626e+02 6.010537555261041831e+01
1.775886275031527077e+02 6.005273655753442341e+01
1.776736518302443528e+02 6.000009756245842851e+01
1.777586761573359979e+02 5.994745856738243361e+01
1.778437004844276430e+02 5.989481957230643872e+01
1.779287248115192881e+02 5.984218057723044382e+01
1.780137491386109332e+02 5.978954158215444892e+01
1.780987734657025783e+02 5.973690258707845402e+01
1.781837977927942234e+02 5.968426359200245912e+01
1.782688221198858685e+02 5.963162459692646422e+01
1.783538464469775136e+02 5.957898560185046932e+01
1.784388707740691586e+02 5.952634660677447442e+01
1.785238951011608037e+02 5.947370761169847952e+01
1.786089194282524488e+02 5.942106861662248463e+01
1.786939437553440939e+02 5.936842962154648973e+01
1.787789680824357390e+02 5.931579062647049483e+01
1.788639924095273841e+02 5.926315163139449993e+01
1.789490167366190292e+02 5.921051263631850503e+01
1.790340410637106743e+02 5.915787364124251013e+01
1.791190653908023194e+02 5.910523464616651523e+01
1.792040897178939645e+02 5.905259565109052033e+01
1.792891140449856096e+02 5.899995665601452544e+01
1.793741383720772546e+02 5.894731766093853054e+01
1.794591626991688997e+02 5.889467866586253564e+01
1.795441870262605448e+02 5.884203967078654074e+01
1.796292113533521899e+02 5.878940067571054584e+01
1.797142356804438350e+02 5.873676168063455094e+01
1.797992600075354801e+02 5.868412268555855604e+01
1.798842843346271252e+02 5.863148369048256114e+01
1.799693086617187703e+02 5.857884469540656625e+01
1.800543329888104154e+02 5.852620570033057135e+01
1.801393573159020605e+02 5.847356670525457645e+01
1.802243816429937056e+02 5.842092771017858155e+01
1.803094059700853506e+02 5.836828871510258665e+01
1.803944302971769957e+02 5.831564972002659175e+01
1.804794546242686408e+02 5.826301072495059685e+01
1.805644789513602859e+02 5.821037172987460195e+01
1.806495032784519310e+02 5.815773273479860705e+01
1.807345276055435761e+02 5.810509373972261216e+01
1.808195519326352212e+02 5.805245474464661726e+01
1.809045762597268663e+02 5.799981574957062236e+01
1.809896005868185114e+02 5.794717675449462746e+01
1.810746249139101565e+02 5.789453775941863256e+01
1.811596492410018016e+02 5.784189876434263766e+01
1.812446735680934466e+02 5.778925976926664276e+01
1.813296978951850917e+02 5.773662077419064786e+01
1.814147222222767368e+02 5.768398177911465297e+01
1.814997465493683819e+02 5.763134278403865807e+01
1.815847708764600270e+02 5.757870378896266317e+01
1.816697952035516721e+02 5.752606479388666827e+01
1.817548195306433172e+02 5.747342579881067337e+01
1.818398438577349623e+02 5.742078680373467847e+01
1.819248681848266074e+02 5.736814780865868357e+01
1.820098925119182525e+02 5.731550881358268867e+01
1.820949168390098976e+02 5.726286981850669378e+01
1.821799411661015426e+02 5.721023082343069888e+01
1.822649654931931877e+02 5.715759182835470398e+01
1.823499898202848328e+02 5.710495283327870908e+01
1.824350141473764779e+02 5.705231383820271418e+01
1.825200384744681230e+02 5.699967484312671928e+01
1.826050628015597681e+02 5.694703584805072438e+01
1.826900871286514132e+02 5.689439685297472948e+01
1.827751114557430583e+02 5.684175785789873458e+01
1.828601357828347034e+02 5.678911886282273969e+01
1.829451601099263485e+02 5.673647986774674479e+01
1.830301844370179936e+02 5.668384087267074989e+01
1.831152087641096387e+02 5.663120187759475499e+01
1.832002330912012837e+02 5.657856288251876009e+01
1.832852574182929288e+02 5.652592388744276519e+01
1.833702817453845739e+02 5.647328489236677029e+01
1.834553060724762190e+02 5.642064589729077539e+01
1.835403303995678641e+02 5.636800690221478050e+01
1.836253547266595092e+02 5.631536790713878560e+01
1.837103790537511543e+02 5.626272891206279070e+01
1.837954033808427994e+02 5.621008991698679580e+01
1.838804277079344445e+02 5.615745092191080090e+01
1.839654520350260896e+02 5.610481192683480600e+01
1.840504763621177347e+02 5.605217293175881110e+01
1.841355006892093797e+02 5.599953393668281620e+01
1.842205250163010248e+02 5.594689494160682131e+01
1.843055493433926699e+02 5.589425594653082641e+01
1.843905736704843150e+02 5.584161695145483151e+01
1.844755979975759601e+02 5.578897795637883661e+01
1.845606223246676052e+02 5.573633896130284171e+01
1.846456466517592503e+02 5.568369996622684681e+01
1.847306709788508954e+02 5.563106097115085191e+01
1.848156953059425405e+02 5.557842197607485701e+01
1.849007196330341856e+02 5.552578298099886212e+01
1.849857439601258307e+02 5.547314398592286722e+01
1.850707682872174757e+02 5.542050499084687232e+01
1.851557926143091208e+02 5.536786599577087742e+01
1.852408169414007659e+02 5.531522700069488252e+01
1.853258412684924110e+02 5.526258800561888762e+01
1.854108655955840561e+02 5.520994901054289272e+01
1.854958899226757012e+02 5.515731001546689782e+01
1.855809142497673463e+02 5.510467102039090292e+01
1.856659385768589914e+02 5.505203202531490803e+01
1.857509629039506365e+02 5.499939303023891313e+01
1.858359872310422816e+02 5.494675403516291823e+01
1.859210115581339267e+02 5.489411504008692333e+01
1.860060358852255717e+02 5.484147604501092843e+01
1.860910602123172168e+02 5.478883704993493353e+01
1.861760845394088619e+02 5.473619805485893863e+01
1.862611088665005070e+02 5.468355905978294373e+01
1.863461331935921521e+02 5.463092006470694884e+01
1.864311575206837972e+02 5.457828106963095394e+01
1.865161818477754423e+02 5.452564207455495904e+01
1.866012061748670874e+02 5.447300307947896414e+01
1.866862305019587325e+02 5.442036408440296924e+01
1.867712548290503776e+02 5.436772508932697434e+01
1.868562791561420227e+02 5.431508609425097944e+01
1.869413034832336677e+02 5.426244709917498454e+01
1.870263278103253128e+02 5.420980810409898965e+01
1.871113521374169579e+02 5.415716910902299475e+01
1.871963764645086030e+02 5.410453011394699985e+01
1.872814007916002481e+02 5.405189111887100495e+01
1.873664251186918932e+02 5.399925212379501005e+01
1.874514494457835383e+02 5.394661312871901515e+01
1.875364737728751834e+02 5.389397413364302025e+01
1.876214980999668285e+02 5.384133513856702535e+01
1.877065224270584736e+02 5.378869614349103045e+01
1.877915467541501187e+02 5.373605714841503556e+01
1.878765710812417637e+02 5.368341815333904066e+01
1.879615954083334088e+02 5.363077915826304576e+01
1.880466197354250539e+02 5.357814016318705086e+01
1.881316440625166990e+02 5.352550116811105596e+01
1.882166683896083441e+02 5.347286217303506106e+01
1.883016927166999892e+02 5.342022317795906616e+01
1.883867170437916343e+02 5.336758418288307126e+01
1.884717413708832794e+02 5.331494518780707637e+01
1.885567656979749245e+02 5.326230619273108147e+01
1.886417900250665696e+02 5.320966719765508657e+01
1.887268143521582147e+02 5.315702820257909167e+01
1.888118386792498598e+02 5.310438920750309677e+01
1.888968630063415048e+02 5.305175021242710187e+01
1.889818873334331499e+02 5.299911121735110697e+01
1.890669116605247950e+02 5.294647222227511207e+01
1.891519359876164401e+02 5.289383322719911718e+01
1.892369603147080852e+02 5.284119423212312228e+01
1.893219846417997303e+02 5.278855523704712738e+01
1.894070089688913754e+02 5.273591624197113248e+01
1.894920332959830205e+02 5.268327724689513758e+01
1.895770576230746656e+02 5.263063825181914268e+01
1.896620819501663107e+02 5.257799925674314778e+01
1.897471062772579558e+02 5.252536026166715288e+01
1.898321306043496008e+02 5.247272126659115798e+01
1.899171549314412459e+02 5.242008227151516309e+01
1.900021792585328910e+02 5.236744327643916819e+01
1.900872035856245361e+02 5.231480428136317329e+01
1.901722279127161812e+02 5.226216528628717839e+01
1.902572522398078263e+02 5.220952629121118349e+01
1.903422765668994714e+02 5.215688729613518859e+01
1.904273008939911165e+02 5.210424830105919369e+01
1.905123252210827616e+02 5.205160930598319879e+01
1.905973495481744067e+02 5.199897031090720390e+01
1.906823738752660518e+02 5.194633131583120900e+01
1.907673982023576968e+02 5.189369232075521410e+01
1.908524225294493419e+02 5.184105332567921920e+01
1.909374468565409870e+02 5.178841433060322430e+01
1.910224711836326321e+02 5.173577533552722940e+01
1.911074955107242772e+02 5.168313634045123450e+01
1.911925198378159223e+02 5.163049734537523960e+01
1.912775441649075674e+02 5.157785835029924471e+01
1.913625684919992125e+02 5.152521935522324981e+01
1.914475928190908576e+02 5.147258036014725491e+01
1.915326171461825027e+02 5.141994136507126001e+01
1.916176414732741478e+02 5.136730236999526511e+01
1.917026658003657928e+02 5.131466337491927021e+01
1.917876901274574379e+02 5.126202437984327531e+01
1.918727144545490830e+02 5.120938538476728041e+01
1.919577387816407281e+02 5.115674638969128551e+01
1.920427631087323732e+02 5.110410739461529062e+01
1.921277874358240183e+02 5.105146839953929572e+01
1.922128117629156634e+02 5.099882940446330082e+01
1.922978360900073085e+02 5.094619040938730592e+01
1.923828604170989536e+02 5.089355141431131102e+01
1.924678847441905987e+02 5.084091241923531612e+01
1.925529090712822438e+02 5.078827342415932122e+01
1.926379333983738888e+02 5.073563442908332632e+01
1.927229577254655339e+02 5.068299543400733143e+01
1.928079820525571790e+02 5.063035643893133653e+01
1.928930063796488241e+02 5.057771744385534163e+01
1.929780307067404692e+02 5.052507844877934673e+01
1.930630550338321143e+02 5.047243945370335183e+01
1.931480793609237594e+02 5.041980045862735693e+01
1.932331036880154045e+02 5.036716146355136203e+01
1.933181280151070496e+02 5.031452246847536713e+01
1.934031523421986947e+02 5.026188347339937224e+01
1.934881766692903398e+02 5.020924447832337734e+01
1.935732009963819849e+02 5.015660548324738244e+01
1.936582253234736299e+02 5.010396648817138754e+01
1.937432496505652750e+02 5.005132749309539264e+01
1.938282739776569201e+02 4.999868849801939774e+01
1.939132983047485652e+02 4.994604950294340284e+01
1.939983226318402103e+02 4.989341050786740794e+01
1.940833469589318554e+02 4.984077151279141304e+01
1.941683712860235005e+02 4.978813251771541815e+01
1.942533956131151456e+02 4.973549352263942325e+01
1.943384199402067907e+02 4.968285452756342835e+01
1.944234442672984358e+02 4.963021553248743345e+01
1.945084685943900809e+02 4.957757653741143855e+01
1.945934929214817259e+02 4.952493754233544365e+01
1.946785172485733710e+02 4.947229854725944875e+01
1.947635415756650161e+02 4.941965955218345385e+01
1.948485659027566612e+02 4.936702055710745896e+01
1.949335902298483063e+02 4.931438156203146406e+01
1.950186145569399514e+02 4.926174256695546916e+01
1.951036388840315965e+02 4.920910357187947426e+01
1.951886632111232416e+02 4.915646457680347936e+01
1.952736875382148867e+02 4.910382558172748446e+01
1.953587118653065318e+02 4.905118658665148956e+01
1.954437361923981769e+02 4.899854759157549466e+01
1.955287605194898219e+02 4.894590859649949977e+01
1.956137848465814670e+02 4.889326960142350487e+01
1.956988091736731121e+02 4.884063060634750997e+01
1.957838335007647572e+02 4.878799161127151507e+01
1.958688578278564023e+02 4.873535261619552017e+01
1.959538821549480474e+02 4.868271362111952527e+01
1.960389064820396925e+02 4.863007462604353037e+01
1.961239308091313376e+02 4.857743563096753547e+01
1.962089551362229827e+02 4.852479663589154057e+01
1.962939794633146278e+02 4.847215764081554568e+01
1.963790037904062729e+02 4.841951864573955078e+01
1.964640281174979179e+02 4.836687965066355588e+01
1.965490524445895630e+02 4.831424065558756098e+01
1.966340767716812081e+02 4.826160166051156608e+01
1.967191010987728532e+02 4.820896266543557118e+01
1.968041254258644983e+02 4.815632367035957628e+01
1.968891497529561434e+02 4.810368467528358138e+01
1.969741740800477885e+02 4.805104568020758649e+01
1.970591984071394336e+02 4.799840668513159159e+01
1.971442227342310787e+02 4.794576769005559669e+01
1.972292470613227238e+02 4.789312869497960179e+01
1.973142713884143689e+02 4.784048969990360689e+01
1.973992957155060139e+02 4.778785070482761199e+01
1.974843200425976590e+02 4.773521170975161709e+01
1.975693443696893041e+02 4.768257271467562219e+01
1.976543686967809492e+02 4.762993371959962730e+01
1.977393930238725943e+02 4.757729472452363240e+01
1.978244173509642394e+02 4.752465572944763750e+01
1.979094416780558845e+02 4.747201673437164260e+01
1.979944660051475296e+02 4.741937773929564770e+01
1.980794903322391747e+02 4.736673874421965280e+01
1.981645146593308198e+02 4.731409974914365790e+01
1.982495389864224649e+02 4.726146075406766300e+01
1.983345633135141100e+02 4.720882175899166810e+01
1.984195876406057550e+02 4.715618276391567321e+01
1.985046119676974001e+02 4.710354376883967831e+01
1.985896362947890452e+02 4.705090477376368341e+01
1.986746606218806903e+02 4.699826577868768851e+01
1.987596849489723354e+02 4.694562678361169361e+01
1.988447092760639805e+02 4.689298778853569871e+01
1.989297336031556256e+02 4.684034879345970381e+01
1.990147579302472707e+02 4.678770979838370891e+01
1.990997822573389158e+02 4.673507080330771402e+01
1.991848065844305609e+02 4.668243180823171912e+01
1.992698309115222060e+02 4.662979281315572422e+01
1.993548552386138510e+02 4.657715381807972932e+01
1.994398795657054961e+02 4.652451482300373442e+01
1.995249038927971412e+02 4.647187582792773952e+01
1.996099282198887863e+02 4.641923683285174462e+01
1.996949525469804314e+02 4.636659783777574972e+01
1.997799768740720765e+02 4.631395884269975483e+01
1.998650012011637216e+02 4.626131984762375993e+01
1.999500255282553667e+02 4.620868085254776503e+01
2.000350498553470118e+02 4.615604185747177013e+01
2.001200741824386569e+02 4.610340286239577523e+01
2.002050985095303020e+02 4.605076386731978033e+01
2.002901228366219470e+02 4.599812487224378543e+01
2.003751471637135921e+02 4.594548587716779053e+01
2.004601714908052372e+02 4.589284688209179564e+01
2.005451958178968823e+02 4.584020788701580074e+01
2.006302201449885274e+02 4.578756889193980584e+01
2.007152444720801725e+02 4.573492989686381094e+01
2.008002687991718176e+02 4.568229090178781604e+01
2.008852931262634627e+02 4.562965190671182114e+01
2.009703174533551078e+02 4.557701291163582624e+01
2.010553417804467529e+02 4.552437391655983134e+01
2.011403661075383980e+02 4.547173492148383644e+01
2.012253904346300430e+02 4.541909592640784155e+01
2.013104147617216881e+02 4.536645693133184665e+01
2.013954390888133332e+02 4.531381793625585175e+01
2.014804634159049783e+02 4.526117894117985685e+01
2.015654877429966234e+02 4.520853994610386195e+01
2.016505120700882685e+02 4.515590095102786705e+01
2.017355363971799136e+02 4.510326195595187215e+01
2.018614615152417286e+02 4.502530107232898615e+01
2.019141005103177235e+02 4.511032539942064545e+01
2.019667395053937184e+02 4.519534972651230476e+01
2.020193785004697133e+02 4.528037405360396406e+01
2.020720174955457082e+02 4.536539838069562336e+01
2.021246564906217031e+02 4.545042270778728266e+01
2.021772954856976980e+02 4.553544703487894196e+01
2.022299344807736929e+02 4.562047136197060127e+01
2.022825734758496878e+02 4.570549568906226057e+01
2.023352124709256827e+02 4.579052001615391987e+01
2.023878514660016776e+02 4.587554434324557917e+01
2.024404904610776725e+02 4.596056867033723847e+01
2.024931294561536674e+02 4.604559299742889777e+01
2.025457684512296623e+02 4.613061732452055708e+01
2.025984074463056572e+02 4.621564165161221638e+01
2.026510464413816521e+02 4.630066597870387568e+01
2.027036854364576470e+02 4.638569030579553498e+01
2.027563244315336419e+02 4.647071463288719428e+01
2.028089634266096368e+02 4.655573895997885359e+01
2.028616024216856317e+02 4.664076328707051289e+01
2.029142414167616266e+02 4.672578761416217219e+01
2.029668804118376215e+02 4.681081194125383149e+01
2.030195194069136164e+02 4.689583626834549079e+01
2.030721584019896113e+02 4.698086059543715010e+01
2.031247973970656062e+02 4.706588492252880940e+01
2.031774363921416011e+02 4.715090924962046870e+01
2.032300753872175960e+02 4.723593357671212800e+01
2.032827143822935909e+02 4.732095790380378730e+01
2.033353533773695858e+02 4.740598223089544661e+01
2.033879923724455807e+02 4.749100655798710591e+01
2.034406313675215756e+02 4.757603088507876521e+01
2.034932703625975705e+02 4.766105521217042451e+01
2.035459093576735654e+02 4.774607953926208381e+01
2.035985483527495603e+02 4.783110386635374311e+01
2.036511873478255552e+02 4.791612819344540242e+01
2.037038263429015501e+02 4.800115252053706172e+01
2.037564653379775450e+02 4.808617684762872102e+01
2.038091043330535399e+02 4.817120117472038032e+01
2.038617433281295348e+02 4.825622550181203962e+01
2.039143823232055297e+02 4.834124982890369893e+01
2.039670213182815246e+02 4.842627415599535823e+01
2.040196603133575195e+02 4.851129848308701753e+01
2.040722993084335144e+02 4.859632281017867683e+01
2.041249383035095093e+02 4.868134713727033613e+01
2.041775772985855042e+02 4.876637146436199544e+01
2.042302162936614991e+02 4.885139579145365474e+01
2.042828552887374940e+02 4.893642011854531404e+01
2.043354942838134889e+02 4.902144444563697334e+01
2.043881332788894838e+02 4.910646877272863264e+01
2.044407722739654787e+02 4.919149309982029195e+01
2.044934112690414736e+02 4.927651742691195125e+01
2.045460502641174685e+02 4.936154175400361055e+01
2.045986892591934634e+02 4.944656608109526985e+01
2.046513282542694583e+02 4.953159040818692915e+01
2.047039672493454532e+02 4.961661473527858846e+01
2.047566062444214481e+02 4.970163906237024776e+01
2.048092452394974430e+02 4.978666338946190706e+01
2.048618842345734379e+02 4.987168771655356636e+01
2.049145232296494328e+02 4.995671204364522566e+01
2.049671622247254277e+02 5.004173637073688496e+01
2.050198012198014226e+02 5.012676069782854427e+01
2.050724402148774175e+02 5.021178502492020357e+01
2.051250792099534124e+02 5.029680935201186287e+01
2.051777182050294073e+02 5.038183367910352217e+01
2.052303572001054022e+02 5.046685800619518147e+01
2.052829961951813971e+02 5.055188233328684078e+01
2.053356351902573920e+02 5.063690666037850008e+01
2.053882741853333869e+02 5.072193098747015938e+01
2.054409131804093818e+02 5.080695531456181868e+01
2.054935521754853767e+02 5.089197964165347798e+01
2.055461911705613716e+02 5.097700396874513729e+01
2.055988301656373665e+02 5.106202829583679659e+01
2.056514691607133614e+02 5.114705262292845589e+01
2.057041081557893563e+02 5.123207695002011519e+01
2.057567471508653512e+02 5.131710127711177449e+01
2.058093861459413461e+02 5.140212560420343380e+01
2.058620251410173410e+02 5.148714993129509310e+01
2.059146641360933359e+02 5.157217425838675240e+01
2.059673031311693308e+02 5.165719858547841170e+01
2.060199421262453257e+02 5.174222291257007100e+01
2.060725811213213206e+02 5.182724723966173030e+01
2.061252201163973155e+02 5.191227156675338961e+01
2.061778591114733103e+02 5.199729589384504891e+01
2.062304981065493052e+02 5.208232022093670821e+01
2.062831371016253001e+02 5.216734454802836751e+01
2.063357760967012950e+02 5.225236887512002681e+01
2.063884150917772899e+02 5.233739320221168612e+01
2.064410540868532848e+02 5.242241752930334542e+01
2.064936930819292797e+02 5.250744185639500472e+01
2.065463320770052746e+02 5.259246618348666402e+01
2.065989710720812695e+02 5.267749051057832332e+01
2.066516100671572644e+02 5.276251483766998263e+01
2.067042490622332593e+02 5.284753916476164193e+01
2.067568880573092542e+02 5.293256349185330123e+01
2.068095270523852491e+02 5.301758781894496053e+01
2.068621660474612440e+02 5.310261214603661983e+01
2.069148050425372389e+02 5.318763647312827914e+01
2.069674440376132338e+02 5.327266080021993844e+01
2.070200830326892287e+02 5.335768512731159774e+01
2.070727220277652236e+02 5.344270945440325704e+01
2.071253610228412185e+02 5.352773378149491634e+01
2.071780000179172134e+02 5.361275810858657564e+01
2.072306390129932083e+02 5.369778243567823495e+01
2.072832780080692032e+02 5.378280676276989425e+01
2.073359170031451981e+02 5.386783108986155355e+01
2.073885559982211930e+02 5.395285541695321285e+01
2.074411949932971879e+02 5.403787974404487215e+01
2.074938339883731828e+02 5.412290407113653146e+01
2.075464729834491777e+02 5.420792839822819076e+01
2.075991119785251726e+02 5.429295272531985006e+01
2.076517509736011675e+02 5.437797705241150936e+01
2.077043899686771624e+02 5.446300137950316866e+01
2.077570289637531573e+02 5.454802570659482797e+01
2.078096679588291522e+02 5.463305003368648727e+01
2.078623069539051471e+02 5.471807436077814657e+01
2.079149459489811420e+02 5.480309868786980587e+01
2.079675849440571369e+02 5.488812301496146517e+01
2.080202239391331318e+02 5.497314734205312448e+01
2.080728629342091267e+02 5.505817166914478378e+01
2.081255019292851216e+02 5.514319599623644308e+01
2.081781409243611165e+02 5.522822032332810238e+01
2.082307799194371114e+02 5.531324465041976168e+01
2.082834189145131063e+02 5.539826897751142099e+01
2.083360579095891012e+02 5.548329330460308029e+01
2.083886969046650961e+02 5.556831763169473959e+01
2.084413358997410910e+02 5.565334195878639889e+01
2.084939748948170859e+02 5.573836628587805819e+01
2.085466138898930808e+02 5.582339061296971749e+01
2.085992528849690757e+02 5.590841494006137680e+01
2.086518918800450706e+02 5.599343926715303610e+01
2.087045308751210655e+02 5.607846359424469540e+01
2.087571698701970604e+02 5.616348792133635470e+01
2.088098088652730553e+02 5.624851224842801400e+01
2.088624478603490502e+02 5.633353657551967331e+01
2.089150868554250451e+02 5.641856090261133261e+01
2.089677258505010400e+02 5.650358522970299191e+01
2.090203648455770349e+02 5.658860955679465121e+01
2.090730038406530298e+02 5.667363388388631051e+01
2.091256428357290247e+02 5.675865821097796982e+01
2.091782818308050196e+02 5.684368253806962912e+01
2.092309208258810145e+02 5.692870686516128842e+01
2.092835598209570094e+02 5.701373119225294772e+01
2.093361988160330043e+02 5.709875551934460702e+01
2.093888378111089992e+02 5.718377984643626633e+01
2.094414768061849941e+02 5.726880417352792563e+01
2.094941158012609890e+02 5.735382850061958493e+01
2.095467547963369839e+02 5.743885282771124423e+01
2.095993937914129788e+02 5.752387715480290353e+01
2.096520327864889737e+02 5.760890148189456283e+01
2.097046717815649686e+02 5.769392580898622214e+01
2.097573107766409635e+02 5.777895013607788144e+01
2.098099497717169584e+02 5.786397446316954074e+01
2.098625887667929533e+02 5.794899879026120004e+01
2.099152277618689482e+02 5.803402311735285934e+01
2.099678667569449431e+02 5.811904744444451865e+01
2.100205057520209380e+02 5.820407177153617795e+01
2.100731447470969329e+02 5.828909609862783725e+01
2.101257837421729278e+02 5.837412042571949655e+01
2.101784227372489227e+02 5.845914475281115585e+01
2.102310617323249176e+02 5.854416907990281516e+01
2.102837007274009125e+02 5.862919340699447446e+01
2.103363397224769074e+02 5.871421773408613376e+01
2.103889787175529023e+02 5.879924206117779306e+01
2.104416177126288972e+02 5.888426638826945236e+01
2.104942567077048921e+02 5.896929071536111167e+01
2.105468957027808869e+02 5.905431504245277097e+01
2.105995346978568818e+02 5.913933936954443027e+01
2.106521736929328767e+02 5.922436369663608957e+01
2.107048126880088716e+02 5.930938802372774887e+01
2.107574516830848665e+02 5.939441235081940818e+01
2.108100906781608614e+02 5.947943667791106748e+01
2.108627296732368563e+02 5.956446100500272678e+01
2.109153686683128512e+02 5.964948533209438608e+01
2.109680076633888461e+02 5.973450965918604538e+01
2.110206466584648410e+02 5.981953398627770468e+01
2.110732856535408359e+02 5.990455831336936399e+01
2.111259246486168308e+02 5.998958264046102329e+01
2.111785636436928257e+02 6.007460696755268259e+01
2.112312026387688206e+02 6.015963129464434189e+01
2.112838416338448155e+02 6.024465562173600119e+01
2.113364806289208104e+02 6.032967994882766050e+01
2.113891196239968053e+02 6.041470427591931980e+01
2.114417586190728002e+02 6.049972860301097910e+01
2.114943976141487951e+02 6.058475293010263840e+01
2.115470366092247900e+02 6.066977725719429770e+01
2.115996756043007849e+02 6.075480158428595701e+01
2.116523145993767798e+02 6.083982591137761631e+01
2.117049535944527747e+02 6.092485023846927561e+01
2.117575925895287696e+02 6.100987456556093491e+01
2.118102315846047645e+02 6.109489889265259421e+01
2.118628705796807594e+02 6.117992321974425352e+01
2.119155095747567543e+02 6.126494754683591282e+01
2.119681485698327492e+02 6.134997187392757212e+01
2.120207875649087441e+02 6.143499620101923142e+01
2.120734265599847390e+02 6.152002052811089072e+01
2.121260655550607339e+02 6.160504485520255002e+01
2.121787045501367288e+02 6.169006918229420933e+01
2.122313435452127237e+02 6.177509350938586863e+01
2.122839825402887186e+02 6.186011783647752793e+01
2.123366215353647135e+02 6.194514216356918723e+01
2.123892605304407084e+02 6.203016649066084653e+01
2.124418995255167033e+02 6.211519081775250584e+01
2.124945385205926982e+02 6.220021514484416514e+01
2.125471775156686931e+02 6.228523947193582444e+01
2.125998165107446880e+02 6.237026379902748374e+01
2.126524555058206829e+02 6.245528812611914304e+01
2.127050945008966778e+02 6.254031245321080235e+01
2.127577334959726727e+02 6.262533678030246165e+01
2.128103724910486676e+02 6.271036110739412095e+01
2.128630114861246625e+02 6.279538543448578025e+01
2.129156504812006574e+02 6.288040976157743955e+01
2.129682894762766523e+02 6.296543408866909886e+01
2.130209284713526472e+02 6.305045841576075816e+01
2.130735674664286421e+02 6.313548274285241746e+01
2.131262064615046370e+02 6.322050706994407676e+01
2.131788454565806319e+02 6.330553139703573606e+01
2.132314844516566268e+02 6.339055572412739537e+01
2.132841234467326217e+02 6.347558005121905467e+01
2.133367624418086166e+02 6.356060437831071397e+01
2.133894014368846115e+02 6.364562870540237327e+01
2.134420404319606064e+02 6.373065303249403257e+01
2.134946794270366013e+02 6.381567735958569187e+01
2.135473184221125962e+02 6.390070168667735118e+01
2.135999574171885911e+02 6.398572601376901048e+01
2.136525964122645860e+02 6.407075034086066978e+01
2.137052354073405809e+02 6.415577466795232908e+01
2.137578744024165758e+02 6.424079899504398838e+01
2.138105133974925707e+02 6.432582332213564769e+01
2.138631523925685656e+02 6.441084764922730699e+01
2.139157913876445605e+02 6.449587197631896629e+01
2.139684303827205554e+02 6.458089630341062559e+01
2.140210693777965503e+02 6.466592063050228489e+01
2.140737083728725452e+02 6.475094495759394420e+01
2.141263473679485401e+02 6.483596928468560350e+01
2.141789863630245350e+02 6.492099361177726280e+01
2.142316253581005299e+02 6.500601793886892210e+01
2.142842643531765248e+02 6.509104226596058140e+01
2.143369033482525197e+02 6.517606659305224071e+01
2.143895423433285146e+02 6.526109092014390001e+01
2.144421813384045095e+02 6.534611524723555931e+01
2.144948203334805044e+02 6.543113957432721861e+01
2.145474593285564993e+02 6.551616390141887791e+01
2.146000983236324942e+02 6.560118822851053721e+01
2.146527373187084891e+02 6.568621255560219652e+01
2.147053763137844840e+02 6.577123688269385582e+01
2.147580153088604789e+02 6.585626120978551512e+01
2.148106543039364738e+02 6.594128553687717442e+01
2.148632932990124687e+02 6.602630986396883372e+01
2.149159322940884635e+02 6.611133419106049303e+01
2.149685712891644584e+02 6.619635851815215233e+01
2.150212102842404533e+02 6.628138284524381163e+01
2.150738492793164482e+02 6.636640717233547093e+01
2.151264882743924431e+02 6.645143149942713023e+01
2.151791272694684380e+02 6.653645582651878954e+01
2.152317662645444329e+02 6.662148015361044884e+01
2.152844052596204278e+02 6.670650448070210814e+01
2.153370442546964227e+02 6.679152880779376744e+01
2.153896832497724176e+02 6.687655313488542674e+01
2.154423222448484125e+02 6.696157746197708605e+01
2.154949612399244074e+02 6.704660178906874535e+01
2.155476002350004023e+02 6.713162611616040465e+01
2.156002392300763972e+02 6.721665044325206395e+01
2.156528782251523921e+02 6.730167477034372325e+01
2.157055172202283870e+02 6.738669909743538255e+01
2.157581562153043819e+02 6.747172342452704186e+01
2.158107952103803768e+02 6.755674775161870116e+01
2.158634342054563717e+02 6.764177207871036046e+01
2.159160732005323666e+02 6.772679640580201976e+01
2.159687121956083615e+02 6.781182073289367906e+01
2.160213511906843564e+02 6.789684505998533837e+01
2.160739901857603513e+02 6.798186938707699767e+01
2.161266291808363462e+02 6.806689371416865697e+01
2.161792681759123411e+02 6.815191804126031627e+01
2.162319071709883360e+02 6.823694236835197557e+01
2.162845461660643309e+02 6.832196669544363488e+01
2.163371851611403258e+02 6.840699102253529418e+01
2.163898241562163207e+02 6.849201534962695348e+01
2.164424631512923156e+02 6.857703967671861278e+01
2.164951021463683105e+02 6.866206400381027208e+01
2.165477411414443054e+02 6.874708833090193139e+01
2.166003801365203003e+02 6.883211265799359069e+01
2.166530191315962952e+02 6.891713698508524999e+01
2.167056581266722901e+02 6.900216131217690929e+01
2.167582971217482850e+02 6.908718563926856859e+01
2.168109361168242799e+02 6.917220996636022790e+01
2.168635751119002748e+02 6.925723429345188720e+01
2.169162141069762697e+02 6.934225862054354650e+01
2.169688531020522646e+02 6.942728294763520580e+01
2.170214920971282595e+02 6.951230727472686510e+01
2.170741310922042544e+02 6.959733160181852440e+01
2.171267700872802493e+02 6.968235592891018371e+01
2.171794090823562442e+02 6.976738025600184301e+01
2.172320480774322391e+02 6.985240458309350231e+01
2.172846870725082340e+02 6.993742891018516161e+01
2.173373260675842289e+02 7.002245323727682091e+01
2.173899650626602238e+02 7.010747756436848022e+01
2.174426040577362187e+02 7.019250189146013952e+01
2.174952430528122136e+02 7.027752621855179882e+01
2.175478820478882085e+02 7.036255054564345812e+01
2.176005210429642034e+02 7.044757487273511742e+01
2.176531600380401983e+02 7.053259919982677673e+01
2.177057990331161932e+02 7.061762352691843603e+01
2.177584380281921881e+02 7.070264785401009533e+01
2.178110770232681830e+02 7.078767218110175463e+01
2.178637160183441779e+02 7.087269650819341393e+01
2.179163550134201728e+02 7.095772083528507324e+01
2.179689940084961677e+02 7.104274516237673254e+01
2.180216330035721626e+02 7.112776948946839184e+01
2.180742719986481575e+02 7.121279381656005114e+01
2.181269109937241524e+02 7.129781814365171044e+01
2.181795499888001473e+02 7.138284247074336974e+01
2.182321889838761422e+02 7.146786679783502905e+01
2.182848279789521371e+02 7.155289112492668835e+01
2.183374669740281320e+02 7.163791545201834765e+01
2.183901059691041269e+02 7.172293977911000695e+01
2.184427449641801218e+02 7.180796410620166625e+01
2.184963968239389374e+02 7.189462444738958879e+01
2.184113724968472923e+02 7.194726344246558369e+01
2.183263481697556472e+02 7.199990243754157859e+01
2.182413238426640021e+02 7.205254143261757349e+01
2.181562995155723570e+02 7.210518042769356839e+01
2.180712751884807119e+02 7.215781942276956329e+01
2.179862508613890668e+02 7.221045841784555819e+01
2.179012265342974217e+02 7.226309741292155309e+01
2.178162022072057766e+02 7.231573640799754799e+01
2.177311778801141315e+02 7.236837540307354288e+01
2.176461535530224864e+02 7.242101439814953778e+01
2.175611292259308414e+02 7.247365339322553268e+01
2.174761048988391963e+02 7.252629238830152758e+01
2.173910805717475512e+02 7.257893138337752248e+01
2.173060562446559061e+02 7.263157037845351738e+01
2.172210319175642610e+02 7.268420937352951228e+01
2.171360075904726159e+02 7.273684836860550718e+01
2.170509832633809708e+02 7.278948736368150207e+01
2.169659589362893257e+02 7.284212635875749697e+01
2.168809346091976806e+02 7.289476535383349187e+01
2.167959102821060355e+02 7.294740434890948677e+01
2.167108859550143904e+02 7.300004334398548167e+01
2.166258616279227454e+02 7.305268233906147657e+01
2.165408373008311003e+02 7.310532133413747147e+01
2.164558129737394552e+02 7.315796032921346637e+01
2.163707886466478101e+02 7.321059932428946126e+01
2.162857643195561650e+02 7.326323831936545616e+01
2.162007399924645199e+02 7.331587731444145106e+01
2.161157156653728748e+02 7.336851630951744596e+01
2.160306913382812297e+02 7.342115530459344086e+01
2.159456670111895846e+02 7.347379429966943576e+01
2.158606426840979395e+02 7.352643329474543066e+01
2.157756183570062944e+02 7.357907228982142556e+01
2.156905940299146494e+02 7.363171128489742046e+01
2.156055697028230043e+02 7.368435027997341535e+01
2.155205453757313592e+02 7.373698927504941025e+01
2.154355210486397141e+02 7.378962827012540515e+01
2.153504967215480690e+02 7.384226726520140005e+01
2.152654723944564239e+02 7.389490626027739495e+01
2.151804480673647788e+02 7.394754525535338985e+01
2.150954237402731337e+02 7.400018425042938475e+01
2.150103994131814886e+02 7.405282324550537965e+01
2.149253750860898435e+02 7.410546224058137454e+01
2.148403507589981984e+02 7.415810123565736944e+01
2.147553264319065534e+02 7.421074023073336434e+01
2.146703021048149083e+02 7.426337922580935924e+01
2.145852777777232632e+02 7.431601822088535414e+01
2.145002534506316181e+02 7.436865721596134904e+01
2.144152291235399730e+02 7.442129621103734394e+01
2.143302047964483279e+02 7.447393520611333884e+01
2.142451804693566828e+02 7.452657420118933373e+01
2.141601561422650377e+02 7.457921319626532863e+01
2.140751318151733926e+02 7.463185219134132353e+01
2.139901074880817475e+02 7.468449118641731843e+01
2.139050831609901024e+02 7.473713018149331333e+01
2.138200588338984574e+02 7.478976917656930823e+01
2.137350345068068123e+02 7.484240817164530313e+01
2.136500101797151672e+02 7.489504716672129803e+01
2.135649858526235221e+02 7.494768616179729293e+01
2.134799615255318770e+02 7.500032515687328782e+01
2.133949371984402319e+02 7.505296415194928272e+01
2.133099128713485868e+02 7.510560314702527762e+01
2.132248885442569417e+02 7.515824214210127252e+01
2.131398642171652966e+02 7.521088113717726742e+01
2.130548398900736515e+02 7.526352013225326232e+01
2.129698155629820064e+02 7.531615912732925722e+01
2.128847912358903613e+02 7.536879812240525212e+01
2.127997669087987163e+02 7.542143711748124701e+01
2.127147425817070712e+02 7.547407611255724191e+01
2.126297182546154261e+02 7.552671510763323681e+01
2.125446939275237810e+02 7.557935410270923171e+01
2.124596696004321359e+02 7.563199309778522661e+01
2.123746452733404908e+02 7.568463209286122151e+01
2.122896209462488457e+02 7.573727108793721641e+01
2.122045966191572006e+02 7.578991008301321131e+01
2.121195722920655555e+02 7.584254907808920620e+01
2.120345479649739104e+02 7.589518807316520110e+01
2.119495236378822653e+02 7.594782706824119600e+01
2.118644993107906203e+02 7.600046606331719090e+01
2.117794749836989752e+02 7.605310505839318580e+01
2.116944506566073301e+02 7.610574405346918070e+01
2.116094263295156850e+02 7.615838304854517560e+01
2.115244020024240399e+02 7.621102204362117050e+01
2.114393776753323948e+02 7.626366103869716540e+01
2.113543533482407497e+02 7.631630003377316029e+01
2.112693290211491046e+02 7.636893902884915519e+01
2.111843046940574595e+02 7.642157802392515009e+01
2.110992803669658144e+02 7.647421701900114499e+01
2.110142560398741693e+02 7.652685601407713989e+01
2.109292317127825243e+02 7.657949500915313479e+01
2.108442073856908792e+02 7.663213400422912969e+01
2.107591830585992341e+02 7.668477299930512459e+01
2.106741587315075890e+02 7.673741199438111948e+01
2.105891344044159439e+02 7.679005098945711438e+01
2.105041100773242988e+02 7.684268998453310928e+01
2.104190857502326537e+02 7.689532897960910418e+01
2.103340614231410086e+02 7.694796797468509908e+01
2.102490370960493635e+02 7.700060696976109398e+01
2.101640127689577184e+02 7.705324596483708888e+01
2.100789884418660733e+02 7.710588495991308378e+01
2.099939641147744283e+02 7.715852395498907867e+01
2.099089397876827832e+02 7.721116295006507357e+01
2.098239154605911381e+02 7.726380194514106847e+01
2.097388911334994930e+02 7.731644094021706337e+01
2.096538668064078479e+02 7.736907993529305827e+01
2.095688424793162028e+02 7.742171893036905317e+01
2.094838181522245577e+02 7.747435792544504807e+01
2.093987938251329126e+02 7.752699692052104297e+01
2.093137694980412675e+02 7.757963591559703787e+01
2.092287451709496224e+02 7.763227491067303276e+01
2.091437208438579773e+02 7.768491390574902766e+01
2.090586965167663323e+02 7.773755290082502256e+01
2.089736721896746872e+02 7.779019189590101746e+01
2.088886478625830421e+02 7.784283089097701236e+01
2.088036235354913970e+02 7.789546988605300726e+01
2.087185992083997519e+02 7.794810888112900216e+01
2.086335748813081068e+02 7.800074787620499706e+01
2.085485505542164617e+02 7.805338687128099195e+01
2.084635262271248166e+02 7.810602586635698685e+01
2.083785019000331715e+02 7.815866486143298175e+01
2.082934775729415264e+02 7.821130385650897665e+01
2.082084532458498813e+02 7.826394285158497155e+01
2.081234289187582363e+02 7.831658184666096645e+01
2.080384045916665912e+02 7.836922084173696135e+01
2.079533802645749461e+02 7.842185983681295625e+01
2.078683559374833010e+02 7.847449883188895114e+01
2.077833316103916559e+02 7.852713782696494604e+01
2.076983072833000108e+02 7.857977682204094094e+01
2.076132829562083657e+02 7.863241581711693584e+01
2.075282586291167206e+02 7.868505481219293074e+01
2.074432343020250755e+02 7.873769380726892564e+01
2.073582099749334304e+02 7.879033280234492054e+01
2.072731856478417853e+02 7.884297179742091544e+01
2.071881613207501402e+02 7.889561079249691034e+01
2.071031369936584952e+02 7.894824978757290523e+01
2.070181126665668501e+02 7.900088878264890013e+01
2.069330883394752050e+02 7.905352777772489503e+01
2.068480640123835599e+02 7.910616677280088993e+01
2.067630396852919148e+02 7.915880576787688483e+01
2.066780153582002697e+02 7.921144476295287973e+01
2.065929910311086246e+02 7.926408375802887463e+01
2.065079667040169795e+02 7.931672275310486953e+01
2.064229423769253344e+02 7.936936174818086442e+01
2.063379180498336893e+02 7.942200074325685932e+01
2.062528937227420442e+02 7.947463973833285422e+01
2.061678693956503992e+02 7.952727873340884912e+01
2.060828450685587541e+02 7.957991772848484402e+01
2.059978207414671090e+02 7.963255672356083892e+01
2.059127964143754639e+02 7.968519571863683382e+01
2.058277720872838188e+02 7.973783471371282872e+01
2.057427477601921737e+02 7.979047370878882361e+01
2.056577234331005286e+02 7.984311270386481851e+01
2.055726991060088835e+02 7.989575169894081341e+01
2.054876747789172384e+02 7.994839069401680831e+01
2.054026504518255933e+02 8.000102968909280321e+01
2.053176261247339482e+02 8.005366868416879811e+01
2.052326017976423032e+02 8.010630767924479301e+01
2.051475774705506581e+02 8.015894667432078791e+01
2.050625531434590130e+02 8.021158566939678281e+01
2.049775288163673679e+02 8.026422466447277770e+01
2.048925044892757228e+02 8.031686365954877260e+01
2.048074801621840777e+02 8.036950265462476750e+01
2.047224558350924326e+02 8.042214164970076240e+01
2.046374315080007875e+02 8.047478064477675730e+01
2.045524071809091424e+02 8.052741963985275220e+01
2.044673828538174973e+02 8.058005863492874710e+01
2.043823585267258522e+02 8.063269763000474200e+01
2.042973341996342072e+02 8.068533662508073689e+01
2.042123098725425621e+02 8.073797562015673179e+01
2.041272855454509170e+02 8.079061461523272669e+01
2.040422612183592719e+02 8.084325361030872159e+01
2.039572368912676268e+02 8.089589260538471649e+01
2.038722125641759817e+02 8.094853160046071139e+01
2.037871882370843366e+02 8.100117059553670629e+01
2.037021639099926915e+02 8.105380959061270119e+01
2.036171395829010464e+02 8.110644858568869608e+01
2.035321152558094013e+02 8.115908758076469098e+01
2.034470909287177562e+02 8.121172657584068588e+01
2.033620666016261112e+02 8.126436557091668078e+01
2.032770422745344661e+02 8.131700456599267568e+01
2.031920179474428210e+02 8.136964356106867058e+01
2.031069936203511759e+02 8.142228255614466548e+01
2.030219692932595308e+02 8.147492155122066038e+01
2.029369449661678857e+02 8.152756054629665528e+01
2.028519206390762406e+02 8.158019954137265017e+01
2.027668963119845955e+02 8.163283853644864507e+01
2.026818719848929504e+02 8.168547753152463997e+01
2.025968476578013053e+02 8.173811652660063487e+01
2.025118233307096602e+02 8.179075552167662977e+01
2.024267990036180151e+02 8.184339451675262467e+01
2.023417746765263701e+02 8.189603351182861957e+01
2.022567503494347250e+02 8.194867250690461447e+01
2.021717260223430799e+02 8.200131150198060936e+01
2.020867016952514348e+02 8.205395049705660426e+01
2.020016773681597897e+02 8.210658949213259916e+01
2.019166530410681446e+02 8.215922848720859406e+01
2.018316287139764995e+02 8.221186748228458896e+01
2.017466043868848544e+02 8.226450647736058386e+01
2.016615800597932093e+02 8.231714547243657876e+01
2.015765557327015642e+02 8.236978446751257366e+01
2.014915314056099191e+02 8.242242346258856855e+01
2.014065070785182741e+02 8.247506245766456345e+01
2.013214827514266290e+02 8.252770145274055835e+01
2.012364584243349839e+02 8.258034044781655325e+01
2.011514340972433388e+02 8.263297944289254815e+01
2.010664097701516937e+02 8.268561843796854305e+01
2.009813854430600486e+02 8.273825743304453795e+01
2.008963611159684035e+02 8.279089642812053285e+01
2.008113367888767584e+02 8.284353542319652774e+01
2.007263124617851133e+02 8.289617441827252264e+01
2.006412881346934682e+02 8.294881341334851754e+01
2.005562638076018231e+02 8.300145240842451244e+01
2.004712394805101781e+02 8.305409140350050734e+01
2.003862151534185330e+02 8.310673039857650224e+01
2.003011908263268879e+02 8.315936939365249714e+01
2.002161664992352428e+02 8.321200838872849204e+01
2.001311421721435977e+02 8.326464738380448694e+01
2.000461178450519526e+02 8.331728637888048183e+01
1.999610935179603075e+02 8.336992537395647673e+01
1.998760691908686624e+02 8.342256436903247163e+01
1.997910448637770173e+02 8.347520336410846653e+01
1.997060205366853722e+02 8.352784235918446143e+01
1.996209962095937271e+02 8.358048135426045633e+01
1.995359718825020821e+02 8.363312034933645123e+01
1.994509475554104370e+02 8.368575934441244613e+01
1.993659232283187919e+02 8.373839833948844102e+01
1.992808989012271468e+02 8.379103733456443592e+01
1.991958745741355017e+02 8.384367632964043082e+01
1.991108502470438566e+02 8.389631532471642572e+01
1.990258259199522115e+02 8.394895431979242062e+01
1.989408015928605664e+02 8.400159331486841552e+01
1.988557772657689213e+02 8.405423230994441042e+01
1.987707529386772762e+02 8.410687130502040532e+01
1.986857286115856311e+02 8.415951030009640021e+01
1.986007042844939861e+02 8.421214929517239511e+01
1.985156799574023410e+02 8.426478829024839001e+01
1.984306556303106959e+02 8.431742728532438491e+01
1.983456313032190508e+02 8.437006628040037981e+01
1.982606069761274057e+02 8.442270527547637471e+01
1.981755826490357606e+02 8.447534427055236961e+01
1.980905583219441155e+02 8.452798326562836451e+01
1.980055339948524704e+02 8.458062226070435941e+01
1.979205096677608253e+02 8.463326125578035430e+01
1.978354853406691802e+02 8.468590025085634920e+01
1.977504610135775351e+02 8.473853924593234410e+01
1.976654366864858900e+02 8.479117824100833900e+01
1.975804123593942450e+02 8.484381723608433390e+01
1.974953880323025999e+02 8.489645623116032880e+01
1.974103637052109548e+02 8.494909522623632370e+01
1.973253393781193097e+02 8.500173422131231860e+01
1.972403150510276646e+02 8.505437321638831349e+01
1.971552907239360195e+02 8.510701221146430839e+01
1.970702663968443744e+02 8.515965120654030329e+01
1.969852420697527293e+02 8.521229020161629819e+01
1.969002177426610842e+02 8.526492919669229309e+01
1.968151934155694391e+02 8.531756819176828799e+01
1.967301690884777940e+02 8.537020718684428289e+01
1.966451447613861490e+02 8.542284618192027779e+01
1.965601204342945039e+02 8.547548517699627268e+01
1.964750961072028588e+02 8.552812417207226758e+01
1.963900717801112137e+02 8.558076316714826248e+01
1.963050474530195686e+02 8.563340216222425738e+01
1.962200231259279235e+02 8.568604115730025228e+01
1.961349987988362784e+02 8.573868015237624718e+01
1.960499744717446333e+02 8.579131914745224208e+01
1.959649501446529882e+02 8.584395814252823698e+01
1.958799258175613431e+02 8.589659713760423188e+01
1.957949014904696980e+02 8.594923613268022677e+01
1.957098771633780530e+02 8.600187512775622167e+01
1.956248528362864079e+02 8.605451412283221657e+01
1.955398285091947628e+02 8.610715311790821147e+01
1.954548041821031177e+02 8.615979211298420637e+01
1.953697798550114726e+02 8.621243110806020127e+01
1.952847555279198275e+02 8.626507010313619617e+01
1.951997312008281824e+02 8.631770909821219107e+01
1.951147068737365373e+02 8.637034809328818596e+01
1.950296825466448922e+02 8.642298708836418086e+01
1.949446582195532471e+02 8.647562608344017576e+01
1.948596338924616020e+02 8.652826507851617066e+01
1.947746095653699570e+02 8.658090407359216556e+01
1.946895852382783119e+02 8.663354306866816046e+01
1.946045609111866668e+02 8.668618206374415536e+01
1.945195365840950217e+02 8.673882105882015026e+01
1.944345122570033766e+02 8.679146005389614515e+01
1.943494879299117315e+02 8.684409904897214005e+01
1.942644636028200864e+02 8.689673804404813495e+01
1.941385384847582714e+02 8.697469892767101385e+01
