1.884555535708169032e+02 1.922552503572604792e+02
1.884183713140653538e+02 1.921624199754727158e+02
1.883811890573138044e+02 1.920695895936849524e+02
1.883440068005622550e+02 1.919767592118971891e+02
1.883068245438107056e+02 1.918839288301094257e+02
1.882696422870591562e+02 1.917910984483216623e+02
1.882324600303076068e+02 1.916982680665338989e+02
1.881952777735560574e+02 1.916054376847461356e+02
1.881580955168045080e+02 1.915126073029583722e+02
1.881209132600529585e+02 1.914197769211706088e+02
1.880837310033014091e+02 1.913269465393828455e+02
1.880465487465498597e+02 1.912341161575950821e+02
1.880093664897983103e+02 1.911412857758073187e+02
1.879721842330467609e+02 1.910484553940195553e+02
1.879350019762952115e+02 1.909556250122317920e+02
1.878978197195436621e+02 1.908627946304440286e+02
1.878606374627921127e+02 1.907699642486562652e+02
1.878234552060405633e+02 1.906771338668685019e+02
1.877862729492890139e+02 1.905843034850807385e+02
1.877490906925374645e+02 1.904914731032929751e+02
1.877119084357859151e+02 1.903986427215052117e+02
1.876747261790343657e+02 1.903058123397174484e+02
1.876375439222828163e+02 1.902129819579296850e+02
1.876003616655312669e+02 1.901201515761419216e+02
1.875631794087797175e+02 1.900273211943541583e+02
1.875259971520281681e+02 1.899344908125663949e+02
1.874888148952766187e+02 1.898416604307786315e+02
1.874516326385250693e+02 1.897488300489908681e+02
1.874144503817735199e+02 1.896559996672031048e+02
1.873772681250219705e+02 1.895631692854153414e+02
1.873400858682704211e+02 1.894703389036275780e+02
1.873029036115188717e+02 1.893775085218398146e+02
1.872657213547673223e+02 1.892846781400520513e+02
1.872285390980157729e+02 1.891918477582642879e+02
1.871913568412642235e+02 1.890990173764765245e+02
1.871541745845126741e+02 1.890061869946887612e+02
1.871169923277611247e+02 1.889133566129009978e+02
1.870798100710095753e+02 1.888205262311132344e+02
1.870426278142580259e+02 1.887276958493254710e+02
1.870054455575064765e+02 1.886348654675377077e+02
1.869682633007549271e+02 1.885420350857499443e+02
1.869310810440033777e+02 1.884492047039621809e+02
1.868938987872518283e+02 1.883563743221744176e+02
1.868567165305002789e+02 1.882635439403866542e+02
1.868195342737487294e+02 1.881707135585988908e+02
1.867823520169971800e+02 1.880778831768111274e+02
1.867451697602456306e+02 1.879850527950233641e+02
1.867079875034940812e+02 1.878922224132356007e+02
1.866708052467425318e+02 1.877993920314478373e+02
1.866336229899909824e+02 1.877065616496600740e+02
1.865964407332394330e+02 1.876137312678723106e+02
1.865592584764878836e+02 1.875209008860845472e+02
1.865220762197363342e+02 1.874280705042967838e+02
1.864848939629847848e+02 1.873352401225090205e+02
1.864477117062332354e+02 1.872424097407212571e+02
1.864105294494816860e+02 1.871495793589334937e+02
1.863733471927301366e+02 1.870567489771457304e+02
1.863361649359785872e+02 1.869639185953579670e+02
1.862989826792270378e+02 1.868710882135702036e+02
1.862618004224754884e+02 1.867782578317824402e+02
1.862246181657239390e+02 1.866854274499946769e+02
1.861874359089723896e+02 1.865925970682069135e+02
1.861502536522208402e+02 1.864997666864191501e+02
1.861130713954692908e+02 1.864069363046313867e+02
1.860758891387177414e+02 1.863141059228436234e+02
1.860387068819661920e+02 1.862212755410558600e+02
1.860015246252146426e+02 1.861284451592680966e+02
1.859643423684630932e+02 1.860356147774803333e+02
1.859271601117115438e+02 1.859427843956925699e+02
1.858899778549599944e+02 1.858499540139048065e+02
1.858527955982084450e+02 1.857571236321170431e+02
1.858156133414568956e+02 1.856642932503292798e+02
1.857784310847053462e+02 1.855714628685415164e+02
1.857412488279537968e+02 1.854786324867537530e+02
1.857040665712022474e+02 1.853858021049659897e+02
1.856668843144506980e+02 1.852929717231782263e+02
1.856297020576991486e+02 1.852001413413904629e+02
1.855925198009475992e+02 1.851073109596026995e+02
1.855553375441960497e+02 1.850144805778149362e+02
1.855181552874445003e+02 1.849216501960271728e+02
1.854809730306929509e+02 1.848288198142394094e+02
1.854437907739414015e+02 1.847359894324516461e+02
1.854066085171898521e+02 1.846431590506638827e+02
1.853694262604383027e+02 1.845503286688761193e+02
1.853322440036867533e+02 1.844574982870883559e+02
1.852950617469352039e+02 1.843646679053005926e+02
1.852578794901836545e+02 1.842718375235128292e+02
1.852206972334321051e+02 1.841790071417250658e+02
1.851835149766805557e+02 1.840861767599373024e+02
1.851463327199290063e+02 1.839933463781495391e+02
1.851091504631774569e+02 1.839005159963617757e+02
1.850719682064259075e+02 1.838076856145740123e+02
1.850347859496743581e+02 1.837148552327862490e+02
1.849976036929228087e+02 1.836220248509984856e+02
1.849604214361712593e+02 1.835291944692107222e+02
1.849232391794197099e+02 1.834363640874229588e+02
1.848860569226681605e+02 1.833435337056351955e+02
1.848488746659166111e+02 1.832507033238474321e+02
1.848116924091650617e+02 1.831578729420596687e+02
1.847745101524135123e+02 1.830650425602719054e+02
1.847373278956619629e+02 1.829722121784841420e+02
1.847001456389104135e+02 1.828793817966963786e+02
1.846629633821588641e+02 1.827865514149086152e+02
1.846257811254073147e+02 1.826937210331208519e+02
1.845885988686557653e+02 1.826008906513330885e+02
1.845514166119042159e+02 1.825080602695453251e+02
1.845142343551526665e+02 1.824152298877575618e+02
1.844770520984011171e+02 1.823223995059697984e+02
1.844398698416495677e+02 1.822295691241820350e+02
1.844026875848980183e+02 1.821367387423942716e+02
1.843655053281464689e+02 1.820439083606065083e+02
1.843283230713949195e+02 1.819510779788187449e+02
1.842911408146433700e+02 1.818582475970309815e+02
1.842539585578918206e+02 1.817654172152432182e+02
1.842167763011402712e+02 1.816725868334554548e+02
1.841795940443887218e+02 1.815797564516676914e+02
1.841424117876371724e+02 1.814869260698799280e+02
1.841052295308856230e+02 1.813940956880921647e+02
1.840680472741340736e+02 1.813012653063044013e+02
1.840308650173825242e+02 1.812084349245166379e+02
1.839936827606309748e+02 1.811156045427288745e+02
1.839565005038794254e+02 1.810227741609411112e+02
1.839193182471278760e+02 1.809299437791533478e+02
1.838821359903763266e+02 1.808371133973655844e+02
1.838449537336247772e+02 1.807442830155778211e+02
1.838077714768732278e+02 1.806514526337900577e+02
1.837705892201216784e+02 1.805586222520022943e+02
1.837334069633701290e+02 1.804657918702145309e+02
1.836962247066185796e+02 1.803729614884267676e+02
1.836590424498670302e+02 1.802801311066390042e+02
1.836218601931154808e+02 1.801873007248512408e+02
1.835846779363639314e+02 1.800944703430634775e+02
1.835474956796123820e+02 1.800016399612757141e+02
1.835103134228608326e+02 1.799088095794879507e+02
1.834731311661092832e+02 1.798159791977001873e+02
1.834359489093577338e+02 1.797231488159124240e+02
1.833987666526061844e+02 1.796303184341246606e+02
1.833615843958546350e+02 1.795374880523368972e+02
1.833244021391030856e+02 1.794446576705491339e+02
1.832872198823515362e+02 1.793518272887613705e+02
1.832500376255999868e+02 1.792589969069736071e+02
1.832128553688484374e+02 1.791661665251858437e+02
1.831756731120968880e+02 1.790733361433980804e+02
1.831384908553453386e+02 1.789805057616103170e+02
1.831013085985937892e+02 1.788876753798225536e+02
1.830641263418422398e+02 1.787948449980347903e+02
1.830269440850906904e+02 1.787020146162470269e+02
1.829897618283391409e+02 1.786091842344592635e+02
1.829525795715875915e+02 1.785163538526715001e+02
1.829153973148360421e+02 1.784235234708837368e+02
1.828782150580844927e+02 1.783306930890959734e+02
1.828410328013329433e+02 1.782378627073082100e+02
1.828038505445813939e+02 1.781450323255204466e+02
1.827666682878298445e+02 1.780522019437326833e+02
1.827294860310782951e+02 1.779593715619449199e+02
1.826923037743267457e+02 1.778665411801571565e+02
1.826551215175751963e+02 1.777737107983693932e+02
1.826179392608236469e+02 1.776808804165816298e+02
1.825807570040720975e+02 1.775880500347938664e+02
1.825435747473205481e+02 1.774952196530061030e+02
1.825063924905689987e+02 1.774023892712183397e+02
1.824692102338174493e+02 1.773095588894305763e+02
1.824320279770658999e+02 1.772167285076428129e+02
1.823948457203143505e+02 1.771238981258550496e+02
1.823576634635628011e+02 1.770310677440672862e+02
1.823204812068112517e+02 1.769382373622795228e+02
1.822832989500597023e+02 1.768454069804917594e+02
1.822461166933081529e+02 1.767525765987039961e+02
1.822089344365566035e+02 1.766597462169162327e+02
1.821717521798050541e+02 1.765669158351284693e+02
1.821345699230535047e+02 1.764740854533407060e+02
1.820973876663019553e+02 1.763812550715529426e+02
1.820602054095504059e+02 1.762884246897651792e+02
1.820230231527988565e+02 1.761955943079774158e+02
1.819858408960473071e+02 1.761027639261896525e+02
1.819486586392957577e+02 1.760099335444018891e+02
1.819114763825442083e+02 1.759171031626141257e+02
1.818742941257926589e+02 1.758242727808263624e+02
1.818371118690411095e+02 1.757314423990385990e+02
1.817999296122895601e+02 1.756386120172508356e+02
1.817627473555380107e+02 1.755457816354630722e+02
1.817255650987864612e+02 1.754529512536753089e+02
1.816883828420349118e+02 1.753601208718875455e+02
1.816512005852833624e+02 1.752672904900997821e+02
1.816140183285318130e+02 1.751744601083120187e+02
1.815768360717802636e+02 1.750816297265242554e+02
1.815396538150287142e+02 1.749887993447364920e+02
1.815024715582771648e+02 1.748959689629487286e+02
1.814652893015256154e+02 1.748031385811609653e+02
1.814281070447740660e+02 1.747103081993732019e+02
1.813909247880225166e+02 1.746174778175854385e+02
1.813537425312709672e+02 1.745246474357976751e+02
1.813165602745194178e+02 1.744318170540099118e+02
1.812793780177678684e+02 1.743389866722221484e+02
1.812421957610163190e+02 1.742461562904343850e+02
1.812050135042647696e+02 1.741533259086466217e+02
1.811678312475132202e+02 1.740604955268588583e+02
1.811306489907616708e+02 1.739676651450710949e+02
1.810934667340101214e+02 1.738748347632833315e+02
1.810562844772585720e+02 1.737820043814955682e+02
1.810191022205070226e+02 1.736891739997078048e+02
1.809819199637554732e+02 1.735963436179200414e+02
1.809447377070039238e+02 1.735035132361322781e+02
1.809075554502523744e+02 1.734106828543445147e+02
1.808703731935008250e+02 1.733178524725567513e+02
1.808331909367492756e+02 1.732250220907689879e+02
1.807960086799977262e+02 1.731321917089812246e+02
1.807588264232461768e+02 1.730393613271934612e+02
1.807216441664946274e+02 1.729465309454056978e+02
1.806844619097430780e+02 1.728537005636179344e+02
1.806472796529915286e+02 1.727608701818301711e+02
1.806100973962399792e+02 1.726680398000424077e+02
1.805729151394884298e+02 1.725752094182546443e+02
1.805357328827368804e+02 1.724823790364668810e+02
1.804985506259853310e+02 1.723895486546791176e+02
1.804613683692337816e+02 1.722967182728913542e+02
1.804241861124822321e+02 1.722038878911035908e+02
1.803870038557306827e+02 1.721110575093158275e+02
1.803498215989791333e+02 1.720182271275280641e+02
1.803126393422275839e+02 1.719253967457403007e+02
1.802754570854760345e+02 1.718325663639525374e+02
1.802382748287244851e+02 1.717397359821647740e+02
1.802010925719729357e+02 1.716469056003770106e+02
1.801639103152213863e+02 1.715540752185892472e+02
1.801267280584698369e+02 1.714612448368014839e+02
1.800895458017182875e+02 1.713684144550137205e+02
1.800523635449667381e+02 1.712755840732259571e+02
1.800151812882151887e+02 1.711827536914381938e+02
1.799779990314636393e+02 1.710899233096504304e+02
1.799408167747120899e+02 1.709970929278626670e+02
1.799036345179605405e+02 1.709042625460749036e+02
1.798664522612089911e+02 1.708114321642871403e+02
1.798292700044574417e+02 1.707186017824993769e+02
1.797920877477058923e+02 1.706257714007116135e+02
1.797549054909543429e+02 1.705329410189238502e+02
1.797177232342027935e+02 1.704401106371360868e+02
1.796805409774512441e+02 1.703472802553483234e+02
1.796433587206996947e+02 1.702544498735605600e+02
1.796061764639481453e+02 1.701616194917727967e+02
1.795689942071965959e+02 1.700687891099850333e+02
1.795318119504450465e+02 1.699759587281972699e+02
1.794946296936934971e+02 1.698831283464095065e+02
1.794574474369419477e+02 1.697902979646217432e+02
1.794202651801903983e+02 1.696974675828339798e+02
1.793830829234388489e+02 1.696046372010462164e+02
1.793459006666872995e+02 1.695118068192584531e+02
1.793087184099357501e+02 1.694189764374706897e+02
1.792715361531842007e+02 1.693261460556829263e+02
1.792343538964326513e+02 1.692333156738951629e+02
1.791971716396811019e+02 1.691404852921073996e+02
1.791599893829295524e+02 1.690476549103196362e+02
1.791228071261780030e+02 1.689548245285318728e+02
1.790856248694264536e+02 1.688619941467441095e+02
1.790484426126749042e+02 1.687691637649563461e+02
1.790112603559233548e+02 1.686763333831685827e+02
1.789740780991718054e+02 1.685835030013808193e+02
1.789368958424202560e+02 1.684906726195930560e+02
1.788997135856687066e+02 1.683978422378052926e+02
1.788625313289171572e+02 1.683050118560175292e+02
1.788253490721656078e+02 1.682121814742297659e+02
1.787881668154140584e+02 1.681193510924420025e+02
1.787509845586625090e+02 1.680265207106542391e+02
1.787138023019109596e+02 1.679336903288664757e+02
1.786766200451594102e+02 1.678408599470787124e+02
1.786394377884078608e+02 1.677480295652909490e+02
1.786022555316563114e+02 1.676551991835031856e+02
1.785650732749047620e+02 1.675623688017154223e+02
1.785278910181532126e+02 1.674695384199276589e+02
1.784907087614016632e+02 1.673767080381398955e+02
1.784535265046501138e+02 1.672838776563521321e+02
1.784163442478985644e+02 1.671910472745643688e+02
1.783791619911470150e+02 1.670982168927766054e+02
1.783419797343954656e+02 1.670053865109888420e+02
1.783047974776439162e+02 1.669125561292010786e+02
1.782676152208923668e+02 1.668197257474133153e+02
1.782304329641408174e+02 1.667268953656255519e+02
1.781932507073892680e+02 1.666340649838377885e+02
1.781560684506377186e+02 1.665412346020500252e+02
1.781188861938861692e+02 1.664484042202622618e+02
1.780817039371346198e+02 1.663555738384744984e+02
1.780445216803830704e+02 1.662627434566867350e+02
1.780073394236315210e+02 1.661699130748989717e+02
1.779701571668799716e+02 1.660770826931112083e+02
1.779329749101284222e+02 1.659842523113234449e+02
1.778957926533768727e+02 1.658914219295356816e+02
1.778586103966253233e+02 1.657985915477479182e+02
1.778214281398737739e+02 1.657057611659601548e+02
1.777842458831222245e+02 1.656129307841723914e+02
1.777470636263706751e+02 1.655201004023846281e+02
1.777098813696191257e+02 1.654272700205968647e+02
1.776726991128675763e+02 1.653344396388091013e+02
1.776355168561160269e+02 1.652416092570213380e+02
1.775983345993644775e+02 1.651487788752335746e+02
1.775611523426129281e+02 1.650559484934458112e+02
1.775239700858613787e+02 1.649631181116580478e+02
1.774867878291098293e+02 1.648702877298702845e+02
1.774496055723582799e+02 1.647774573480825211e+02
1.774124233156067305e+02 1.646846269662947577e+02
1.773752410588551811e+02 1.645917965845069943e+02
1.773380588021036317e+02 1.644989662027192310e+02
1.773008765453520823e+02 1.644061358209314676e+02
1.772636942886005329e+02 1.643133054391437042e+02
1.772265120318489835e+02 1.642204750573559409e+02
1.771893297750974341e+02 1.641276446755681775e+02
1.771521475183458847e+02 1.640348142937804141e+02
1.771149652615943353e+02 1.639419839119926507e+02
1.770777830048427859e+02 1.638491535302048874e+02
1.770406007480912365e+02 1.637563231484171240e+02
1.770034184913396871e+02 1.636634927666293606e+02
1.769662362345881377e+02 1.635706623848415973e+02
1.769290539778365883e+02 1.634778320030538339e+02
1.768918717210850389e+02 1.633850016212660705e+02
1.768546894643334895e+02 1.632921712394783071e+02
1.768175072075819401e+02 1.631993408576905438e+02
1.767803249508303907e+02 1.631065104759027804e+02
1.767431426940788413e+02 1.630136800941150170e+02
1.767059604373272919e+02 1.629208497123272537e+02
1.766687781805757425e+02 1.628280193305394903e+02
1.766315959238241931e+02 1.627351889487517269e+02
1.765944136670726436e+02 1.626423585669639635e+02
1.765572314103210942e+02 1.625495281851762002e+02
1.765200491535695448e+02 1.624566978033884368e+02
1.764828668968179954e+02 1.623638674216006734e+02
1.764456846400664460e+02 1.622710370398129101e+02
1.764085023833148966e+02 1.621782066580251467e+02
1.763713201265633472e+02 1.620853762762373833e+02
1.763341378698117978e+02 1.619925458944496199e+02
1.762969556130602484e+02 1.618997155126618566e+02
1.762597733563086990e+02 1.618068851308740932e+02
1.762225910995571496e+02 1.617140547490863298e+02
1.761854088428056002e+02 1.616212243672985664e+02
1.761482265860540508e+02 1.615283939855108031e+02
1.761110443293025014e+02 1.614355636037230397e+02
1.760738620725509520e+02 1.613427332219352763e+02
1.760366798157994026e+02 1.612499028401475130e+02
1.759994975590478532e+02 1.611570724583597496e+02
1.759623153022963038e+02 1.610642420765719862e+02
1.759251330455447544e+02 1.609714116947842228e+02
1.758879507887932050e+02 1.608785813129964595e+02
1.758507685320416556e+02 1.607857509312086961e+02
1.758135862752901062e+02 1.606929205494209327e+02
1.757764040185385568e+02 1.606000901676331694e+02
1.757392217617870074e+02 1.605072597858454060e+02
1.757020395050354580e+02 1.604144294040576426e+02
1.756648572482839086e+02 1.603215990222698792e+02
1.756276749915323592e+02 1.602287686404821159e+02
1.755904927347808098e+02 1.601359382586943525e+02
1.755533104780292604e+02 1.600431078769065891e+02
1.755161282212777110e+02 1.599502774951188258e+02
1.754789459645261616e+02 1.598574471133310624e+02
1.754417637077746122e+02 1.597646167315432990e+02
1.754045814510230628e+02 1.596717863497555356e+02
1.753673991942715134e+02 1.595789559679677723e+02
1.753302169375199639e+02 1.594861255861800089e+02
1.752930346807684145e+02 1.593932952043922455e+02
1.752558524240168651e+02 1.593004648226044822e+02
1.752186701672653157e+02 1.592076344408167188e+02
1.751814879105137663e+02 1.591148040590289554e+02
1.751443056537622169e+02 1.590219736772411920e+02
1.751071233970106675e+02 1.589291432954534287e+02
1.750699411402591181e+02 1.588363129136656653e+02
1.750327588835075687e+02 1.587434825318779019e+02
1.749955766267560193e+02 1.586506521500901385e+02
1.749583943700044699e+02 1.585578217683023752e+02
1.749212121132529205e+02 1.584649913865146118e+02
1.748840298565013711e+02 1.583721610047268484e+02
1.748468475997498217e+02 1.582793306229390851e+02
1.748096653429982723e+02 1.581865002411513217e+02
1.747724830862467229e+02 1.580936698593635583e+02
1.747353008294951735e+02 1.580008394775757949e+02
1.746981185727436241e+02 1.579080090957880316e+02
1.746609363159920747e+02 1.578151787140002682e+02
1.746237540592405253e+02 1.577223483322125048e+02
1.745865718024889759e+02 1.576295179504247415e+02
1.745493895457374265e+02 1.575366875686369781e+02
1.745122072889858771e+02 1.574438571868492147e+02
1.744750250322343277e+02 1.573510268050614513e+02
1.744378427754827783e+02 1.572581964232736880e+02
1.744006605187312289e+02 1.571653660414859246e+02
1.743634782619796795e+02 1.570725356596981612e+02
1.743262960052281301e+02 1.569797052779103979e+02
1.742891137484765807e+02 1.568868748961226345e+02
1.742519314917250313e+02 1.567940445143348711e+02
1.742147492349734819e+02 1.567012141325471077e+02
1.741775669782219325e+02 1.566083837507593444e+02
1.741403847214703831e+02 1.565155533689715810e+02
1.741032024647188337e+02 1.564227229871838176e+02
1.740660202079672843e+02 1.563298926053960543e+02
1.740288379512157348e+02 1.562370622236082909e+02
1.739916556944641854e+02 1.561442318418205275e+02
1.739544734377126360e+02 1.560514014600327641e+02
1.739172911809610866e+02 1.559585710782450008e+02
1.738801089242095372e+02 1.558657406964572374e+02
1.738429266674579878e+02 1.557729103146694740e+02
1.738057444107064384e+02 1.556800799328817106e+02
1.737685621539548890e+02 1.555872495510939473e+02
1.737313798972033396e+02 1.554944191693061839e+02
1.736941976404517902e+02 1.554015887875184205e+02
1.736570153837002408e+02 1.553087584057306572e+02
1.736198331269486914e+02 1.552159280239428938e+02
1.735826508701971420e+02 1.551230976421551304e+02
1.735454686134455926e+02 1.550302672603673670e+02
1.735082863566940432e+02 1.549374368785796037e+02
1.734711040999424938e+02 1.548446064967918403e+02
1.734339218431909444e+02 1.547517761150040769e+02
1.733967395864393950e+02 1.546589457332163136e+02
1.733595573296878456e+02 1.545661153514285502e+02
1.733223750729362962e+02 1.544732849696407868e+02
1.732851928161847468e+02 1.543804545878530234e+02
1.732480105594331974e+02 1.542876242060652601e+02
1.732108283026816480e+02 1.541947938242774967e+02
1.731736460459300986e+02 1.541019634424897333e+02
1.731364637891785492e+02 1.540091330607019700e+02
1.730992815324269998e+02 1.539163026789142066e+02
1.730620992756754504e+02 1.538234722971264432e+02
1.730249170189239010e+02 1.537306419153386798e+02
1.729877347621723516e+02 1.536378115335509165e+02
1.729505525054208022e+02 1.535449811517631531e+02
1.729133702486692528e+02 1.534521507699753897e+02
1.728761879919177034e+02 1.533593203881876263e+02
1.728390057351661540e+02 1.532664900063998630e+02
1.728018234784146046e+02 1.531736596246120996e+02
1.727646412216630551e+02 1.530808292428243362e+02
1.727274589649115057e+02 1.529879988610365729e+02
1.726902767081599563e+02 1.528951684792488095e+02
1.726530944514084069e+02 1.528023380974610461e+02
1.726159121946568575e+02 1.527095077156732827e+02
1.725787299379053081e+02 1.526166773338855194e+02
1.725415476811537587e+02 1.525238469520977560e+02
1.725043654244022093e+02 1.524310165703099926e+02
1.724671831676506599e+02 1.523381861885222293e+02
1.724300009108991105e+02 1.522453558067344659e+02
1.723928186541475611e+02 1.521525254249467025e+02
1.723556363973960117e+02 1.520596950431589391e+02
1.723184541406444623e+02 1.519668646613711758e+02
1.722812718838929129e+02 1.518740342795834124e+02
1.722440896271413635e+02 1.517812038977956490e+02
1.722069073703898141e+02 1.516883735160078857e+02
1.721697251136382647e+02 1.515955431342201223e+02
1.721325428568867153e+02 1.515027127524323589e+02
1.720953606001351659e+02 1.514098823706445955e+02
1.720581783433836165e+02 1.513170519888568322e+02
1.720011852639385665e+02 1.511747612893218502e+02
1.720940156457263299e+02 1.511375790325703008e+02
1.721868460275140933e+02 1.511003967758187514e+02
1.722796764093018567e+02 1.510632145190672020e+02
1.723725067910896200e+02 1.510260322623156526e+02
1.724653371728773834e+02 1.509888500055641032e+02
1.725581675546651468e+02 1.509516677488125538e+02
1.726509979364529102e+02 1.509144854920610044e+02
1.727438283182406735e+02 1.508773032353094550e+02
1.728366587000284369e+02 1.508401209785579056e+02
1.729294890818162003e+02 1.508029387218063562e+02
1.730223194636039636e+02 1.507657564650548068e+02
1.731151498453917270e+02 1.507285742083032574e+02
1.732079802271794904e+02 1.506913919515517080e+02
1.733008106089672538e+02 1.506542096948001586e+02
1.733936409907550171e+02 1.506170274380486092e+02
1.734864713725427805e+02 1.505798451812970598e+02
1.735793017543305439e+02 1.505426629245455104e+02
1.736721321361183072e+02 1.505054806677939609e+02
1.737649625179060706e+02 1.504682984110424115e+02
1.738577928996938340e+02 1.504311161542908621e+02
1.739506232814815974e+02 1.503939338975393127e+02
1.740434536632693607e+02 1.503567516407877633e+02
1.741362840450571241e+02 1.503195693840362139e+02
1.742291144268448875e+02 1.502823871272846645e+02
1.743219448086326508e+02 1.502452048705331151e+02
1.744147751904204142e+02 1.502080226137815657e+02
1.745076055722081776e+02 1.501708403570300163e+02
1.746004359539959410e+02 1.501336581002784669e+02
1.746932663357837043e+02 1.500964758435269175e+02
1.747860967175714677e+02 1.500592935867753681e+02
1.748789270993592311e+02 1.500221113300238187e+02
1.749717574811469945e+02 1.499849290732722693e+02
1.750645878629347578e+02 1.499477468165207199e+02
1.751574182447225212e+02 1.499105645597691705e+02
1.752502486265102846e+02 1.498733823030176211e+02
1.753430790082980479e+02 1.498362000462660717e+02
1.754359093900858113e+02 1.497990177895145223e+02
1.755287397718735747e+02 1.497618355327629729e+02
1.756215701536613381e+02 1.497246532760114235e+02
1.757144005354491014e+02 1.496874710192598741e+02
1.758072309172368648e+02 1.496502887625083247e+02
1.759000612990246282e+02 1.496131065057567753e+02
1.759928916808123915e+02 1.495759242490052259e+02
1.760857220626001549e+02 1.495387419922536765e+02
1.761785524443879183e+02 1.495015597355021271e+02
1.762713828261756817e+02 1.494643774787505777e+02
1.763642132079634450e+02 1.494271952219990283e+02
1.764570435897512084e+02 1.493900129652474789e+02
1.765498739715389718e+02 1.493528307084959295e+02
1.766427043533267351e+02 1.493156484517443801e+02
1.767355347351144985e+02 1.492784661949928307e+02
1.768283651169022619e+02 1.492412839382412812e+02
1.769211954986900253e+02 1.492041016814897318e+02
1.770140258804777886e+02 1.491669194247381824e+02
1.771068562622655520e+02 1.491297371679866330e+02
1.771996866440533154e+02 1.490925549112350836e+02
1.772925170258410787e+02 1.490553726544835342e+02
1.773853474076288421e+02 1.490181903977319848e+02
1.774781777894166055e+02 1.489810081409804354e+02
1.775710081712043689e+02 1.489438258842288860e+02
1.776638385529921322e+02 1.489066436274773366e+02
1.777566689347798956e+02 1.488694613707257872e+02
1.778494993165676590e+02 1.488322791139742378e+02
1.779423296983554224e+02 1.487950968572226884e+02
1.780351600801431857e+02 1.487579146004711390e+02
1.781279904619309491e+02 1.487207323437195896e+02
1.782208208437187125e+02 1.486835500869680402e+02
1.783136512255064758e+02 1.486463678302164908e+02
1.784064816072942392e+02 1.486091855734649414e+02
1.784993119890820026e+02 1.485720033167133920e+02
1.785921423708697660e+02 1.485348210599618426e+02
1.786849727526575293e+02 1.484976388032102932e+02
1.787778031344452927e+02 1.484604565464587438e+02
1.788706335162330561e+02 1.484232742897071944e+02
1.789634638980208194e+02 1.483860920329556450e+02
1.790562942798085828e+02 1.483489097762040956e+02
1.791491246615963462e+02 1.483117275194525462e+02
1.792419550433841096e+02 1.482745452627009968e+02
1.793347854251718729e+02 1.482373630059494474e+02
1.794276158069596363e+02 1.482001807491978980e+02
1.795204461887473997e+02 1.481629984924463486e+02
1.796132765705351630e+02 1.481258162356947992e+02
1.797061069523229264e+02 1.480886339789432498e+02
1.797989373341106898e+02 1.480514517221917004e+02
1.798917677158984532e+02 1.480142694654401510e+02
1.799845980976862165e+02 1.479770872086886015e+02
1.800774284794739799e+02 1.479399049519370521e+02
1.801702588612617433e+02 1.479027226951855027e+02
1.802630892430495066e+02 1.478655404384339533e+02
1.803559196248372700e+02 1.478283581816824039e+02
1.804487500066250334e+02 1.477911759249308545e+02
1.805415803884127968e+02 1.477539936681793051e+02
1.806344107702005601e+02 1.477168114114277557e+02
1.807272411519883235e+02 1.476796291546762063e+02
1.808200715337760869e+02 1.476424468979246569e+02
1.809129019155638503e+02 1.476052646411731075e+02
1.810057322973516136e+02 1.475680823844215581e+02
1.810985626791393770e+02 1.475309001276700087e+02
1.811913930609271404e+02 1.474937178709184593e+02
1.812842234427149037e+02 1.474565356141669099e+02
1.813770538245026671e+02 1.474193533574153605e+02
1.814698842062904305e+02 1.473821711006638111e+02
1.815627145880781939e+02 1.473449888439122617e+02
1.816555449698659572e+02 1.473078065871607123e+02
1.817483753516537206e+02 1.472706243304091629e+02
1.818412057334414840e+02 1.472334420736576135e+02
1.819340361152292473e+02 1.471962598169060641e+02
1.820268664970170107e+02 1.471590775601545147e+02
1.821196968788047741e+02 1.471218953034029653e+02
1.822125272605925375e+02 1.470847130466514159e+02
1.823053576423803008e+02 1.470475307898998665e+02
1.823981880241680642e+02 1.470103485331483171e+02
1.824910184059558276e+02 1.469731662763967677e+02
1.825838487877435909e+02 1.469359840196452183e+02
1.826766791695313543e+02 1.468988017628936689e+02
1.827695095513191177e+02 1.468616195061421195e+02
1.828623399331068811e+02 1.468244372493905701e+02
1.829551703148946444e+02 1.467872549926390207e+02
1.830480006966824078e+02 1.467500727358874713e+02
1.831408310784701712e+02 1.467128904791359219e+02
1.832336614602579346e+02 1.466757082223843724e+02
1.833264918420456979e+02 1.466385259656328230e+02
1.834193222238334613e+02 1.466013437088812736e+02
1.835121526056212247e+02 1.465641614521297242e+02
1.836049829874089880e+02 1.465269791953781748e+02
1.836978133691967514e+02 1.464897969386266254e+02
1.837906437509845148e+02 1.464526146818750760e+02
1.838834741327722782e+02 1.464154324251235266e+02
1.839763045145600415e+02 1.463782501683719772e+02
1.840691348963478049e+02 1.463410679116204278e+02
1.841619652781355683e+02 1.463038856548688784e+02
1.842547956599233316e+02 1.462667033981173290e+02
1.843476260417110950e+02 1.462295211413657796e+02
1.844404564234988584e+02 1.461923388846142302e+02
1.845332868052866218e+02 1.461551566278626808e+02
1.846261171870743851e+02 1.461179743711111314e+02
1.847189475688621485e+02 1.460807921143595820e+02
1.848117779506499119e+02 1.460436098576080326e+02
1.849046083324376752e+02 1.460064276008564832e+02
1.849974387142254386e+02 1.459692453441049338e+02
1.850902690960132020e+02 1.459320630873533844e+02
1.851830994778009654e+02 1.458948808306018350e+02
1.852759298595887287e+02 1.458576985738502856e+02
1.853687602413764921e+02 1.458205163170987362e+02
1.854615906231642555e+02 1.457833340603471868e+02
1.855544210049520188e+02 1.457461518035956374e+02
1.856472513867397822e+02 1.457089695468440880e+02
1.857400817685275456e+02 1.456717872900925386e+02
1.858329121503153090e+02 1.456346050333409892e+02
1.859257425321030723e+02 1.455974227765894398e+02
1.860185729138908357e+02 1.455602405198378904e+02
1.861114032956785991e+02 1.455230582630863410e+02
1.862042336774663625e+02 1.454858760063347916e+02
1.862970640592541258e+02 1.454486937495832422e+02
1.863898944410418892e+02 1.454115114928316927e+02
1.864827248228296526e+02 1.453743292360801433e+02
1.865755552046174159e+02 1.453371469793285939e+02
1.866683855864051793e+02 1.452999647225770445e+02
1.867612159681929427e+02 1.452627824658254951e+02
1.868540463499807061e+02 1.452256002090739457e+02
1.869468767317684694e+02 1.451884179523223963e+02
1.870397071135562328e+02 1.451512356955708469e+02
1.871325374953439962e+02 1.451140534388192975e+02
1.872253678771317595e+02 1.450768711820677481e+02
1.873181982589195229e+02 1.450396889253161987e+02
1.874110286407072863e+02 1.450025066685646493e+02
1.875038590224950497e+02 1.449653244118130999e+02
1.875966894042828130e+02 1.449281421550615505e+02
1.876895197860705764e+02 1.448909598983100011e+02
1.877823501678583398e+02 1.448537776415584517e+02
1.878751805496461031e+02 1.448165953848069023e+02
1.879680109314338665e+02 1.447794131280553529e+02
1.880608413132216299e+02 1.447422308713038035e+02
1.881536716950093933e+02 1.447050486145522541e+02
1.882465020767971566e+02 1.446678663578007047e+02
1.883393324585849200e+02 1.446306841010491553e+02
1.884321628403726834e+02 1.445935018442976059e+02
1.885249932221604467e+02 1.445563195875460565e+02
1.886178236039482101e+02 1.445191373307945071e+02
1.887106539857359735e+02 1.444819550740429577e+02
1.888034843675237369e+02 1.444447728172914083e+02
1.888963147493115002e+02 1.444075905605398589e+02
1.889891451310992636e+02 1.443704083037883095e+02
1.890819755128870270e+02 1.443332260470367601e+02
1.891748058946747904e+02 1.442960437902852107e+02
1.892676362764625537e+02 1.442588615335336613e+02
1.893604666582503171e+02 1.442216792767821119e+02
1.894532970400380805e+02 1.441844970200305625e+02
1.895461274218258438e+02 1.441473147632790131e+02
1.896389578036136072e+02 1.441101325065274636e+02
1.897317881854013706e+02 1.440729502497759142e+02
1.898246185671891340e+02 1.440357679930243648e+02
1.899174489489768973e+02 1.439985857362728154e+02
1.900102793307646607e+02 1.439614034795212660e+02
1.901031097125524241e+02 1.439242212227697166e+02
1.901959400943401874e+02 1.438870389660181672e+02
1.902887704761279508e+02 1.438498567092666178e+02
1.903816008579157142e+02 1.438126744525150684e+02
1.904744312397034776e+02 1.437754921957635190e+02
1.905672616214912409e+02 1.437383099390119696e+02
1.906600920032790043e+02 1.437011276822604202e+02
1.907529223850667677e+02 1.436639454255088708e+02
1.908457527668545310e+02 1.436267631687573214e+02
1.909385831486422944e+02 1.435895809120057720e+02
1.910314135304300578e+02 1.435523986552542226e+02
1.911242439122178212e+02 1.435152163985026732e+02
1.912170742940055845e+02 1.434780341417511238e+02
1.913099046757933479e+02 1.434408518849995744e+02
1.914027350575811113e+02 1.434036696282480250e+02
1.914955654393688746e+02 1.433664873714964756e+02
1.915883958211566380e+02 1.433293051147449262e+02
1.916812262029444014e+02 1.432921228579933768e+02
1.917740565847321648e+02 1.432549406012418274e+02
1.918668869665199281e+02 1.432177583444902780e+02
1.919597173483076915e+02 1.431805760877387286e+02
1.920525477300954549e+02 1.431433938309871792e+02
1.921453781118832183e+02 1.431062115742356298e+02
1.922382084936709816e+02 1.430690293174840804e+02
1.923310388754587450e+02 1.430318470607325310e+02
1.924238692572465084e+02 1.429946648039809816e+02
1.925166996390342717e+02 1.429574825472294322e+02
1.926095300208220351e+02 1.429203002904778828e+02
1.927023604026097985e+02 1.428831180337263334e+02
1.927951907843975619e+02 1.428459357769747839e+02
1.928880211661853252e+02 1.428087535202232345e+02
1.929808515479730886e+02 1.427715712634716851e+02
1.930736819297608520e+02 1.427343890067201357e+02
1.931665123115486153e+02 1.426972067499685863e+02
1.932593426933363787e+02 1.426600244932170369e+02
1.933521730751241421e+02 1.426228422364654875e+02
1.934450034569119055e+02 1.425856599797139381e+02
1.935378338386996688e+02 1.425484777229623887e+02
1.936306642204874322e+02 1.425112954662108393e+02
1.937234946022751956e+02 1.424741132094592899e+02
1.938163249840629589e+02 1.424369309527077405e+02
1.939091553658507223e+02 1.423997486959561911e+02
1.940019857476384857e+02 1.423625664392046417e+02
1.940948161294262491e+02 1.423253841824530923e+02
1.941876465112140124e+02 1.422882019257015429e+02
1.942804768930017758e+02 1.422510196689499935e+02
1.943733072747895392e+02 1.422138374121984441e+02
1.944661376565773026e+02 1.421766551554468947e+02
1.945589680383650659e+02 1.421394728986953453e+02
1.946517984201528293e+02 1.421022906419437959e+02
1.947446288019405927e+02 1.420651083851922465e+02
1.948374591837283560e+02 1.420279261284406971e+02
1.949302895655161194e+02 1.419907438716891477e+02
1.950231199473038828e+02 1.419535616149375983e+02
1.951159503290916462e+02 1.419163793581860489e+02
1.952087807108794095e+02 1.418791971014344995e+02
1.953016110926671729e+02 1.418420148446829501e+02
1.953944414744549363e+02 1.418048325879314007e+02
1.955444464291831252e+02 1.417447496427395208e+02
1.955816286859346746e+02 1.418375800245272842e+02
1.956188109426862241e+02 1.419304104063150476e+02
1.956559931994377735e+02 1.420232407881028109e+02
1.956931754561893229e+02 1.421160711698905743e+02
1.957303577129408723e+02 1.422089015516783377e+02
1.957675399696924217e+02 1.423017319334661011e+02
1.958047222264439711e+02 1.423945623152538644e+02
1.958419044831955205e+02 1.424873926970416278e+02
1.958790867399470699e+02 1.425802230788293912e+02
1.959162689966986193e+02 1.426730534606171545e+02
1.959534512534501687e+02 1.427658838424049179e+02
1.959906335102017181e+02 1.428587142241926813e+02
1.960278157669532675e+02 1.429515446059804447e+02
1.960649980237048169e+02 1.430443749877682080e+02
1.961021802804563663e+02 1.431372053695559714e+02
1.961393625372079157e+02 1.432300357513437348e+02
1.961765447939594651e+02 1.433228661331314981e+02
1.962137270507110145e+02 1.434156965149192615e+02
1.962509093074625639e+02 1.435085268967070249e+02
1.962880915642141133e+02 1.436013572784947883e+02
1.963252738209656627e+02 1.436941876602825516e+02
1.963624560777172121e+02 1.437870180420703150e+02
1.963996383344687615e+02 1.438798484238580784e+02
1.964368205912203109e+02 1.439726788056458417e+02
1.964740028479718603e+02 1.440655091874336051e+02
1.965111851047234097e+02 1.441583395692213685e+02
1.965483673614749591e+02 1.442511699510091319e+02
1.965855496182265085e+02 1.443440003327968952e+02
1.966227318749780579e+02 1.444368307145846586e+02
1.966599141317296073e+02 1.445296610963724220e+02
1.966970963884811567e+02 1.446224914781601854e+02
1.967342786452327061e+02 1.447153218599479487e+02
1.967714609019842555e+02 1.448081522417357121e+02
1.968086431587358049e+02 1.449009826235234755e+02
1.968458254154873543e+02 1.449938130053112388e+02
1.968830076722389038e+02 1.450866433870990022e+02
1.969201899289904532e+02 1.451794737688867656e+02
1.969573721857420026e+02 1.452723041506745290e+02
1.969945544424935520e+02 1.453651345324622923e+02
1.970317366992451014e+02 1.454579649142500557e+02
1.970689189559966508e+02 1.455507952960378191e+02
1.971061012127482002e+02 1.456436256778255824e+02
1.971432834694997496e+02 1.457364560596133458e+02
1.971804657262512990e+02 1.458292864414011092e+02
1.972176479830028484e+02 1.459221168231888726e+02
1.972548302397543978e+02 1.460149472049766359e+02
1.972920124965059472e+02 1.461077775867643993e+02
1.973291947532574966e+02 1.462006079685521627e+02
1.973663770100090460e+02 1.462934383503399260e+02
1.974035592667605954e+02 1.463862687321276894e+02
1.974407415235121448e+02 1.464790991139154528e+02
1.974779237802636942e+02 1.465719294957032162e+02
1.975151060370152436e+02 1.466647598774909795e+02
1.975522882937667930e+02 1.467575902592787429e+02
1.975894705505183424e+02 1.468504206410665063e+02
1.976266528072698918e+02 1.469432510228542696e+02
1.976638350640214412e+02 1.470360814046420330e+02
1.977010173207729906e+02 1.471289117864297964e+02
1.977381995775245400e+02 1.472217421682175598e+02
1.977753818342760894e+02 1.473145725500053231e+02
1.978125640910276388e+02 1.474074029317930865e+02
1.978497463477791882e+02 1.475002333135808499e+02
1.978869286045307376e+02 1.475930636953686133e+02
1.979241108612822870e+02 1.476858940771563766e+02
1.979612931180338364e+02 1.477787244589441400e+02
1.979984753747853858e+02 1.478715548407319034e+02
1.980356576315369352e+02 1.479643852225196667e+02
1.980728398882884846e+02 1.480572156043074301e+02
1.981100221450400340e+02 1.481500459860951935e+02
1.981472044017915835e+02 1.482428763678829569e+02
1.981843866585431329e+02 1.483357067496707202e+02
1.982215689152946823e+02 1.484285371314584836e+02
1.982587511720462317e+02 1.485213675132462470e+02
1.982959334287977811e+02 1.486141978950340103e+02
1.983331156855493305e+02 1.487070282768217737e+02
1.983702979423008799e+02 1.487998586586095371e+02
1.984074801990524293e+02 1.488926890403973005e+02
1.984446624558039787e+02 1.489855194221850638e+02
1.984818447125555281e+02 1.490783498039728272e+02
1.985190269693070775e+02 1.491711801857605906e+02
1.985562092260586269e+02 1.492640105675483539e+02
1.985933914828101763e+02 1.493568409493361173e+02
1.986305737395617257e+02 1.494496713311238807e+02
1.986677559963132751e+02 1.495425017129116441e+02
1.987049382530648245e+02 1.496353320946994074e+02
1.987421205098163739e+02 1.497281624764871708e+02
1.987793027665679233e+02 1.498209928582749342e+02
1.988164850233194727e+02 1.499138232400626976e+02
1.988536672800710221e+02 1.500066536218504609e+02
1.988908495368225715e+02 1.500994840036382243e+02
1.989280317935741209e+02 1.501923143854259877e+02
1.989652140503256703e+02 1.502851447672137510e+02
1.990023963070772197e+02 1.503779751490015144e+02
1.990395785638287691e+02 1.504708055307892778e+02
1.990767608205803185e+02 1.505636359125770412e+02
1.991139430773318679e+02 1.506564662943648045e+02
1.991511253340834173e+02 1.507492966761525679e+02
1.991883075908349667e+02 1.508421270579403313e+02
1.992254898475865161e+02 1.509349574397280946e+02
1.992626721043380655e+02 1.510277878215158580e+02
1.992998543610896149e+02 1.511206182033036214e+02
1.993370366178411643e+02 1.512134485850913848e+02
1.993742188745927137e+02 1.513062789668791481e+02
1.994114011313442631e+02 1.513991093486669115e+02
1.994485833880958126e+02 1.514919397304546749e+02
1.994857656448473620e+02 1.515847701122424382e+02
1.995229479015989114e+02 1.516776004940302016e+02
1.995601301583504608e+02 1.517704308758179650e+02
1.995973124151020102e+02 1.518632612576057284e+02
1.996344946718535596e+02 1.519560916393934917e+02
1.996716769286051090e+02 1.520489220211812551e+02
1.997088591853566584e+02 1.521417524029690185e+02
1.997460414421082078e+02 1.522345827847567818e+02
1.997832236988597572e+02 1.523274131665445452e+02
1.998204059556113066e+02 1.524202435483323086e+02
1.998575882123628560e+02 1.525130739301200720e+02
1.998947704691144054e+02 1.526059043119078353e+02
1.999319527258659548e+02 1.526987346936955987e+02
1.999691349826175042e+02 1.527915650754833621e+02
2.000063172393690536e+02 1.528843954572711255e+02
2.000434994961206030e+02 1.529772258390588888e+02
2.000806817528721524e+02 1.530700562208466522e+02
2.001178640096237018e+02 1.531628866026344156e+02
2.001550462663752512e+02 1.532557169844221789e+02
2.001922285231268006e+02 1.533485473662099423e+02
2.002294107798783500e+02 1.534413777479977057e+02
2.002665930366298994e+02 1.535342081297854691e+02
2.003037752933814488e+02 1.536270385115732324e+02
2.003409575501329982e+02 1.537198688933609958e+02
2.003781398068845476e+02 1.538126992751487592e+02
2.004153220636360970e+02 1.539055296569365225e+02
2.004525043203876464e+02 1.539983600387242859e+02
2.004896865771391958e+02 1.540911904205120493e+02
2.005268688338907452e+02 1.541840208022998127e+02
2.005640510906422946e+02 1.542768511840875760e+02
2.006012333473938440e+02 1.543696815658753394e+02
2.006384156041453934e+02 1.544625119476631028e+02
2.006755978608969428e+02 1.545553423294508661e+02
2.007127801176484923e+02 1.546481727112386295e+02
2.007499623744000417e+02 1.547410030930263929e+02
2.007871446311515911e+02 1.548338334748141563e+02
2.008243268879031405e+02 1.549266638566019196e+02
2.008615091446546899e+02 1.550194942383896830e+02
2.008986914014062393e+02 1.551123246201774464e+02
2.009358736581577887e+02 1.552051550019652097e+02
2.009730559149093381e+02 1.552979853837529731e+02
2.010102381716608875e+02 1.553908157655407365e+02
2.010474204284124369e+02 1.554836461473284999e+02
2.010846026851639863e+02 1.555764765291162632e+02
2.011217849419155357e+02 1.556693069109040266e+02
2.011589671986670851e+02 1.557621372926917900e+02
2.011961494554186345e+02 1.558549676744795534e+02
2.012333317121701839e+02 1.559477980562673167e+02
2.012705139689217333e+02 1.560406284380550801e+02
2.013076962256732827e+02 1.561334588198428435e+02
2.013448784824248321e+02 1.562262892016306068e+02
2.013820607391763815e+02 1.563191195834183702e+02
2.014192429959279309e+02 1.564119499652061336e+02
2.014564252526794803e+02 1.565047803469938970e+02
2.014936075094310297e+02 1.565976107287816603e+02
2.015307897661825791e+02 1.566904411105694237e+02
2.015679720229341285e+02 1.567832714923571871e+02
2.016051542796856779e+02 1.568761018741449504e+02
2.016423365364372273e+02 1.569689322559327138e+02
2.016795187931887767e+02 1.570617626377204772e+02
2.017167010499403261e+02 1.571545930195082406e+02
2.017538833066918755e+02 1.572474234012960039e+02
2.017910655634434249e+02 1.573402537830837673e+02
2.018282478201949743e+02 1.574330841648715307e+02
2.018654300769465237e+02 1.575259145466592940e+02
2.019026123336980731e+02 1.576187449284470574e+02
2.019397945904496225e+02 1.577115753102348208e+02
2.019769768472011719e+02 1.578044056920225842e+02
2.020141591039527214e+02 1.578972360738103475e+02
2.020513413607042708e+02 1.579900664555981109e+02
2.020885236174558202e+02 1.580828968373858743e+02
2.021257058742073696e+02 1.581757272191736376e+02
2.021628881309589190e+02 1.582685576009614010e+02
2.022000703877104684e+02 1.583613879827491644e+02
2.022372526444620178e+02 1.584542183645369278e+02
2.022744349012135672e+02 1.585470487463246911e+02
2.023116171579651166e+02 1.586398791281124545e+02
2.023487994147166660e+02 1.587327095099002179e+02
2.023859816714682154e+02 1.588255398916879813e+02
2.024231639282197648e+02 1.589183702734757446e+02
2.024603461849713142e+02 1.590112006552635080e+02
2.024975284417228636e+02 1.591040310370512714e+02
2.025347106984744130e+02 1.591968614188390347e+02
2.025718929552259624e+02 1.592896918006267981e+02
2.026090752119775118e+02 1.593825221824145615e+02
2.026462574687290612e+02 1.594753525642023249e+02
2.026834397254806106e+02 1.595681829459900882e+02
2.027206219822321600e+02 1.596610133277778516e+02
2.027578042389837094e+02 1.597538437095656150e+02
2.027949864957352588e+02 1.598466740913533783e+02
2.028321687524868082e+02 1.599395044731411417e+02
2.028693510092383576e+02 1.600323348549289051e+02
2.029065332659899070e+02 1.601251652367166685e+02
2.029437155227414564e+02 1.602179956185044318e+02
2.029808977794930058e+02 1.603108260002921952e+02
2.030180800362445552e+02 1.604036563820799586e+02
2.030552622929961046e+02 1.604964867638677219e+02
2.030924445497476540e+02 1.605893171456554853e+02
2.031296268064992034e+02 1.606821475274432487e+02
2.031668090632507528e+02 1.607749779092310121e+02
2.032039913200023022e+02 1.608678082910187754e+02
2.032411735767538516e+02 1.609606386728065388e+02
2.032783558335054011e+02 1.610534690545943022e+02
2.033155380902569505e+02 1.611462994363820656e+02
2.033527203470084999e+02 1.612391298181698289e+02
2.033899026037600493e+02 1.613319601999575923e+02
2.034270848605115987e+02 1.614247905817453557e+02
2.034642671172631481e+02 1.615176209635331190e+02
2.035014493740146975e+02 1.616104513453208824e+02
2.035386316307662469e+02 1.617032817271086458e+02
2.035758138875177963e+02 1.617961121088964092e+02
2.036129961442693457e+02 1.618889424906841725e+02
2.036501784010208951e+02 1.619817728724719359e+02
2.036873606577724445e+02 1.620746032542596993e+02
2.037245429145239939e+02 1.621674336360474626e+02
2.037617251712755433e+02 1.622602640178352260e+02
2.037989074280270927e+02 1.623530943996229894e+02
2.038360896847786421e+02 1.624459247814107528e+02
2.038732719415301915e+02 1.625387551631985161e+02
2.039104541982817409e+02 1.626315855449862795e+02
2.039476364550332903e+02 1.627244159267740429e+02
2.039848187117848397e+02 1.628172463085618062e+02
2.040220009685363891e+02 1.629100766903495696e+02
2.040591832252879385e+02 1.630029070721373330e+02
2.040963654820394879e+02 1.630957374539250964e+02
2.041335477387910373e+02 1.631885678357128597e+02
2.041707299955425867e+02 1.632813982175006231e+02
2.042079122522941361e+02 1.633742285992883865e+02
2.042450945090456855e+02 1.634670589810761498e+02
2.042822767657972349e+02 1.635598893628639132e+02
2.043194590225487843e+02 1.636527197446516766e+02
2.043566412793003337e+02 1.637455501264394400e+02
2.043938235360518831e+02 1.638383805082272033e+02
2.044310057928034325e+02 1.639312108900149667e+02
2.044681880495549819e+02 1.640240412718027301e+02
2.045053703063065313e+02 1.641168716535904935e+02
2.045425525630580808e+02 1.642097020353782568e+02
2.045797348198096302e+02 1.643025324171660202e+02
2.046169170765611796e+02 1.643953627989537836e+02
2.046540993333127290e+02 1.644881931807415469e+02
2.046912815900642784e+02 1.645810235625293103e+02
2.047284638468158278e+02 1.646738539443170737e+02
2.047656461035673772e+02 1.647666843261048371e+02
2.048028283603189266e+02 1.648595147078926004e+02
2.048400106170704760e+02 1.649523450896803638e+02
2.048771928738220254e+02 1.650451754714681272e+02
2.049143751305735748e+02 1.651380058532558905e+02
2.049515573873251242e+02 1.652308362350436539e+02
2.049887396440766736e+02 1.653236666168314173e+02
2.050259219008282230e+02 1.654164969986191807e+02
2.050631041575797724e+02 1.655093273804069440e+02
2.051002864143313218e+02 1.656021577621947074e+02
2.051374686710828712e+02 1.656949881439824708e+02
2.051746509278344206e+02 1.657878185257702341e+02
2.052118331845859700e+02 1.658806489075579975e+02
2.052490154413375194e+02 1.659734792893457609e+02
2.052861976980890688e+02 1.660663096711335243e+02
2.053233799548406182e+02 1.661591400529212876e+02
2.053605622115921676e+02 1.662519704347090510e+02
2.053977444683437170e+02 1.663448008164968144e+02
2.054349267250952664e+02 1.664376311982845777e+02
2.054721089818468158e+02 1.665304615800723411e+02
2.055092912385983652e+02 1.666232919618601045e+02
2.055464734953499146e+02 1.667161223436478679e+02
2.055836557521014640e+02 1.668089527254356312e+02
2.056208380088530134e+02 1.669017831072233946e+02
2.056580202656045628e+02 1.669946134890111580e+02
2.056952025223561122e+02 1.670874438707989214e+02
2.057323847791076616e+02 1.671802742525866847e+02
2.057695670358592110e+02 1.672731046343744481e+02
2.058067492926107604e+02 1.673659350161622115e+02
2.058439315493623099e+02 1.674587653979499748e+02
2.058811138061138593e+02 1.675515957797377382e+02
2.059182960628654087e+02 1.676444261615255016e+02
2.059554783196169581e+02 1.677372565433132650e+02
2.059926605763685075e+02 1.678300869251010283e+02
2.060298428331200569e+02 1.679229173068887917e+02
2.060670250898716063e+02 1.680157476886765551e+02
2.061042073466231557e+02 1.681085780704643184e+02
2.061413896033747051e+02 1.682014084522520818e+02
2.061785718601262545e+02 1.682942388340398452e+02
2.062157541168778039e+02 1.683870692158276086e+02
2.062529363736293533e+02 1.684798995976153719e+02
2.062901186303809027e+02 1.685727299794031353e+02
2.063273008871324521e+02 1.686655603611908987e+02
2.063644831438840015e+02 1.687583907429786620e+02
2.064016654006355509e+02 1.688512211247664254e+02
2.064388476573871003e+02 1.689440515065541888e+02
2.064760299141386497e+02 1.690368818883419522e+02
2.065132121708901991e+02 1.691297122701297155e+02
2.065503944276417485e+02 1.692225426519174789e+02
2.065875766843932979e+02 1.693153730337052423e+02
2.066247589411448473e+02 1.694082034154930057e+02
2.066619411978963967e+02 1.695010337972807690e+02
2.066991234546479461e+02 1.695938641790685324e+02
2.067363057113994955e+02 1.696866945608562958e+02
2.067734879681510449e+02 1.697795249426440591e+02
2.068106702249025943e+02 1.698723553244318225e+02
2.068478524816541437e+02 1.699651857062195859e+02
2.068850347384056931e+02 1.700580160880073493e+02
2.069222169951572425e+02 1.701508464697951126e+02
2.069593992519087919e+02 1.702436768515828760e+02
2.069965815086603413e+02 1.703365072333706394e+02
2.070337637654118907e+02 1.704293376151584027e+02
2.070709460221634401e+02 1.705221679969461661e+02
2.071081282789149896e+02 1.706149983787339295e+02
2.071453105356665390e+02 1.707078287605216929e+02
2.071824927924180884e+02 1.708006591423094562e+02
2.072196750491696378e+02 1.708934895240972196e+02
2.072568573059211872e+02 1.709863199058849830e+02
2.072940395626727366e+02 1.710791502876727463e+02
2.073312218194242860e+02 1.711719806694605097e+02
2.073684040761758354e+02 1.712648110512482731e+02
2.074055863329273848e+02 1.713576414330360365e+02
2.074427685896789342e+02 1.714504718148237998e+02
2.074799508464304836e+02 1.715433021966115632e+02
2.075171331031820330e+02 1.716361325783993266e+02
2.075543153599335824e+02 1.717289629601870899e+02
2.075914976166851318e+02 1.718217933419748533e+02
2.076286798734366812e+02 1.719146237237626167e+02
2.076658621301882306e+02 1.720074541055503801e+02
2.077030443869397800e+02 1.721002844873381434e+02
2.077402266436913294e+02 1.721931148691259068e+02
2.077774089004428788e+02 1.722859452509136702e+02
2.078145911571944282e+02 1.723787756327014336e+02
2.078517734139459776e+02 1.724716060144891969e+02
2.078889556706975270e+02 1.725644363962769603e+02
2.079261379274490764e+02 1.726572667780647237e+02
2.079633201842006258e+02 1.727500971598524870e+02
2.080005024409521752e+02 1.728429275416402504e+02
2.080376846977037246e+02 1.729357579234280138e+02
2.080748669544552740e+02 1.730285883052157772e+02
2.081120492112068234e+02 1.731214186870035405e+02
2.081492314679583728e+02 1.732142490687913039e+02
2.081864137247099222e+02 1.733070794505790673e+02
2.082235959814614716e+02 1.733999098323668306e+02
2.082607782382130210e+02 1.734927402141545940e+02
2.082979604949645704e+02 1.735855705959423574e+02
2.083351427517161198e+02 1.736784009777301208e+02
2.083723250084676692e+02 1.737712313595178841e+02
2.084095072652192187e+02 1.738640617413056475e+02
2.084466895219707681e+02 1.739568921230934109e+02
2.084838717787223175e+02 1.740497225048811742e+02
2.085210540354738669e+02 1.741425528866689376e+02
2.085582362922254163e+02 1.742353832684567010e+02
2.085954185489769657e+02 1.743282136502444644e+02
2.086326008057285151e+02 1.744210440320322277e+02
2.086697830624800645e+02 1.745138744138199911e+02
2.087069653192316139e+02 1.746067047956077545e+02
2.087441475759831633e+02 1.746995351773955178e+02
2.087813298327347127e+02 1.747923655591832812e+02
2.088185120894862621e+02 1.748851959409710446e+02
2.088556943462378115e+02 1.749780263227588080e+02
2.088928766029893609e+02 1.750708567045465713e+02
2.089300588597409103e+02 1.751636870863343347e+02
2.089672411164924597e+02 1.752565174681220981e+02
2.090044233732440091e+02 1.753493478499098615e+02
2.090416056299955585e+02 1.754421782316976248e+02
2.090787878867471079e+02 1.755350086134853882e+02
2.091159701434986573e+02 1.756278389952731516e+02
2.091531524002502067e+02 1.757206693770609149e+02
2.091903346570017561e+02 1.758134997588486783e+02
2.092275169137533055e+02 1.759063301406364417e+02
2.092646991705048549e+02 1.759991605224242051e+02
2.093018814272564043e+02 1.760919909042119684e+02
2.093390636840079537e+02 1.761848212859997318e+02
2.093762459407595031e+02 1.762776516677874952e+02
2.094134281975110525e+02 1.763704820495752585e+02
2.094506104542626019e+02 1.764633124313630219e+02
2.094877927110141513e+02 1.765561428131507853e+02
2.095249749677657007e+02 1.766489731949385487e+02
2.095621572245172501e+02 1.767418035767263120e+02
2.095993394812687995e+02 1.768346339585140754e+02
2.096365217380203489e+02 1.769274643403018388e+02
2.096737039947718984e+02 1.770202947220896021e+02
2.097108862515234478e+02 1.771131251038773655e+02
2.097480685082749972e+02 1.772059554856651289e+02
2.097852507650265466e+02 1.772987858674528923e+02
2.098224330217780960e+02 1.773916162492406556e+02
2.098596152785296454e+02 1.774844466310284190e+02
2.098967975352811948e+02 1.775772770128161824e+02
2.099339797920327442e+02 1.776701073946039457e+02
2.099711620487842936e+02 1.777629377763917091e+02
2.100083443055358430e+02 1.778557681581794725e+02
2.100455265622873924e+02 1.779485985399672359e+02
2.100827088190389418e+02 1.780414289217549992e+02
2.101198910757904912e+02 1.781342593035427626e+02
2.101570733325420406e+02 1.782270896853305260e+02
2.101942555892935900e+02 1.783199200671182894e+02
2.102314378460451394e+02 1.784127504489060527e+02
2.102686201027966888e+02 1.785055808306938161e+02
2.103058023595482382e+02 1.785984112124815795e+02
2.103429846162997876e+02 1.786912415942693428e+02
2.103801668730513370e+02 1.787840719760571062e+02
2.104173491298028864e+02 1.788769023578448696e+02
2.104545313865544358e+02 1.789697327396326330e+02
2.104917136433059852e+02 1.790625631214203963e+02
2.105288959000575346e+02 1.791553935032081597e+02
2.105660781568090840e+02 1.792482238849959231e+02
2.106032604135606334e+02 1.793410542667836864e+02
2.106404426703121828e+02 1.794338846485714498e+02
2.106776249270637322e+02 1.795267150303592132e+02
2.107148071838152816e+02 1.796195454121469766e+02
2.107519894405668310e+02 1.797123757939347399e+02
2.107891716973183804e+02 1.798052061757225033e+02
2.108263539540699298e+02 1.798980365575102667e+02
2.108635362108214792e+02 1.799908669392980300e+02
2.109007184675730286e+02 1.800836973210857934e+02
2.109379007243245781e+02 1.801765277028735568e+02
2.109750829810761275e+02 1.802693580846613202e+02
2.110122652378276769e+02 1.803621884664490835e+02
2.110494474945792263e+02 1.804550188482368469e+02
2.110866297513307757e+02 1.805478492300246103e+02
2.111238120080823251e+02 1.806406796118123737e+02
2.111609942648338745e+02 1.807335099936001370e+02
2.111981765215854239e+02 1.808263403753879004e+02
2.112353587783369733e+02 1.809191707571756638e+02
2.112725410350885227e+02 1.810120011389634271e+02
2.113097232918400721e+02 1.811048315207511905e+02
2.113469055485916215e+02 1.811976619025389539e+02
2.113840878053431709e+02 1.812904922843267173e+02
2.114212700620947203e+02 1.813833226661144806e+02
2.114584523188462697e+02 1.814761530479022440e+02
2.114956345755978191e+02 1.815689834296900074e+02
2.115328168323493685e+02 1.816618138114777707e+02
2.115699990891009179e+02 1.817546441932655341e+02
2.116071813458524673e+02 1.818474745750532975e+02
2.116443636026040167e+02 1.819403049568410609e+02
2.116815458593555661e+02 1.820331353386288242e+02
2.117187281161071155e+02 1.821259657204165876e+02
2.117559103728586649e+02 1.822187961022043510e+02
2.117930926296102143e+02 1.823116264839921143e+02
2.118302748863617637e+02 1.824044568657798777e+02
2.118674571431133131e+02 1.824972872475676411e+02
2.119046393998648625e+02 1.825901176293554045e+02
2.119418216566164119e+02 1.826829480111431678e+02
2.119988147360614335e+02 1.828252387106781498e+02
2.119059843542736701e+02 1.828624209674296992e+02
2.118131539724859067e+02 1.828996032241812486e+02
2.117203235906981433e+02 1.829367854809327980e+02
2.116274932089103800e+02 1.829739677376843474e+02
2.115346628271226166e+02 1.830111499944358968e+02
2.114418324453348532e+02 1.830483322511874462e+02
2.113490020635470898e+02 1.830855145079389956e+02
2.112561716817593265e+02 1.831226967646905450e+02
2.111633412999715631e+02 1.831598790214420944e+02
2.110705109181837997e+02 1.831970612781936438e+02
2.109776805363960364e+02 1.832342435349451932e+02
2.108848501546082730e+02 1.832714257916967426e+02
2.107920197728205096e+02 1.833086080484482920e+02
2.106991893910327462e+02 1.833457903051998414e+02
2.106063590092449829e+02 1.833829725619513908e+02
2.105135286274572195e+02 1.834201548187029402e+02
2.104206982456694561e+02 1.834573370754544896e+02
2.103278678638816928e+02 1.834945193322060391e+02
2.102350374820939294e+02 1.835317015889575885e+02
2.101422071003061660e+02 1.835688838457091379e+02
2.100493767185184026e+02 1.836060661024606873e+02
2.099565463367306393e+02 1.836432483592122367e+02
2.098637159549428759e+02 1.836804306159637861e+02
2.097708855731551125e+02 1.837176128727153355e+02
2.096780551913673492e+02 1.837547951294668849e+02
2.095852248095795858e+02 1.837919773862184343e+02
2.094923944277918224e+02 1.838291596429699837e+02
2.093995640460040590e+02 1.838663418997215331e+02
2.093067336642162957e+02 1.839035241564730825e+02
2.092139032824285323e+02 1.839407064132246319e+02
2.091210729006407689e+02 1.839778886699761813e+02
2.090282425188530055e+02 1.840150709267277307e+02
2.089354121370652422e+02 1.840522531834792801e+02
2.088425817552774788e+02 1.840894354402308295e+02
2.087497513734897154e+02 1.841266176969823789e+02
2.086569209917019521e+02 1.841637999537339283e+02
2.085640906099141887e+02 1.842009822104854777e+02
2.084712602281264253e+02 1.842381644672370271e+02
2.083784298463386619e+02 1.842753467239885765e+02
2.082855994645508986e+02 1.843125289807401259e+02
2.081927690827631352e+02 1.843497112374916753e+02
2.080999387009753718e+02 1.843868934942432247e+02
2.080071083191876085e+02 1.844240757509947741e+02
2.079142779373998451e+02 1.844612580077463235e+02
2.078214475556120817e+02 1.844984402644978729e+02
2.077286171738243183e+02 1.845356225212494223e+02
2.076357867920365550e+02 1.845728047780009717e+02
2.075429564102487916e+02 1.846099870347525211e+02
2.074501260284610282e+02 1.846471692915040705e+02
2.073572956466732649e+02 1.846843515482556199e+02
2.072644652648855015e+02 1.847215338050071693e+02
2.071716348830977381e+02 1.847587160617587188e+02
2.070788045013099747e+02 1.847958983185102682e+02
2.069859741195222114e+02 1.848330805752618176e+02
2.068931437377344480e+02 1.848702628320133670e+02
2.068003133559466846e+02 1.849074450887649164e+02
2.067074829741589213e+02 1.849446273455164658e+02
2.066146525923711579e+02 1.849818096022680152e+02
2.065218222105833945e+02 1.850189918590195646e+02
2.064289918287956311e+02 1.850561741157711140e+02
2.063361614470078678e+02 1.850933563725226634e+02
2.062433310652201044e+02 1.851305386292742128e+02
2.061505006834323410e+02 1.851677208860257622e+02
2.060576703016445776e+02 1.852049031427773116e+02
2.059648399198568143e+02 1.852420853995288610e+02
2.058720095380690509e+02 1.852792676562804104e+02
2.057791791562812875e+02 1.853164499130319598e+02
2.056863487744935242e+02 1.853536321697835092e+02
2.055935183927057608e+02 1.853908144265350586e+02
2.055006880109179974e+02 1.854279966832866080e+02
2.054078576291302340e+02 1.854651789400381574e+02
2.053150272473424707e+02 1.855023611967897068e+02
2.052221968655547073e+02 1.855395434535412562e+02
2.051293664837669439e+02 1.855767257102928056e+02
2.050365361019791806e+02 1.856139079670443550e+02
2.049437057201914172e+02 1.856510902237959044e+02
2.048508753384036538e+02 1.856882724805474538e+02
2.047580449566158904e+02 1.857254547372990032e+02
2.046652145748281271e+02 1.857626369940505526e+02
2.045723841930403637e+02 1.857998192508021020e+02
2.044795538112526003e+02 1.858370015075536514e+02
2.043867234294648370e+02 1.858741837643052008e+02
2.042938930476770736e+02 1.859113660210567502e+02
2.042010626658893102e+02 1.859485482778082996e+02
2.041082322841015468e+02 1.859857305345598490e+02
2.040154019023137835e+02 1.860229127913113985e+02
2.039225715205260201e+02 1.860600950480629479e+02
2.038297411387382567e+02 1.860972773048144973e+02
2.037369107569504934e+02 1.861344595615660467e+02
2.036440803751627300e+02 1.861716418183175961e+02
2.035512499933749666e+02 1.862088240750691455e+02
2.034584196115872032e+02 1.862460063318206949e+02
2.033655892297994399e+02 1.862831885885722443e+02
2.032727588480116765e+02 1.863203708453237937e+02
2.031799284662239131e+02 1.863575531020753431e+02
2.030870980844361497e+02 1.863947353588268925e+02
2.029942677026483864e+02 1.864319176155784419e+02
2.029014373208606230e+02 1.864690998723299913e+02
2.028086069390728596e+02 1.865062821290815407e+02
2.027157765572850963e+02 1.865434643858330901e+02
2.026229461754973329e+02 1.865806466425846395e+02
2.025301157937095695e+02 1.866178288993361889e+02
2.024372854119218061e+02 1.866550111560877383e+02
2.023444550301340428e+02 1.866921934128392877e+02
2.022516246483462794e+02 1.867293756695908371e+02
2.021587942665585160e+02 1.867665579263423865e+02
2.020659638847707527e+02 1.868037401830939359e+02
2.019731335029829893e+02 1.868409224398454853e+02
2.018803031211952259e+02 1.868781046965970347e+02
2.017874727394074625e+02 1.869152869533485841e+02
2.016946423576196992e+02 1.869524692101001335e+02
2.016018119758319358e+02 1.869896514668516829e+02
2.015089815940441724e+02 1.870268337236032323e+02
2.014161512122564091e+02 1.870640159803547817e+02
2.013233208304686457e+02 1.871011982371063311e+02
2.012304904486808823e+02 1.871383804938578805e+02
2.011376600668931189e+02 1.871755627506094299e+02
2.010448296851053556e+02 1.872127450073609793e+02
2.009519993033175922e+02 1.872499272641125287e+02
2.008591689215298288e+02 1.872871095208640781e+02
2.007663385397420654e+02 1.873242917776156276e+02
2.006735081579543021e+02 1.873614740343671770e+02
2.005806777761665387e+02 1.873986562911187264e+02
2.004878473943787753e+02 1.874358385478702758e+02
2.003950170125910120e+02 1.874730208046218252e+02
2.003021866308032486e+02 1.875102030613733746e+02
2.002093562490154852e+02 1.875473853181249240e+02
2.001165258672277218e+02 1.875845675748764734e+02
2.000236954854399585e+02 1.876217498316280228e+02
1.999308651036521951e+02 1.876589320883795722e+02
1.998380347218644317e+02 1.876961143451311216e+02
1.997452043400766684e+02 1.877332966018826710e+02
1.996523739582889050e+02 1.877704788586342204e+02
1.995595435765011416e+02 1.878076611153857698e+02
1.994667131947133782e+02 1.878448433721373192e+02
1.993738828129256149e+02 1.878820256288888686e+02
1.992810524311378515e+02 1.879192078856404180e+02
1.991882220493500881e+02 1.879563901423919674e+02
1.990953916675623248e+02 1.879935723991435168e+02
1.990025612857745614e+02 1.880307546558950662e+02
1.989097309039867980e+02 1.880679369126466156e+02
1.988169005221990346e+02 1.881051191693981650e+02
1.987240701404112713e+02 1.881423014261497144e+02
1.986312397586235079e+02 1.881794836829012638e+02
1.985384093768357445e+02 1.882166659396528132e+02
1.984455789950479812e+02 1.882538481964043626e+02
1.983527486132602178e+02 1.882910304531559120e+02
1.982599182314724544e+02 1.883282127099074614e+02
1.981670878496846910e+02 1.883653949666590108e+02
1.980742574678969277e+02 1.884025772234105602e+02
1.979814270861091643e+02 1.884397594801621096e+02
1.978885967043214009e+02 1.884769417369136590e+02
1.977957663225336375e+02 1.885141239936652084e+02
1.977029359407458742e+02 1.885513062504167578e+02
1.976101055589581108e+02 1.885884885071683073e+02
1.975172751771703474e+02 1.886256707639198567e+02
1.974244447953825841e+02 1.886628530206714061e+02
1.973316144135948207e+02 1.887000352774229555e+02
1.972387840318070573e+02 1.887372175341745049e+02
1.971459536500192939e+02 1.887743997909260543e+02
1.970531232682315306e+02 1.888115820476776037e+02
1.969602928864437672e+02 1.888487643044291531e+02
1.968674625046560038e+02 1.888859465611807025e+02
1.967746321228682405e+02 1.889231288179322519e+02
1.966818017410804771e+02 1.889603110746838013e+02
1.965889713592927137e+02 1.889974933314353507e+02
1.964961409775049503e+02 1.890346755881869001e+02
1.964033105957171870e+02 1.890718578449384495e+02
1.963104802139294236e+02 1.891090401016899989e+02
1.962176498321416602e+02 1.891462223584415483e+02
1.961248194503538969e+02 1.891834046151930977e+02
1.960319890685661335e+02 1.892205868719446471e+02
1.959391586867783701e+02 1.892577691286961965e+02
1.958463283049906067e+02 1.892949513854477459e+02
1.957534979232028434e+02 1.893321336421992953e+02
1.956606675414150800e+02 1.893693158989508447e+02
1.955678371596273166e+02 1.894064981557023941e+02
1.954750067778395533e+02 1.894436804124539435e+02
1.953821763960517899e+02 1.894808626692054929e+02
1.952893460142640265e+02 1.895180449259570423e+02
1.951965156324762631e+02 1.895552271827085917e+02
1.951036852506884998e+02 1.895924094394601411e+02
1.950108548689007364e+02 1.896295916962116905e+02
1.949180244871129730e+02 1.896667739529632399e+02
1.948251941053252096e+02 1.897039562097147893e+02
1.947323637235374463e+02 1.897411384664663387e+02
1.946395333417496829e+02 1.897783207232178881e+02
1.945467029599619195e+02 1.898155029799694375e+02
1.944538725781741562e+02 1.898526852367209869e+02
1.943610421963863928e+02 1.898898674934725364e+02
1.942682118145986294e+02 1.899270497502240858e+02
1.941753814328108660e+02 1.899642320069756352e+02
1.940825510510231027e+02 1.900014142637271846e+02
1.939897206692353393e+02 1.900385965204787340e+02
1.938968902874475759e+02 1.900757787772302834e+02
1.938040599056598126e+02 1.901129610339818328e+02
1.937112295238720492e+02 1.901501432907333822e+02
1.936183991420842858e+02 1.901873255474849316e+02
1.935255687602965224e+02 1.902245078042364810e+02
1.934327383785087591e+02 1.902616900609880304e+02
1.933399079967209957e+02 1.902988723177395798e+02
1.932470776149332323e+02 1.903360545744911292e+02
1.931542472331454690e+02 1.903732368312426786e+02
1.930614168513577056e+02 1.904104190879942280e+02
1.929685864695699422e+02 1.904476013447457774e+02
1.928757560877821788e+02 1.904847836014973268e+02
1.927829257059944155e+02 1.905219658582488762e+02
1.926900953242066521e+02 1.905591481150004256e+02
1.925972649424188887e+02 1.905963303717519750e+02
1.925044345606311254e+02 1.906335126285035244e+02
1.924116041788433620e+02 1.906706948852550738e+02
1.923187737970555986e+02 1.907078771420066232e+02
1.922259434152678352e+02 1.907450593987581726e+02
1.921331130334800719e+02 1.907822416555097220e+02
1.920402826516923085e+02 1.908194239122612714e+02
1.919474522699045451e+02 1.908566061690128208e+02
1.918546218881167817e+02 1.908937884257643702e+02
1.917617915063290184e+02 1.909309706825159196e+02
1.916689611245412550e+02 1.909681529392674690e+02
1.915761307427534916e+02 1.910053351960190184e+02
1.914833003609657283e+02 1.910425174527705678e+02
1.913904699791779649e+02 1.910796997095221172e+02
1.912976395973902015e+02 1.911168819662736666e+02
1.912048092156024381e+02 1.911540642230252161e+02
1.911119788338146748e+02 1.911912464797767655e+02
1.910191484520269114e+02 1.912284287365283149e+02
1.909263180702391480e+02 1.912656109932798643e+02
1.908334876884513847e+02 1.913027932500314137e+02
1.907406573066636213e+02 1.913399755067829631e+02
1.906478269248758579e+02 1.913771577635345125e+02
1.905549965430880945e+02 1.914143400202860619e+02
1.904621661613003312e+02 1.914515222770376113e+02
1.903693357795125678e+02 1.914887045337891607e+02
1.902765053977248044e+02 1.915258867905407101e+02
1.901836750159370411e+02 1.915630690472922595e+02
1.900908446341492777e+02 1.916002513040438089e+02
1.899980142523615143e+02 1.916374335607953583e+02
1.899051838705737509e+02 1.916746158175469077e+02
1.898123534887859876e+02 1.917117980742984571e+02
1.897195231069982242e+02 1.917489803310500065e+02
1.896266927252104608e+02 1.917861625878015559e+02
1.895338623434226974e+02 1.918233448445531053e+02
1.894410319616349341e+02 1.918605271013046547e+02
1.893482015798471707e+02 1.918977093580562041e+02
1.892553711980594073e+02 1.919348916148077535e+02
1.891625408162716440e+02 1.919720738715593029e+02
1.890697104344838806e+02 1.920092561283108523e+02
1.889768800526961172e+02 1.920464383850624017e+02
1.888840496709083538e+02 1.920836206418139511e+02
1.887912192891205905e+02 1.921208028985655005e+02
1.886983889073328271e+02 1.921579851553170499e+02
1.886055585255450637e+02 1.921951674120685993e+02
1.884555535708169032e+02 1.922552503572604792e+02
