1.131172224638876713e+02 1.510761309043361962e+02
1.130534204515348051e+02 1.509991289354021262e+02
1.129896184391819389e+02 1.509221269664680563e+02
1.129258164268290727e+02 1.508451249975339863e+02
1.128620144144762065e+02 1.507681230285999163e+02
1.127982124021233403e+02 1.506911210596658464e+02
1.127344103897704741e+02 1.506141190907317764e+02
1.126706083774176079e+02 1.505371171217977064e+02
1.126068063650647417e+02 1.504601151528636365e+02
1.125430043527118755e+02 1.503831131839295665e+02
1.124792023403590093e+02 1.503061112149954965e+02
1.124154003280061431e+02 1.502291092460614266e+02
1.123515983156532769e+02 1.501521072771273566e+02
1.122877963033004107e+02 1.500751053081932866e+02
1.122239942909475445e+02 1.499981033392592167e+02
1.121601922785946783e+02 1.499211013703251467e+02
1.120963902662418121e+02 1.498440994013910768e+02
1.120325882538889459e+02 1.497670974324570068e+02
1.119687862415360797e+02 1.496900954635229368e+02
1.119049842291832135e+02 1.496130934945888669e+02
1.118411822168303473e+02 1.495360915256547969e+02
1.117773802044774811e+02 1.494590895567207269e+02
1.117135781921246149e+02 1.493820875877866570e+02
1.116497761797717487e+02 1.493050856188525870e+02
1.115859741674188825e+02 1.492280836499185170e+02
1.115221721550660163e+02 1.491510816809844471e+02
1.114583701427131501e+02 1.490740797120503771e+02
1.113945681303602839e+02 1.489970777431163071e+02
1.113307661180074177e+02 1.489200757741822372e+02
1.112669641056545515e+02 1.488430738052481672e+02
1.112031620933016853e+02 1.487660718363140973e+02
1.111393600809488191e+02 1.486890698673800273e+02
1.110755580685959529e+02 1.486120678984459573e+02
1.110117560562430867e+02 1.485350659295118874e+02
1.109479540438902205e+02 1.484580639605778174e+02
1.108841520315373543e+02 1.483810619916437474e+02
1.108203500191844881e+02 1.483040600227096775e+02
1.107565480068316219e+02 1.482270580537756075e+02
1.106927459944787557e+02 1.481500560848415375e+02
1.106289439821258895e+02 1.480730541159074676e+02
1.105651419697730233e+02 1.479960521469733976e+02
1.105013399574201571e+02 1.479190501780393276e+02
1.104375379450672909e+02 1.478420482091052577e+02
1.103737359327144247e+02 1.477650462401711877e+02
1.103099339203615585e+02 1.476880442712371178e+02
1.102461319080086923e+02 1.476110423023030478e+02
1.101823298956558261e+02 1.475340403333689778e+02
1.101185278833029599e+02 1.474570383644349079e+02
1.100547258709500937e+02 1.473800363955008379e+02
1.099909238585972275e+02 1.473030344265667679e+02
1.099271218462443613e+02 1.472260324576326980e+02
1.098633198338914951e+02 1.471490304886986280e+02
1.097995178215386289e+02 1.470720285197645580e+02
1.097357158091857627e+02 1.469950265508304881e+02
1.096719137968328965e+02 1.469180245818964181e+02
1.096081117844800303e+02 1.468410226129623481e+02
1.095443097721271641e+02 1.467640206440282782e+02
1.094805077597742979e+02 1.466870186750942082e+02
1.094167057474214317e+02 1.466100167061601383e+02
1.093529037350685655e+02 1.465330147372260683e+02
1.092891017227156993e+02 1.464560127682919983e+02
1.092252997103628331e+02 1.463790107993579284e+02
1.091614976980099669e+02 1.463020088304238584e+02
1.090976956856571007e+02 1.462250068614897884e+02
1.090338936733042345e+02 1.461480048925557185e+02
1.089700916609513683e+02 1.460710029236216485e+02
1.089062896485985021e+02 1.459940009546875785e+02
1.088424876362456359e+02 1.459169989857535086e+02
1.087786856238927697e+02 1.458399970168194386e+02
1.087148836115399035e+02 1.457629950478853686e+02
1.086510815991870373e+02 1.456859930789512987e+02
1.085872795868341711e+02 1.456089911100172287e+02
1.085234775744813049e+02 1.455319891410831588e+02
1.084596755621284387e+02 1.454549871721490888e+02
1.083958735497755725e+02 1.453779852032150188e+02
1.083320715374227063e+02 1.453009832342809489e+02
1.082682695250698401e+02 1.452239812653468789e+02
1.082044675127169739e+02 1.451469792964128089e+02
1.081406655003641077e+02 1.450699773274787390e+02
1.080768634880112415e+02 1.449929753585446690e+02
1.080130614756583753e+02 1.449159733896105990e+02
1.079492594633055091e+02 1.448389714206765291e+02
1.078854574509526429e+02 1.447619694517424591e+02
1.078216554385997767e+02 1.446849674828083891e+02
1.077578534262469105e+02 1.446079655138743192e+02
1.076940514138940443e+02 1.445309635449402492e+02
1.076302494015411781e+02 1.444539615760061793e+02
1.075664473891883119e+02 1.443769596070721093e+02
1.075026453768354457e+02 1.442999576381380393e+02
1.074388433644825795e+02 1.442229556692039694e+02
1.073750413521297133e+02 1.441459537002698994e+02
1.073112393397768471e+02 1.440689517313358294e+02
1.072474373274239809e+02 1.439919497624017595e+02
1.071836353150711147e+02 1.439149477934676895e+02
1.071198333027182485e+02 1.438379458245336195e+02
1.070560312903653823e+02 1.437609438555995496e+02
1.069922292780125161e+02 1.436839418866654796e+02
1.069284272656596499e+02 1.436069399177314097e+02
1.068646252533067837e+02 1.435299379487973397e+02
1.068008232409539175e+02 1.434529359798632697e+02
1.067370212286010513e+02 1.433759340109291998e+02
1.066732192162481851e+02 1.432989320419951298e+02
1.066094172038953189e+02 1.432219300730610598e+02
1.065456151915424527e+02 1.431449281041269899e+02
1.064818131791895865e+02 1.430679261351929199e+02
1.064180111668367203e+02 1.429909241662588499e+02
1.063542091544838541e+02 1.429139221973247800e+02
1.062904071421309879e+02 1.428369202283907100e+02
1.062266051297781217e+02 1.427599182594566400e+02
1.061628031174252556e+02 1.426829162905225701e+02
1.060990011050723894e+02 1.426059143215885001e+02
1.060351990927195232e+02 1.425289123526544302e+02
1.059713970803666570e+02 1.424519103837203602e+02
1.059075950680137908e+02 1.423749084147862902e+02
1.058437930556609246e+02 1.422979064458522203e+02
1.057799910433080584e+02 1.422209044769181503e+02
1.057161890309551922e+02 1.421439025079840803e+02
1.056523870186023260e+02 1.420669005390500104e+02
1.055885850062494598e+02 1.419898985701159404e+02
1.055247829938965936e+02 1.419128966011818704e+02
1.054609809815437274e+02 1.418358946322478005e+02
1.053971789691908612e+02 1.417588926633137305e+02
1.053333769568379950e+02 1.416818906943796605e+02
1.052695749444851288e+02 1.416048887254455906e+02
1.052057729321322626e+02 1.415278867565115206e+02
1.051419709197793964e+02 1.414508847875774507e+02
1.050781689074265302e+02 1.413738828186433807e+02
1.050143668950736640e+02 1.412968808497093107e+02
1.049505648827207978e+02 1.412198788807752408e+02
1.048867628703679316e+02 1.411428769118411708e+02
1.048229608580150654e+02 1.410658749429071008e+02
1.047591588456621992e+02 1.409888729739730309e+02
1.046953568333093330e+02 1.409118710050389609e+02
1.046315548209564668e+02 1.408348690361048909e+02
1.045677528086036006e+02 1.407578670671708210e+02
1.045039507962507344e+02 1.406808650982367510e+02
1.044401487838978682e+02 1.406038631293026810e+02
1.043763467715450020e+02 1.405268611603686111e+02
1.043125447591921358e+02 1.404498591914345411e+02
1.042487427468392696e+02 1.403728572225004712e+02
1.041849407344864034e+02 1.402958552535664012e+02
1.041211387221335372e+02 1.402188532846323312e+02
1.040573367097806710e+02 1.401418513156982613e+02
1.039935346974278048e+02 1.400648493467641913e+02
1.039297326850749386e+02 1.399878473778301213e+02
1.038659306727220724e+02 1.399108454088960514e+02
1.038021286603692062e+02 1.398338434399619814e+02
1.037383266480163400e+02 1.397568414710279114e+02
1.036745246356634738e+02 1.396798395020938415e+02
1.036107226233106076e+02 1.396028375331597715e+02
1.035469206109577414e+02 1.395258355642257015e+02
1.034831185986048752e+02 1.394488335952916316e+02
1.034193165862520090e+02 1.393718316263575616e+02
1.033555145738991428e+02 1.392948296574234917e+02
1.032917125615462766e+02 1.392178276884894217e+02
1.032279105491934104e+02 1.391408257195553517e+02
1.031641085368405442e+02 1.390638237506212818e+02
1.031003065244876780e+02 1.389868217816872118e+02
1.030365045121348118e+02 1.389098198127531418e+02
1.029727024997819456e+02 1.388328178438190719e+02
1.029089004874290794e+02 1.387558158748850019e+02
1.028450984750762132e+02 1.386788139059509319e+02
1.027812964627233470e+02 1.386018119370168620e+02
1.027174944503704808e+02 1.385248099680827920e+02
1.026536924380176146e+02 1.384478079991487220e+02
1.025898904256647484e+02 1.383708060302146521e+02
1.025260884133118822e+02 1.382938040612805821e+02
1.024622864009590160e+02 1.382168020923465122e+02
1.023984843886061498e+02 1.381398001234124422e+02
1.023346823762532836e+02 1.380627981544783722e+02
1.022708803639004174e+02 1.379857961855443023e+02
1.022070783515475512e+02 1.379087942166102323e+02
1.021237240584394357e+02 1.378081948083487873e+02
1.021981050487660809e+02 1.377413556859874859e+02
1.022724860390927262e+02 1.376745165636261845e+02
1.023468670294193714e+02 1.376076774412648831e+02
1.024212480197460167e+02 1.375408383189035817e+02
1.024956290100726619e+02 1.374739991965422803e+02
1.025700100003993072e+02 1.374071600741809789e+02
1.026443909907259524e+02 1.373403209518196775e+02
1.027187719810525977e+02 1.372734818294583761e+02
1.027931529713792429e+02 1.372066427070970747e+02
1.028675339617058881e+02 1.371398035847357733e+02
1.029419149520325334e+02 1.370729644623744719e+02
1.030162959423591786e+02 1.370061253400131704e+02
1.030906769326858239e+02 1.369392862176518690e+02
1.031650579230124691e+02 1.368724470952905676e+02
1.032394389133391144e+02 1.368056079729292662e+02
1.033138199036657596e+02 1.367387688505679648e+02
1.033882008939924049e+02 1.366719297282066634e+02
1.034625818843190501e+02 1.366050906058453620e+02
1.035369628746456954e+02 1.365382514834840606e+02
1.036113438649723406e+02 1.364714123611227592e+02
1.036857248552989859e+02 1.364045732387614578e+02
1.037601058456256311e+02 1.363377341164001564e+02
1.038344868359522764e+02 1.362708949940388550e+02
1.039088678262789216e+02 1.362040558716775536e+02
1.039832488166055668e+02 1.361372167493162522e+02
1.040576298069322121e+02 1.360703776269549508e+02
1.041320107972588573e+02 1.360035385045936493e+02
1.042063917875855026e+02 1.359366993822323479e+02
1.042807727779121478e+02 1.358698602598710465e+02
1.043551537682387931e+02 1.358030211375097451e+02
1.044295347585654383e+02 1.357361820151484437e+02
1.045039157488920836e+02 1.356693428927871423e+02
1.045782967392187288e+02 1.356025037704258409e+02
1.046526777295453741e+02 1.355356646480645395e+02
1.047270587198720193e+02 1.354688255257032381e+02
1.048014397101986646e+02 1.354019864033419367e+02
1.048758207005253098e+02 1.353351472809806353e+02
1.049502016908519550e+02 1.352683081586193339e+02
1.050245826811786003e+02 1.352014690362580325e+02
1.050989636715052455e+02 1.351346299138967311e+02
1.051733446618318908e+02 1.350677907915354297e+02
1.052477256521585360e+02 1.350009516691741283e+02
1.053221066424851813e+02 1.349341125468128268e+02
1.053964876328118265e+02 1.348672734244515254e+02
1.054708686231384718e+02 1.348004343020902240e+02
1.055452496134651170e+02 1.347335951797289226e+02
1.056196306037917623e+02 1.346667560573676212e+02
1.056940115941184075e+02 1.345999169350063198e+02
1.057683925844450528e+02 1.345330778126450184e+02
1.058427735747716980e+02 1.344662386902837170e+02
1.059171545650983433e+02 1.343993995679224156e+02
1.059915355554249885e+02 1.343325604455611142e+02
1.060659165457516337e+02 1.342657213231998128e+02
1.061402975360782790e+02 1.341988822008385114e+02
1.062146785264049242e+02 1.341320430784772100e+02
1.062890595167315695e+02 1.340652039561159086e+02
1.063634405070582147e+02 1.339983648337546072e+02
1.064378214973848600e+02 1.339315257113933058e+02
1.065122024877115052e+02 1.338646865890320043e+02
1.065865834780381505e+02 1.337978474666707029e+02
1.066609644683647957e+02 1.337310083443094015e+02
1.067353454586914410e+02 1.336641692219481001e+02
1.068097264490180862e+02 1.335973300995867987e+02
1.068841074393447315e+02 1.335304909772254973e+02
1.069584884296713767e+02 1.334636518548641959e+02
1.070328694199980220e+02 1.333968127325028945e+02
1.071072504103246672e+02 1.333299736101415931e+02
1.071816314006513124e+02 1.332631344877802917e+02
1.072560123909779577e+02 1.331962953654189903e+02
1.073303933813046029e+02 1.331294562430576889e+02
1.074047743716312482e+02 1.330626171206963875e+02
1.074791553619578934e+02 1.329957779983350861e+02
1.075535363522845387e+02 1.329289388759737847e+02
1.076279173426111839e+02 1.328620997536124833e+02
1.077022983329378292e+02 1.327952606312511818e+02
1.077766793232644744e+02 1.327284215088898804e+02
1.078510603135911197e+02 1.326615823865285790e+02
1.079254413039177649e+02 1.325947432641672776e+02
1.079998222942444102e+02 1.325279041418059762e+02
1.080742032845710554e+02 1.324610650194446748e+02
1.081485842748977007e+02 1.323942258970833734e+02
1.082229652652243459e+02 1.323273867747220720e+02
1.082973462555509911e+02 1.322605476523607706e+02
1.083717272458776364e+02 1.321937085299994692e+02
1.084461082362042816e+02 1.321268694076381678e+02
1.085204892265309269e+02 1.320600302852768664e+02
1.085948702168575721e+02 1.319931911629155650e+02
1.086692512071842174e+02 1.319263520405542636e+02
1.087436321975108626e+02 1.318595129181929622e+02
1.088180131878375079e+02 1.317926737958316608e+02
1.088923941781641531e+02 1.317258346734703593e+02
1.089667751684907984e+02 1.316589955511090579e+02
1.090411561588174436e+02 1.315921564287477565e+02
1.091155371491440889e+02 1.315253173063864551e+02
1.091899181394707341e+02 1.314584781840251537e+02
1.092642991297973794e+02 1.313916390616638523e+02
1.093386801201240246e+02 1.313247999393025509e+02
1.094130611104506698e+02 1.312579608169412495e+02
1.094874421007773151e+02 1.311911216945799481e+02
1.095618230911039603e+02 1.311242825722186467e+02
1.096362040814306056e+02 1.310574434498573453e+02
1.097105850717572508e+02 1.309906043274960439e+02
1.097849660620838961e+02 1.309237652051347425e+02
1.098593470524105413e+02 1.308569260827734411e+02
1.099337280427371866e+02 1.307900869604121397e+02
1.100081090330638318e+02 1.307232478380508383e+02
1.100824900233904771e+02 1.306564087156895368e+02
1.101568710137171223e+02 1.305895695933282354e+02
1.102312520040437676e+02 1.305227304709669340e+02
1.103056329943704128e+02 1.304558913486056326e+02
1.103800139846970580e+02 1.303890522262443312e+02
1.104543949750237033e+02 1.303222131038830298e+02
1.105287759653503485e+02 1.302553739815217284e+02
1.106031569556769938e+02 1.301885348591604270e+02
1.106775379460036390e+02 1.301216957367991256e+02
1.107519189363302843e+02 1.300548566144378242e+02
1.108262999266569295e+02 1.299880174920765228e+02
1.109006809169835748e+02 1.299211783697152214e+02
1.109750619073102200e+02 1.298543392473539200e+02
1.110494428976368653e+02 1.297875001249926186e+02
1.111238238879635105e+02 1.297206610026313172e+02
1.111982048782901558e+02 1.296538218802700158e+02
1.112725858686168010e+02 1.295869827579087143e+02
1.113469668589434463e+02 1.295201436355474129e+02
1.114213478492700915e+02 1.294533045131861115e+02
1.114957288395967367e+02 1.293864653908248101e+02
1.115701098299233820e+02 1.293196262684635087e+02
1.116444908202500272e+02 1.292527871461022073e+02
1.117188718105766725e+02 1.291859480237409059e+02
1.117932528009033177e+02 1.291191089013796045e+02
1.118676337912299630e+02 1.290522697790183031e+02
1.119420147815566082e+02 1.289854306566570017e+02
1.120163957718832535e+02 1.289185915342957003e+02
1.120907767622098987e+02 1.288517524119343989e+02
1.121651577525365440e+02 1.287849132895730975e+02
1.122395387428631892e+02 1.287180741672117961e+02
1.123139197331898345e+02 1.286512350448504947e+02
1.123883007235164797e+02 1.285843959224891933e+02
1.124626817138431250e+02 1.285175568001278918e+02
1.125370627041697702e+02 1.284507176777665904e+02
1.126114436944964154e+02 1.283838785554052890e+02
1.126858246848230607e+02 1.283170394330439876e+02
1.127602056751497059e+02 1.282502003106826862e+02
1.128345866654763512e+02 1.281833611883213848e+02
1.129089676558029964e+02 1.281165220659600834e+02
1.129833486461296417e+02 1.280496829435987820e+02
1.130577296364562869e+02 1.279828438212374948e+02
1.131321106267829322e+02 1.279160046988762076e+02
1.132064916171095774e+02 1.278491655765149204e+02
1.132808726074362227e+02 1.277823264541536332e+02
1.133552535977628679e+02 1.277154873317923460e+02
1.134296345880895132e+02 1.276486482094310588e+02
1.135040155784161584e+02 1.275818090870697716e+02
1.135783965687428037e+02 1.275149699647084844e+02
1.136527775590694489e+02 1.274481308423471972e+02
1.137271585493960941e+02 1.273812917199859100e+02
1.138015395397227394e+02 1.273144525976246229e+02
1.138759205300493846e+02 1.272476134752633357e+02
1.139503015203760299e+02 1.271807743529020485e+02
1.140246825107026751e+02 1.271139352305407613e+02
1.140990635010293204e+02 1.270470961081794741e+02
1.141734444913559656e+02 1.269802569858181869e+02
1.142478254816826109e+02 1.269134178634568997e+02
1.143222064720092561e+02 1.268465787410956125e+02
1.143965874623359014e+02 1.267797396187343253e+02
1.144709684526625466e+02 1.267129004963730381e+02
1.145453494429891919e+02 1.266460613740117509e+02
1.146197304333158371e+02 1.265792222516504637e+02
1.146941114236424824e+02 1.265123831292891765e+02
1.147684924139691276e+02 1.264455440069278893e+02
1.148428734042957728e+02 1.263787048845666021e+02
1.149172543946224181e+02 1.263118657622053149e+02
1.149916353849490633e+02 1.262450266398440277e+02
1.150660163752757086e+02 1.261781875174827405e+02
1.151403973656023538e+02 1.261113483951214533e+02
1.152147783559289991e+02 1.260445092727601661e+02
1.152891593462556443e+02 1.259776701503988789e+02
1.153635403365822896e+02 1.259108310280375918e+02
1.154379213269089348e+02 1.258439919056763046e+02
1.155123023172355801e+02 1.257771527833150174e+02
1.155866833075622253e+02 1.257103136609537302e+02
1.156610642978888706e+02 1.256434745385924430e+02
1.157354452882155158e+02 1.255766354162311558e+02
1.158098262785421610e+02 1.255097962938698686e+02
1.158842072688688063e+02 1.254429571715085814e+02
1.159585882591954515e+02 1.253761180491472942e+02
1.160329692495220968e+02 1.253092789267860070e+02
1.161073502398487420e+02 1.252424398044247198e+02
1.161817312301753873e+02 1.251756006820634326e+02
1.162561122205020325e+02 1.251087615597021454e+02
1.163304932108286778e+02 1.250419224373408582e+02
1.164048742011553230e+02 1.249750833149795710e+02
1.164792551914819683e+02 1.249082441926182838e+02
1.165536361818086135e+02 1.248414050702569966e+02
1.166280171721352588e+02 1.247745659478957094e+02
1.167023981624619040e+02 1.247077268255344222e+02
1.167767791527885493e+02 1.246408877031731350e+02
1.168511601431151945e+02 1.245740485808118478e+02
1.169255411334418397e+02 1.245072094584505606e+02
1.169999221237684850e+02 1.244403703360892735e+02
1.170743031140951302e+02 1.243735312137279863e+02
1.171486841044217755e+02 1.243066920913666991e+02
1.172230650947484207e+02 1.242398529690054119e+02
1.172974460850750660e+02 1.241730138466441247e+02
1.173718270754017112e+02 1.241061747242828375e+02
1.174462080657283565e+02 1.240393356019215503e+02
1.175205890560550017e+02 1.239724964795602631e+02
1.175949700463816470e+02 1.239056573571989759e+02
1.176693510367082922e+02 1.238388182348376887e+02
1.177437320270349375e+02 1.237719791124764015e+02
1.178181130173615827e+02 1.237051399901151143e+02
1.178924940076882280e+02 1.236383008677538271e+02
1.179668749980148732e+02 1.235714617453925399e+02
1.180412559883415184e+02 1.235046226230312527e+02
1.181156369786681637e+02 1.234377835006699655e+02
1.181900179689948089e+02 1.233709443783086783e+02
1.182643989593214542e+02 1.233041052559473911e+02
1.183387799496480994e+02 1.232372661335861039e+02
1.184131609399747447e+02 1.231704270112248167e+02
1.184875419303013899e+02 1.231035878888635295e+02
1.185619229206280352e+02 1.230367487665022423e+02
1.186363039109546804e+02 1.229699096441409552e+02
1.187106849012813257e+02 1.229030705217796680e+02
1.187850658916079709e+02 1.228362313994183808e+02
1.188594468819346162e+02 1.227693922770570936e+02
1.189338278722612614e+02 1.227025531546958064e+02
1.190082088625879067e+02 1.226357140323345192e+02
1.190825898529145519e+02 1.225688749099732320e+02
1.191569708432411971e+02 1.225020357876119448e+02
1.192313518335678424e+02 1.224351966652506576e+02
1.193057328238944876e+02 1.223683575428893704e+02
1.193801138142211329e+02 1.223015184205280832e+02
1.194544948045477781e+02 1.222346792981667960e+02
1.195288757948744234e+02 1.221678401758055088e+02
1.196032567852010686e+02 1.221010010534442216e+02
1.196776377755277139e+02 1.220341619310829344e+02
1.197520187658543591e+02 1.219673228087216472e+02
1.198263997561810044e+02 1.219004836863603600e+02
1.199007807465076496e+02 1.218336445639990728e+02
1.199751617368342949e+02 1.217668054416377856e+02
1.200495427271609401e+02 1.216999663192764984e+02
1.201239237174875853e+02 1.216331271969152112e+02
1.201983047078142306e+02 1.215662880745539240e+02
1.202726856981408758e+02 1.214994489521926369e+02
1.203470666884675211e+02 1.214326098298313497e+02
1.204214476787941663e+02 1.213657707074700625e+02
1.204958286691208116e+02 1.212989315851087753e+02
1.205702096594474568e+02 1.212320924627474881e+02
1.206445906497741021e+02 1.211652533403862009e+02
1.207189716401007473e+02 1.210984142180249137e+02
1.207933526304273926e+02 1.210315750956636265e+02
1.208677336207540378e+02 1.209647359733023393e+02
1.209421146110806831e+02 1.208978968509410521e+02
1.210164956014073283e+02 1.208310577285797649e+02
1.210908765917339736e+02 1.207642186062184777e+02
1.211652575820606188e+02 1.206973794838571905e+02
1.212396385723872640e+02 1.206305403614959033e+02
1.213140195627139093e+02 1.205637012391346161e+02
1.213884005530405545e+02 1.204968621167733289e+02
1.214627815433671998e+02 1.204300229944120417e+02
1.215371625336938450e+02 1.203631838720507545e+02
1.216115435240204903e+02 1.202963447496894673e+02
1.216859245143471355e+02 1.202295056273281801e+02
1.217603055046737808e+02 1.201626665049668929e+02
1.218346864950004260e+02 1.200958273826056057e+02
1.219090674853270713e+02 1.200289882602443186e+02
1.219834484756537165e+02 1.199621491378830314e+02
1.220578294659803618e+02 1.198953100155217442e+02
1.221322104563070070e+02 1.198284708931604570e+02
1.222065914466336523e+02 1.197616317707991698e+02
1.222809724369602975e+02 1.196947926484378826e+02
1.223553534272869427e+02 1.196279535260765954e+02
1.224297344176135880e+02 1.195611144037153082e+02
1.225041154079402332e+02 1.194942752813540210e+02
1.225784963982668785e+02 1.194274361589927338e+02
1.226528773885935237e+02 1.193605970366314466e+02
1.227272583789201690e+02 1.192937579142701594e+02
1.228016393692468142e+02 1.192269187919088722e+02
1.228760203595734595e+02 1.191600796695475850e+02
1.229504013499001047e+02 1.190932405471862978e+02
1.230247823402267500e+02 1.190264014248250106e+02
1.230991633305533952e+02 1.189595623024637234e+02
1.231735443208800405e+02 1.188927231801024362e+02
1.232479253112066857e+02 1.188258840577411490e+02
1.233223063015333310e+02 1.187590449353798618e+02
1.233966872918599762e+02 1.186922058130185746e+02
1.234710682821866214e+02 1.186253666906572874e+02
1.235454492725132667e+02 1.185585275682960003e+02
1.236198302628399119e+02 1.184916884459347131e+02
1.236942112531665572e+02 1.184248493235734259e+02
1.237685922434932024e+02 1.183580102012121387e+02
1.238429732338198477e+02 1.182911710788508515e+02
1.239173542241464929e+02 1.182243319564895643e+02
1.239917352144731382e+02 1.181574928341282771e+02
1.240661162047997834e+02 1.180906537117669899e+02
1.241404971951264287e+02 1.180238145894057027e+02
1.242148781854530739e+02 1.179569754670444155e+02
1.242892591757797192e+02 1.178901363446831283e+02
1.243636401661063644e+02 1.178232972223218411e+02
1.244380211564330097e+02 1.177564580999605539e+02
1.245124021467596549e+02 1.176896189775992667e+02
1.245867831370863001e+02 1.176227798552379795e+02
1.246611641274129454e+02 1.175559407328766923e+02
1.247355451177395906e+02 1.174891016105154051e+02
1.248099261080662359e+02 1.174222624881541179e+02
1.248843070983928811e+02 1.173554233657928307e+02
1.249586880887195264e+02 1.172885842434315435e+02
1.250330690790461716e+02 1.172217451210702563e+02
1.251074500693728169e+02 1.171549059987089692e+02
1.251818310596994621e+02 1.170880668763476820e+02
1.252562120500261074e+02 1.170212277539863948e+02
1.253305930403527526e+02 1.169543886316251076e+02
1.254049740306793979e+02 1.168875495092638204e+02
1.254793550210060431e+02 1.168207103869025332e+02
1.255537360113326883e+02 1.167538712645412460e+02
1.256281170016593336e+02 1.166870321421799588e+02
1.257024979919859788e+02 1.166201930198186716e+02
1.257768789823126241e+02 1.165533538974573844e+02
1.258512599726392693e+02 1.164865147750960972e+02
1.259256409629659146e+02 1.164196756527348100e+02
1.260000219532925598e+02 1.163528365303735228e+02
1.260744029436192051e+02 1.162859974080122356e+02
1.261487839339458503e+02 1.162191582856509484e+02
1.262231649242724956e+02 1.161523191632896612e+02
1.262975459145991408e+02 1.160854800409283740e+02
1.263719269049257861e+02 1.160186409185670868e+02
1.264463078952524313e+02 1.159518017962057996e+02
1.265206888855790766e+02 1.158849626738445124e+02
1.265950698759057218e+02 1.158181235514832252e+02
1.266694508662323670e+02 1.157512844291219380e+02
1.267438318565590123e+02 1.156844453067606509e+02
1.268182128468856575e+02 1.156176061843993637e+02
1.268925938372123028e+02 1.155507670620380765e+02
1.269669748275389480e+02 1.154839279396767893e+02
1.270413558178655933e+02 1.154170888173155021e+02
1.271157368081922385e+02 1.153502496949542149e+02
1.271901177985188838e+02 1.152834105725929277e+02
1.272644987888455290e+02 1.152165714502316405e+02
1.273388797791721743e+02 1.151497323278703533e+02
1.274132607694988195e+02 1.150828932055090661e+02
1.274876417598254648e+02 1.150160540831477789e+02
1.275620227501521100e+02 1.149492149607864917e+02
1.276364037404787553e+02 1.148823758384252045e+02
1.277107847308054005e+02 1.148155367160639173e+02
1.277851657211320457e+02 1.147486975937026301e+02
1.278595467114586910e+02 1.146818584713413429e+02
1.279339277017853362e+02 1.146150193489800557e+02
1.280083086921119957e+02 1.145481802266187685e+02
1.280826896824386552e+02 1.144813411042574813e+02
1.281570706727653146e+02 1.144145019818961941e+02
1.282314516630919741e+02 1.143476628595349069e+02
1.283058326534186335e+02 1.142808237371736197e+02
1.283802136437452930e+02 1.142139846148123326e+02
1.284545946340719524e+02 1.141471454924510454e+02
1.285289756243986119e+02 1.140803063700897582e+02
1.286033566147252714e+02 1.140134672477284710e+02
1.286777376050519308e+02 1.139466281253671838e+02
1.287521185953785903e+02 1.138797890030058966e+02
1.288264995857052497e+02 1.138129498806446094e+02
1.289008805760319092e+02 1.137461107582833222e+02
1.289752615663585686e+02 1.136792716359220350e+02
1.290496425566852281e+02 1.136124325135607478e+02
1.291240235470118876e+02 1.135455933911994606e+02
1.291984045373385470e+02 1.134787542688381734e+02
1.292727855276652065e+02 1.134119151464768862e+02
1.293471665179918659e+02 1.133450760241155990e+02
1.294215475083185254e+02 1.132782369017543118e+02
1.294959284986451848e+02 1.132113977793930246e+02
1.295703094889718443e+02 1.131445586570317374e+02
1.296446904792985038e+02 1.130777195346704502e+02
1.297190714696251632e+02 1.130108804123091630e+02
1.297934524599518227e+02 1.129440412899478758e+02
1.298678334502784821e+02 1.128772021675865886e+02
1.299422144406051416e+02 1.128103630452253014e+02
1.300165954309318010e+02 1.127435239228640143e+02
1.300909764212584605e+02 1.126766848005027271e+02
1.301653574115851200e+02 1.126098456781414399e+02
1.302397384019117794e+02 1.125430065557801527e+02
1.303141193922384389e+02 1.124761674334188655e+02
1.303885003825650983e+02 1.124093283110575783e+02
1.304628813728917578e+02 1.123424891886962911e+02
1.305372623632184172e+02 1.122756500663350039e+02
1.306116433535450767e+02 1.122088109439737167e+02
1.306860243438717362e+02 1.121419718216124295e+02
1.307604053341983956e+02 1.120751326992511423e+02
1.308347863245250551e+02 1.120082935768898551e+02
1.309091673148517145e+02 1.119414544545285679e+02
1.309835483051783740e+02 1.118746153321672807e+02
1.310579292955050335e+02 1.118077762098059935e+02
1.311323102858316929e+02 1.117409370874447063e+02
1.312066912761583524e+02 1.116740979650834191e+02
1.312810722664850118e+02 1.116072588427221319e+02
1.313554532568116713e+02 1.115404197203608447e+02
1.314298342471383307e+02 1.114735805979995575e+02
1.315042152374649902e+02 1.114067414756382703e+02
1.315785962277916497e+02 1.113399023532769831e+02
1.316529772181183091e+02 1.112730632309156960e+02
1.317273582084449686e+02 1.112062241085544088e+02
1.318017391987716280e+02 1.111393849861931216e+02
1.318761201890982875e+02 1.110725458638318344e+02
1.319505011794249469e+02 1.110057067414705472e+02
1.320248821697516064e+02 1.109388676191092600e+02
1.320992631600782659e+02 1.108720284967479728e+02
1.321736441504049253e+02 1.108051893743866856e+02
1.322480251407315848e+02 1.107383502520253984e+02
1.323224061310582442e+02 1.106715111296641112e+02
1.323967871213849037e+02 1.106046720073028240e+02
1.324711681117115631e+02 1.105378328849415368e+02
1.325455491020382226e+02 1.104709937625802496e+02
1.326199300923648821e+02 1.104041546402189624e+02
1.326943110826915415e+02 1.103373155178576752e+02
1.327686920730182010e+02 1.102704763954963880e+02
1.328430730633448604e+02 1.102036372731351008e+02
1.329174540536715199e+02 1.101367981507738136e+02
1.329918350439981793e+02 1.100699590284125264e+02
1.330662160343248388e+02 1.100031199060512392e+02
1.331405970246514983e+02 1.099362807836899520e+02
1.332149780149781577e+02 1.098694416613286648e+02
1.332893590053048172e+02 1.098026025389673777e+02
1.333637399956314766e+02 1.097357634166060905e+02
1.334381209859581361e+02 1.096689242942448033e+02
1.335125019762847955e+02 1.096020851718835161e+02
1.335868829666114550e+02 1.095352460495222289e+02
1.336612639569381145e+02 1.094684069271609417e+02
1.337356449472647739e+02 1.094015678047996545e+02
1.338100259375914334e+02 1.093347286824383673e+02
1.338844069279180928e+02 1.092678895600770801e+02
1.339587879182447523e+02 1.092010504377157929e+02
1.340331689085714117e+02 1.091342113153545057e+02
1.341075498988980712e+02 1.090673721929932185e+02
1.341819308892247307e+02 1.090005330706319313e+02
1.342563118795513901e+02 1.089336939482706441e+02
1.343306928698780496e+02 1.088668548259093569e+02
1.344050738602047090e+02 1.088000157035480697e+02
1.344794548505313685e+02 1.087331765811867825e+02
1.345538358408580280e+02 1.086663374588254953e+02
1.346282168311846874e+02 1.085994983364642081e+02
1.347025978215113469e+02 1.085326592141029209e+02
1.347769788118380063e+02 1.084658200917416337e+02
1.348513598021646658e+02 1.083989809693803466e+02
1.349257407924913252e+02 1.083321418470190594e+02
1.350001217828179847e+02 1.082653027246577722e+02
1.350745027731446442e+02 1.081984636022964850e+02
1.351488837634713036e+02 1.081316244799351978e+02
1.352232647537979631e+02 1.080647853575739106e+02
1.352976457441246225e+02 1.079979462352126234e+02
1.353720267344512820e+02 1.079311071128513362e+02
1.354464077247779414e+02 1.078642679904900490e+02
1.355207887151046009e+02 1.077974288681287618e+02
1.355951697054312604e+02 1.077305897457674746e+02
1.356695506957579198e+02 1.076637506234061874e+02
1.357439316860845793e+02 1.075969115010449002e+02
1.358183126764112387e+02 1.075300723786836130e+02
1.358926936667378982e+02 1.074632332563223258e+02
1.359670746570645576e+02 1.073963941339610386e+02
1.360414556473912171e+02 1.073295550115997514e+02
1.361158366377178766e+02 1.072627158892384642e+02
1.361902176280445360e+02 1.071958767668771770e+02
1.362645986183711955e+02 1.071290376445158898e+02
1.363389796086978549e+02 1.070621985221546026e+02
1.364133605990245144e+02 1.069953593997933154e+02
1.364877415893511738e+02 1.069285202774320283e+02
1.365621225796778333e+02 1.068616811550707411e+02
1.366365035700044928e+02 1.067948420327094539e+02
1.367436419864322659e+02 1.066985669267475458e+02
1.366966476188303545e+02 1.067868365671325392e+02
1.366496532512284432e+02 1.068751062075175327e+02
1.366026588836265319e+02 1.069633758479025261e+02
1.365556645160246205e+02 1.070516454882875195e+02
1.365086701484227092e+02 1.071399151286725129e+02
1.364616757808207979e+02 1.072281847690575063e+02
1.364146814132188865e+02 1.073164544094424997e+02
1.363676870456169752e+02 1.074047240498274931e+02
1.363206926780150638e+02 1.074929936902124865e+02
1.362736983104131525e+02 1.075812633305974799e+02
1.362267039428112412e+02 1.076695329709824733e+02
1.361797095752093298e+02 1.077578026113674667e+02
1.361327152076074185e+02 1.078460722517524601e+02
1.360857208400055072e+02 1.079343418921374536e+02
1.360387264724035958e+02 1.080226115325224470e+02
1.359917321048016845e+02 1.081108811729074404e+02
1.359447377371997732e+02 1.081991508132924338e+02
1.358977433695978618e+02 1.082874204536774272e+02
1.358507490019959505e+02 1.083756900940624206e+02
1.358037546343940392e+02 1.084639597344474140e+02
1.357567602667921278e+02 1.085522293748324074e+02
1.357097658991902165e+02 1.086404990152174008e+02
1.356627715315883052e+02 1.087287686556023942e+02
1.356157771639863938e+02 1.088170382959873876e+02
1.355687827963844825e+02 1.089053079363723811e+02
1.355217884287825711e+02 1.089935775767573745e+02
1.354747940611806598e+02 1.090818472171423679e+02
1.354277996935787485e+02 1.091701168575273613e+02
1.353808053259768371e+02 1.092583864979123547e+02
1.353338109583749258e+02 1.093466561382973481e+02
1.352868165907730145e+02 1.094349257786823415e+02
1.352398222231711031e+02 1.095231954190673349e+02
1.351928278555691918e+02 1.096114650594523283e+02
1.351458334879672805e+02 1.096997346998373217e+02
1.350988391203653691e+02 1.097880043402223151e+02
1.350518447527634578e+02 1.098762739806073085e+02
1.350048503851615465e+02 1.099645436209923020e+02
1.349578560175596351e+02 1.100528132613772954e+02
1.349108616499577238e+02 1.101410829017622888e+02
1.348638672823558124e+02 1.102293525421472822e+02
1.348168729147539011e+02 1.103176221825322756e+02
1.347698785471519898e+02 1.104058918229172690e+02
1.347228841795500784e+02 1.104941614633022624e+02
1.346758898119481671e+02 1.105824311036872558e+02
1.346288954443462558e+02 1.106707007440722492e+02
1.345819010767443444e+02 1.107589703844572426e+02
1.345349067091424331e+02 1.108472400248422360e+02
1.344879123415405218e+02 1.109355096652272294e+02
1.344409179739386104e+02 1.110237793056122229e+02
1.343939236063366991e+02 1.111120489459972163e+02
1.343469292387347878e+02 1.112003185863822097e+02
1.342999348711328764e+02 1.112885882267672031e+02
1.342529405035309651e+02 1.113768578671521965e+02
1.342059461359290538e+02 1.114651275075371899e+02
1.341589517683271424e+02 1.115533971479221833e+02
1.341119574007252311e+02 1.116416667883071767e+02
1.340649630331233197e+02 1.117299364286921701e+02
1.340179686655214084e+02 1.118182060690771635e+02
1.339709742979194971e+02 1.119064757094621569e+02
1.339239799303175857e+02 1.119947453498471504e+02
1.338769855627156744e+02 1.120830149902321438e+02
1.338299911951137631e+02 1.121712846306171372e+02
1.337829968275118517e+02 1.122595542710021306e+02
1.337360024599099404e+02 1.123478239113871240e+02
1.336890080923080291e+02 1.124360935517721174e+02
1.336420137247061177e+02 1.125243631921571108e+02
1.335950193571042064e+02 1.126126328325421042e+02
1.335480249895022951e+02 1.127009024729270976e+02
1.335010306219003837e+02 1.127891721133120910e+02
1.334540362542984724e+02 1.128774417536970844e+02
1.334070418866965611e+02 1.129657113940820778e+02
1.333600475190946497e+02 1.130539810344670713e+02
1.333130531514927384e+02 1.131422506748520647e+02
1.332660587838908270e+02 1.132305203152370581e+02
1.332190644162889157e+02 1.133187899556220515e+02
1.331720700486870044e+02 1.134070595960070449e+02
1.331250756810850930e+02 1.134953292363920383e+02
1.330780813134831817e+02 1.135835988767770317e+02
1.330310869458812704e+02 1.136718685171620251e+02
1.329840925782793590e+02 1.137601381575470185e+02
1.329370982106774477e+02 1.138484077979320119e+02
1.328901038430755364e+02 1.139366774383170053e+02
1.328431094754736250e+02 1.140249470787019987e+02
1.327961151078717137e+02 1.141132167190869922e+02
1.327491207402698024e+02 1.142014863594719856e+02
1.327021263726678910e+02 1.142897559998569790e+02
1.326551320050659797e+02 1.143780256402419724e+02
1.326081376374640683e+02 1.144662952806269658e+02
1.325611432698621570e+02 1.145545649210119592e+02
1.325141489022602457e+02 1.146428345613969526e+02
1.324671545346583343e+02 1.147311042017819460e+02
1.324201601670564230e+02 1.148193738421669394e+02
1.323731657994545117e+02 1.149076434825519328e+02
1.323261714318526003e+02 1.149959131229369262e+02
1.322791770642506890e+02 1.150841827633219197e+02
1.322321826966487777e+02 1.151724524037069131e+02
1.321851883290468663e+02 1.152607220440919065e+02
1.321381939614449550e+02 1.153489916844768999e+02
1.320911995938430437e+02 1.154372613248618933e+02
1.320442052262411323e+02 1.155255309652468867e+02
1.319972108586392210e+02 1.156138006056318801e+02
1.319502164910373097e+02 1.157020702460168735e+02
1.319032221234353983e+02 1.157903398864018669e+02
1.318562277558334870e+02 1.158786095267868603e+02
1.318092333882315756e+02 1.159668791671718537e+02
1.317622390206296643e+02 1.160551488075568471e+02
1.317152446530277530e+02 1.161434184479418406e+02
1.316682502854258416e+02 1.162316880883268340e+02
1.316212559178239303e+02 1.163199577287118274e+02
1.315742615502220190e+02 1.164082273690968208e+02
1.315272671826201076e+02 1.164964970094818142e+02
1.314802728150181963e+02 1.165847666498668076e+02
1.314332784474162850e+02 1.166730362902518010e+02
1.313862840798143736e+02 1.167613059306367944e+02
1.313392897122124623e+02 1.168495755710217878e+02
1.312922953446105510e+02 1.169378452114067812e+02
1.312453009770086396e+02 1.170261148517917746e+02
1.311983066094067283e+02 1.171143844921767680e+02
1.311513122418048169e+02 1.172026541325617615e+02
1.311043178742029056e+02 1.172909237729467549e+02
1.310573235066009943e+02 1.173791934133317483e+02
1.310103291389990829e+02 1.174674630537167417e+02
1.309633347713971716e+02 1.175557326941017351e+02
1.309163404037952603e+02 1.176440023344867285e+02
1.308693460361933489e+02 1.177322719748717219e+02
1.308223516685914376e+02 1.178205416152567153e+02
1.307753573009895263e+02 1.179088112556417087e+02
1.307283629333876149e+02 1.179970808960267021e+02
1.306813685657857036e+02 1.180853505364116955e+02
1.306343741981837923e+02 1.181736201767966890e+02
1.305873798305818809e+02 1.182618898171816824e+02
1.305403854629799696e+02 1.183501594575666758e+02
1.304933910953780583e+02 1.184384290979516692e+02
1.304463967277761469e+02 1.185266987383366626e+02
1.303994023601742356e+02 1.186149683787216560e+02
1.303524079925723242e+02 1.187032380191066494e+02
1.303054136249704129e+02 1.187915076594916428e+02
1.302584192573685016e+02 1.188797772998766362e+02
1.302114248897665902e+02 1.189680469402616296e+02
1.301644305221646789e+02 1.190563165806466230e+02
1.301174361545627676e+02 1.191445862210316164e+02
1.300704417869608562e+02 1.192328558614166099e+02
1.300234474193589449e+02 1.193211255018016033e+02
1.299764530517570336e+02 1.194093951421865967e+02
1.299294586841551222e+02 1.194976647825715901e+02
1.298824643165532109e+02 1.195859344229565835e+02
1.298354699489512996e+02 1.196742040633415769e+02
1.297884755813493882e+02 1.197624737037265703e+02
1.297414812137474769e+02 1.198507433441115637e+02
1.296944868461455656e+02 1.199390129844965571e+02
1.296474924785436542e+02 1.200272826248815505e+02
1.296004981109417429e+02 1.201155522652665439e+02
1.295535037433398315e+02 1.202038219056515373e+02
1.295065093757379202e+02 1.202920915460365308e+02
1.294595150081360089e+02 1.203803611864215242e+02
1.294125206405340975e+02 1.204686308268065176e+02
1.293655262729321862e+02 1.205569004671915110e+02
1.293185319053302749e+02 1.206451701075765044e+02
1.292715375377283635e+02 1.207334397479614978e+02
1.292245431701264522e+02 1.208217093883464912e+02
1.291775488025245409e+02 1.209099790287314846e+02
1.291305544349226295e+02 1.209982486691164780e+02
1.290835600673207182e+02 1.210865183095014714e+02
1.290365656997188069e+02 1.211747879498864648e+02
1.289895713321168955e+02 1.212630575902714583e+02
1.289425769645149842e+02 1.213513272306564517e+02
1.288955825969130728e+02 1.214395968710414451e+02
1.288485882293111615e+02 1.215278665114264385e+02
1.288015938617092502e+02 1.216161361518114319e+02
1.287545994941073388e+02 1.217044057921964253e+02
1.287076051265054275e+02 1.217926754325814187e+02
1.286606107589035162e+02 1.218809450729664121e+02
1.286136163913016048e+02 1.219692147133514055e+02
1.285666220236996935e+02 1.220574843537363989e+02
1.285196276560977822e+02 1.221457539941213923e+02
1.284726332884958708e+02 1.222340236345063857e+02
1.284256389208939595e+02 1.223222932748913792e+02
1.283786445532920482e+02 1.224105629152763726e+02
1.283316501856901368e+02 1.224988325556613660e+02
1.282846558180882255e+02 1.225871021960463594e+02
1.282376614504863142e+02 1.226753718364313528e+02
1.281906670828844028e+02 1.227636414768163462e+02
1.281436727152824915e+02 1.228519111172013396e+02
1.280966783476805801e+02 1.229401807575863330e+02
1.280496839800786688e+02 1.230284503979713264e+02
1.280026896124767575e+02 1.231167200383563198e+02
1.279556952448748461e+02 1.232049896787413132e+02
1.279087008772729348e+02 1.232932593191263067e+02
1.278617065096710235e+02 1.233815289595113001e+02
1.278147121420691121e+02 1.234697985998962935e+02
1.277677177744672008e+02 1.235580682402812869e+02
1.277207234068652895e+02 1.236463378806662803e+02
1.276737290392633781e+02 1.237346075210512737e+02
1.276267346716614668e+02 1.238228771614362671e+02
1.275797403040595555e+02 1.239111468018212605e+02
1.275327459364576441e+02 1.239994164422062539e+02
1.274857515688557328e+02 1.240876860825912473e+02
1.274387572012538214e+02 1.241759557229762407e+02
1.273917628336519101e+02 1.242642253633612341e+02
1.273447684660499988e+02 1.243524950037462276e+02
1.272977740984480874e+02 1.244407646441312210e+02
1.272507797308461761e+02 1.245290342845162144e+02
1.272037853632442648e+02 1.246173039249012078e+02
1.271567909956423534e+02 1.247055735652862012e+02
1.271097966280404421e+02 1.247938432056711946e+02
1.270628022604385308e+02 1.248821128460561880e+02
1.270158078928366194e+02 1.249703824864411814e+02
1.269688135252347081e+02 1.250586521268261748e+02
1.269218191576327968e+02 1.251469217672111682e+02
1.268748247900308854e+02 1.252351914075961616e+02
1.268278304224289741e+02 1.253234610479811550e+02
1.267808360548270628e+02 1.254117306883661485e+02
1.267338416872251514e+02 1.255000003287511419e+02
1.266868473196232401e+02 1.255882699691361353e+02
1.266398529520213287e+02 1.256765396095211287e+02
1.265928585844194174e+02 1.257648092499061221e+02
1.265458642168175061e+02 1.258530788902911155e+02
1.264988698492155947e+02 1.259413485306761089e+02
1.264518754816136834e+02 1.260296181710611023e+02
1.264048811140117721e+02 1.261178878114460957e+02
1.263578867464098607e+02 1.262061574518310891e+02
1.263108923788079494e+02 1.262944270922160825e+02
1.262638980112060381e+02 1.263826967326010760e+02
1.262169036436041267e+02 1.264709663729860694e+02
1.261699092760022154e+02 1.265592360133710628e+02
1.261229149084003041e+02 1.266475056537560562e+02
1.260759205407983927e+02 1.267357752941410496e+02
1.260289261731964814e+02 1.268240449345260430e+02
1.259819318055945701e+02 1.269123145749110364e+02
1.259349374379926587e+02 1.270005842152960298e+02
1.258879430703907474e+02 1.270888538556810232e+02
1.258409487027888360e+02 1.271771234960660166e+02
1.257939543351869247e+02 1.272653931364510100e+02
1.257469599675850134e+02 1.273536627768360034e+02
1.256999655999831020e+02 1.274419324172209969e+02
1.256529712323811907e+02 1.275302020576059903e+02
1.256059768647792794e+02 1.276184716979909837e+02
1.255589824971773680e+02 1.277067413383759771e+02
1.255119881295754567e+02 1.277950109787609705e+02
1.254649937619735454e+02 1.278832806191459639e+02
1.254179993943716340e+02 1.279715502595309573e+02
1.253710050267697227e+02 1.280598198999159649e+02
1.253240106591678114e+02 1.281480895403009583e+02
1.252770162915659000e+02 1.282363591806859517e+02
1.252300219239639887e+02 1.283246288210709452e+02
1.251830275563620773e+02 1.284128984614559386e+02
1.251360331887601660e+02 1.285011681018409320e+02
1.250890388211582547e+02 1.285894377422259254e+02
1.250420444535563433e+02 1.286777073826109188e+02
1.249950500859544320e+02 1.287659770229959122e+02
1.249480557183525207e+02 1.288542466633809056e+02
1.249010613507506093e+02 1.289425163037658990e+02
1.248540669831486980e+02 1.290307859441508924e+02
1.248070726155467867e+02 1.291190555845358858e+02
1.247600782479448753e+02 1.292073252249208792e+02
1.247130838803429640e+02 1.292955948653058726e+02
1.246660895127410527e+02 1.293838645056908661e+02
1.246190951451391413e+02 1.294721341460758595e+02
1.245721007775372300e+02 1.295604037864608529e+02
1.245251064099353187e+02 1.296486734268458463e+02
1.244781120423334073e+02 1.297369430672308397e+02
1.244311176747314960e+02 1.298252127076158331e+02
1.243841233071295846e+02 1.299134823480008265e+02
1.243371289395276733e+02 1.300017519883858199e+02
1.242901345719257620e+02 1.300900216287708133e+02
1.242431402043238506e+02 1.301782912691558067e+02
1.241961458367219393e+02 1.302665609095408001e+02
1.241491514691200280e+02 1.303548305499257935e+02
1.241021571015181166e+02 1.304431001903107870e+02
1.240551627339162053e+02 1.305313698306957804e+02
1.240081683663142940e+02 1.306196394710807738e+02
1.239611739987123826e+02 1.307079091114657672e+02
1.239141796311104713e+02 1.307961787518507606e+02
1.238671852635085600e+02 1.308844483922357540e+02
1.238201908959066486e+02 1.309727180326207474e+02
1.237731965283047373e+02 1.310609876730057408e+02
1.237262021607028259e+02 1.311492573133907342e+02
1.236792077931009146e+02 1.312375269537757276e+02
1.236322134254990033e+02 1.313257965941607210e+02
1.235852190578970919e+02 1.314140662345457145e+02
1.235382246902951806e+02 1.315023358749307079e+02
1.234912303226932693e+02 1.315906055153157013e+02
1.234442359550913579e+02 1.316788751557006947e+02
1.233972415874894466e+02 1.317671447960856881e+02
1.233502472198875353e+02 1.318554144364706815e+02
1.233032528522856239e+02 1.319436840768556749e+02
1.232562584846837126e+02 1.320319537172406683e+02
1.232092641170818013e+02 1.321202233576256617e+02
1.231622697494798899e+02 1.322084929980106551e+02
1.231152753818779786e+02 1.322967626383956485e+02
1.230682810142760673e+02 1.323850322787806419e+02
1.230212866466741559e+02 1.324733019191656354e+02
1.229742922790722446e+02 1.325615715595506288e+02
1.229272979114703332e+02 1.326498411999356222e+02
1.228803035438684219e+02 1.327381108403206156e+02
1.228333091762665106e+02 1.328263804807056090e+02
1.227863148086645992e+02 1.329146501210906024e+02
1.227393204410626879e+02 1.330029197614755958e+02
1.226923260734607766e+02 1.330911894018605892e+02
1.226453317058588652e+02 1.331794590422455826e+02
1.225983373382569539e+02 1.332677286826305760e+02
1.225513429706550426e+02 1.333559983230155694e+02
1.225043486030531312e+02 1.334442679634005628e+02
1.224573542354512199e+02 1.335325376037855563e+02
1.224103598678493086e+02 1.336208072441705497e+02
1.223633655002473972e+02 1.337090768845555431e+02
1.223163711326454859e+02 1.337973465249405365e+02
1.222693767650435746e+02 1.338856161653255299e+02
1.222223823974416632e+02 1.339738858057105233e+02
1.221753880298397519e+02 1.340621554460955167e+02
1.221283936622378405e+02 1.341504250864805101e+02
1.220813992946359292e+02 1.342386947268655035e+02
1.220344049270340179e+02 1.343269643672504969e+02
1.219874105594321065e+02 1.344152340076354903e+02
1.219404161918301952e+02 1.345035036480204838e+02
1.218934218242282839e+02 1.345917732884054772e+02
1.218464274566263725e+02 1.346800429287904706e+02
1.217994330890244612e+02 1.347683125691754640e+02
1.217524387214225499e+02 1.348565822095604574e+02
1.217054443538206385e+02 1.349448518499454508e+02
1.216584499862187272e+02 1.350331214903304442e+02
1.216114556186168159e+02 1.351213911307154376e+02
1.215644612510149045e+02 1.352096607711004310e+02
1.215174668834129932e+02 1.352979304114854244e+02
1.214704725158110818e+02 1.353862000518704178e+02
1.214234781482091705e+02 1.354744696922554112e+02
1.213764837806072592e+02 1.355627393326404047e+02
1.213294894130053478e+02 1.356510089730253981e+02
1.212824950454034365e+02 1.357392786134103915e+02
1.212355006778015252e+02 1.358275482537953849e+02
1.211885063101996138e+02 1.359158178941803783e+02
1.211415119425977025e+02 1.360040875345653717e+02
1.210945175749957912e+02 1.360923571749503651e+02
1.210475232073938798e+02 1.361806268153353585e+02
1.210005288397919685e+02 1.362688964557203519e+02
1.209535344721900572e+02 1.363571660961053453e+02
1.209065401045881458e+02 1.364454357364903387e+02
1.208595457369862345e+02 1.365337053768753321e+02
1.208125513693843232e+02 1.366219750172603256e+02
1.207655570017824118e+02 1.367102446576453190e+02
1.207185626341805005e+02 1.367985142980303124e+02
1.206715682665785891e+02 1.368867839384153058e+02
1.206245738989766778e+02 1.369750535788002992e+02
1.205775795313747665e+02 1.370633232191852926e+02
1.205305851637728551e+02 1.371515928595702860e+02
1.204835907961709438e+02 1.372398624999552794e+02
1.204365964285690325e+02 1.373281321403402728e+02
1.203896020609671211e+02 1.374164017807252662e+02
1.203426076933652098e+02 1.375046714211102596e+02
1.202956133257632985e+02 1.375929410614952531e+02
1.202486189581613871e+02 1.376812107018802465e+02
1.202016245905594758e+02 1.377694803422652399e+02
1.201546302229575645e+02 1.378577499826502333e+02
1.201076358553556531e+02 1.379460196230352267e+02
1.200606414877537418e+02 1.380342892634202201e+02
1.200136471201518304e+02 1.381225589038052135e+02
1.199666527525499191e+02 1.382108285441902069e+02
1.199196583849480078e+02 1.382990981845752003e+02
1.198726640173460964e+02 1.383873678249601937e+02
1.198256696497441851e+02 1.384756374653451871e+02
1.197786752821422738e+02 1.385639071057301805e+02
1.197316809145403624e+02 1.386521767461151740e+02
1.196846865469384511e+02 1.387404463865001674e+02
1.196376921793365398e+02 1.388287160268851608e+02
1.195906978117346284e+02 1.389169856672701542e+02
1.195437034441327171e+02 1.390052553076551476e+02
1.194967090765308058e+02 1.390935249480401410e+02
1.194497147089288944e+02 1.391817945884251344e+02
1.194027203413269831e+02 1.392700642288101278e+02
1.193557259737250718e+02 1.393583338691951212e+02
1.193087316061231604e+02 1.394466035095801146e+02
1.192617372385212491e+02 1.395348731499651080e+02
1.192147428709193377e+02 1.396231427903501014e+02
1.191677485033174264e+02 1.397114124307350949e+02
1.191207541357155151e+02 1.397996820711200883e+02
1.190737597681136037e+02 1.398879517115050817e+02
1.190267654005116924e+02 1.399762213518900751e+02
1.189797710329097811e+02 1.400644909922750685e+02
1.189327766653078697e+02 1.401527606326600619e+02
1.188857822977059584e+02 1.402410302730450553e+02
1.188387879301040471e+02 1.403292999134300487e+02
1.187917935625021357e+02 1.404175695538150421e+02
1.187447991949002244e+02 1.405058391942000355e+02
1.186978048272983131e+02 1.405941088345850289e+02
1.186508104596964017e+02 1.406823784749700224e+02
1.186038160920944904e+02 1.407706481153550158e+02
1.185568217244925791e+02 1.408589177557400092e+02
1.185098273568906677e+02 1.409471873961250026e+02
1.184628329892887564e+02 1.410354570365099960e+02
1.184158386216868450e+02 1.411237266768949894e+02
1.183688442540849337e+02 1.412119963172799828e+02
1.183218498864830224e+02 1.413002659576649762e+02
1.182748555188811110e+02 1.413885355980499696e+02
1.182278611512791997e+02 1.414768052384349630e+02
1.181808667836772884e+02 1.415650748788199564e+02
1.181338724160753770e+02 1.416533445192049498e+02
1.180868780484734657e+02 1.417416141595899433e+02
1.180398836808715544e+02 1.418298837999749367e+02
1.179928893132696430e+02 1.419181534403599301e+02
1.179458949456677317e+02 1.420064230807449235e+02
1.178989005780658204e+02 1.420946927211299169e+02
1.178519062104639090e+02 1.421829623615149103e+02
1.178049118428619977e+02 1.422712320018999037e+02
1.177579174752600863e+02 1.423595016422848971e+02
1.177109231076581750e+02 1.424477712826698905e+02
1.176639287400562637e+02 1.425360409230548839e+02
1.176169343724543523e+02 1.426243105634398773e+02
1.175699400048524410e+02 1.427125802038248708e+02
1.175229456372505297e+02 1.428008498442098642e+02
1.174759512696486183e+02 1.428891194845948576e+02
1.174289569020467070e+02 1.429773891249798510e+02
1.173819625344447957e+02 1.430656587653648444e+02
1.173349681668428843e+02 1.431539284057498378e+02
1.172879737992409730e+02 1.432421980461348312e+02
1.172409794316390617e+02 1.433304676865198246e+02
1.171939850640371503e+02 1.434187373269048180e+02
1.171469906964352390e+02 1.435070069672898114e+02
1.170999963288333277e+02 1.435952766076748048e+02
1.170530019612314163e+02 1.436835462480597982e+02
1.170060075936295050e+02 1.437718158884447917e+02
1.169590132260275936e+02 1.438600855288297851e+02
1.169120188584256823e+02 1.439483551692147785e+02
1.168650244908237710e+02 1.440366248095997719e+02
1.168180301232218596e+02 1.441248944499847653e+02
1.167710357556199483e+02 1.442131640903697587e+02
1.167240413880180370e+02 1.443014337307547521e+02
1.166770470204161256e+02 1.443897033711397455e+02
1.166300526528142143e+02 1.444779730115247389e+02
1.165830582852123030e+02 1.445662426519097323e+02
1.165360639176103916e+02 1.446545122922947257e+02
1.164890695500084803e+02 1.447427819326797191e+02
1.164420751824065690e+02 1.448310515730647126e+02
1.163950808148046576e+02 1.449193212134497060e+02
1.163480864472027463e+02 1.450075908538346994e+02
1.163010920796008349e+02 1.450958604942196928e+02
1.162540977119989236e+02 1.451841301346046862e+02
1.162071033443970123e+02 1.452723997749896796e+02
1.161601089767951009e+02 1.453606694153746730e+02
1.161131146091931896e+02 1.454489390557596664e+02
1.160661202415912783e+02 1.455372086961446598e+02
1.160191258739893669e+02 1.456254783365296532e+02
1.159721315063874556e+02 1.457137479769146466e+02
1.159251371387855443e+02 1.458020176172996401e+02
1.158781427711836329e+02 1.458902872576846335e+02
1.158311484035817216e+02 1.459785568980696269e+02
1.157841540359798103e+02 1.460668265384546203e+02
1.157371596683778989e+02 1.461550961788396137e+02
1.156901653007759876e+02 1.462433658192246071e+02
1.156431709331740763e+02 1.463316354596096005e+02
1.155961765655721649e+02 1.464199050999945939e+02
1.155491821979702536e+02 1.465081747403795873e+02
1.155021878303683422e+02 1.465964443807645807e+02
1.154551934627664309e+02 1.466847140211495741e+02
1.154081990951645196e+02 1.467729836615345675e+02
1.153612047275626082e+02 1.468612533019195610e+02
1.153142103599606969e+02 1.469495229423045544e+02
1.152672159923587856e+02 1.470377925826895478e+02
1.152202216247568742e+02 1.471260622230745412e+02
1.151732272571549629e+02 1.472143318634595346e+02
1.151262328895530516e+02 1.473026015038445280e+02
1.150792385219511402e+02 1.473908711442295214e+02
1.150322441543492289e+02 1.474791407846145148e+02
1.149852497867473176e+02 1.475674104249995082e+02
1.149382554191454062e+02 1.476556800653845016e+02
1.148912610515434949e+02 1.477439497057694950e+02
1.148442666839415836e+02 1.478322193461544884e+02
1.147972723163396722e+02 1.479204889865394819e+02
1.147502779487377609e+02 1.480087586269244753e+02
1.147032835811358495e+02 1.480970282673094687e+02
1.146562892135339382e+02 1.481852979076944621e+02
1.146092948459320269e+02 1.482735675480794555e+02
1.145623004783301155e+02 1.483618371884644489e+02
1.145153061107282042e+02 1.484501068288494423e+02
1.144683117431262929e+02 1.485383764692344357e+02
1.144213173755243815e+02 1.486266461096194291e+02
1.143743230079224702e+02 1.487149157500044225e+02
1.143273286403205589e+02 1.488031853903894159e+02
1.142803342727186475e+02 1.488914550307744094e+02
1.142333399051167362e+02 1.489797246711594028e+02
1.141863455375148249e+02 1.490679943115443962e+02
1.141393511699129135e+02 1.491562639519293896e+02
1.140923568023110022e+02 1.492445335923143830e+02
1.140453624347090908e+02 1.493328032326993764e+02
1.139983680671071795e+02 1.494210728730843698e+02
1.139513736995052682e+02 1.495093425134693632e+02
1.139043793319033568e+02 1.495976121538543566e+02
1.138573849643014455e+02 1.496858817942393500e+02
1.138103905966995342e+02 1.497741514346243434e+02
1.137633962290976228e+02 1.498624210750093368e+02
1.137164018614957115e+02 1.499506907153943303e+02
1.136694074938938002e+02 1.500389603557793237e+02
1.136224131262918888e+02 1.501272299961643171e+02
1.135754187586899775e+02 1.502154996365493105e+02
1.135284243910880662e+02 1.503037692769343039e+02
1.134814300234861548e+02 1.503920389173192973e+02
1.134344356558842435e+02 1.504803085577042907e+02
1.133874412882823322e+02 1.505685781980892841e+02
1.133404469206804208e+02 1.506568478384742775e+02
1.132934525530785095e+02 1.507451174788592709e+02
1.132464581854765981e+02 1.508333871192442643e+02
1.131994638178746868e+02 1.509216567596292577e+02
1.131172224638876713e+02 1.510761309043361962e+02
