1.573169294986544742e+02 6.055552002186684746e+01
1.572238062698532417e+02 6.051907740591196472e+01
1.571306830410520092e+02 6.048263478995708198e+01
1.570375598122507768e+02 6.044619217400219924e+01
1.569444365834495443e+02 6.040974955804731650e+01
1.568513133546483118e+02 6.037330694209243376e+01
1.567581901258470793e+02 6.033686432613755102e+01
1.566650668970458469e+02 6.030042171018266828e+01
1.565719436682446144e+02 6.026397909422778554e+01
1.564788204394433819e+02 6.022753647827290280e+01
1.563856972106421495e+02 6.019109386231802006e+01
1.562925739818409170e+02 6.015465124636313732e+01
1.561994507530396845e+02 6.011820863040825458e+01
1.561063275242384520e+02 6.008176601445337184e+01
1.560132042954372196e+02 6.004532339849848910e+01
1.559200810666359871e+02 6.000888078254360636e+01
1.558269578378347546e+02 5.997243816658872362e+01
1.557338346090335222e+02 5.993599555063384088e+01
1.556407113802322897e+02 5.989955293467895814e+01
1.555475881514310572e+02 5.986311031872407540e+01
1.554544649226298247e+02 5.982666770276919266e+01
1.553613416938285923e+02 5.979022508681430992e+01
1.552682184650273598e+02 5.975378247085942718e+01
1.551750952362261273e+02 5.971733985490454444e+01
1.550819720074248949e+02 5.968089723894966170e+01
1.549888487786236624e+02 5.964445462299477896e+01
1.548957255498224299e+02 5.960801200703989622e+01
1.548026023210211974e+02 5.957156939108501348e+01
1.547094790922199650e+02 5.953512677513013074e+01
1.546163558634187325e+02 5.949868415917524800e+01
1.545232326346175000e+02 5.946224154322036526e+01
1.544301094058162676e+02 5.942579892726548252e+01
1.543369861770150351e+02 5.938935631131059978e+01
1.542438629482138026e+02 5.935291369535571704e+01
1.541507397194125701e+02 5.931647107940083430e+01
1.540576164906113377e+02 5.928002846344595156e+01
1.539644932618101052e+02 5.924358584749106882e+01
1.538713700330088727e+02 5.920714323153618608e+01
1.537782468042076403e+02 5.917070061558130334e+01
1.536851235754064078e+02 5.913425799962642060e+01
1.535920003466051753e+02 5.909781538367153786e+01
1.534988771178039428e+02 5.906137276771665512e+01
1.534057538890027104e+02 5.902493015176177238e+01
1.533126306602014779e+02 5.898848753580688964e+01
1.532195074314002454e+02 5.895204491985200690e+01
1.531263842025990130e+02 5.891560230389712416e+01
1.530332609737977805e+02 5.887915968794224142e+01
1.529401377449965480e+02 5.884271707198735868e+01
1.528470145161953155e+02 5.880627445603247594e+01
1.527538912873940831e+02 5.876983184007759320e+01
1.526607680585928506e+02 5.873338922412271046e+01
1.525676448297916181e+02 5.869694660816782772e+01
1.524745216009903857e+02 5.866050399221294498e+01
1.523813983721891532e+02 5.862406137625806224e+01
1.522882751433879207e+02 5.858761876030317950e+01
1.521951519145866882e+02 5.855117614434829676e+01
1.521020286857854558e+02 5.851473352839341402e+01
1.520089054569842233e+02 5.847829091243853128e+01
1.519157822281829908e+02 5.844184829648364854e+01
1.518226589993817583e+02 5.840540568052876580e+01
1.517295357705805259e+02 5.836896306457388306e+01
1.516364125417792934e+02 5.833252044861900032e+01
1.515432893129780609e+02 5.829607783266411758e+01
1.514501660841768285e+02 5.825963521670923484e+01
1.513570428553755960e+02 5.822319260075435210e+01
1.512639196265743635e+02 5.818674998479946936e+01
1.511707963977731310e+02 5.815030736884458662e+01
1.510776731689718986e+02 5.811386475288970388e+01
1.509845499401706661e+02 5.807742213693482114e+01
1.508914267113694336e+02 5.804097952097993840e+01
1.507983034825682012e+02 5.800453690502505566e+01
1.507051802537669687e+02 5.796809428907017292e+01
1.506120570249657362e+02 5.793165167311529018e+01
1.505189337961645037e+02 5.789520905716040744e+01
1.504258105673632713e+02 5.785876644120552470e+01
1.503326873385620388e+02 5.782232382525064196e+01
1.502395641097608063e+02 5.778588120929575922e+01
1.501464408809595739e+02 5.774943859334087648e+01
1.500533176521583414e+02 5.771299597738599374e+01
1.499601944233571089e+02 5.767655336143111100e+01
1.498670711945558764e+02 5.764011074547622826e+01
1.497739479657546440e+02 5.760366812952134552e+01
1.496808247369534115e+02 5.756722551356646278e+01
1.495877015081521790e+02 5.753078289761158004e+01
1.494945782793509466e+02 5.749434028165669730e+01
1.494014550505497141e+02 5.745789766570181456e+01
1.493083318217484816e+02 5.742145504974693182e+01
1.492152085929472491e+02 5.738501243379204908e+01
1.491220853641460167e+02 5.734856981783716634e+01
1.490289621353447842e+02 5.731212720188228360e+01
1.489358389065435517e+02 5.727568458592740086e+01
1.488427156777423193e+02 5.723924196997251812e+01
1.487495924489410868e+02 5.720279935401763538e+01
1.486564692201398543e+02 5.716635673806275264e+01
1.485633459913386218e+02 5.712991412210786990e+01
1.484702227625373894e+02 5.709347150615298716e+01
1.483770995337361569e+02 5.705702889019810442e+01
1.482839763049349244e+02 5.702058627424322168e+01
1.481908530761336920e+02 5.698414365828833894e+01
1.480977298473324595e+02 5.694770104233345620e+01
1.480046066185312270e+02 5.691125842637857346e+01
1.479114833897299945e+02 5.687481581042369072e+01
1.478183601609287621e+02 5.683837319446880798e+01
1.477252369321275296e+02 5.680193057851392524e+01
1.476321137033262971e+02 5.676548796255904250e+01
1.475389904745250647e+02 5.672904534660415976e+01
1.474458672457238322e+02 5.669260273064927702e+01
1.473527440169225997e+02 5.665616011469439428e+01
1.472596207881213672e+02 5.661971749873951154e+01
1.471664975593201348e+02 5.658327488278462880e+01
1.470733743305189023e+02 5.654683226682974606e+01
1.469802511017176698e+02 5.651038965087486332e+01
1.468871278729164374e+02 5.647394703491998058e+01
1.467940046441152049e+02 5.643750441896509784e+01
1.467008814153139724e+02 5.640106180301021510e+01
1.466077581865127399e+02 5.636461918705533236e+01
1.465146349577115075e+02 5.632817657110044962e+01
1.464215117289102750e+02 5.629173395514556688e+01
1.463283885001090425e+02 5.625529133919068414e+01
1.462352652713078101e+02 5.621884872323580140e+01
1.461421420425065776e+02 5.618240610728091866e+01
1.460490188137053451e+02 5.614596349132603592e+01
1.459558955849041126e+02 5.610952087537115318e+01
1.458627723561028802e+02 5.607307825941627044e+01
1.457696491273016477e+02 5.603663564346138770e+01
1.456765258985004152e+02 5.600019302750650496e+01
1.455834026696991828e+02 5.596375041155162222e+01
1.454902794408979503e+02 5.592730779559673948e+01
1.453971562120967178e+02 5.589086517964185674e+01
1.453040329832954853e+02 5.585442256368697400e+01
1.452109097544942529e+02 5.581797994773209126e+01
1.451177865256930204e+02 5.578153733177720852e+01
1.450246632968917879e+02 5.574509471582232578e+01
1.449315400680905555e+02 5.570865209986744304e+01
1.448384168392893230e+02 5.567220948391256030e+01
1.447452936104880905e+02 5.563576686795767756e+01
1.446521703816868580e+02 5.559932425200279482e+01
1.445590471528856256e+02 5.556288163604791208e+01
1.444659239240843931e+02 5.552643902009302934e+01
1.443728006952831606e+02 5.548999640413814660e+01
1.442796774664819281e+02 5.545355378818326386e+01
1.441865542376806957e+02 5.541711117222838112e+01
1.440934310088794632e+02 5.538066855627349838e+01
1.440003077800782307e+02 5.534422594031861564e+01
1.439071845512769983e+02 5.530778332436373290e+01
1.438140613224757658e+02 5.527134070840885016e+01
1.437209380936745333e+02 5.523489809245396742e+01
1.436278148648733008e+02 5.519845547649908468e+01
1.435346916360720684e+02 5.516201286054420194e+01
1.434415684072708359e+02 5.512557024458931920e+01
1.433484451784696034e+02 5.508912762863443646e+01
1.432553219496683710e+02 5.505268501267955372e+01
1.431621987208671385e+02 5.501624239672467098e+01
1.430690754920659060e+02 5.497979978076978824e+01
1.429759522632646735e+02 5.494335716481490550e+01
1.428828290344634411e+02 5.490691454886002276e+01
1.427897058056622086e+02 5.487047193290514002e+01
1.426965825768609761e+02 5.483402931695025728e+01
1.426034593480597437e+02 5.479758670099537454e+01
1.425103361192585112e+02 5.476114408504049180e+01
1.424172128904572787e+02 5.472470146908560906e+01
1.423240896616560462e+02 5.468825885313072632e+01
1.422309664328548138e+02 5.465181623717584358e+01
1.421378432040535813e+02 5.461537362122096084e+01
1.420447199752523488e+02 5.457893100526607810e+01
1.419515967464511164e+02 5.454248838931119536e+01
1.418584735176498839e+02 5.450604577335631262e+01
1.417653502888486514e+02 5.446960315740142988e+01
1.416722270600474189e+02 5.443316054144654714e+01
1.415791038312461865e+02 5.439671792549166440e+01
1.414859806024449540e+02 5.436027530953678166e+01
1.413928573736437215e+02 5.432383269358189892e+01
1.412997341448424891e+02 5.428739007762701618e+01
1.412066109160412566e+02 5.425094746167213344e+01
1.411134876872400241e+02 5.421450484571725070e+01
1.410203644584387916e+02 5.417806222976236796e+01
1.409272412296375592e+02 5.414161961380748522e+01
1.408341180008363267e+02 5.410517699785260248e+01
1.407409947720350942e+02 5.406873438189771974e+01
1.406478715432338618e+02 5.403229176594283700e+01
1.405547483144326293e+02 5.399584914998795426e+01
1.404616250856313968e+02 5.395940653403307152e+01
1.403685018568301643e+02 5.392296391807818878e+01
1.402753786280289319e+02 5.388652130212330604e+01
1.401822553992276994e+02 5.385007868616842330e+01
1.400891321704264669e+02 5.381363607021354056e+01
1.399960089416252345e+02 5.377719345425865782e+01
1.399028857128240020e+02 5.374075083830377508e+01
1.398097624840227695e+02 5.370430822234889234e+01
1.397166392552215370e+02 5.366786560639400960e+01
1.396235160264203046e+02 5.363142299043912686e+01
1.395303927976190721e+02 5.359498037448424412e+01
1.394372695688178396e+02 5.355853775852936138e+01
1.393441463400166072e+02 5.352209514257447864e+01
1.392510231112153747e+02 5.348565252661959590e+01
1.391578998824141422e+02 5.344920991066471316e+01
1.390647766536129097e+02 5.341276729470983042e+01
1.389716534248116773e+02 5.337632467875494768e+01
1.388785301960104448e+02 5.333988206280006494e+01
1.387854069672092123e+02 5.330343944684518220e+01
1.386922837384079799e+02 5.326699683089029946e+01
1.385991605096067474e+02 5.323055421493541672e+01
1.385060372808055149e+02 5.319411159898053398e+01
1.384129140520042824e+02 5.315766898302565124e+01
1.383197908232030500e+02 5.312122636707076850e+01
1.382266675944018175e+02 5.308478375111588576e+01
1.381335443656005850e+02 5.304834113516100302e+01
1.380404211367993526e+02 5.301189851920612028e+01
1.379472979079981201e+02 5.297545590325123754e+01
1.378541746791968876e+02 5.293901328729635480e+01
1.377610514503956551e+02 5.290257067134147206e+01
1.376679282215944227e+02 5.286612805538658932e+01
1.375748049927931902e+02 5.282968543943170658e+01
1.374816817639919577e+02 5.279324282347682384e+01
1.373885585351907253e+02 5.275680020752194110e+01
1.372954353063894928e+02 5.272035759156705836e+01
1.372023120775882603e+02 5.268391497561217562e+01
1.371091888487870278e+02 5.264747235965729288e+01
1.370160656199857954e+02 5.261102974370241014e+01
1.369229423911845629e+02 5.257458712774752740e+01
1.368298191623833304e+02 5.253814451179264466e+01
1.367366959335820980e+02 5.250170189583776192e+01
1.366435727047808655e+02 5.246525927988287918e+01
1.365504494759796330e+02 5.242881666392799644e+01
1.364573262471784005e+02 5.239237404797311370e+01
1.363642030183771681e+02 5.235593143201823096e+01
1.362710797895759356e+02 5.231948881606334822e+01
1.361779565607747031e+02 5.228304620010846548e+01
1.360848333319734706e+02 5.224660358415358274e+01
1.359917101031722382e+02 5.221016096819870000e+01
1.358985868743710057e+02 5.217371835224381726e+01
1.358054636455697732e+02 5.213727573628893452e+01
1.357123404167685408e+02 5.210083312033405178e+01
1.356192171879673083e+02 5.206439050437916904e+01
1.355260939591660758e+02 5.202794788842428630e+01
1.354329707303648433e+02 5.199150527246940356e+01
1.353398475015636109e+02 5.195506265651452082e+01
1.352467242727623784e+02 5.191862004055963808e+01
1.351536010439611459e+02 5.188217742460475534e+01
1.350604778151599135e+02 5.184573480864987260e+01
1.349673545863586810e+02 5.180929219269498986e+01
1.348742313575574485e+02 5.177284957674010712e+01
1.347811081287562160e+02 5.173640696078522438e+01
1.346879848999549836e+02 5.169996434483034164e+01
1.345948616711537511e+02 5.166352172887545890e+01
1.345017384423525186e+02 5.162707911292057616e+01
1.344086152135512862e+02 5.159063649696569342e+01
1.343154919847500537e+02 5.155419388101081068e+01
1.342223687559488212e+02 5.151775126505592795e+01
1.341292455271475887e+02 5.148130864910104521e+01
1.340361222983463563e+02 5.144486603314616247e+01
1.339429990695451238e+02 5.140842341719127973e+01
1.338498758407438913e+02 5.137198080123639699e+01
1.337567526119426589e+02 5.133553818528151425e+01
1.336636293831414264e+02 5.129909556932663151e+01
1.335705061543401939e+02 5.126265295337174877e+01
1.334773829255389614e+02 5.122621033741686603e+01
1.333842596967377290e+02 5.118976772146198329e+01
1.332911364679364965e+02 5.115332510550710055e+01
1.331980132391352640e+02 5.111688248955221781e+01
1.331048900103340316e+02 5.108043987359733507e+01
1.330117667815327991e+02 5.104399725764245233e+01
1.329186435527315666e+02 5.100755464168756959e+01
1.328255203239303341e+02 5.097111202573268685e+01
1.327323970951291017e+02 5.093466940977780411e+01
1.326392738663278692e+02 5.089822679382292137e+01
1.325461506375266367e+02 5.086178417786803863e+01
1.324530274087254043e+02 5.082534156191315589e+01
1.323599041799241718e+02 5.078889894595827315e+01
1.322667809511229393e+02 5.075245633000339041e+01
1.321736577223217068e+02 5.071601371404850767e+01
1.320805344935204744e+02 5.067957109809362493e+01
1.319874112647192419e+02 5.064312848213874219e+01
1.318942880359180094e+02 5.060668586618385945e+01
1.318011648071167770e+02 5.057024325022897671e+01
1.317080415783155445e+02 5.053380063427409397e+01
1.316149183495143120e+02 5.049735801831921123e+01
1.315217951207130795e+02 5.046091540236432849e+01
1.314286718919118471e+02 5.042447278640944575e+01
1.313355486631106146e+02 5.038803017045456301e+01
1.312424254343093821e+02 5.035158755449968027e+01
1.311493022055081497e+02 5.031514493854479753e+01
1.310561789767069172e+02 5.027870232258991479e+01
1.309630557479056847e+02 5.024225970663503205e+01
1.308699325191044522e+02 5.020581709068014931e+01
1.307768092903032198e+02 5.016937447472526657e+01
1.306836860615019873e+02 5.013293185877038383e+01
1.305905628327007548e+02 5.009648924281550109e+01
1.304974396038995224e+02 5.006004662686061835e+01
1.304043163750982899e+02 5.002360401090573561e+01
1.303111931462970574e+02 4.998716139495085287e+01
1.302180699174958249e+02 4.995071877899597013e+01
1.301249466886945925e+02 4.991427616304108739e+01
1.300318234598933600e+02 4.987783354708620465e+01
1.299387002310921275e+02 4.984139093113132191e+01
1.298455770022908951e+02 4.980494831517643917e+01
1.297524537734896626e+02 4.976850569922155643e+01
1.296593305446884301e+02 4.973206308326667369e+01
1.295662073158871976e+02 4.969562046731179095e+01
1.294730840870859652e+02 4.965917785135690821e+01
1.293799608582847327e+02 4.962273523540202547e+01
1.292868376294835002e+02 4.958629261944714273e+01
1.291937144006822678e+02 4.954985000349225999e+01
1.291005911718810353e+02 4.951340738753737725e+01
1.290074679430798028e+02 4.947696477158249451e+01
1.289143447142785703e+02 4.944052215562761177e+01
1.288212214854773379e+02 4.940407953967272903e+01
1.287280982566761054e+02 4.936763692371784629e+01
1.286349750278748729e+02 4.933119430776296355e+01
1.285418517990736404e+02 4.929475169180808081e+01
1.284487285702724080e+02 4.925830907585319807e+01
1.283556053414711755e+02 4.922186645989831533e+01
1.282624821126699430e+02 4.918542384394343259e+01
1.281693588838687106e+02 4.914898122798854985e+01
1.280762356550674781e+02 4.911253861203366711e+01
1.279831124262662598e+02 4.907609599607878437e+01
1.278899891974650416e+02 4.903965338012390163e+01
1.277968659686638233e+02 4.900321076416901889e+01
1.277037427398626050e+02 4.896676814821413615e+01
1.276106195110613868e+02 4.893032553225925341e+01
1.275174962822601685e+02 4.889388291630437067e+01
1.274243730534589503e+02 4.885744030034948793e+01
1.273312498246577320e+02 4.882099768439460519e+01
1.272381265958565137e+02 4.878455506843972245e+01
1.271450033670552955e+02 4.874811245248483971e+01
1.270518801382540772e+02 4.871166983652995697e+01
1.269587569094528590e+02 4.867522722057507423e+01
1.268656336806516407e+02 4.863878460462019149e+01
1.267725104518504224e+02 4.860234198866530875e+01
1.266793872230492042e+02 4.856589937271042601e+01
1.265862639942479859e+02 4.852945675675554327e+01
1.264931407654467677e+02 4.849301414080066053e+01
1.264000175366455494e+02 4.845657152484577779e+01
1.263068943078443311e+02 4.842012890889089505e+01
1.262137710790431129e+02 4.838368629293601231e+01
1.261206478502418946e+02 4.834724367698112957e+01
1.260275246214406764e+02 4.831080106102624683e+01
1.259344013926394581e+02 4.827435844507136409e+01
1.258412781638382398e+02 4.823791582911648135e+01
1.257481549350370216e+02 4.820147321316159861e+01
1.256550317062358033e+02 4.816503059720671587e+01
1.255619084774345851e+02 4.812858798125183313e+01
1.254687852486333668e+02 4.809214536529695039e+01
1.253756620198321485e+02 4.805570274934206765e+01
1.252825387910309303e+02 4.801926013338718491e+01
1.251894155622297120e+02 4.798281751743230217e+01
1.250962923334284937e+02 4.794637490147741943e+01
1.250031691046272755e+02 4.790993228552253669e+01
1.249100458758260572e+02 4.787348966956765395e+01
1.248169226470248390e+02 4.783704705361277121e+01
1.247237994182236207e+02 4.780060443765788847e+01
1.246306761894224024e+02 4.776416182170300573e+01
1.245375529606211842e+02 4.772771920574812299e+01
1.244444297318199659e+02 4.769127658979324025e+01
1.243513065030187477e+02 4.765483397383835751e+01
1.242581832742175294e+02 4.761839135788347477e+01
1.241650600454163111e+02 4.758194874192859203e+01
1.240719368166150929e+02 4.754550612597370929e+01
1.239788135878138746e+02 4.750906351001882655e+01
1.238856903590126564e+02 4.747262089406394381e+01
1.237925671302114381e+02 4.743617827810906107e+01
1.236994439014102198e+02 4.739973566215417833e+01
1.236063206726090016e+02 4.736329304619929559e+01
1.235131974438077833e+02 4.732685043024441285e+01
1.234200742150065651e+02 4.729040781428953011e+01
1.233269509862053468e+02 4.725396519833464737e+01
1.232338277574041285e+02 4.721752258237976463e+01
1.231407045286029103e+02 4.718107996642488189e+01
1.230475812998016920e+02 4.714463735046999915e+01
1.229544580710004738e+02 4.710819473451511641e+01
1.228613348421992555e+02 4.707175211856023367e+01
1.227682116133980372e+02 4.703530950260535093e+01
1.226750883845968190e+02 4.699886688665046819e+01
1.225819651557956007e+02 4.696242427069558545e+01
1.224888419269943824e+02 4.692598165474070271e+01
1.223957186981931642e+02 4.688953903878581997e+01
1.223025954693919459e+02 4.685309642283093723e+01
1.222094722405907277e+02 4.681665380687605449e+01
1.221163490117895094e+02 4.678021119092117175e+01
1.220232257829882911e+02 4.674376857496628901e+01
1.219301025541870729e+02 4.670732595901140627e+01
1.218369793253858546e+02 4.667088334305652353e+01
1.217438560965846364e+02 4.663444072710164079e+01
1.216507328677834181e+02 4.659799811114675805e+01
1.215576096389821998e+02 4.656155549519187531e+01
1.214644864101809816e+02 4.652511287923699257e+01
1.213713631813797633e+02 4.648867026328210983e+01
1.212782399525785451e+02 4.645222764732722709e+01
1.211851167237773268e+02 4.641578503137234435e+01
1.210919934949761085e+02 4.637934241541746161e+01
1.209988702661748903e+02 4.634289979946257887e+01
1.209057470373736720e+02 4.630645718350769613e+01
1.208126238085724538e+02 4.627001456755281339e+01
1.207195005797712355e+02 4.623357195159793065e+01
1.206263773509700172e+02 4.619712933564304791e+01
1.205332541221687990e+02 4.616068671968816517e+01
1.204401308933675807e+02 4.612424410373328243e+01
1.203470076645663625e+02 4.608780148777839969e+01
1.202538844357651442e+02 4.605135887182351695e+01
1.201607612069639259e+02 4.601491625586863421e+01
1.200676379781627077e+02 4.597847363991375147e+01
1.199745147493614894e+02 4.594203102395886873e+01
1.198813915205602711e+02 4.590558840800398599e+01
1.197882682917590529e+02 4.586914579204910325e+01
1.196951450629578346e+02 4.583270317609422051e+01
1.196020218341566164e+02 4.579626056013933777e+01
1.195088986053553981e+02 4.575981794418445503e+01
1.194157753765541798e+02 4.572337532822957229e+01
1.193226521477529616e+02 4.568693271227468955e+01
1.192295289189517433e+02 4.565049009631980681e+01
1.191364056901505251e+02 4.561404748036492407e+01
1.190432824613493068e+02 4.557760486441004133e+01
1.189501592325480885e+02 4.554116224845515859e+01
1.188570360037468703e+02 4.550471963250027585e+01
1.187639127749456520e+02 4.546827701654539311e+01
1.186707895461444338e+02 4.543183440059051037e+01
1.185776663173432155e+02 4.539539178463562763e+01
1.184845430885419972e+02 4.535894916868074489e+01
1.183914198597407790e+02 4.532250655272586215e+01
1.182982966309395607e+02 4.528606393677097941e+01
1.182051734021383425e+02 4.524962132081609667e+01
1.181120501733371242e+02 4.521317870486121393e+01
1.180189269445359059e+02 4.517673608890633119e+01
1.179258037157346877e+02 4.514029347295144845e+01
1.178326804869334694e+02 4.510385085699656571e+01
1.177395572581322511e+02 4.506740824104168297e+01
1.176464340293310329e+02 4.503096562508680023e+01
1.175533108005298146e+02 4.499452300913191749e+01
1.174601875717285964e+02 4.495808039317703475e+01
1.173670643429273781e+02 4.492163777722215201e+01
1.172739411141261598e+02 4.488519516126726927e+01
1.171808178853249416e+02 4.484875254531238653e+01
1.170876946565237233e+02 4.481230992935750379e+01
1.169945714277225051e+02 4.477586731340262105e+01
1.169014481989212868e+02 4.473942469744773831e+01
1.168083249701200685e+02 4.470298208149285557e+01
1.166571749137566201e+02 4.464383138916301874e+01
1.167275540700552909e+02 4.457279073630363797e+01
1.167979332263539618e+02 4.450175008344425720e+01
1.168683123826526327e+02 4.443070943058487643e+01
1.169386915389513035e+02 4.435966877772549566e+01
1.170090706952499744e+02 4.428862812486611489e+01
1.170794498515486453e+02 4.421758747200673412e+01
1.171498290078473161e+02 4.414654681914735335e+01
1.172202081641459870e+02 4.407550616628797258e+01
1.172905873204446578e+02 4.400446551342859181e+01
1.173609664767433287e+02 4.393342486056921103e+01
1.174313456330419996e+02 4.386238420770983026e+01
1.175017247893406704e+02 4.379134355485044949e+01
1.175721039456393413e+02 4.372030290199106872e+01
1.176424831019380122e+02 4.364926224913168795e+01
1.177128622582366830e+02 4.357822159627230718e+01
1.177832414145353539e+02 4.350718094341292641e+01
1.178536205708340248e+02 4.343614029055354564e+01
1.179239997271326956e+02 4.336509963769416487e+01
1.179943788834313665e+02 4.329405898483478410e+01
1.180647580397300374e+02 4.322301833197540333e+01
1.181351371960287082e+02 4.315197767911602256e+01
1.182055163523273791e+02 4.308093702625664179e+01
1.182758955086260499e+02 4.300989637339726102e+01
1.183462746649247208e+02 4.293885572053788025e+01
1.184166538212233917e+02 4.286781506767849947e+01
1.184870329775220625e+02 4.279677441481911870e+01
1.185574121338207334e+02 4.272573376195973793e+01
1.186277912901194043e+02 4.265469310910035716e+01
1.186981704464180751e+02 4.258365245624097639e+01
1.187685496027167460e+02 4.251261180338159562e+01
1.188389287590154169e+02 4.244157115052221485e+01
1.189093079153140877e+02 4.237053049766283408e+01
1.189796870716127586e+02 4.229948984480345331e+01
1.190500662279114295e+02 4.222844919194407254e+01
1.191204453842101003e+02 4.215740853908469177e+01
1.191908245405087712e+02 4.208636788622531100e+01
1.192612036968074420e+02 4.201532723336593023e+01
1.193315828531061129e+02 4.194428658050654946e+01
1.194019620094047838e+02 4.187324592764716868e+01
1.194723411657034546e+02 4.180220527478778791e+01
1.195427203220021255e+02 4.173116462192840714e+01
1.196130994783007964e+02 4.166012396906902637e+01
1.196834786345994672e+02 4.158908331620964560e+01
1.197538577908981381e+02 4.151804266335026483e+01
1.198242369471968090e+02 4.144700201049088406e+01
1.198946161034954798e+02 4.137596135763150329e+01
1.199649952597941507e+02 4.130492070477212252e+01
1.200353744160928215e+02 4.123388005191274175e+01
1.201057535723914924e+02 4.116283939905336098e+01
1.201761327286901633e+02 4.109179874619398021e+01
1.202465118849888341e+02 4.102075809333459944e+01
1.203168910412875050e+02 4.094971744047521867e+01
1.203872701975861759e+02 4.087867678761583790e+01
1.204576493538848467e+02 4.080763613475645712e+01
1.205280285101835176e+02 4.073659548189707635e+01
1.205984076664821885e+02 4.066555482903769558e+01
1.206687868227808593e+02 4.059451417617831481e+01
1.207391659790795302e+02 4.052347352331893404e+01
1.208095451353782011e+02 4.045243287045955327e+01
1.208799242916768719e+02 4.038139221760017250e+01
1.209503034479755428e+02 4.031035156474079173e+01
1.210206826042742136e+02 4.023931091188141096e+01
1.210910617605728845e+02 4.016827025902203019e+01
1.211614409168715554e+02 4.009722960616264942e+01
1.212318200731702262e+02 4.002618895330326865e+01
1.213021992294688971e+02 3.995514830044388788e+01
1.213725783857675680e+02 3.988410764758450711e+01
1.214429575420662388e+02 3.981306699472512634e+01
1.215133366983649097e+02 3.974202634186574556e+01
1.215837158546635806e+02 3.967098568900636479e+01
1.216540950109622514e+02 3.959994503614698402e+01
1.217244741672609223e+02 3.952890438328760325e+01
1.217948533235595932e+02 3.945786373042822248e+01
1.218652324798582640e+02 3.938682307756884171e+01
1.219356116361569349e+02 3.931578242470946094e+01
1.220059907924556057e+02 3.924474177185008017e+01
1.220763699487542766e+02 3.917370111899069940e+01
1.221467491050529475e+02 3.910266046613131863e+01
1.222171282613516183e+02 3.903161981327193786e+01
1.222875074176502892e+02 3.896057916041255709e+01
1.223578865739489601e+02 3.888953850755317632e+01
1.224282657302476309e+02 3.881849785469379555e+01
1.224986448865463018e+02 3.874745720183441478e+01
1.225690240428449727e+02 3.867641654897503400e+01
1.226394031991436435e+02 3.860537589611565323e+01
1.227097823554423144e+02 3.853433524325627246e+01
1.227801615117409852e+02 3.846329459039689169e+01
1.228505406680396561e+02 3.839225393753751092e+01
1.229209198243383270e+02 3.832121328467813015e+01
1.229912989806369978e+02 3.825017263181874938e+01
1.230616781369356687e+02 3.817913197895936861e+01
1.231320572932343396e+02 3.810809132609998784e+01
1.232024364495330104e+02 3.803705067324060707e+01
1.232728156058316813e+02 3.796601002038122630e+01
1.233431947621303522e+02 3.789496936752184553e+01
1.234135739184290230e+02 3.782392871466246476e+01
1.234839530747276939e+02 3.775288806180308399e+01
1.235543322310263648e+02 3.768184740894370321e+01
1.236247113873250356e+02 3.761080675608432244e+01
1.236950905436237065e+02 3.753976610322494167e+01
1.237654696999223773e+02 3.746872545036556090e+01
1.238358488562210482e+02 3.739768479750618013e+01
1.239062280125197191e+02 3.732664414464679936e+01
1.239766071688183899e+02 3.725560349178741859e+01
1.240469863251170608e+02 3.718456283892803782e+01
1.241173654814157317e+02 3.711352218606865705e+01
1.241877446377144025e+02 3.704248153320927628e+01
1.242581237940130734e+02 3.697144088034989551e+01
1.243285029503117443e+02 3.690040022749051474e+01
1.243988821066104151e+02 3.682935957463113397e+01
1.244692612629090860e+02 3.675831892177175320e+01
1.245396404192077568e+02 3.668727826891237243e+01
1.246100195755064277e+02 3.661623761605299165e+01
1.246803987318050986e+02 3.654519696319361088e+01
1.247507778881037694e+02 3.647415631033423011e+01
1.248211570444024403e+02 3.640311565747484934e+01
1.248915362007011112e+02 3.633207500461546857e+01
1.249619153569997820e+02 3.626103435175608780e+01
1.250322945132984529e+02 3.618999369889670703e+01
1.251026736695971238e+02 3.611895304603732626e+01
1.251730528258957946e+02 3.604791239317794549e+01
1.252434319821944655e+02 3.597687174031856472e+01
1.253138111384931364e+02 3.590583108745918395e+01
1.253841902947918072e+02 3.583479043459980318e+01
1.254545694510904781e+02 3.576374978174042241e+01
1.255249486073891489e+02 3.569270912888104164e+01
1.255953277636878198e+02 3.562166847602166087e+01
1.256657069199864907e+02 3.555062782316228009e+01
1.257360860762851615e+02 3.547958717030289932e+01
1.258064652325838324e+02 3.540854651744351855e+01
1.258768443888825033e+02 3.533750586458413778e+01
1.259472235451811741e+02 3.526646521172475701e+01
1.260176027014798450e+02 3.519542455886537624e+01
1.260879818577785159e+02 3.512438390600599547e+01
1.261583610140771867e+02 3.505334325314661470e+01
1.262287401703758576e+02 3.498230260028723393e+01
1.262991193266745285e+02 3.491126194742785316e+01
1.263694984829731993e+02 3.484022129456847239e+01
1.264398776392718702e+02 3.476918064170909162e+01
1.265102567955705410e+02 3.469813998884971085e+01
1.265806359518692119e+02 3.462709933599033008e+01
1.266510151081678828e+02 3.455605868313094930e+01
1.267213942644665536e+02 3.448501803027156853e+01
1.267917734207652245e+02 3.441397737741218776e+01
1.268621525770638954e+02 3.434293672455280699e+01
1.269325317333625662e+02 3.427189607169342622e+01
1.270029108896612371e+02 3.420085541883404545e+01
1.270732900459599080e+02 3.412981476597466468e+01
1.271436692022585788e+02 3.405877411311528391e+01
1.272140483585572497e+02 3.398773346025590314e+01
1.272844275148559205e+02 3.391669280739652237e+01
1.273548066711545914e+02 3.384565215453714160e+01
1.274251858274532623e+02 3.377461150167776083e+01
1.274955649837519331e+02 3.370357084881838006e+01
1.275659441400506040e+02 3.363253019595899929e+01
1.276363232963492749e+02 3.356148954309961852e+01
1.277067024526479457e+02 3.349044889024023774e+01
1.277770816089466166e+02 3.341940823738085697e+01
1.278474607652452875e+02 3.334836758452147620e+01
1.279178399215439583e+02 3.327732693166209543e+01
1.279882190778426292e+02 3.320628627880271466e+01
1.280585982341413001e+02 3.313524562594333389e+01
1.281289773904399851e+02 3.306420497308395312e+01
1.281993565467386702e+02 3.299316432022457235e+01
1.282697357030373553e+02 3.292212366736519158e+01
1.283401148593360404e+02 3.285108301450581081e+01
1.284104940156347254e+02 3.278004236164643004e+01
1.284808731719334105e+02 3.270900170878704927e+01
1.285512523282320956e+02 3.263796105592766850e+01
1.286216314845307807e+02 3.256692040306828773e+01
1.286920106408294657e+02 3.249587975020890696e+01
1.287623897971281508e+02 3.242483909734952618e+01
1.288327689534268359e+02 3.235379844449014541e+01
1.289031481097255210e+02 3.228275779163076464e+01
1.289735272660242060e+02 3.221171713877138387e+01
1.290439064223228911e+02 3.214067648591200310e+01
1.291142855786215762e+02 3.206963583305262233e+01
1.291846647349202613e+02 3.199859518019324511e+01
1.292550438912189463e+02 3.192755452733386790e+01
1.293254230475176314e+02 3.185651387447449068e+01
1.293958022038163165e+02 3.178547322161511346e+01
1.294661813601150016e+02 3.171443256875573624e+01
1.295365605164136866e+02 3.164339191589635902e+01
1.296069396727123717e+02 3.157235126303698181e+01
1.296773188290110568e+02 3.150131061017760459e+01
1.297476979853097419e+02 3.143026995731822737e+01
1.298180771416084269e+02 3.135922930445885015e+01
1.298884562979071120e+02 3.128818865159947293e+01
1.299588354542057971e+02 3.121714799874009572e+01
1.300292146105044822e+02 3.114610734588071850e+01
1.300995937668031672e+02 3.107506669302134128e+01
1.301699729231018523e+02 3.100402604016196406e+01
1.302403520794005374e+02 3.093298538730258684e+01
1.303107312356992225e+02 3.086194473444320963e+01
1.303811103919979075e+02 3.079090408158383241e+01
1.304514895482965926e+02 3.071986342872445519e+01
1.305218687045952777e+02 3.064882277586507797e+01
1.305922478608939628e+02 3.057778212300570075e+01
1.306626270171926478e+02 3.050674147014632354e+01
1.307330061734913329e+02 3.043570081728694632e+01
1.308033853297900180e+02 3.036466016442756910e+01
1.308737644860887031e+02 3.029361951156819188e+01
1.309441436423873881e+02 3.022257885870881466e+01
1.310145227986860732e+02 3.015153820584943745e+01
1.310849019549847583e+02 3.008049755299006023e+01
1.311552811112834434e+02 3.000945690013068301e+01
1.312256602675821284e+02 2.993841624727130579e+01
1.312960394238808135e+02 2.986737559441192857e+01
1.313664185801794986e+02 2.979633494155255136e+01
1.314367977364781837e+02 2.972529428869317414e+01
1.315071768927768687e+02 2.965425363583379692e+01
1.315775560490755538e+02 2.958321298297441970e+01
1.316479352053742389e+02 2.951217233011504248e+01
1.317183143616729240e+02 2.944113167725566527e+01
1.317886935179716090e+02 2.937009102439628805e+01
1.318590726742702941e+02 2.929905037153691083e+01
1.319294518305689792e+02 2.922800971867753361e+01
1.319998309868676643e+02 2.915696906581815639e+01
1.320702101431663493e+02 2.908592841295877918e+01
1.321405892994650344e+02 2.901488776009940196e+01
1.322109684557637195e+02 2.894384710724002474e+01
1.322813476120624046e+02 2.887280645438064752e+01
1.323517267683610896e+02 2.880176580152127030e+01
1.324221059246597747e+02 2.873072514866189309e+01
1.324924850809584598e+02 2.865968449580251587e+01
1.325628642372571449e+02 2.858864384294313865e+01
1.326332433935558299e+02 2.851760319008376143e+01
1.327036225498545150e+02 2.844656253722438422e+01
1.327740017061532001e+02 2.837552188436500700e+01
1.328443808624518852e+02 2.830448123150562978e+01
1.329147600187505702e+02 2.823344057864625256e+01
1.329851391750492553e+02 2.816239992578687534e+01
1.330555183313479404e+02 2.809135927292749813e+01
1.331258974876466254e+02 2.802031862006812091e+01
1.331962766439453105e+02 2.794927796720874369e+01
1.332666558002439956e+02 2.787823731434936647e+01
1.333370349565426807e+02 2.780719666148998925e+01
1.334074141128413657e+02 2.773615600863061204e+01
1.334777932691400508e+02 2.766511535577123482e+01
1.335481724254387359e+02 2.759407470291185760e+01
1.336185515817374210e+02 2.752303405005248038e+01
1.336889307380361060e+02 2.745199339719310316e+01
1.337593098943347911e+02 2.738095274433372595e+01
1.338296890506334762e+02 2.730991209147434873e+01
1.339000682069321613e+02 2.723887143861497151e+01
1.339704473632308463e+02 2.716783078575559429e+01
1.340408265195295314e+02 2.709679013289621707e+01
1.341112056758282165e+02 2.702574948003683986e+01
1.341815848321269016e+02 2.695470882717746264e+01
1.342519639884255866e+02 2.688366817431808542e+01
1.343223431447242717e+02 2.681262752145870820e+01
1.343927223010229568e+02 2.674158686859933098e+01
1.344631014573216419e+02 2.667054621573995377e+01
1.345334806136203269e+02 2.659950556288057655e+01
1.346038597699190120e+02 2.652846491002119933e+01
1.346742389262176971e+02 2.645742425716182211e+01
1.347446180825163822e+02 2.638638360430244489e+01
1.348149972388150672e+02 2.631534295144306768e+01
1.348853763951137523e+02 2.624430229858369046e+01
1.349557555514124374e+02 2.617326164572431324e+01
1.350261347077111225e+02 2.610222099286493602e+01
1.350965138640098075e+02 2.603118034000555880e+01
1.351668930203084926e+02 2.596013968714618159e+01
1.352372721766071777e+02 2.588909903428680437e+01
1.353076513329058628e+02 2.581805838142742715e+01
1.353780304892045478e+02 2.574701772856804993e+01
1.354484096455032329e+02 2.567597707570867271e+01
1.355187888018019180e+02 2.560493642284929550e+01
1.355891679581006031e+02 2.553389576998991828e+01
1.356595471143992881e+02 2.546285511713054106e+01
1.357299262706979732e+02 2.539181446427116384e+01
1.358003054269966583e+02 2.532077381141178662e+01
1.358706845832953434e+02 2.524973315855240941e+01
1.359410637395940284e+02 2.517869250569303219e+01
1.360114428958927135e+02 2.510765185283365497e+01
1.360818220521913986e+02 2.503661119997427775e+01
1.361522012084900837e+02 2.496557054711490053e+01
1.362225803647887687e+02 2.489452989425552332e+01
1.362929595210874538e+02 2.482348924139614610e+01
1.363633386773861389e+02 2.475244858853676888e+01
1.364337178336848240e+02 2.468140793567739166e+01
1.365040969899835090e+02 2.461036728281801444e+01
1.365744761462821941e+02 2.453932662995863723e+01
1.366448553025808792e+02 2.446828597709926001e+01
1.367152344588795643e+02 2.439724532423988279e+01
1.367856136151782493e+02 2.432620467138050557e+01
1.368559927714769344e+02 2.425516401852112836e+01
1.369263719277756195e+02 2.418412336566175114e+01
1.369967510840743046e+02 2.411308271280237392e+01
1.370671302403729896e+02 2.404204205994299670e+01
1.371375093966716747e+02 2.397100140708361948e+01
1.372078885529703598e+02 2.389996075422424227e+01
1.372782677092690449e+02 2.382892010136486505e+01
1.373486468655677299e+02 2.375787944850548783e+01
1.374190260218664150e+02 2.368683879564611061e+01
1.374894051781651001e+02 2.361579814278673339e+01
1.375597843344637852e+02 2.354475748992735618e+01
1.376301634907624702e+02 2.347371683706797896e+01
1.377005426470611553e+02 2.340267618420860174e+01
1.377709218033598404e+02 2.333163553134922452e+01
1.378413009596585255e+02 2.326059487848984730e+01
1.379116801159572105e+02 2.318955422563047009e+01
1.379820592722558956e+02 2.311851357277109287e+01
1.380524384285545807e+02 2.304747291991171565e+01
1.381228175848532658e+02 2.297643226705233843e+01
1.381931967411519508e+02 2.290539161419296121e+01
1.382635758974506359e+02 2.283435096133358400e+01
1.383339550537493210e+02 2.276331030847420678e+01
1.384415608977064664e+02 2.265469307280023870e+01
1.384861404093377075e+02 2.274420657537230639e+01
1.385307199209689486e+02 2.283372007794437408e+01
1.385752994326001897e+02 2.292323358051644178e+01
1.386198789442314308e+02 2.301274708308850947e+01
1.386644584558626718e+02 2.310226058566057716e+01
1.387090379674939129e+02 2.319177408823264486e+01
1.387536174791251540e+02 2.328128759080471255e+01
1.387981969907563951e+02 2.337080109337678024e+01
1.388427765023876361e+02 2.346031459594884794e+01
1.388873560140188772e+02 2.354982809852091563e+01
1.389319355256501183e+02 2.363934160109298332e+01
1.389765150372813594e+02 2.372885510366505102e+01
1.390210945489126004e+02 2.381836860623711871e+01
1.390656740605438415e+02 2.390788210880918641e+01
1.391102535721750826e+02 2.399739561138125410e+01
1.391548330838063237e+02 2.408690911395332179e+01
1.391994125954375647e+02 2.417642261652538949e+01
1.392439921070688058e+02 2.426593611909745718e+01
1.392885716187000469e+02 2.435544962166952487e+01
1.393331511303312880e+02 2.444496312424159257e+01
1.393777306419625290e+02 2.453447662681366026e+01
1.394223101535937701e+02 2.462399012938572795e+01
1.394668896652250112e+02 2.471350363195779565e+01
1.395114691768562523e+02 2.480301713452986334e+01
1.395560486884874933e+02 2.489253063710193103e+01
1.396006282001187344e+02 2.498204413967399873e+01
1.396452077117499755e+02 2.507155764224606642e+01
1.396897872233812166e+02 2.516107114481813412e+01
1.397343667350124576e+02 2.525058464739020181e+01
1.397789462466436987e+02 2.534009814996226950e+01
1.398235257582749398e+02 2.542961165253433720e+01
1.398681052699061809e+02 2.551912515510640489e+01
1.399126847815374219e+02 2.560863865767847258e+01
1.399572642931686630e+02 2.569815216025054028e+01
1.400018438047999041e+02 2.578766566282260797e+01
1.400464233164311452e+02 2.587717916539467566e+01
1.400910028280623862e+02 2.596669266796674336e+01
1.401355823396936273e+02 2.605620617053881105e+01
1.401801618513248684e+02 2.614571967311087874e+01
1.402247413629561095e+02 2.623523317568294644e+01
1.402693208745873505e+02 2.632474667825501413e+01
1.403139003862185916e+02 2.641426018082708183e+01
1.403584798978498327e+02 2.650377368339914952e+01
1.404030594094810738e+02 2.659328718597121721e+01
1.404476389211123148e+02 2.668280068854328491e+01
1.404922184327435559e+02 2.677231419111535260e+01
1.405367979443747970e+02 2.686182769368742029e+01
1.405813774560060381e+02 2.695134119625948799e+01
1.406259569676372791e+02 2.704085469883155568e+01
1.406705364792685202e+02 2.713036820140362337e+01
1.407151159908997613e+02 2.721988170397569107e+01
1.407596955025310024e+02 2.730939520654775876e+01
1.408042750141622435e+02 2.739890870911982645e+01
1.408488545257934845e+02 2.748842221169189415e+01
1.408934340374247256e+02 2.757793571426396184e+01
1.409380135490559667e+02 2.766744921683602954e+01
1.409825930606872078e+02 2.775696271940809723e+01
1.410271725723184488e+02 2.784647622198016492e+01
1.410717520839496899e+02 2.793598972455223262e+01
1.411163315955809310e+02 2.802550322712430031e+01
1.411609111072121721e+02 2.811501672969636800e+01
1.412054906188434131e+02 2.820453023226843570e+01
1.412500701304746542e+02 2.829404373484050339e+01
1.412946496421058953e+02 2.838355723741257108e+01
1.413392291537371364e+02 2.847307073998463878e+01
1.413838086653683774e+02 2.856258424255670647e+01
1.414283881769996185e+02 2.865209774512877416e+01
1.414729676886308596e+02 2.874161124770084186e+01
1.415175472002621007e+02 2.883112475027290955e+01
1.415621267118933417e+02 2.892063825284497725e+01
1.416067062235245828e+02 2.901015175541704494e+01
1.416512857351558239e+02 2.909966525798911263e+01
1.416958652467870650e+02 2.918917876056118033e+01
1.417404447584183060e+02 2.927869226313324802e+01
1.417850242700495471e+02 2.936820576570531571e+01
1.418296037816807882e+02 2.945771926827738341e+01
1.418741832933120293e+02 2.954723277084945110e+01
1.419187628049432703e+02 2.963674627342151879e+01
1.419633423165745114e+02 2.972625977599358649e+01
1.420079218282057525e+02 2.981577327856565418e+01
1.420525013398369936e+02 2.990528678113772187e+01
1.420970808514682346e+02 2.999480028370978957e+01
1.421416603630994757e+02 3.008431378628185726e+01
1.421862398747307168e+02 3.017382728885392495e+01
1.422308193863619579e+02 3.026334079142599265e+01
1.422753988979931989e+02 3.035285429399806034e+01
1.423199784096244400e+02 3.044236779657012804e+01
1.423645579212556811e+02 3.053188129914219573e+01
1.424091374328869222e+02 3.062139480171426342e+01
1.424537169445181632e+02 3.071090830428633112e+01
1.424982964561494043e+02 3.080042180685839881e+01
1.425428759677806454e+02 3.088993530943046650e+01
1.425874554794118865e+02 3.097944881200253420e+01
1.426320349910431275e+02 3.106896231457460189e+01
1.426766145026743686e+02 3.115847581714666958e+01
1.427211940143056097e+02 3.124798931971873728e+01
1.427657735259368508e+02 3.133750282229080497e+01
1.428103530375680918e+02 3.142701632486287266e+01
1.428549325491993329e+02 3.151652982743494036e+01
1.428995120608305740e+02 3.160604333000700805e+01
1.429440915724618151e+02 3.169555683257907575e+01
1.429886710840930562e+02 3.178507033515114344e+01
1.430332505957242972e+02 3.187458383772321113e+01
1.430778301073555383e+02 3.196409734029527883e+01
1.431224096189867794e+02 3.205361084286735007e+01
1.431669891306180205e+02 3.214312434543941777e+01
1.432115686422492615e+02 3.223263784801148546e+01
1.432561481538805026e+02 3.232215135058355315e+01
1.433007276655117437e+02 3.241166485315562085e+01
1.433453071771429848e+02 3.250117835572768854e+01
1.433898866887742258e+02 3.259069185829975623e+01
1.434344662004054669e+02 3.268020536087182393e+01
1.434790457120367080e+02 3.276971886344389162e+01
1.435236252236679491e+02 3.285923236601595931e+01
1.435682047352991901e+02 3.294874586858802701e+01
1.436127842469304312e+02 3.303825937116009470e+01
1.436573637585616723e+02 3.312777287373216240e+01
1.437019432701929134e+02 3.321728637630423009e+01
1.437465227818241544e+02 3.330679987887629778e+01
1.437911022934553955e+02 3.339631338144836548e+01
1.438356818050866366e+02 3.348582688402043317e+01
1.438802613167178777e+02 3.357534038659250086e+01
1.439248408283491187e+02 3.366485388916456856e+01
1.439694203399803598e+02 3.375436739173663625e+01
1.440139998516116009e+02 3.384388089430870394e+01
1.440585793632428420e+02 3.393339439688077164e+01
1.441031588748740830e+02 3.402290789945283933e+01
1.441477383865053241e+02 3.411242140202490702e+01
1.441923178981365652e+02 3.420193490459697472e+01
1.442368974097678063e+02 3.429144840716904241e+01
1.442814769213990473e+02 3.438096190974111011e+01
1.443260564330302884e+02 3.447047541231317780e+01
1.443706359446615295e+02 3.455998891488524549e+01
1.444152154562927706e+02 3.464950241745731319e+01
1.444597949679240116e+02 3.473901592002938088e+01
1.445043744795552527e+02 3.482852942260144857e+01
1.445489539911864938e+02 3.491804292517351627e+01
1.445935335028177349e+02 3.500755642774558396e+01
1.446381130144489759e+02 3.509706993031765165e+01
1.446826925260802170e+02 3.518658343288971935e+01
1.447272720377114581e+02 3.527609693546178704e+01
1.447718515493426992e+02 3.536561043803385473e+01
1.448164310609739402e+02 3.545512394060592243e+01
1.448610105726051813e+02 3.554463744317799012e+01
1.449055900842364224e+02 3.563415094575005782e+01
1.449501695958676635e+02 3.572366444832212551e+01
1.449947491074989046e+02 3.581317795089419320e+01
1.450393286191301456e+02 3.590269145346626090e+01
1.450839081307613867e+02 3.599220495603832859e+01
1.451284876423926278e+02 3.608171845861039628e+01
1.451730671540238689e+02 3.617123196118246398e+01
1.452176466656551099e+02 3.626074546375453167e+01
1.452622261772863510e+02 3.635025896632659936e+01
1.453068056889175921e+02 3.643977246889866706e+01
1.453513852005488332e+02 3.652928597147073475e+01
1.453959647121800742e+02 3.661879947404280244e+01
1.454405442238113153e+02 3.670831297661487014e+01
1.454851237354425564e+02 3.679782647918693783e+01
1.455297032470737975e+02 3.688733998175900552e+01
1.455742827587050385e+02 3.697685348433107322e+01
1.456188622703362796e+02 3.706636698690314091e+01
1.456634417819675207e+02 3.715588048947520861e+01
1.457080212935987618e+02 3.724539399204727630e+01
1.457526008052300028e+02 3.733490749461934399e+01
1.457971803168612439e+02 3.742442099719141169e+01
1.458417598284924850e+02 3.751393449976347938e+01
1.458863393401237261e+02 3.760344800233554707e+01
1.459309188517549671e+02 3.769296150490761477e+01
1.459754983633862082e+02 3.778247500747968246e+01
1.460200778750174493e+02 3.787198851005175015e+01
1.460646573866486904e+02 3.796150201262381785e+01
1.461092368982799314e+02 3.805101551519588554e+01
1.461538164099111725e+02 3.814052901776795323e+01
1.461983959215424136e+02 3.823004252034002093e+01
1.462429754331736547e+02 3.831955602291208862e+01
1.462875549448048957e+02 3.840906952548415632e+01
1.463321344564361368e+02 3.849858302805622401e+01
1.463767139680673779e+02 3.858809653062829170e+01
1.464212934796986190e+02 3.867761003320035940e+01
1.464658729913298600e+02 3.876712353577242709e+01
1.465104525029611011e+02 3.885663703834449478e+01
1.465550320145923422e+02 3.894615054091656248e+01
1.465996115262235833e+02 3.903566404348863017e+01
1.466441910378548243e+02 3.912517754606069786e+01
1.466887705494860654e+02 3.921469104863276556e+01
1.467333500611173065e+02 3.930420455120483325e+01
1.467779295727485476e+02 3.939371805377690094e+01
1.468225090843797886e+02 3.948323155634896864e+01
1.468670885960110297e+02 3.957274505892103633e+01
1.469116681076422708e+02 3.966225856149310403e+01
1.469562476192735119e+02 3.975177206406517172e+01
1.470008271309047529e+02 3.984128556663723941e+01
1.470454066425359940e+02 3.993079906920930711e+01
1.470899861541672351e+02 4.002031257178137480e+01
1.471345656657984762e+02 4.010982607435344249e+01
1.471791451774297173e+02 4.019933957692551019e+01
1.472237246890609583e+02 4.028885307949757788e+01
1.472683042006921994e+02 4.037836658206964557e+01
1.473128837123234405e+02 4.046788008464171327e+01
1.473574632239546816e+02 4.055739358721378096e+01
1.474020427355859226e+02 4.064690708978584865e+01
1.474466222472171637e+02 4.073642059235791635e+01
1.474912017588484048e+02 4.082593409492998404e+01
1.475357812704796459e+02 4.091544759750205174e+01
1.475803607821108869e+02 4.100496110007411943e+01
1.476249402937421280e+02 4.109447460264618712e+01
1.476695198053733691e+02 4.118398810521825482e+01
1.477140993170046102e+02 4.127350160779032251e+01
1.477586788286358512e+02 4.136301511036239020e+01
1.478032583402670923e+02 4.145252861293445790e+01
1.478478378518983334e+02 4.154204211550652559e+01
1.478924173635295745e+02 4.163155561807859328e+01
1.479369968751608155e+02 4.172106912065066098e+01
1.479815763867920566e+02 4.181058262322272867e+01
1.480261558984232977e+02 4.190009612579479636e+01
1.480707354100545388e+02 4.198960962836686406e+01
1.481153149216857798e+02 4.207912313093893175e+01
1.481598944333170209e+02 4.216863663351099945e+01
1.482044739449482620e+02 4.225815013608306714e+01
1.482490534565795031e+02 4.234766363865513483e+01
1.482936329682107441e+02 4.243717714122720253e+01
1.483382124798419852e+02 4.252669064379927022e+01
1.483827919914732263e+02 4.261620414637133791e+01
1.484273715031044674e+02 4.270571764894340561e+01
1.484719510147357084e+02 4.279523115151547330e+01
1.485165305263669495e+02 4.288474465408754099e+01
1.485611100379981906e+02 4.297425815665960869e+01
1.486056895496294317e+02 4.306377165923167638e+01
1.486502690612606727e+02 4.315328516180374407e+01
1.486948485728919138e+02 4.324279866437581177e+01
1.487394280845231549e+02 4.333231216694787946e+01
1.487840075961543960e+02 4.342182566951994716e+01
1.488285871077856370e+02 4.351133917209201485e+01
1.488731666194168781e+02 4.360085267466408254e+01
1.489177461310481192e+02 4.369036617723615024e+01
1.489623256426793603e+02 4.377987967980821793e+01
1.490069051543106013e+02 4.386939318238028562e+01
1.490514846659418424e+02 4.395890668495235332e+01
1.490960641775730835e+02 4.404842018752442101e+01
1.491406436892043246e+02 4.413793369009648870e+01
1.491852232008355656e+02 4.422744719266855640e+01
1.492298027124668067e+02 4.431696069524062409e+01
1.492743822240980478e+02 4.440647419781269178e+01
1.493189617357292889e+02 4.449598770038475948e+01
1.493635412473605300e+02 4.458550120295682717e+01
1.494081207589917710e+02 4.467501470552889486e+01
1.494527002706230121e+02 4.476452820810096256e+01
1.494972797822542532e+02 4.485404171067303025e+01
1.495418592938854943e+02 4.494355521324509795e+01
1.495864388055167353e+02 4.503306871581716564e+01
1.496310183171479764e+02 4.512258221838923333e+01
1.496755978287792175e+02 4.521209572096130103e+01
1.497201773404104586e+02 4.530160922353336872e+01
1.497647568520416996e+02 4.539112272610543641e+01
1.498093363636729407e+02 4.548063622867750411e+01
1.498539158753041818e+02 4.557014973124957180e+01
1.498984953869354229e+02 4.565966323382163949e+01
1.499430748985666639e+02 4.574917673639370719e+01
1.499876544101979050e+02 4.583869023896577488e+01
1.500322339218291461e+02 4.592820374153784257e+01
1.500768134334603872e+02 4.601771724410991027e+01
1.501213929450916282e+02 4.610723074668197796e+01
1.501659724567228693e+02 4.619674424925404566e+01
1.502105519683541104e+02 4.628625775182611335e+01
1.502551314799853515e+02 4.637577125439818104e+01
1.502997109916165925e+02 4.646528475697024874e+01
1.503442905032478336e+02 4.655479825954231643e+01
1.503888700148790747e+02 4.664431176211438412e+01
1.504334495265103158e+02 4.673382526468645182e+01
1.504780290381415568e+02 4.682333876725851951e+01
1.505226085497727979e+02 4.691285226983058720e+01
1.505671880614040390e+02 4.700236577240265490e+01
1.506117675730352801e+02 4.709187927497472259e+01
1.506563470846665211e+02 4.718139277754679028e+01
1.507009265962977622e+02 4.727090628011885798e+01
1.507455061079290033e+02 4.736041978269092567e+01
1.507900856195602444e+02 4.744993328526299337e+01
1.508346651311914854e+02 4.753944678783506106e+01
1.508792446428227265e+02 4.762896029040712875e+01
1.509238241544539676e+02 4.771847379297919645e+01
1.509684036660852087e+02 4.780798729555126414e+01
1.510129831777164497e+02 4.789750079812333183e+01
1.510575626893476908e+02 4.798701430069539953e+01
1.511021422009789319e+02 4.807652780326746722e+01
1.511467217126101730e+02 4.816604130583953491e+01
1.511913012242414140e+02 4.825555480841160261e+01
1.512358807358726551e+02 4.834506831098367030e+01
1.512804602475038962e+02 4.843458181355573799e+01
1.513250397591351373e+02 4.852409531612780569e+01
1.513696192707663783e+02 4.861360881869987338e+01
1.514141987823976194e+02 4.870312232127194108e+01
1.514587782940288605e+02 4.879263582384400877e+01
1.515033578056601016e+02 4.888214932641607646e+01
1.515479373172913427e+02 4.897166282898814416e+01
1.515925168289225837e+02 4.906117633156021185e+01
1.516370963405538248e+02 4.915068983413227954e+01
1.516816758521850659e+02 4.924020333670434724e+01
1.517262553638163070e+02 4.932971683927641493e+01
1.517708348754475480e+02 4.941923034184848262e+01
1.518154143870787891e+02 4.950874384442055032e+01
1.518599938987100302e+02 4.959825734699261801e+01
1.519045734103412713e+02 4.968777084956468570e+01
1.519491529219725123e+02 4.977728435213675340e+01
1.519937324336037534e+02 4.986679785470882109e+01
1.520383119452349945e+02 4.995631135728088879e+01
1.520828914568662356e+02 5.004582485985295648e+01
1.521274709684974766e+02 5.013533836242502417e+01
1.521720504801287177e+02 5.022485186499709187e+01
1.522166299917599588e+02 5.031436536756915956e+01
1.522612095033911999e+02 5.040387887014122725e+01
1.523057890150224409e+02 5.049339237271329495e+01
1.523503685266536820e+02 5.058290587528536264e+01
1.523949480382849231e+02 5.067241937785743033e+01
1.524395275499161642e+02 5.076193288042949803e+01
1.524841070615474052e+02 5.085144638300156572e+01
1.525286865731786463e+02 5.094095988557363341e+01
1.525732660848098874e+02 5.103047338814570111e+01
1.526178455964411285e+02 5.111998689071776880e+01
1.526624251080723695e+02 5.120950039328983650e+01
1.527070046197036106e+02 5.129901389586190419e+01
1.527515841313348517e+02 5.138852739843397188e+01
1.527961636429660928e+02 5.147804090100603958e+01
1.528407431545973338e+02 5.156755440357810727e+01
1.528853226662285749e+02 5.165706790615017496e+01
1.529299021778598160e+02 5.174658140872224266e+01
1.529744816894910571e+02 5.183609491129431035e+01
1.530190612011222981e+02 5.192560841386637804e+01
1.530636407127535392e+02 5.201512191643844574e+01
1.531082202243847803e+02 5.210463541901051343e+01
1.531527997360160214e+02 5.219414892158258112e+01
1.531973792476472624e+02 5.228366242415464882e+01
1.532419587592785035e+02 5.237317592672671651e+01
1.532865382709097446e+02 5.246268942929878421e+01
1.533311177825409857e+02 5.255220293187085190e+01
1.533756972941722267e+02 5.264171643444291959e+01
1.534202768058034678e+02 5.273122993701498729e+01
1.534648563174347089e+02 5.282074343958705498e+01
1.535094358290659500e+02 5.291025694215912267e+01
1.535540153406971910e+02 5.299977044473119037e+01
1.535985948523284321e+02 5.308928394730325806e+01
1.536431743639596732e+02 5.317879744987532575e+01
1.536877538755909143e+02 5.326831095244739345e+01
1.537323333872221554e+02 5.335782445501946114e+01
1.537769128988533964e+02 5.344733795759152883e+01
1.538214924104846375e+02 5.353685146016359653e+01
1.538660719221158786e+02 5.362636496273566422e+01
1.539106514337471197e+02 5.371587846530773191e+01
1.539552309453783607e+02 5.380539196787979961e+01
1.539998104570096018e+02 5.389490547045186730e+01
1.540443899686408429e+02 5.398441897302393500e+01
1.540889694802720840e+02 5.407393247559600269e+01
1.541335489919033250e+02 5.416344597816807038e+01
1.541781285035345661e+02 5.425295948074013808e+01
1.542227080151658072e+02 5.434247298331220577e+01
1.542672875267970483e+02 5.443198648588427346e+01
1.543118670384282893e+02 5.452149998845634116e+01
1.543564465500595304e+02 5.461101349102840885e+01
1.544010260616907715e+02 5.470052699360047654e+01
1.544456055733220126e+02 5.479004049617254424e+01
1.544901850849532536e+02 5.487955399874461193e+01
1.545347645965844947e+02 5.496906750131667962e+01
1.545793441082157358e+02 5.505858100388874732e+01
1.546239236198469769e+02 5.514809450646081501e+01
1.546685031314782179e+02 5.523760800903288271e+01
1.547130826431094590e+02 5.532712151160495040e+01
1.547576621547407001e+02 5.541663501417701809e+01
1.548022416663719412e+02 5.550614851674908579e+01
1.548468211780031822e+02 5.559566201932115348e+01
1.548914006896344233e+02 5.568517552189322117e+01
1.549359802012656644e+02 5.577468902446528887e+01
1.549805597128969055e+02 5.586420252703735656e+01
1.550251392245281465e+02 5.595371602960942425e+01
1.550697187361593876e+02 5.604322953218149195e+01
1.551142982477906287e+02 5.613274303475355964e+01
1.551588777594218698e+02 5.622225653732562733e+01
1.552034572710531108e+02 5.631177003989769503e+01
1.552480367826843519e+02 5.640128354246976272e+01
1.552926162943155930e+02 5.649079704504183042e+01
1.553371958059468341e+02 5.658031054761389811e+01
1.553817753175780751e+02 5.666982405018596580e+01
1.554263548292093162e+02 5.675933755275803350e+01
1.554709343408405573e+02 5.684885105533010119e+01
1.555155138524717984e+02 5.693836455790216888e+01
1.555600933641030394e+02 5.702787806047423658e+01
1.556046728757342805e+02 5.711739156304630427e+01
1.556492523873655216e+02 5.720690506561837196e+01
1.556938318989967627e+02 5.729641856819043966e+01
1.557384114106280038e+02 5.738593207076250735e+01
1.557829909222592448e+02 5.747544557333457504e+01
1.558275704338904859e+02 5.756495907590664274e+01
1.558721499455217270e+02 5.765447257847871043e+01
1.559167294571529681e+02 5.774398608105077813e+01
1.559613089687842091e+02 5.783349958362284582e+01
1.560058884804154502e+02 5.792301308619491351e+01
1.560504679920466913e+02 5.801252658876698121e+01
1.560950475036779324e+02 5.810204009133904890e+01
1.561396270153091734e+02 5.819155359391111659e+01
1.561842065269404145e+02 5.828106709648318429e+01
1.562287860385716556e+02 5.837058059905525198e+01
1.562733655502028967e+02 5.846009410162731967e+01
1.563179450618341377e+02 5.854960760419938737e+01
1.563625245734653788e+02 5.863912110677145506e+01
1.564071040850966199e+02 5.872863460934352275e+01
1.564516835967278610e+02 5.881814811191559045e+01
1.564962631083591020e+02 5.890766161448765814e+01
1.565408426199903431e+02 5.899717511705972584e+01
1.565854221316215842e+02 5.908668861963179353e+01
1.566300016432528253e+02 5.917620212220386122e+01
1.566745811548840663e+02 5.926571562477592892e+01
1.567191606665153074e+02 5.935522912734799661e+01
1.567637401781465485e+02 5.944474262992006430e+01
1.568083196897777896e+02 5.953425613249213200e+01
1.568528992014090306e+02 5.962376963506419969e+01
1.568974787130402717e+02 5.971328313763626738e+01
1.569420582246715128e+02 5.980279664020833508e+01
1.569866377363027539e+02 5.989231014278040277e+01
1.570312172479339949e+02 5.998182364535247046e+01
1.570757967595652360e+02 6.007133714792453816e+01
1.571203762711964771e+02 6.016085065049660585e+01
1.571649557828277182e+02 6.025036415306867355e+01
1.572095352944589592e+02 6.033987765564074124e+01
1.572541148060902003e+02 6.042939115821280893e+01
1.573169294986544742e+02 6.055552002186684746e+01
