3.069493321670776709e+00 1.771175696624680427e+02
3.073295960894717460e+00 1.770176419889489807e+02
3.077098600118658211e+00 1.769177143154299188e+02
3.080901239342598963e+00 1.768177866419108568e+02
3.084703878566539714e+00 1.767178589683917949e+02
3.088506517790480466e+00 1.766179312948727329e+02
3.092309157014421217e+00 1.765180036213536710e+02
3.096111796238361968e+00 1.764180759478346090e+02
3.099914435462302720e+00 1.763181482743155470e+02
3.103717074686243471e+00 1.762182206007964851e+02
3.107519713910184223e+00 1.761182929272774231e+02
3.111322353134124974e+00 1.760183652537583612e+02
3.115124992358065725e+00 1.759184375802392992e+02
3.118927631582006477e+00 1.758185099067202373e+02
3.122730270805947228e+00 1.757185822332011753e+02
3.126532910029887979e+00 1.756186545596821134e+02
3.130335549253828731e+00 1.755187268861630514e+02
3.134138188477769482e+00 1.754187992126439894e+02
3.137940827701710234e+00 1.753188715391249275e+02
3.141743466925650985e+00 1.752189438656058655e+02
3.145546106149591736e+00 1.751190161920868036e+02
3.149348745373532488e+00 1.750190885185677416e+02
3.153151384597473239e+00 1.749191608450486797e+02
3.156954023821413990e+00 1.748192331715296177e+02
3.160756663045354742e+00 1.747193054980105558e+02
3.164559302269295493e+00 1.746193778244914938e+02
3.168361941493236245e+00 1.745194501509724319e+02
3.172164580717176996e+00 1.744195224774533699e+02
3.175967219941117747e+00 1.743195948039343079e+02
3.179769859165058499e+00 1.742196671304152460e+02
3.183572498388999250e+00 1.741197394568961840e+02
3.187375137612940001e+00 1.740198117833771221e+02
3.191177776836880753e+00 1.739198841098580601e+02
3.194980416060821504e+00 1.738199564363389982e+02
3.198783055284762256e+00 1.737200287628199362e+02
3.202585694508703007e+00 1.736201010893008743e+02
3.206388333732643758e+00 1.735201734157818123e+02
3.210190972956584510e+00 1.734202457422627504e+02
3.213993612180525261e+00 1.733203180687436884e+02
3.217796251404466013e+00 1.732203903952246264e+02
3.221598890628406764e+00 1.731204627217055645e+02
3.225401529852347515e+00 1.730205350481865025e+02
3.229204169076288267e+00 1.729206073746674406e+02
3.233006808300229018e+00 1.728206797011483786e+02
3.236809447524169769e+00 1.727207520276293167e+02
3.240612086748110521e+00 1.726208243541102547e+02
3.244414725972051272e+00 1.725208966805911928e+02
3.248217365195992024e+00 1.724209690070721308e+02
3.252020004419932775e+00 1.723210413335530689e+02
3.255822643643873526e+00 1.722211136600340069e+02
3.259625282867814278e+00 1.721211859865149449e+02
3.263427922091755029e+00 1.720212583129958830e+02
3.267230561315695780e+00 1.719213306394768210e+02
3.271033200539636532e+00 1.718214029659577591e+02
3.274835839763577283e+00 1.717214752924386971e+02
3.278638478987518035e+00 1.716215476189196352e+02
3.282441118211458786e+00 1.715216199454005732e+02
3.286243757435399537e+00 1.714216922718815113e+02
3.290046396659340289e+00 1.713217645983624493e+02
3.293849035883281040e+00 1.712218369248433874e+02
3.297651675107221791e+00 1.711219092513243254e+02
3.301454314331162543e+00 1.710219815778052634e+02
3.305256953555103294e+00 1.709220539042862015e+02
3.309059592779044046e+00 1.708221262307671395e+02
3.312862232002984797e+00 1.707221985572480776e+02
3.316664871226925548e+00 1.706222708837290156e+02
3.320467510450866300e+00 1.705223432102099537e+02
3.324270149674807051e+00 1.704224155366908917e+02
3.328072788898747802e+00 1.703224878631718298e+02
3.331875428122688554e+00 1.702225601896527678e+02
3.335678067346629305e+00 1.701226325161337058e+02
3.339480706570570057e+00 1.700227048426146439e+02
3.343283345794510808e+00 1.699227771690955819e+02
3.347085985018451559e+00 1.698228494955765200e+02
3.350888624242392311e+00 1.697229218220574580e+02
3.354691263466333062e+00 1.696229941485383961e+02
3.358493902690273814e+00 1.695230664750193341e+02
3.362296541914214565e+00 1.694231388015002722e+02
3.366099181138155316e+00 1.693232111279812102e+02
3.369901820362096068e+00 1.692232834544621483e+02
3.373704459586036819e+00 1.691233557809430863e+02
3.377507098809977570e+00 1.690234281074240243e+02
3.381309738033918322e+00 1.689235004339049624e+02
3.385112377257859073e+00 1.688235727603859004e+02
3.388915016481799825e+00 1.687236450868668385e+02
3.392717655705740576e+00 1.686237174133477765e+02
3.396520294929681327e+00 1.685237897398287146e+02
3.400322934153622079e+00 1.684238620663096526e+02
3.404125573377562830e+00 1.683239343927905907e+02
3.407928212601503581e+00 1.682240067192715287e+02
3.411730851825444333e+00 1.681240790457524668e+02
3.415533491049385084e+00 1.680241513722334048e+02
3.419336130273325836e+00 1.679242236987143428e+02
3.423138769497266587e+00 1.678242960251952809e+02
3.426941408721207338e+00 1.677243683516762189e+02
3.430744047945148090e+00 1.676244406781571570e+02
3.434546687169088841e+00 1.675245130046380950e+02
3.438349326393029592e+00 1.674245853311190331e+02
3.442151965616970344e+00 1.673246576575999711e+02
3.445954604840911095e+00 1.672247299840809092e+02
3.449757244064851847e+00 1.671248023105618472e+02
3.453559883288792598e+00 1.670248746370427853e+02
3.457362522512733349e+00 1.669249469635237233e+02
3.461165161736674101e+00 1.668250192900046613e+02
3.464967800960614852e+00 1.667250916164855994e+02
3.468770440184555603e+00 1.666251639429665374e+02
3.472573079408496355e+00 1.665252362694474755e+02
3.476375718632437106e+00 1.664253085959284135e+02
3.480178357856377858e+00 1.663253809224093516e+02
3.483980997080318609e+00 1.662254532488902896e+02
3.487783636304259360e+00 1.661255255753712277e+02
3.491586275528200112e+00 1.660255979018521657e+02
3.495388914752140863e+00 1.659256702283331038e+02
3.499191553976081615e+00 1.658257425548140418e+02
3.502994193200022366e+00 1.657258148812949798e+02
3.506796832423963117e+00 1.656258872077759179e+02
3.510599471647903869e+00 1.655259595342568559e+02
3.514402110871844620e+00 1.654260318607377940e+02
3.518204750095785371e+00 1.653261041872187320e+02
3.522007389319726123e+00 1.652261765136996701e+02
3.525810028543666874e+00 1.651262488401806081e+02
3.529612667767607626e+00 1.650263211666615462e+02
3.533415306991548377e+00 1.649263934931424842e+02
3.537217946215489128e+00 1.648264658196234222e+02
3.541020585439429880e+00 1.647265381461043603e+02
3.544823224663370631e+00 1.646266104725852983e+02
3.548625863887311382e+00 1.645266827990662364e+02
3.552428503111252134e+00 1.644267551255471744e+02
3.556231142335192885e+00 1.643268274520281125e+02
3.560033781559133637e+00 1.642268997785090505e+02
3.563836420783074388e+00 1.641269721049899886e+02
3.567639060007015139e+00 1.640270444314709266e+02
3.571441699230955891e+00 1.639271167579518647e+02
3.575244338454896642e+00 1.638271890844328027e+02
3.579046977678837393e+00 1.637272614109137407e+02
3.582849616902778145e+00 1.636273337373946788e+02
3.586652256126718896e+00 1.635274060638756168e+02
3.590454895350659648e+00 1.634274783903565549e+02
3.594257534574600399e+00 1.633275507168374929e+02
3.598060173798541150e+00 1.632276230433184310e+02
3.601862813022481902e+00 1.631276953697993690e+02
3.605665452246422653e+00 1.630277676962803071e+02
3.609468091470363404e+00 1.629278400227612451e+02
3.613270730694304156e+00 1.628279123492421832e+02
3.617073369918244907e+00 1.627279846757231212e+02
3.620876009142185659e+00 1.626280570022040592e+02
3.624678648366126410e+00 1.625281293286849973e+02
3.628481287590067161e+00 1.624282016551659353e+02
3.632283926814007913e+00 1.623282739816468734e+02
3.636086566037948664e+00 1.622283463081278114e+02
3.639889205261889416e+00 1.621284186346087495e+02
3.643691844485830167e+00 1.620284909610896875e+02
3.647494483709770918e+00 1.619285632875706256e+02
3.651297122933711670e+00 1.618286356140515636e+02
3.655099762157652421e+00 1.617287079405325017e+02
3.658902401381593172e+00 1.616287802670134397e+02
3.662705040605533924e+00 1.615288525934943777e+02
3.666507679829474675e+00 1.614289249199753158e+02
3.670310319053415427e+00 1.613289972464562538e+02
3.674112958277356178e+00 1.612290695729371919e+02
3.677915597501296929e+00 1.611291418994181299e+02
3.681718236725237681e+00 1.610292142258990680e+02
3.685520875949178432e+00 1.609292865523800060e+02
3.689323515173119183e+00 1.608293588788609441e+02
3.693126154397059935e+00 1.607294312053418821e+02
3.696928793621000686e+00 1.606295035318228202e+02
3.700731432844941438e+00 1.605295758583037582e+02
3.704534072068882189e+00 1.604296481847846962e+02
3.708336711292822940e+00 1.603297205112656343e+02
3.712139350516763692e+00 1.602297928377465723e+02
3.715941989740704443e+00 1.601298651642275104e+02
3.719744628964645194e+00 1.600299374907084484e+02
3.723547268188585946e+00 1.599300098171893865e+02
3.727349907412526697e+00 1.598300821436703245e+02
3.731152546636467449e+00 1.597301544701512626e+02
3.734955185860408200e+00 1.596302267966322006e+02
3.738757825084348951e+00 1.595302991231131386e+02
3.742560464308289703e+00 1.594303714495940767e+02
3.746363103532230454e+00 1.593304437760750147e+02
3.750165742756171205e+00 1.592305161025559528e+02
3.753968381980111957e+00 1.591305884290368908e+02
3.757771021204052708e+00 1.590306607555178289e+02
3.761573660427993460e+00 1.589307330819987669e+02
3.765376299651934211e+00 1.588308054084797050e+02
3.769178938875874962e+00 1.587308777349606430e+02
3.772981578099815714e+00 1.586309500614415811e+02
3.776784217323756465e+00 1.585310223879225191e+02
3.780586856547697217e+00 1.584310947144034571e+02
3.784389495771637968e+00 1.583311670408843952e+02
3.788192134995578719e+00 1.582312393673653332e+02
3.791994774219519471e+00 1.581313116938462713e+02
3.795797413443460222e+00 1.580313840203272093e+02
3.799600052667400973e+00 1.579314563468081474e+02
3.803402691891341725e+00 1.578315286732890854e+02
3.807205331115282476e+00 1.577316009997700235e+02
3.811007970339223228e+00 1.576316733262509615e+02
3.814810609563163979e+00 1.575317456527318996e+02
3.818613248787104730e+00 1.574318179792128376e+02
3.822415888011045482e+00 1.573318903056937756e+02
3.826218527234986233e+00 1.572319626321747137e+02
3.830021166458926984e+00 1.571320349586556517e+02
3.833823805682867736e+00 1.570321072851365898e+02
3.837626444906808487e+00 1.569321796116175278e+02
3.841429084130749239e+00 1.568322519380984659e+02
3.845231723354689990e+00 1.567323242645794039e+02
3.849034362578630741e+00 1.566323965910603420e+02
3.852837001802571493e+00 1.565324689175412800e+02
3.856639641026512244e+00 1.564325412440222181e+02
3.860442280250452995e+00 1.563326135705031561e+02
3.864244919474393747e+00 1.562326858969840941e+02
3.868047558698334498e+00 1.561327582234650322e+02
3.871850197922275250e+00 1.560328305499459702e+02
3.875652837146216001e+00 1.559329028764269083e+02
3.879455476370156752e+00 1.558329752029078463e+02
3.883258115594097504e+00 1.557330475293887844e+02
3.887060754818038255e+00 1.556331198558697224e+02
3.890863394041979006e+00 1.555331921823506605e+02
3.894666033265919758e+00 1.554332645088315985e+02
3.898468672489860509e+00 1.553333368353125366e+02
3.902271311713801261e+00 1.552334091617934746e+02
3.906073950937742012e+00 1.551334814882744126e+02
3.909876590161682763e+00 1.550335538147553507e+02
3.913679229385623515e+00 1.549336261412362887e+02
3.917481868609564266e+00 1.548336984677172268e+02
3.921284507833505018e+00 1.547337707941981648e+02
3.925087147057445769e+00 1.546338431206791029e+02
3.928889786281386520e+00 1.545339154471600409e+02
3.932692425505327272e+00 1.544339877736409790e+02
3.936495064729268023e+00 1.543340601001219170e+02
3.940297703953208774e+00 1.542341324266028550e+02
3.944100343177149526e+00 1.541342047530837931e+02
3.947902982401090277e+00 1.540342770795647311e+02
3.951705621625031029e+00 1.539343494060456692e+02
3.955508260848971780e+00 1.538344217325266072e+02
3.959310900072912531e+00 1.537344940590075453e+02
3.963113539296853283e+00 1.536345663854884833e+02
3.966916178520794034e+00 1.535346387119694214e+02
3.970718817744734785e+00 1.534347110384503594e+02
3.974521456968675537e+00 1.533347833649312975e+02
3.978324096192616288e+00 1.532348556914122355e+02
3.982126735416557040e+00 1.531349280178931735e+02
3.986503264483502562e+00 1.530199193773156310e+02
4.086430938002566293e+00 1.530237220165395797e+02
4.186358611521630024e+00 1.530275246557635285e+02
4.286286285040693755e+00 1.530313272949874772e+02
4.386213958559757486e+00 1.530351299342114260e+02
4.486141632078821218e+00 1.530389325734353747e+02
4.586069305597884949e+00 1.530427352126593235e+02
4.685996979116948680e+00 1.530465378518832722e+02
4.785924652636012411e+00 1.530503404911072209e+02
4.885852326155076142e+00 1.530541431303311697e+02
4.985779999674139873e+00 1.530579457695551184e+02
5.085707673193203604e+00 1.530617484087790672e+02
5.185635346712267335e+00 1.530655510480030159e+02
5.285563020231331066e+00 1.530693536872269647e+02
5.385490693750394797e+00 1.530731563264509134e+02
5.485418367269458528e+00 1.530769589656748622e+02
5.585346040788522259e+00 1.530807616048988109e+02
5.685273714307585990e+00 1.530845642441227596e+02
5.785201387826649722e+00 1.530883668833467084e+02
5.885129061345713453e+00 1.530921695225706571e+02
5.985056734864777184e+00 1.530959721617946059e+02
6.084984408383840915e+00 1.530997748010185546e+02
6.184912081902904646e+00 1.531035774402425034e+02
6.284839755421968377e+00 1.531073800794664521e+02
6.384767428941032108e+00 1.531111827186904009e+02
6.484695102460095839e+00 1.531149853579143496e+02
6.584622775979159570e+00 1.531187879971382984e+02
6.684550449498223301e+00 1.531225906363622471e+02
6.784478123017287032e+00 1.531263932755861958e+02
6.884405796536350763e+00 1.531301959148101446e+02
6.984333470055414494e+00 1.531339985540340933e+02
7.084261143574478226e+00 1.531378011932580421e+02
7.184188817093541957e+00 1.531416038324819908e+02
7.284116490612605688e+00 1.531454064717059396e+02
7.384044164131669419e+00 1.531492091109298883e+02
7.483971837650733150e+00 1.531530117501538371e+02
7.583899511169796881e+00 1.531568143893777858e+02
7.683827184688860612e+00 1.531606170286017345e+02
7.783754858207924343e+00 1.531644196678256833e+02
7.883682531726988074e+00 1.531682223070496320e+02
7.983610205246051805e+00 1.531720249462735808e+02
8.083537878765115536e+00 1.531758275854975295e+02
8.183465552284179267e+00 1.531796302247214783e+02
8.283393225803242998e+00 1.531834328639454270e+02
8.383320899322306730e+00 1.531872355031693758e+02
8.483248572841370461e+00 1.531910381423933245e+02
8.583176246360434192e+00 1.531948407816172733e+02
8.683103919879497923e+00 1.531986434208412220e+02
8.783031593398561654e+00 1.532024460600651707e+02
8.882959266917625385e+00 1.532062486992891195e+02
8.982886940436689116e+00 1.532100513385130682e+02
9.082814613955752847e+00 1.532138539777370170e+02
9.182742287474816578e+00 1.532176566169609657e+02
9.282669960993880309e+00 1.532214592561849145e+02
9.382597634512944040e+00 1.532252618954088632e+02
9.482525308032007771e+00 1.532290645346328120e+02
9.582452981551071503e+00 1.532328671738567607e+02
9.682380655070135234e+00 1.532366698130807094e+02
9.782308328589198965e+00 1.532404724523046582e+02
9.882236002108262696e+00 1.532442750915286069e+02
9.982163675627326427e+00 1.532480777307525557e+02
1.008209134914639016e+01 1.532518803699765044e+02
1.018201902266545389e+01 1.532556830092004532e+02
1.028194669618451762e+01 1.532594856484244019e+02
1.038187436970358135e+01 1.532632882876483507e+02
1.048180204322264508e+01 1.532670909268722994e+02
1.058172971674170881e+01 1.532708935660962482e+02
1.068165739026077254e+01 1.532746962053201969e+02
1.078158506377983628e+01 1.532784988445441456e+02
1.088151273729890001e+01 1.532823014837680944e+02
1.098144041081796374e+01 1.532861041229920431e+02
1.108136808433702747e+01 1.532899067622159919e+02
1.118129575785609120e+01 1.532937094014399406e+02
1.128122343137515493e+01 1.532975120406638894e+02
1.138115110489421866e+01 1.533013146798878381e+02
1.148107877841328239e+01 1.533051173191117869e+02
1.158100645193234612e+01 1.533089199583357356e+02
1.168093412545140986e+01 1.533127225975596843e+02
1.178086179897047359e+01 1.533165252367836331e+02
1.188078947248953732e+01 1.533203278760075818e+02
1.198071714600860105e+01 1.533241305152315306e+02
1.208064481952766478e+01 1.533279331544554793e+02
1.218057249304672851e+01 1.533317357936794281e+02
1.228050016656579224e+01 1.533355384329033768e+02
1.238042784008485597e+01 1.533393410721273256e+02
1.248035551360391970e+01 1.533431437113512743e+02
1.258028318712298343e+01 1.533469463505752231e+02
1.268021086064204717e+01 1.533507489897991718e+02
1.278013853416111090e+01 1.533545516290231205e+02
1.288006620768017463e+01 1.533583542682470693e+02
1.297999388119923836e+01 1.533621569074710180e+02
1.307992155471830209e+01 1.533659595466949668e+02
1.317984922823736582e+01 1.533697621859189155e+02
1.327977690175642955e+01 1.533735648251428643e+02
1.337970457527549328e+01 1.533773674643668130e+02
1.347963224879455701e+01 1.533811701035907618e+02
1.357955992231362075e+01 1.533849727428147105e+02
1.367948759583268448e+01 1.533887753820386592e+02
1.377941526935174821e+01 1.533925780212626080e+02
1.387934294287081194e+01 1.533963806604865567e+02
1.397927061638987567e+01 1.534001832997105055e+02
1.407919828990893940e+01 1.534039859389344542e+02
1.417912596342800313e+01 1.534077885781584030e+02
1.427905363694706686e+01 1.534115912173823517e+02
1.437898131046613059e+01 1.534153938566063005e+02
1.447890898398519433e+01 1.534191964958302492e+02
1.457883665750425806e+01 1.534229991350541980e+02
1.467876433102332179e+01 1.534268017742781467e+02
1.477869200454238552e+01 1.534306044135020954e+02
1.487861967806144925e+01 1.534344070527260442e+02
1.497854735158051298e+01 1.534382096919499929e+02
1.507847502509957671e+01 1.534420123311739417e+02
1.517840269861864044e+01 1.534458149703978904e+02
1.527833037213770417e+01 1.534496176096218392e+02
1.537825804565676791e+01 1.534534202488457879e+02
1.547818571917583164e+01 1.534572228880697367e+02
1.557811339269489537e+01 1.534610255272936854e+02
1.567804106621395910e+01 1.534648281665176341e+02
1.577796873973302283e+01 1.534686308057415829e+02
1.587789641325208656e+01 1.534724334449655316e+02
1.597782408677115029e+01 1.534762360841894804e+02
1.607775176029021225e+01 1.534800387234134291e+02
1.617767943380927420e+01 1.534838413626373779e+02
1.627760710732833616e+01 1.534876440018613266e+02
1.637753478084739811e+01 1.534914466410852754e+02
1.647746245436646007e+01 1.534952492803092241e+02
1.657739012788552202e+01 1.534990519195331728e+02
1.667731780140458397e+01 1.535028545587571216e+02
1.677724547492364593e+01 1.535066571979810703e+02
1.687717314844270788e+01 1.535104598372050191e+02
1.697710082196176984e+01 1.535142624764289678e+02
1.707702849548083179e+01 1.535180651156529166e+02
1.717695616899989375e+01 1.535218677548768653e+02
1.727688384251895570e+01 1.535256703941008141e+02
1.737681151603801766e+01 1.535294730333247628e+02
1.747673918955707961e+01 1.535332756725487116e+02
1.757666686307614157e+01 1.535370783117726603e+02
1.767659453659520352e+01 1.535408809509966090e+02
1.777652221011426548e+01 1.535446835902205578e+02
1.787644988363332743e+01 1.535484862294445065e+02
1.797637755715238939e+01 1.535522888686684553e+02
1.807630523067145134e+01 1.535560915078924040e+02
1.817623290419051330e+01 1.535598941471163528e+02
1.827616057770957525e+01 1.535636967863403015e+02
1.837608825122863720e+01 1.535674994255642503e+02
1.847601592474769916e+01 1.535713020647881990e+02
1.857594359826676111e+01 1.535751047040121477e+02
1.867587127178582307e+01 1.535789073432360965e+02
1.877579894530488502e+01 1.535827099824600452e+02
1.887572661882394698e+01 1.535865126216839940e+02
1.897565429234300893e+01 1.535903152609079427e+02
1.907558196586207089e+01 1.535941179001318915e+02
1.917550963938113284e+01 1.535979205393558402e+02
1.927543731290019480e+01 1.536017231785797890e+02
1.937536498641925675e+01 1.536055258178037377e+02
1.947529265993831871e+01 1.536093284570276865e+02
1.957522033345738066e+01 1.536131310962516352e+02
1.967514800697644262e+01 1.536169337354755839e+02
1.977507568049550457e+01 1.536207363746995327e+02
1.987500335401456653e+01 1.536245390139234814e+02
1.997493102753362848e+01 1.536283416531474302e+02
2.007485870105269044e+01 1.536321442923713789e+02
2.017478637457175239e+01 1.536359469315953277e+02
2.027471404809081434e+01 1.536397495708192764e+02
2.037464172160987630e+01 1.536435522100432252e+02
2.047456939512893825e+01 1.536473548492671739e+02
2.057449706864800021e+01 1.536511574884911226e+02
2.067442474216706216e+01 1.536549601277150714e+02
2.077435241568612412e+01 1.536587627669390201e+02
2.087428008920518607e+01 1.536625654061629689e+02
2.097420776272424803e+01 1.536663680453869176e+02
2.107413543624330998e+01 1.536701706846108664e+02
2.117406310976237194e+01 1.536739733238348151e+02
2.127399078328143389e+01 1.536777759630587639e+02
2.137391845680049585e+01 1.536815786022827126e+02
2.147384613031955780e+01 1.536853812415066614e+02
2.157377380383861976e+01 1.536891838807306101e+02
2.167370147735768171e+01 1.536929865199545588e+02
2.177362915087674367e+01 1.536967891591785076e+02
2.187355682439580562e+01 1.537005917984024563e+02
2.197348449791486757e+01 1.537043944376264051e+02
2.207341217143392953e+01 1.537081970768503538e+02
2.217333984495299148e+01 1.537119997160743026e+02
2.227326751847205344e+01 1.537158023552982513e+02
2.237319519199111539e+01 1.537196049945222001e+02
2.247312286551017735e+01 1.537234076337461488e+02
2.257305053902923930e+01 1.537272102729700975e+02
2.267297821254830126e+01 1.537310129121940463e+02
2.277290588606736321e+01 1.537348155514179950e+02
2.287283355958642517e+01 1.537386181906419438e+02
2.297276123310548712e+01 1.537424208298658925e+02
2.307268890662454908e+01 1.537462234690898413e+02
2.317261658014361103e+01 1.537500261083137900e+02
2.327254425366267299e+01 1.537538287475377388e+02
2.337247192718173494e+01 1.537576313867616875e+02
2.347239960070079690e+01 1.537614340259856363e+02
2.357232727421985885e+01 1.537652366652095850e+02
2.367225494773892081e+01 1.537690393044335337e+02
2.377218262125798276e+01 1.537728419436574825e+02
2.387211029477704471e+01 1.537766445828814312e+02
2.397203796829610667e+01 1.537804472221053800e+02
2.407196564181516862e+01 1.537842498613293287e+02
2.417189331533423058e+01 1.537880525005532775e+02
2.427182098885329253e+01 1.537918551397772262e+02
2.437174866237235449e+01 1.537956577790011750e+02
2.447167633589141644e+01 1.537994604182251237e+02
2.457160400941047840e+01 1.538032630574490724e+02
2.467153168292954035e+01 1.538070656966730212e+02
2.477145935644860231e+01 1.538108683358969699e+02
2.487138702996766426e+01 1.538146709751209187e+02
2.497131470348672622e+01 1.538184736143448674e+02
2.507124237700578817e+01 1.538222762535688162e+02
2.517117005052485013e+01 1.538260788927927649e+02
2.527109772404391208e+01 1.538298815320167137e+02
2.537102539756297404e+01 1.538336841712406624e+02
2.547095307108203599e+01 1.538374868104646112e+02
2.557088074460109794e+01 1.538412894496885599e+02
2.567080841812015990e+01 1.538450920889125086e+02
2.577073609163922185e+01 1.538488947281364574e+02
2.587066376515828381e+01 1.538526973673604061e+02
2.597059143867734576e+01 1.538565000065843549e+02
2.607051911219640772e+01 1.538603026458083036e+02
2.617044678571546967e+01 1.538641052850322524e+02
2.627037445923453163e+01 1.538679079242562011e+02
2.637030213275359358e+01 1.538717105634801499e+02
2.647022980627265554e+01 1.538755132027040986e+02
2.657015747979171749e+01 1.538793158419280473e+02
2.667008515331077945e+01 1.538831184811519961e+02
2.677001282682984140e+01 1.538869211203759448e+02
2.686994050034890336e+01 1.538907237595998936e+02
2.696986817386796531e+01 1.538945263988238423e+02
2.706979584738702727e+01 1.538983290380477911e+02
2.716972352090608922e+01 1.539021316772717398e+02
2.726965119442515117e+01 1.539059343164956886e+02
2.736957886794421313e+01 1.539097369557196373e+02
2.746950654146327508e+01 1.539135395949435861e+02
2.756943421498233704e+01 1.539173422341675348e+02
2.766936188850139899e+01 1.539211448733914835e+02
2.776928956202046095e+01 1.539249475126154323e+02
2.786921723553952290e+01 1.539287501518393810e+02
2.796914490905858486e+01 1.539325527910633298e+02
2.806907258257764681e+01 1.539363554302872785e+02
2.816900025609670877e+01 1.539401580695112273e+02
2.826892792961577072e+01 1.539439607087351760e+02
2.836885560313483268e+01 1.539477633479591248e+02
2.846878327665389463e+01 1.539515659871830735e+02
2.856871095017295659e+01 1.539553686264070222e+02
2.866863862369201854e+01 1.539591712656309710e+02
2.876856629721108050e+01 1.539629739048549197e+02
2.886849397073014245e+01 1.539667765440788685e+02
2.896842164424920441e+01 1.539705791833028172e+02
2.906834931776826636e+01 1.539743818225267660e+02
2.916827699128732831e+01 1.539781844617507147e+02
2.926820466480639027e+01 1.539819871009746635e+02
2.936813233832545222e+01 1.539857897401986122e+02
2.946806001184451418e+01 1.539895923794225610e+02
2.956798768536357613e+01 1.539933950186465097e+02
2.966791535888263809e+01 1.539971976578704584e+02
2.976784303240170004e+01 1.540010002970944072e+02
2.986777070592076200e+01 1.540048029363183559e+02
2.996769837943982395e+01 1.540086055755423047e+02
3.006762605295888591e+01 1.540124082147662534e+02
3.016755372647794786e+01 1.540162108539902022e+02
3.026748139999700982e+01 1.540200134932141509e+02
3.036740907351607177e+01 1.540238161324380997e+02
3.046733674703513373e+01 1.540276187716620484e+02
3.056726442055419568e+01 1.540314214108859971e+02
3.066719209407325764e+01 1.540352240501099459e+02
3.076711976759231959e+01 1.540390266893338946e+02
3.086704744111138154e+01 1.540428293285578434e+02
3.096697511463044350e+01 1.540466319677817921e+02
3.106690278814950545e+01 1.540504346070057409e+02
3.116683046166856741e+01 1.540542372462296896e+02
3.126675813518762936e+01 1.540580398854536384e+02
3.136668580870669132e+01 1.540618425246775871e+02
3.146661348222575327e+01 1.540656451639015359e+02
3.156654115574481523e+01 1.540694478031254846e+02
3.166646882926387718e+01 1.540732504423494333e+02
3.176639650278293914e+01 1.540770530815733821e+02
3.186632417630200109e+01 1.540808557207973308e+02
3.196625184982106305e+01 1.540846583600212796e+02
3.206617952334012500e+01 1.540884609992452283e+02
3.216610719685918696e+01 1.540922636384691771e+02
3.226603487037824891e+01 1.540960662776931258e+02
3.236596254389731087e+01 1.540998689169170746e+02
3.246589021741637282e+01 1.541036715561410233e+02
3.256581789093543478e+01 1.541074741953649720e+02
3.266574556445449673e+01 1.541112768345889208e+02
3.276567323797355868e+01 1.541150794738128695e+02
3.286560091149262064e+01 1.541188821130368183e+02
3.296552858501168259e+01 1.541226847522607670e+02
3.306545625853074455e+01 1.541264873914847158e+02
3.316538393204980650e+01 1.541302900307086645e+02
3.326531160556886846e+01 1.541340926699326133e+02
3.336523927908793041e+01 1.541378953091565620e+02
3.346516695260699237e+01 1.541416979483805108e+02
3.356509462612605432e+01 1.541455005876044595e+02
3.366502229964511628e+01 1.541493032268284082e+02
3.376494997316417823e+01 1.541531058660523570e+02
3.386487764668324019e+01 1.541569085052763057e+02
3.396480532020230214e+01 1.541607111445002545e+02
3.406473299372136410e+01 1.541645137837242032e+02
3.416466066724042605e+01 1.541683164229481520e+02
3.426458834075948801e+01 1.541721190621721007e+02
3.436451601427854996e+01 1.541759217013960495e+02
3.446444368779761191e+01 1.541797243406199982e+02
3.456437136131667387e+01 1.541835269798439469e+02
3.466429903483573582e+01 1.541873296190678957e+02
3.476422670835479778e+01 1.541911322582918444e+02
3.486415438187385973e+01 1.541949348975157932e+02
3.496408205539292169e+01 1.541987375367397419e+02
3.506400972891198364e+01 1.542025401759636907e+02
3.516393740243104560e+01 1.542063428151876394e+02
3.526386507595010755e+01 1.542101454544115882e+02
3.536379274946916951e+01 1.542139480936355369e+02
3.546372042298823146e+01 1.542177507328594857e+02
3.556364809650729342e+01 1.542215533720834344e+02
3.566357577002635537e+01 1.542253560113073831e+02
3.576350344354541733e+01 1.542291586505313319e+02
3.586343111706447928e+01 1.542329612897552806e+02
3.596335879058354124e+01 1.542367639289792294e+02
3.606328646410260319e+01 1.542405665682031781e+02
3.616321413762166515e+01 1.542443692074271269e+02
3.626314181114072710e+01 1.542481718466510756e+02
3.636306948465978905e+01 1.542519744858750244e+02
3.646299715817885101e+01 1.542557771250989731e+02
3.656292483169791296e+01 1.542595797643229218e+02
3.666285250521697492e+01 1.542633824035468706e+02
3.676278017873603687e+01 1.542671850427708193e+02
3.686270785225509883e+01 1.542709876819947681e+02
3.696263552577416078e+01 1.542747903212187168e+02
3.706256319929322274e+01 1.542785929604426656e+02
3.716249087281228469e+01 1.542823955996666143e+02
3.726241854633134665e+01 1.542861982388905631e+02
3.736234621985040860e+01 1.542900008781145118e+02
3.746227389336947056e+01 1.542938035173384606e+02
3.756220156688853251e+01 1.542976061565624093e+02
3.766212924040759447e+01 1.543014087957863580e+02
3.776205691392665642e+01 1.543052114350103068e+02
3.786198458744571838e+01 1.543090140742342555e+02
3.796191226096478033e+01 1.543128167134582043e+02
3.806183993448384228e+01 1.543166193526821530e+02
3.816176760800290424e+01 1.543204219919061018e+02
3.826169528152196619e+01 1.543242246311300505e+02
3.836162295504102815e+01 1.543280272703539993e+02
3.846155062856009010e+01 1.543318299095779480e+02
3.856147830207915206e+01 1.543356325488018967e+02
3.866140597559821401e+01 1.543394351880258455e+02
3.876133364911727597e+01 1.543432378272497942e+02
3.886126132263633792e+01 1.543470404664737430e+02
3.896118899615539988e+01 1.543508431056976917e+02
3.906111666967446183e+01 1.543546457449216405e+02
3.916104434319352379e+01 1.543584483841455892e+02
3.926097201671258574e+01 1.543622510233695380e+02
3.936089969023164770e+01 1.543660536625934867e+02
3.946082736375070965e+01 1.543698563018174355e+02
3.956075503726977161e+01 1.543736589410413842e+02
3.966068271078883356e+01 1.543774615802653329e+02
3.976061038430789552e+01 1.543812642194892817e+02
3.986053805782695747e+01 1.543850668587132304e+02
3.996046573134601942e+01 1.543888694979371792e+02
4.006039340486508138e+01 1.543926721371611279e+02
4.016032107838414333e+01 1.543964747763850767e+02
4.026024875190320529e+01 1.544002774156090254e+02
4.036017642542226724e+01 1.544040800548329742e+02
4.046010409894132920e+01 1.544078826940569229e+02
4.056003177246039115e+01 1.544116853332808716e+02
4.065995944597945311e+01 1.544154879725048204e+02
4.075988711949851506e+01 1.544192906117287691e+02
4.085981479301757702e+01 1.544230932509527179e+02
4.095974246653663897e+01 1.544268958901766666e+02
4.105967014005570093e+01 1.544306985294006154e+02
4.115959781357476288e+01 1.544345011686245641e+02
4.125952548709382484e+01 1.544383038078485129e+02
4.135945316061288679e+01 1.544421064470724616e+02
4.145938083413194875e+01 1.544459090862964104e+02
4.155930850765101070e+01 1.544497117255203591e+02
4.165923618117007265e+01 1.544535143647443078e+02
4.175916385468913461e+01 1.544573170039682566e+02
4.185909152820819656e+01 1.544611196431922053e+02
4.195901920172725852e+01 1.544649222824161541e+02
4.205894687524632047e+01 1.544687249216401028e+02
4.215887454876538243e+01 1.544725275608640516e+02
4.225880222228444438e+01 1.544763302000880003e+02
4.235872989580350634e+01 1.544801328393119491e+02
4.245865756932256829e+01 1.544839354785358978e+02
4.255858524284163025e+01 1.544877381177598465e+02
4.265851291636069220e+01 1.544915407569837953e+02
4.275844058987975416e+01 1.544953433962077440e+02
4.285836826339881611e+01 1.544991460354316928e+02
4.295829593691787807e+01 1.545029486746556415e+02
4.305822361043694002e+01 1.545067513138795903e+02
4.315815128395600198e+01 1.545105539531035390e+02
4.325807895747506393e+01 1.545143565923274878e+02
4.335800663099412589e+01 1.545181592315514365e+02
4.345793430451318784e+01 1.545219618707753853e+02
4.355786197803224979e+01 1.545257645099993340e+02
4.365778965155131175e+01 1.545295671492232827e+02
4.375771732507037370e+01 1.545333697884472315e+02
4.385764499858943566e+01 1.545371724276711802e+02
4.395757267210849761e+01 1.545409750668951290e+02
4.405750034562755957e+01 1.545447777061190777e+02
4.415742801914662152e+01 1.545485803453430265e+02
4.425735569266568348e+01 1.545523829845669752e+02
4.435728336618474543e+01 1.545561856237909240e+02
4.445721103970380739e+01 1.545599882630148727e+02
4.455713871322286934e+01 1.545637909022388214e+02
4.465706638674193130e+01 1.545675935414627702e+02
4.475699406026099325e+01 1.545713961806867189e+02
4.485692173378005521e+01 1.545751988199106677e+02
4.495684940729911716e+01 1.545790014591346164e+02
4.505677708081817912e+01 1.545828040983585652e+02
4.515670475433724107e+01 1.545866067375825139e+02
4.525663242785630302e+01 1.545904093768064627e+02
4.535656010137536498e+01 1.545942120160304114e+02
4.545648777489442693e+01 1.545980146552543602e+02
4.555641544841348889e+01 1.546018172944783089e+02
4.565634312193255084e+01 1.546056199337022576e+02
4.575627079545161280e+01 1.546094225729262064e+02
4.585619846897067475e+01 1.546132252121501551e+02
4.595612614248973671e+01 1.546170278513741039e+02
4.605605381600879866e+01 1.546208304905980526e+02
4.615598148952786062e+01 1.546246331298220014e+02
4.625590916304692257e+01 1.546284357690459501e+02
4.635583683656598453e+01 1.546322384082698989e+02
4.645576451008504648e+01 1.546360410474938476e+02
4.655569218360410844e+01 1.546398436867177963e+02
4.665561985712317039e+01 1.546436463259417451e+02
4.675554753064223235e+01 1.546474489651656938e+02
4.685547520416129430e+01 1.546512516043896426e+02
4.695540287768035626e+01 1.546550542436135913e+02
4.705533055119941821e+01 1.546588568828375401e+02
4.715525822471848016e+01 1.546626595220614888e+02
4.725518589823754212e+01 1.546664621612854376e+02
4.735511357175660407e+01 1.546702648005093863e+02
4.745504124527566603e+01 1.546740674397333350e+02
4.755496891879472798e+01 1.546778700789572838e+02
4.765489659231378994e+01 1.546816727181812325e+02
4.775482426583285189e+01 1.546854753574051813e+02
4.785475193935191385e+01 1.546892779966291300e+02
4.795467961287097580e+01 1.546930806358530788e+02
4.805460728639003776e+01 1.546968832750770275e+02
4.815453495990909971e+01 1.547006859143009763e+02
4.825446263342816167e+01 1.547044885535249250e+02
4.835439030694722362e+01 1.547082911927488738e+02
4.845431798046628558e+01 1.547120938319728225e+02
4.855424565398534753e+01 1.547158964711967712e+02
4.865417332750440949e+01 1.547196991104207200e+02
4.875410100102347144e+01 1.547235017496446687e+02
4.885402867454253339e+01 1.547273043888686175e+02
4.895395634806159535e+01 1.547311070280925662e+02
4.905388402158065730e+01 1.547349096673165150e+02
4.915381169509971926e+01 1.547387123065404637e+02
4.925373936861878121e+01 1.547425149457644125e+02
4.935366704213784317e+01 1.547463175849883612e+02
4.945359471565690512e+01 1.547501202242123099e+02
4.955352238917596708e+01 1.547539228634362587e+02
4.965345006269502903e+01 1.547577255026602074e+02
4.975337773621409099e+01 1.547615281418841562e+02
4.985330540973315294e+01 1.547653307811081049e+02
4.995323308325221490e+01 1.547691334203320537e+02
5.005316075677127685e+01 1.547729360595560024e+02
5.015308843029033881e+01 1.547767386987799512e+02
5.025301610380940076e+01 1.547805413380038999e+02
5.035294377732846272e+01 1.547843439772278487e+02
5.045287145084752467e+01 1.547881466164517974e+02
5.055279912436658663e+01 1.547919492556757461e+02
5.065272679788564858e+01 1.547957518948996949e+02
5.075265447140471053e+01 1.547995545341236436e+02
5.085258214492377249e+01 1.548033571733475924e+02
5.095250981844283444e+01 1.548071598125715411e+02
5.105243749196189640e+01 1.548109624517954899e+02
5.115236516548095835e+01 1.548147650910194386e+02
5.125229283900002031e+01 1.548185677302433874e+02
5.135222051251908226e+01 1.548223703694673361e+02
5.145214818603814422e+01 1.548261730086912848e+02
5.155207585955720617e+01 1.548299756479152336e+02
5.165200353307626813e+01 1.548337782871391823e+02
5.175193120659533008e+01 1.548375809263631311e+02
5.185185888011439204e+01 1.548413835655870798e+02
5.195178655363345399e+01 1.548451862048110286e+02
5.205171422715251595e+01 1.548489888440349773e+02
5.215164190067157790e+01 1.548527914832589261e+02
5.225156957419063986e+01 1.548565941224828748e+02
5.235149724770970181e+01 1.548603967617068236e+02
5.245142492122876376e+01 1.548641994009307723e+02
5.255135259474782572e+01 1.548680020401547210e+02
5.265128026826688767e+01 1.548718046793786698e+02
5.275120794178594963e+01 1.548756073186026185e+02
5.293050667832922329e+01 1.548824303375319573e+02
5.292670403910528165e+01 1.549823580110510193e+02
5.292290139988134001e+01 1.550822856845700812e+02
5.291909876065739837e+01 1.551822133580891432e+02
5.291529612143345673e+01 1.552821410316082051e+02
5.291149348220951509e+01 1.553820687051272671e+02
5.290769084298557345e+01 1.554819963786463290e+02
5.290388820376163181e+01 1.555819240521653910e+02
5.290008556453769017e+01 1.556818517256844530e+02
5.289628292531374854e+01 1.557817793992035149e+02
5.289248028608980690e+01 1.558817070727225769e+02
5.288867764686586526e+01 1.559816347462416388e+02
5.288487500764192362e+01 1.560815624197607008e+02
5.288107236841798198e+01 1.561814900932797627e+02
5.287726972919404034e+01 1.562814177667988247e+02
5.287346708997009870e+01 1.563813454403178866e+02
5.286966445074615706e+01 1.564812731138369486e+02
5.286586181152221542e+01 1.565812007873560106e+02
5.286205917229827378e+01 1.566811284608750725e+02
5.285825653307433214e+01 1.567810561343941345e+02
5.285445389385039050e+01 1.568809838079131964e+02
5.285065125462644886e+01 1.569809114814322584e+02
5.284684861540250722e+01 1.570808391549513203e+02
5.284304597617856558e+01 1.571807668284703823e+02
5.283924333695462394e+01 1.572806945019894442e+02
5.283544069773068230e+01 1.573806221755085062e+02
5.283163805850674066e+01 1.574805498490275681e+02
5.282783541928279902e+01 1.575804775225466301e+02
5.282403278005885738e+01 1.576804051960656921e+02
5.282023014083491574e+01 1.577803328695847540e+02
5.281642750161097410e+01 1.578802605431038160e+02
5.281262486238703246e+01 1.579801882166228779e+02
5.280882222316309083e+01 1.580801158901419399e+02
5.280501958393914919e+01 1.581800435636610018e+02
5.280121694471520755e+01 1.582799712371800638e+02
5.279741430549126591e+01 1.583798989106991257e+02
5.279361166626732427e+01 1.584798265842181877e+02
5.278980902704338263e+01 1.585797542577372496e+02
5.278600638781944099e+01 1.586796819312563116e+02
5.278220374859549935e+01 1.587796096047753736e+02
5.277840110937155771e+01 1.588795372782944355e+02
5.277459847014761607e+01 1.589794649518134975e+02
5.277079583092367443e+01 1.590793926253325594e+02
5.276699319169973279e+01 1.591793202988516214e+02
5.276319055247579115e+01 1.592792479723706833e+02
5.275938791325184951e+01 1.593791756458897453e+02
5.275558527402790787e+01 1.594791033194088072e+02
5.275178263480396623e+01 1.595790309929278692e+02
5.274797999558002459e+01 1.596789586664469311e+02
5.274417735635608295e+01 1.597788863399659931e+02
5.274037471713214131e+01 1.598788140134850551e+02
5.273657207790819967e+01 1.599787416870041170e+02
5.273276943868425803e+01 1.600786693605231790e+02
5.272896679946031639e+01 1.601785970340422409e+02
5.272516416023637476e+01 1.602785247075613029e+02
5.272136152101243312e+01 1.603784523810803648e+02
5.271755888178849148e+01 1.604783800545994268e+02
5.271375624256454984e+01 1.605783077281184887e+02
5.270995360334060820e+01 1.606782354016375507e+02
5.270615096411666656e+01 1.607781630751566126e+02
5.270234832489272492e+01 1.608780907486756746e+02
5.269854568566878328e+01 1.609780184221947366e+02
5.269474304644484164e+01 1.610779460957137985e+02
5.269094040722090000e+01 1.611778737692328605e+02
5.268713776799695836e+01 1.612778014427519224e+02
5.268333512877301672e+01 1.613777291162709844e+02
5.267953248954907508e+01 1.614776567897900463e+02
5.267572985032513344e+01 1.615775844633091083e+02
5.267192721110119180e+01 1.616775121368281702e+02
5.266812457187725016e+01 1.617774398103472322e+02
5.266432193265330852e+01 1.618773674838662942e+02
5.266051929342936688e+01 1.619772951573853561e+02
5.265671665420542524e+01 1.620772228309044181e+02
5.265291401498148360e+01 1.621771505044234800e+02
5.264911137575754196e+01 1.622770781779425420e+02
5.264530873653360032e+01 1.623770058514616039e+02
5.264150609730965868e+01 1.624769335249806659e+02
5.263770345808571705e+01 1.625768611984997278e+02
5.263390081886177541e+01 1.626767888720187898e+02
5.263009817963783377e+01 1.627767165455378517e+02
5.262629554041389213e+01 1.628766442190569137e+02
5.262249290118995049e+01 1.629765718925759757e+02
5.261869026196600885e+01 1.630764995660950376e+02
5.261488762274206721e+01 1.631764272396140996e+02
5.261108498351812557e+01 1.632763549131331615e+02
5.260728234429418393e+01 1.633762825866522235e+02
5.260347970507024229e+01 1.634762102601712854e+02
5.259967706584630065e+01 1.635761379336903474e+02
5.259587442662235901e+01 1.636760656072094093e+02
5.259207178739841737e+01 1.637759932807284713e+02
5.258826914817447573e+01 1.638759209542475332e+02
5.258446650895053409e+01 1.639758486277665952e+02
5.258066386972659245e+01 1.640757763012856572e+02
5.257686123050265081e+01 1.641757039748047191e+02
5.257305859127870917e+01 1.642756316483237811e+02
5.256925595205476753e+01 1.643755593218428430e+02
5.256545331283082589e+01 1.644754869953619050e+02
5.256165067360688425e+01 1.645754146688809669e+02
5.255784803438294261e+01 1.646753423424000289e+02
5.255404539515900098e+01 1.647752700159190908e+02
5.255024275593505934e+01 1.648751976894381528e+02
5.254644011671111770e+01 1.649751253629572147e+02
5.254263747748717606e+01 1.650750530364762767e+02
5.253883483826323442e+01 1.651749807099953387e+02
5.253503219903929278e+01 1.652749083835144006e+02
5.253122955981535114e+01 1.653748360570334626e+02
5.252742692059140950e+01 1.654747637305525245e+02
5.252362428136746786e+01 1.655746914040715865e+02
5.251982164214352622e+01 1.656746190775906484e+02
5.251601900291958458e+01 1.657745467511097104e+02
5.251221636369564294e+01 1.658744744246287723e+02
5.250841372447170130e+01 1.659744020981478343e+02
5.250461108524775966e+01 1.660743297716668962e+02
5.250080844602381802e+01 1.661742574451859582e+02
5.249700580679987638e+01 1.662741851187050202e+02
5.249320316757593474e+01 1.663741127922240821e+02
5.248940052835199310e+01 1.664740404657431441e+02
5.248559788912805146e+01 1.665739681392622060e+02
5.248179524990410982e+01 1.666738958127812680e+02
5.247799261068016818e+01 1.667738234863003299e+02
5.247418997145622654e+01 1.668737511598193919e+02
5.247038733223228490e+01 1.669736788333384538e+02
5.246658469300834327e+01 1.670736065068575158e+02
5.246278205378440163e+01 1.671735341803765778e+02
5.245897941456045999e+01 1.672734618538956397e+02
5.245517677533651835e+01 1.673733895274147017e+02
5.245137413611257671e+01 1.674733172009337636e+02
5.244757149688863507e+01 1.675732448744528256e+02
5.244376885766469343e+01 1.676731725479718875e+02
5.243996621844075179e+01 1.677731002214909495e+02
5.243616357921681015e+01 1.678730278950100114e+02
5.243236093999286851e+01 1.679729555685290734e+02
5.242855830076892687e+01 1.680728832420481353e+02
5.242475566154498523e+01 1.681728109155671973e+02
5.242095302232104359e+01 1.682727385890862593e+02
5.241715038309710195e+01 1.683726662626053212e+02
5.241334774387316031e+01 1.684725939361243832e+02
5.240954510464921867e+01 1.685725216096434451e+02
5.240574246542527703e+01 1.686724492831625071e+02
5.240193982620133539e+01 1.687723769566815690e+02
5.239813718697739375e+01 1.688723046302006310e+02
5.239433454775345211e+01 1.689722323037196929e+02
5.239053190852951047e+01 1.690721599772387549e+02
5.238672926930556883e+01 1.691720876507578168e+02
5.238292663008162720e+01 1.692720153242768788e+02
5.237912399085768556e+01 1.693719429977959408e+02
5.237532135163374392e+01 1.694718706713150027e+02
5.237151871240980228e+01 1.695717983448340647e+02
5.236771607318586064e+01 1.696717260183531266e+02
5.236391343396191900e+01 1.697716536918721886e+02
5.236011079473797736e+01 1.698715813653912505e+02
5.235630815551403572e+01 1.699715090389103125e+02
5.235250551629009408e+01 1.700714367124293744e+02
5.234870287706615244e+01 1.701713643859484364e+02
5.234490023784221080e+01 1.702712920594674983e+02
5.234109759861826916e+01 1.703712197329865603e+02
5.233729495939432752e+01 1.704711474065056223e+02
5.233349232017038588e+01 1.705710750800246842e+02
5.232968968094644424e+01 1.706710027535437462e+02
5.232588704172250260e+01 1.707709304270628081e+02
5.232208440249856096e+01 1.708708581005818701e+02
5.231828176327461932e+01 1.709707857741009320e+02
5.231447912405067768e+01 1.710707134476199940e+02
5.231067648482673604e+01 1.711706411211390559e+02
5.230687384560279440e+01 1.712705687946581179e+02
5.230307120637885276e+01 1.713704964681771798e+02
5.229926856715491112e+01 1.714704241416962418e+02
5.229546592793096949e+01 1.715703518152153038e+02
5.229166328870702785e+01 1.716702794887343657e+02
5.228786064948308621e+01 1.717702071622534277e+02
5.228405801025914457e+01 1.718701348357724896e+02
5.228025537103520293e+01 1.719700625092915516e+02
5.227645273181126129e+01 1.720699901828106135e+02
5.227265009258731965e+01 1.721699178563296755e+02
5.226884745336337801e+01 1.722698455298487374e+02
5.226504481413943637e+01 1.723697732033677994e+02
5.226124217491549473e+01 1.724697008768868614e+02
5.225743953569155309e+01 1.725696285504059233e+02
5.225363689646761145e+01 1.726695562239249853e+02
5.224983425724366981e+01 1.727694838974440472e+02
5.224603161801972817e+01 1.728694115709631092e+02
5.224222897879578653e+01 1.729693392444821711e+02
5.223842633957184489e+01 1.730692669180012331e+02
5.223462370034790325e+01 1.731691945915202950e+02
5.223082106112396161e+01 1.732691222650393570e+02
5.222701842190001997e+01 1.733690499385584189e+02
5.222321578267607833e+01 1.734689776120774809e+02
5.221941314345213669e+01 1.735689052855965429e+02
5.221561050422819505e+01 1.736688329591156048e+02
5.221180786500425342e+01 1.737687606326346668e+02
5.220800522578031178e+01 1.738686883061537287e+02
5.220420258655637014e+01 1.739686159796727907e+02
5.220039994733242850e+01 1.740685436531918526e+02
5.219659730810848686e+01 1.741684713267109146e+02
5.219279466888454522e+01 1.742683990002299765e+02
5.218899202966060358e+01 1.743683266737490385e+02
5.218518939043666194e+01 1.744682543472681004e+02
5.218138675121272030e+01 1.745681820207871624e+02
5.217758411198877866e+01 1.746681096943062244e+02
5.217378147276483702e+01 1.747680373678252863e+02
5.216997883354089538e+01 1.748679650413443483e+02
5.216617619431695374e+01 1.749678927148634102e+02
5.216237355509301210e+01 1.750678203883824722e+02
5.215857091586907046e+01 1.751677480619015341e+02
5.215476827664512882e+01 1.752676757354205961e+02
5.215096563742118718e+01 1.753676034089396580e+02
5.214716299819724554e+01 1.754675310824587200e+02
5.214336035897330390e+01 1.755674587559777819e+02
5.213955771974936226e+01 1.756673864294968439e+02
5.213575508052542062e+01 1.757673141030159059e+02
5.213195244130147898e+01 1.758672417765349678e+02
5.212814980207753734e+01 1.759671694500540298e+02
5.212434716285359571e+01 1.760670971235730917e+02
5.212054452362965407e+01 1.761670247970921537e+02
5.211674188440571243e+01 1.762669524706112156e+02
5.211293924518177079e+01 1.763668801441302776e+02
5.210913660595782915e+01 1.764668078176493395e+02
5.210533396673388751e+01 1.765667354911684015e+02
5.210153132750994587e+01 1.766666631646874634e+02
5.209772868828600423e+01 1.767665908382065254e+02
5.209392604906206259e+01 1.768665185117255874e+02
5.209012340983812095e+01 1.769664461852446493e+02
5.208632077061417931e+01 1.770663738587637113e+02
5.208251813139023767e+01 1.771663015322827732e+02
5.207871549216629603e+01 1.772662292058018352e+02
5.207491285294235439e+01 1.773661568793208971e+02
5.207111021371841275e+01 1.774660845528399591e+02
5.206730757449447111e+01 1.775660122263590210e+02
5.206350493527052947e+01 1.776659398998780830e+02
5.205970229604658783e+01 1.777658675733971450e+02
5.205589965682264619e+01 1.778657952469162069e+02
5.205209701759870455e+01 1.779657229204352689e+02
5.204829437837476291e+01 1.780656505939543308e+02
5.204449173915082127e+01 1.781655782674733928e+02
5.204068909992687963e+01 1.782655059409924547e+02
5.203688646070293800e+01 1.783654336145115167e+02
5.203308382147899636e+01 1.784653612880305786e+02
5.202928118225505472e+01 1.785652889615496406e+02
5.202547854303111308e+01 1.786652166350687025e+02
5.202167590380717144e+01 1.787651443085877645e+02
5.201787326458322980e+01 1.788650719821068265e+02
5.201349673551649744e+01 1.789800806226843690e+02
5.191356906199743548e+01 1.789762779834604203e+02
5.181364138847837353e+01 1.789724753442364715e+02
5.171371371495931157e+01 1.789686727050125228e+02
5.161378604144024962e+01 1.789648700657885740e+02
5.151385836792118766e+01 1.789610674265646253e+02
5.141393069440212571e+01 1.789572647873406765e+02
5.131400302088306375e+01 1.789534621481167278e+02
5.121407534736400180e+01 1.789496595088927791e+02
5.111414767384493985e+01 1.789458568696688303e+02
5.101422000032587789e+01 1.789420542304448816e+02
5.091429232680681594e+01 1.789382515912209328e+02
5.081436465328775398e+01 1.789344489519969841e+02
5.071443697976869203e+01 1.789306463127730353e+02
5.061450930624963007e+01 1.789268436735490866e+02
5.051458163273056812e+01 1.789230410343251378e+02
5.041465395921150616e+01 1.789192383951011891e+02
5.031472628569244421e+01 1.789154357558772404e+02
5.021479861217338225e+01 1.789116331166532916e+02
5.011487093865432030e+01 1.789078304774293429e+02
5.001494326513525834e+01 1.789040278382053941e+02
4.991501559161619639e+01 1.789002251989814454e+02
4.981508791809713443e+01 1.788964225597574966e+02
4.971516024457807248e+01 1.788926199205335479e+02
4.961523257105901052e+01 1.788888172813095991e+02
4.951530489753994857e+01 1.788850146420856504e+02
4.941537722402088662e+01 1.788812120028617016e+02
4.931544955050182466e+01 1.788774093636377529e+02
4.921552187698276271e+01 1.788736067244138042e+02
4.911559420346370075e+01 1.788698040851898554e+02
4.901566652994463880e+01 1.788660014459659067e+02
4.891573885642557684e+01 1.788621988067419579e+02
4.881581118290651489e+01 1.788583961675180092e+02
4.871588350938745293e+01 1.788545935282940604e+02
4.861595583586839098e+01 1.788507908890701117e+02
4.851602816234932902e+01 1.788469882498461629e+02
4.841610048883026707e+01 1.788431856106222142e+02
4.831617281531120511e+01 1.788393829713982655e+02
4.821624514179214316e+01 1.788355803321743167e+02
4.811631746827308120e+01 1.788317776929503680e+02
4.801638979475401925e+01 1.788279750537264192e+02
4.791646212123495729e+01 1.788241724145024705e+02
4.781653444771589534e+01 1.788203697752785217e+02
4.771660677419683338e+01 1.788165671360545730e+02
4.761667910067777143e+01 1.788127644968306242e+02
4.751675142715870948e+01 1.788089618576066755e+02
4.741682375363964752e+01 1.788051592183827267e+02
4.731689608012058557e+01 1.788013565791587780e+02
4.721696840660152361e+01 1.787975539399348293e+02
4.711704073308246166e+01 1.787937513007108805e+02
4.701711305956339970e+01 1.787899486614869318e+02
4.691718538604433775e+01 1.787861460222629830e+02
4.681725771252527579e+01 1.787823433830390343e+02
4.671733003900621384e+01 1.787785407438150855e+02
4.661740236548715188e+01 1.787747381045911368e+02
4.651747469196808993e+01 1.787709354653671880e+02
4.641754701844902797e+01 1.787671328261432393e+02
4.631761934492996602e+01 1.787633301869192906e+02
4.621769167141090406e+01 1.787595275476953418e+02
4.611776399789184211e+01 1.787557249084713931e+02
4.601783632437278015e+01 1.787519222692474443e+02
4.591790865085371820e+01 1.787481196300234956e+02
4.581798097733465625e+01 1.787443169907995468e+02
4.571805330381559429e+01 1.787405143515755981e+02
4.561812563029653234e+01 1.787367117123516493e+02
4.551819795677747038e+01 1.787329090731277006e+02
4.541827028325840843e+01 1.787291064339037518e+02
4.531834260973934647e+01 1.787253037946798031e+02
4.521841493622028452e+01 1.787215011554558544e+02
4.511848726270122256e+01 1.787176985162319056e+02
4.501855958918216061e+01 1.787138958770079569e+02
4.491863191566309865e+01 1.787100932377840081e+02
4.481870424214403670e+01 1.787062905985600594e+02
4.471877656862497474e+01 1.787024879593361106e+02
4.461884889510591279e+01 1.786986853201121619e+02
4.451892122158685083e+01 1.786948826808882131e+02
4.441899354806778888e+01 1.786910800416642644e+02
4.431906587454872692e+01 1.786872774024403157e+02
4.421913820102966497e+01 1.786834747632163669e+02
4.411921052751060301e+01 1.786796721239924182e+02
4.401928285399154106e+01 1.786758694847684694e+02
4.391935518047247911e+01 1.786720668455445207e+02
4.381942750695341715e+01 1.786682642063205719e+02
4.371949983343435520e+01 1.786644615670966232e+02
4.361957215991529324e+01 1.786606589278726744e+02
4.351964448639623129e+01 1.786568562886487257e+02
4.341971681287716933e+01 1.786530536494247769e+02
4.331978913935810738e+01 1.786492510102008282e+02
4.321986146583904542e+01 1.786454483709768795e+02
4.311993379231998347e+01 1.786416457317529307e+02
4.302000611880092151e+01 1.786378430925289820e+02
4.292007844528185956e+01 1.786340404533050332e+02
4.282015077176279760e+01 1.786302378140810845e+02
4.272022309824373565e+01 1.786264351748571357e+02
4.262029542472467369e+01 1.786226325356331870e+02
4.252036775120561174e+01 1.786188298964092382e+02
4.242044007768654978e+01 1.786150272571852895e+02
4.232051240416748783e+01 1.786112246179613408e+02
4.222058473064842588e+01 1.786074219787373920e+02
4.212065705712936392e+01 1.786036193395134433e+02
4.202072938361030197e+01 1.785998167002894945e+02
4.192080171009124001e+01 1.785960140610655458e+02
4.182087403657217806e+01 1.785922114218415970e+02
4.172094636305311610e+01 1.785884087826176483e+02
4.162101868953405415e+01 1.785846061433936995e+02
4.152109101601499219e+01 1.785808035041697508e+02
4.142116334249593024e+01 1.785770008649458020e+02
4.132123566897686828e+01 1.785731982257218533e+02
4.122130799545780633e+01 1.785693955864979046e+02
4.112138032193874437e+01 1.785655929472739558e+02
4.102145264841968242e+01 1.785617903080500071e+02
4.092152497490062046e+01 1.785579876688260583e+02
4.082159730138155851e+01 1.785541850296021096e+02
4.072166962786249655e+01 1.785503823903781608e+02
4.062174195434343460e+01 1.785465797511542121e+02
4.052181428082437264e+01 1.785427771119302633e+02
4.042188660730531069e+01 1.785389744727063146e+02
4.032195893378624874e+01 1.785351718334823659e+02
4.022203126026718678e+01 1.785313691942584171e+02
4.012210358674812483e+01 1.785275665550344684e+02
4.002217591322906287e+01 1.785237639158105196e+02
3.992224823971000092e+01 1.785199612765865709e+02
3.982232056619093896e+01 1.785161586373626221e+02
3.972239289267187701e+01 1.785123559981386734e+02
3.962246521915281505e+01 1.785085533589147246e+02
3.952253754563375310e+01 1.785047507196907759e+02
3.942260987211469114e+01 1.785009480804668272e+02
3.932268219859562919e+01 1.784971454412428784e+02
3.922275452507656723e+01 1.784933428020189297e+02
3.912282685155750528e+01 1.784895401627949809e+02
3.902289917803844332e+01 1.784857375235710322e+02
3.892297150451938137e+01 1.784819348843470834e+02
3.882304383100031941e+01 1.784781322451231347e+02
3.872311615748125746e+01 1.784743296058991859e+02
3.862318848396219551e+01 1.784705269666752372e+02
3.852326081044313355e+01 1.784667243274512884e+02
3.842333313692407160e+01 1.784629216882273397e+02
3.832340546340500964e+01 1.784591190490033910e+02
3.822347778988594769e+01 1.784553164097794422e+02
3.812355011636688573e+01 1.784515137705554935e+02
3.802362244284782378e+01 1.784477111313315447e+02
3.792369476932876182e+01 1.784439084921075960e+02
3.782376709580969987e+01 1.784401058528836472e+02
3.772383942229063791e+01 1.784363032136596985e+02
3.762391174877157596e+01 1.784325005744357497e+02
3.752398407525251400e+01 1.784286979352118010e+02
3.742405640173345205e+01 1.784248952959878523e+02
3.732412872821439009e+01 1.784210926567639035e+02
3.722420105469532814e+01 1.784172900175399548e+02
3.712427338117626618e+01 1.784134873783160060e+02
3.702434570765720423e+01 1.784096847390920573e+02
3.692441803413814227e+01 1.784058820998681085e+02
3.682449036061908032e+01 1.784020794606441598e+02
3.672456268710001837e+01 1.783982768214202110e+02
3.662463501358095641e+01 1.783944741821962623e+02
3.652470734006189446e+01 1.783906715429723135e+02
3.642477966654283250e+01 1.783868689037483648e+02
3.632485199302377055e+01 1.783830662645244161e+02
3.622492431950470859e+01 1.783792636253004673e+02
3.612499664598564664e+01 1.783754609860765186e+02
3.602506897246658468e+01 1.783716583468525698e+02
3.592514129894752273e+01 1.783678557076286211e+02
3.582521362542846077e+01 1.783640530684046723e+02
3.572528595190939882e+01 1.783602504291807236e+02
3.562535827839033686e+01 1.783564477899567748e+02
3.552543060487127491e+01 1.783526451507328261e+02
3.542550293135221295e+01 1.783488425115088774e+02
3.532557525783315100e+01 1.783450398722849286e+02
3.522564758431408904e+01 1.783412372330609799e+02
3.512571991079502709e+01 1.783374345938370311e+02
3.502579223727596514e+01 1.783336319546130824e+02
3.492586456375690318e+01 1.783298293153891336e+02
3.482593689023784123e+01 1.783260266761651849e+02
3.472600921671877927e+01 1.783222240369412361e+02
3.462608154319971732e+01 1.783184213977172874e+02
3.452615386968065536e+01 1.783146187584933386e+02
3.442622619616159341e+01 1.783108161192693899e+02
3.432629852264253145e+01 1.783070134800454412e+02
3.422637084912346950e+01 1.783032108408214924e+02
3.412644317560440754e+01 1.782994082015975437e+02
3.402651550208534559e+01 1.782956055623735949e+02
3.392658782856628363e+01 1.782918029231496462e+02
3.382666015504722168e+01 1.782880002839256974e+02
3.372673248152815972e+01 1.782841976447017487e+02
3.362680480800909777e+01 1.782803950054777999e+02
3.352687713449003581e+01 1.782765923662538512e+02
3.342694946097097386e+01 1.782727897270299025e+02
3.332702178745191191e+01 1.782689870878059537e+02
3.322709411393284995e+01 1.782651844485820050e+02
3.312716644041378800e+01 1.782613818093580562e+02
3.302723876689472604e+01 1.782575791701341075e+02
3.292731109337566409e+01 1.782537765309101587e+02
3.282738341985660213e+01 1.782499738916862100e+02
3.272745574633754018e+01 1.782461712524622612e+02
3.262752807281847822e+01 1.782423686132383125e+02
3.252760039929941627e+01 1.782385659740143637e+02
3.242767272578035431e+01 1.782347633347904150e+02
3.232774505226129236e+01 1.782309606955664663e+02
3.222781737874223040e+01 1.782271580563425175e+02
3.212788970522316845e+01 1.782233554171185688e+02
3.202796203170410649e+01 1.782195527778946200e+02
3.192803435818504454e+01 1.782157501386706713e+02
3.182810668466598258e+01 1.782119474994467225e+02
3.172817901114692063e+01 1.782081448602227738e+02
3.162825133762785867e+01 1.782043422209988250e+02
3.152832366410879672e+01 1.782005395817748763e+02
3.142839599058973477e+01 1.781967369425509276e+02
3.132846831707067281e+01 1.781929343033269788e+02
3.122854064355161086e+01 1.781891316641030301e+02
3.112861297003254890e+01 1.781853290248790813e+02
3.102868529651348695e+01 1.781815263856551326e+02
3.092875762299442499e+01 1.781777237464311838e+02
3.082882994947536304e+01 1.781739211072072351e+02
3.072890227595630108e+01 1.781701184679832863e+02
3.062897460243723913e+01 1.781663158287593376e+02
3.052904692891817717e+01 1.781625131895353888e+02
3.042911925539911522e+01 1.781587105503114401e+02
3.032919158188005326e+01 1.781549079110874914e+02
3.022926390836099131e+01 1.781511052718635426e+02
3.012933623484192935e+01 1.781473026326395939e+02
3.002940856132286740e+01 1.781434999934156451e+02
2.992948088780380544e+01 1.781396973541916964e+02
2.982955321428474349e+01 1.781358947149677476e+02
2.972962554076568154e+01 1.781320920757437989e+02
2.962969786724661958e+01 1.781282894365198501e+02
2.952977019372755763e+01 1.781244867972959014e+02
2.942984252020849567e+01 1.781206841580719527e+02
2.932991484668943372e+01 1.781168815188480039e+02
2.922998717317037176e+01 1.781130788796240552e+02
2.913005949965130981e+01 1.781092762404001064e+02
2.903013182613224785e+01 1.781054736011761577e+02
2.893020415261318590e+01 1.781016709619522089e+02
2.883027647909412394e+01 1.780978683227282602e+02
2.873034880557506199e+01 1.780940656835043114e+02
2.863042113205600003e+01 1.780902630442803627e+02
2.853049345853693808e+01 1.780864604050564139e+02
2.843056578501787612e+01 1.780826577658324652e+02
2.833063811149881417e+01 1.780788551266085165e+02
2.823071043797975221e+01 1.780750524873845677e+02
2.813078276446069026e+01 1.780712498481606190e+02
2.803085509094162830e+01 1.780674472089366702e+02
2.793092741742256635e+01 1.780636445697127215e+02
2.783099974390350440e+01 1.780598419304887727e+02
2.773107207038444244e+01 1.780560392912648240e+02
2.763114439686538049e+01 1.780522366520408752e+02
2.753121672334631853e+01 1.780484340128169265e+02
2.743128904982725658e+01 1.780446313735929778e+02
2.733136137630819462e+01 1.780408287343690290e+02
2.723143370278913267e+01 1.780370260951450803e+02
2.713150602927007071e+01 1.780332234559211315e+02
2.703157835575100876e+01 1.780294208166971828e+02
2.693165068223194680e+01 1.780256181774732340e+02
2.683172300871288485e+01 1.780218155382492853e+02
2.673179533519382289e+01 1.780180128990253365e+02
2.663186766167476094e+01 1.780142102598013878e+02
2.653193998815569898e+01 1.780104076205774390e+02
2.643201231463663703e+01 1.780066049813534903e+02
2.633208464111757507e+01 1.780028023421295416e+02
2.623215696759851312e+01 1.779989997029055928e+02
2.613222929407945117e+01 1.779951970636816441e+02
2.603230162056038921e+01 1.779913944244576953e+02
2.593237394704132726e+01 1.779875917852337466e+02
2.583244627352226530e+01 1.779837891460097978e+02
2.573251860000320335e+01 1.779799865067858491e+02
2.563259092648414139e+01 1.779761838675619003e+02
2.553266325296507944e+01 1.779723812283379516e+02
2.543273557944601748e+01 1.779685785891140029e+02
2.533280790592695553e+01 1.779647759498900541e+02
2.523288023240789357e+01 1.779609733106661054e+02
2.513295255888883162e+01 1.779571706714421566e+02
2.503302488536976966e+01 1.779533680322182079e+02
2.493309721185070771e+01 1.779495653929942591e+02
2.483316953833164575e+01 1.779457627537703104e+02
2.473324186481258380e+01 1.779419601145463616e+02
2.463331419129352184e+01 1.779381574753224129e+02
2.453338651777445989e+01 1.779343548360984641e+02
2.443345884425539793e+01 1.779305521968745154e+02
2.433353117073633598e+01 1.779267495576505667e+02
2.423360349721727403e+01 1.779229469184266179e+02
2.413367582369821207e+01 1.779191442792026692e+02
2.403374815017915012e+01 1.779153416399787204e+02
2.393382047666008816e+01 1.779115390007547717e+02
2.383389280314102621e+01 1.779077363615308229e+02
2.373396512962196425e+01 1.779039337223068742e+02
2.363403745610290230e+01 1.779001310830829254e+02
2.353410978258384034e+01 1.778963284438589767e+02
2.343418210906477839e+01 1.778925258046350280e+02
2.333425443554571643e+01 1.778887231654110792e+02
2.323432676202665448e+01 1.778849205261871305e+02
2.313439908850759252e+01 1.778811178869631817e+02
2.303447141498853057e+01 1.778773152477392330e+02
2.293454374146946861e+01 1.778735126085152842e+02
2.283461606795040666e+01 1.778697099692913355e+02
2.273468839443134470e+01 1.778659073300673867e+02
2.263476072091228275e+01 1.778621046908434380e+02
2.253483304739322080e+01 1.778583020516194892e+02
2.243490537387415884e+01 1.778544994123955405e+02
2.233497770035509689e+01 1.778506967731715918e+02
2.223505002683603493e+01 1.778468941339476430e+02
2.213512235331697298e+01 1.778430914947236943e+02
2.203519467979791102e+01 1.778392888554997455e+02
2.193526700627884907e+01 1.778354862162757968e+02
2.183533933275978711e+01 1.778316835770518480e+02
2.173541165924072516e+01 1.778278809378278993e+02
2.163548398572166320e+01 1.778240782986039505e+02
2.153555631220260125e+01 1.778202756593800018e+02
2.143562863868353929e+01 1.778164730201560531e+02
2.133570096516447734e+01 1.778126703809321043e+02
2.123577329164541538e+01 1.778088677417081556e+02
2.113584561812635343e+01 1.778050651024842068e+02
2.103591794460729147e+01 1.778012624632602581e+02
2.093599027108822952e+01 1.777974598240363093e+02
2.083606259756916756e+01 1.777936571848123606e+02
2.073613492405010561e+01 1.777898545455884118e+02
2.063620725053104366e+01 1.777860519063644631e+02
2.053627957701198170e+01 1.777822492671405143e+02
2.043635190349291975e+01 1.777784466279165656e+02
2.033642422997385779e+01 1.777746439886926169e+02
2.023649655645479584e+01 1.777708413494686681e+02
2.013656888293573388e+01 1.777670387102447194e+02
2.003664120941667193e+01 1.777632360710207706e+02
1.993671353589760997e+01 1.777594334317968219e+02
1.983678586237854802e+01 1.777556307925728731e+02
1.973685818885948606e+01 1.777518281533489244e+02
1.963693051534042411e+01 1.777480255141249756e+02
1.953700284182136215e+01 1.777442228749010269e+02
1.943707516830230020e+01 1.777404202356770782e+02
1.933714749478323824e+01 1.777366175964531294e+02
1.923721982126417629e+01 1.777328149572291807e+02
1.913729214774511433e+01 1.777290123180052319e+02
1.903736447422605238e+01 1.777252096787812832e+02
1.893743680070699043e+01 1.777214070395573344e+02
1.883750912718792847e+01 1.777176044003333857e+02
1.873758145366886652e+01 1.777138017611094369e+02
1.863765378014980456e+01 1.777099991218854882e+02
1.853772610663074261e+01 1.777061964826615394e+02
1.843779843311168065e+01 1.777023938434375907e+02
1.833787075959261870e+01 1.776985912042136420e+02
1.823794308607355674e+01 1.776947885649896932e+02
1.813801541255449479e+01 1.776909859257657445e+02
1.803808773903543283e+01 1.776871832865417957e+02
1.793816006551637088e+01 1.776833806473178470e+02
1.783823239199730892e+01 1.776795780080938982e+02
1.773830471847824697e+01 1.776757753688699495e+02
1.763837704495918501e+01 1.776719727296460007e+02
1.753844937144012306e+01 1.776681700904220520e+02
1.743852169792106110e+01 1.776643674511981033e+02
1.733859402440199915e+01 1.776605648119741545e+02
1.723866635088293719e+01 1.776567621727502058e+02
1.713873867736387524e+01 1.776529595335262570e+02
1.703881100384481329e+01 1.776491568943023083e+02
1.693888333032575133e+01 1.776453542550783595e+02
1.683895565680668938e+01 1.776415516158544108e+02
1.673902798328762742e+01 1.776377489766304620e+02
1.663910030976856547e+01 1.776339463374065133e+02
1.653917263624950351e+01 1.776301436981825645e+02
1.643924496273044156e+01 1.776263410589586158e+02
1.633931728921137960e+01 1.776225384197346671e+02
1.623938961569231765e+01 1.776187357805107183e+02
1.613946194217325569e+01 1.776149331412867696e+02
1.603953426865419374e+01 1.776111305020628208e+02
1.593960659513513001e+01 1.776073278628388721e+02
1.583967892161606628e+01 1.776035252236149233e+02
1.573975124809700255e+01 1.775997225843909746e+02
1.563982357457793881e+01 1.775959199451670258e+02
1.553989590105887508e+01 1.775921173059430771e+02
1.543996822753981135e+01 1.775883146667191284e+02
1.534004055402074762e+01 1.775845120274951796e+02
1.524011288050168389e+01 1.775807093882712309e+02
1.514018520698262016e+01 1.775769067490472821e+02
1.504025753346355643e+01 1.775731041098233334e+02
1.494032985994449270e+01 1.775693014705993846e+02
1.484040218642542897e+01 1.775654988313754359e+02
1.474047451290636523e+01 1.775616961921514871e+02
1.464054683938730150e+01 1.775578935529275384e+02
1.454061916586823777e+01 1.775540909137035896e+02
1.444069149234917404e+01 1.775502882744796409e+02
1.434076381883011031e+01 1.775464856352556922e+02
1.424083614531104658e+01 1.775426829960317434e+02
1.414090847179198285e+01 1.775388803568077947e+02
1.404098079827291912e+01 1.775350777175838459e+02
1.394105312475385539e+01 1.775312750783598972e+02
1.384112545123479165e+01 1.775274724391359484e+02
1.374119777771572792e+01 1.775236697999119997e+02
1.364127010419666419e+01 1.775198671606880509e+02
1.354134243067760046e+01 1.775160645214641022e+02
1.344141475715853673e+01 1.775122618822401535e+02
1.334148708363947300e+01 1.775084592430162047e+02
1.324155941012040927e+01 1.775046566037922560e+02
1.314163173660134554e+01 1.775008539645683072e+02
1.304170406308228181e+01 1.774970513253443585e+02
1.294177638956321807e+01 1.774932486861204097e+02
1.284184871604415434e+01 1.774894460468964610e+02
1.274192104252509061e+01 1.774856434076725122e+02
1.264199336900602688e+01 1.774818407684485635e+02
1.254206569548696315e+01 1.774780381292246147e+02
1.244213802196789942e+01 1.774742354900006660e+02
1.234221034844883569e+01 1.774704328507767173e+02
1.224228267492977196e+01 1.774666302115527685e+02
1.214235500141070823e+01 1.774628275723288198e+02
1.204242732789164450e+01 1.774590249331048710e+02
1.194249965437258076e+01 1.774552222938809223e+02
1.184257198085351703e+01 1.774514196546569735e+02
1.174264430733445330e+01 1.774476170154330248e+02
1.164271663381538957e+01 1.774438143762090760e+02
1.154278896029632584e+01 1.774400117369851273e+02
1.144286128677726211e+01 1.774362090977611786e+02
1.134293361325819838e+01 1.774324064585372298e+02
1.124300593973913465e+01 1.774286038193132811e+02
1.114307826622007092e+01 1.774248011800893323e+02
1.104315059270100718e+01 1.774209985408653836e+02
1.094322291918194345e+01 1.774171959016414348e+02
1.084329524566287972e+01 1.774133932624174861e+02
1.074336757214381599e+01 1.774095906231935373e+02
1.064343989862475226e+01 1.774057879839695886e+02
1.054351222510568853e+01 1.774019853447456398e+02
1.044358455158662480e+01 1.773981827055216911e+02
1.034365687806756107e+01 1.773943800662977424e+02
1.024372920454849734e+01 1.773905774270737936e+02
1.014380153102943360e+01 1.773867747878498449e+02
1.004387385751036987e+01 1.773829721486258961e+02
9.943946183991306143e+00 1.773791695094019474e+02
9.844018510472242411e+00 1.773753668701779986e+02
9.744090836953178680e+00 1.773715642309540499e+02
9.644163163434114949e+00 1.773677615917301011e+02
9.544235489915051218e+00 1.773639589525061524e+02
9.444307816395987487e+00 1.773601563132822037e+02
9.344380142876923756e+00 1.773563536740582549e+02
9.244452469357860025e+00 1.773525510348343062e+02
9.144524795838796294e+00 1.773487483956103574e+02
9.044597122319732563e+00 1.773449457563864087e+02
8.944669448800668832e+00 1.773411431171624599e+02
8.844741775281605101e+00 1.773373404779385112e+02
8.744814101762541370e+00 1.773335378387145624e+02
8.644886428243477638e+00 1.773297351994906137e+02
8.544958754724413907e+00 1.773259325602666650e+02
8.445031081205350176e+00 1.773221299210427162e+02
8.345103407686286445e+00 1.773183272818187675e+02
8.245175734167222714e+00 1.773145246425948187e+02
8.145248060648158983e+00 1.773107220033708700e+02
8.045320387129095252e+00 1.773069193641469212e+02
7.945392713610031521e+00 1.773031167249229725e+02
7.845465040090967790e+00 1.772993140856990237e+02
7.745537366571904059e+00 1.772955114464750750e+02
7.645609693052840328e+00 1.772917088072511262e+02
7.545682019533776597e+00 1.772879061680271775e+02
7.445754346014712866e+00 1.772841035288032288e+02
7.345826672495649134e+00 1.772803008895792800e+02
7.245898998976585403e+00 1.772764982503553313e+02
7.145971325457521672e+00 1.772726956111313825e+02
7.046043651938457941e+00 1.772688929719074338e+02
6.946115978419394210e+00 1.772650903326834850e+02
6.846188304900330479e+00 1.772612876934595363e+02
6.746260631381266748e+00 1.772574850542355875e+02
6.646332957862203017e+00 1.772536824150116388e+02
6.546405284343139286e+00 1.772498797757876901e+02
6.446477610824075555e+00 1.772460771365637413e+02
6.346549937305011824e+00 1.772422744973397926e+02
6.246622263785948093e+00 1.772384718581158438e+02
6.146694590266884362e+00 1.772346692188918951e+02
6.046766916747820630e+00 1.772308665796679463e+02
5.946839243228756899e+00 1.772270639404439976e+02
5.846911569709693168e+00 1.772232613012200488e+02
5.746983896190629437e+00 1.772194586619961001e+02
5.647056222671565706e+00 1.772156560227721513e+02
5.547128549152501975e+00 1.772118533835482026e+02
5.447200875633438244e+00 1.772080507443242539e+02
5.347273202114374513e+00 1.772042481051003051e+02
5.247345528595310782e+00 1.772004454658763564e+02
5.147417855076247051e+00 1.771966428266524076e+02
5.047490181557183320e+00 1.771928401874284589e+02
4.947562508038119589e+00 1.771890375482045101e+02
4.847634834519055858e+00 1.771852349089805614e+02
4.747707160999992126e+00 1.771814322697566126e+02
4.647779487480928395e+00 1.771776296305326639e+02
4.547851813961864664e+00 1.771738269913087152e+02
4.447924140442800933e+00 1.771700243520847664e+02
4.347996466923737202e+00 1.771662217128608177e+02
4.248068793404673471e+00 1.771624190736368689e+02
4.148141119885609740e+00 1.771586164344129202e+02
4.048213446366546009e+00 1.771548137951889714e+02
3.948285772847482278e+00 1.771510111559650227e+02
3.848358099328418547e+00 1.771472085167410739e+02
3.748430425809354816e+00 1.771434058775171252e+02
3.648502752290291085e+00 1.771396032382931764e+02
3.548575078771227354e+00 1.771358005990692277e+02
3.448647405252163622e+00 1.771319979598452790e+02
3.348719731733099891e+00 1.771281953206213302e+02
3.248792058214036160e+00 1.771243926813973815e+02
3.069493321670776709e+00 1.771175696624680427e+02
