3.312021314568153940e+01 8.656158883279567817e+01
3.302678713196923610e+01 8.652592961292440066e+01
3.293336111825693280e+01 8.649027039305312314e+01
3.283993510454462950e+01 8.645461117318184563e+01
3.274650909083232619e+01 8.641895195331056811e+01
3.265308307712002289e+01 8.638329273343929060e+01
3.255965706340771959e+01 8.634763351356801309e+01
3.246623104969541629e+01 8.631197429369673557e+01
3.237280503598311299e+01 8.627631507382545806e+01
3.227937902227080968e+01 8.624065585395418054e+01
3.218595300855850638e+01 8.620499663408290303e+01
3.209252699484620308e+01 8.616933741421162551e+01
3.199910098113389978e+01 8.613367819434034800e+01
3.190567496742159648e+01 8.609801897446907049e+01
3.181224895370929318e+01 8.606235975459779297e+01
3.171882293999698987e+01 8.602670053472651546e+01
3.162539692628468657e+01 8.599104131485523794e+01
3.153197091257238327e+01 8.595538209498396043e+01
3.143854489886007997e+01 8.591972287511268291e+01
3.134511888514777667e+01 8.588406365524140540e+01
3.125169287143547336e+01 8.584840443537012789e+01
3.115826685772317006e+01 8.581274521549885037e+01
3.106484084401086676e+01 8.577708599562757286e+01
3.097141483029856346e+01 8.574142677575629534e+01
3.087798881658626016e+01 8.570576755588501783e+01
3.078456280287395685e+01 8.567010833601374031e+01
3.069113678916165355e+01 8.563444911614246280e+01
3.059771077544935025e+01 8.559878989627118528e+01
3.050428476173704695e+01 8.556313067639990777e+01
3.041085874802474365e+01 8.552747145652863026e+01
3.031743273431244035e+01 8.549181223665735274e+01
3.022400672060013704e+01 8.545615301678607523e+01
3.013058070688783374e+01 8.542049379691479771e+01
3.003715469317553044e+01 8.538483457704352020e+01
2.994372867946322714e+01 8.534917535717224268e+01
2.985030266575092384e+01 8.531351613730096517e+01
2.975687665203862053e+01 8.527785691742968766e+01
2.966345063832631723e+01 8.524219769755841014e+01
2.957002462461401393e+01 8.520653847768713263e+01
2.947659861090171063e+01 8.517087925781585511e+01
2.938317259718940733e+01 8.513522003794457760e+01
2.928974658347710402e+01 8.509956081807330008e+01
2.919632056976480072e+01 8.506390159820202257e+01
2.910289455605249742e+01 8.502824237833074505e+01
2.900946854234019412e+01 8.499258315845946754e+01
2.891604252862789082e+01 8.495692393858819003e+01
2.882261651491558752e+01 8.492126471871691251e+01
2.872919050120328421e+01 8.488560549884563500e+01
2.863576448749098091e+01 8.484994627897435748e+01
2.854233847377867761e+01 8.481428705910307997e+01
2.844891246006637431e+01 8.477862783923180245e+01
2.835548644635407101e+01 8.474296861936052494e+01
2.826206043264176770e+01 8.470730939948924743e+01
2.816863441892946440e+01 8.467165017961796991e+01
2.807520840521716110e+01 8.463599095974669240e+01
2.798178239150485780e+01 8.460033173987541488e+01
2.788835637779255450e+01 8.456467252000413737e+01
2.779493036408025119e+01 8.452901330013285985e+01
2.770150435036794789e+01 8.449335408026158234e+01
2.760807833665564459e+01 8.445769486039030483e+01
2.751465232294334129e+01 8.442203564051902731e+01
2.742122630923103799e+01 8.438637642064774980e+01
2.732780029551873469e+01 8.435071720077647228e+01
2.723437428180643138e+01 8.431505798090519477e+01
2.714094826809412808e+01 8.427939876103391725e+01
2.704752225438182478e+01 8.424373954116263974e+01
2.695409624066952148e+01 8.420808032129136222e+01
2.686067022695721818e+01 8.417242110142008471e+01
2.676724421324491487e+01 8.413676188154880720e+01
2.667381819953261157e+01 8.410110266167752968e+01
2.658039218582030827e+01 8.406544344180625217e+01
2.648696617210800497e+01 8.402978422193497465e+01
2.639354015839570167e+01 8.399412500206369714e+01
2.630011414468339837e+01 8.395846578219241962e+01
2.620668813097109506e+01 8.392280656232114211e+01
2.611326211725879176e+01 8.388714734244986460e+01
2.601983610354648846e+01 8.385148812257858708e+01
2.592641008983418516e+01 8.381582890270730957e+01
2.583298407612188186e+01 8.378016968283603205e+01
2.573955806240957855e+01 8.374451046296475454e+01
2.564613204869727525e+01 8.370885124309347702e+01
2.555270603498497195e+01 8.367319202322219951e+01
2.545928002127266865e+01 8.363753280335092199e+01
2.536585400756036535e+01 8.360187358347964448e+01
2.527242799384806204e+01 8.356621436360836697e+01
2.517900198013575874e+01 8.353055514373708945e+01
2.508557596642345544e+01 8.349489592386581194e+01
2.499214995271115214e+01 8.345923670399453442e+01
2.489872393899884884e+01 8.342357748412325691e+01
2.480529792528654554e+01 8.338791826425197939e+01
2.471187191157424223e+01 8.335225904438070188e+01
2.461844589786193893e+01 8.331659982450942437e+01
2.452501988414963563e+01 8.328094060463814685e+01
2.443159387043733233e+01 8.324528138476686934e+01
2.433816785672502903e+01 8.320962216489559182e+01
2.424474184301272572e+01 8.317396294502431431e+01
2.415131582930042242e+01 8.313830372515303679e+01
2.405788981558811912e+01 8.310264450528175928e+01
2.396446380187581582e+01 8.306698528541048177e+01
2.387103778816351252e+01 8.303132606553920425e+01
2.377761177445120921e+01 8.299566684566792674e+01
2.368418576073890591e+01 8.296000762579664922e+01
2.359075974702660261e+01 8.292434840592537171e+01
2.349733373331429931e+01 8.288868918605409419e+01
2.340390771960199601e+01 8.285302996618281668e+01
2.331048170588969271e+01 8.281737074631153916e+01
2.321705569217738940e+01 8.278171152644026165e+01
2.312362967846508610e+01 8.274605230656898414e+01
2.303020366475278280e+01 8.271039308669770662e+01
2.293677765104047950e+01 8.267473386682642911e+01
2.284335163732817620e+01 8.263907464695515159e+01
2.274992562361587289e+01 8.260341542708387408e+01
2.259106532228712894e+01 8.254278098289785248e+01
2.260455610032613905e+01 8.244369516702140288e+01
2.261804687836514915e+01 8.234460935114495328e+01
2.263153765640415926e+01 8.224552353526850368e+01
2.264502843444316937e+01 8.214643771939205408e+01
2.265851921248217948e+01 8.204735190351560448e+01
2.267200999052118959e+01 8.194826608763915488e+01
2.268550076856019970e+01 8.184918027176270527e+01
2.269899154659920981e+01 8.175009445588625567e+01
2.271248232463821992e+01 8.165100864000980607e+01
2.272597310267723003e+01 8.155192282413335647e+01
2.273946388071624014e+01 8.145283700825690687e+01
2.275295465875525025e+01 8.135375119238045727e+01
2.276644543679426036e+01 8.125466537650400767e+01
2.277993621483327047e+01 8.115557956062755807e+01
2.279342699287228058e+01 8.105649374475110847e+01
2.280691777091129069e+01 8.095740792887465886e+01
2.282040854895030080e+01 8.085832211299820926e+01
2.283389932698931091e+01 8.075923629712175966e+01
2.284739010502832102e+01 8.066015048124531006e+01
2.286088088306733113e+01 8.056106466536886046e+01
2.287437166110634124e+01 8.046197884949241086e+01
2.288786243914535135e+01 8.036289303361596126e+01
2.290135321718436145e+01 8.026380721773951166e+01
2.291484399522337156e+01 8.016472140186306206e+01
2.292833477326238167e+01 8.006563558598661245e+01
2.294182555130139178e+01 7.996654977011016285e+01
2.295531632934040189e+01 7.986746395423371325e+01
2.296880710737941200e+01 7.976837813835726365e+01
2.298229788541842211e+01 7.966929232248081405e+01
2.299578866345743222e+01 7.957020650660436445e+01
2.300927944149644233e+01 7.947112069072791485e+01
2.302277021953545244e+01 7.937203487485146525e+01
2.303626099757446255e+01 7.927294905897501565e+01
2.304975177561347266e+01 7.917386324309856604e+01
2.306324255365248277e+01 7.907477742722211644e+01
2.307673333169149288e+01 7.897569161134566684e+01
2.309022410973050299e+01 7.887660579546921724e+01
2.310371488776951310e+01 7.877751997959276764e+01
2.311720566580852321e+01 7.867843416371631804e+01
2.313069644384753332e+01 7.857934834783986844e+01
2.314418722188654343e+01 7.848026253196341884e+01
2.315767799992555354e+01 7.838117671608696924e+01
2.317116877796456365e+01 7.828209090021051964e+01
2.318465955600357375e+01 7.818300508433407003e+01
2.319815033404258386e+01 7.808391926845762043e+01
2.321164111208159397e+01 7.798483345258117083e+01
2.322513189012060408e+01 7.788574763670472123e+01
2.323862266815961419e+01 7.778666182082827163e+01
2.325211344619862430e+01 7.768757600495182203e+01
2.326560422423763441e+01 7.758849018907537243e+01
2.327909500227664452e+01 7.748940437319892283e+01
2.329258578031565463e+01 7.739031855732247323e+01
2.330607655835466474e+01 7.729123274144602362e+01
2.331956733639367485e+01 7.719214692556957402e+01
2.333305811443268496e+01 7.709306110969312442e+01
2.334654889247169507e+01 7.699397529381667482e+01
2.336003967051070518e+01 7.689488947794022522e+01
2.337353044854971529e+01 7.679580366206377562e+01
2.338702122658872540e+01 7.669671784618732602e+01
2.340051200462773551e+01 7.659763203031087642e+01
2.341400278266674562e+01 7.649854621443442682e+01
2.342749356070575573e+01 7.639946039855797721e+01
2.344098433874476584e+01 7.630037458268152761e+01
2.345447511678377595e+01 7.620128876680507801e+01
2.346796589482278605e+01 7.610220295092862841e+01
2.348145667286179616e+01 7.600311713505217881e+01
2.349494745090080627e+01 7.590403131917572921e+01
2.350843822893981638e+01 7.580494550329927961e+01
2.352192900697882649e+01 7.570585968742283001e+01
2.353541978501783660e+01 7.560677387154638041e+01
2.354891056305684671e+01 7.550768805566993080e+01
2.356240134109585682e+01 7.540860223979348120e+01
2.357589211913486693e+01 7.530951642391703160e+01
2.358938289717387704e+01 7.521043060804058200e+01
2.360287367521288715e+01 7.511134479216413240e+01
2.361636445325189726e+01 7.501225897628768280e+01
2.362985523129090737e+01 7.491317316041123320e+01
2.364334600932991748e+01 7.481408734453478360e+01
2.365683678736892759e+01 7.471500152865833400e+01
2.367032756540793770e+01 7.461591571278188439e+01
2.368381834344694781e+01 7.451682989690543479e+01
2.369730912148595792e+01 7.441774408102898519e+01
2.371079989952496803e+01 7.431865826515253559e+01
2.372429067756397814e+01 7.421957244927608599e+01
2.373778145560298825e+01 7.412048663339963639e+01
2.375127223364199835e+01 7.402140081752318679e+01
2.376476301168100846e+01 7.392231500164673719e+01
2.377825378972001857e+01 7.382322918577028759e+01
2.379174456775902868e+01 7.372414336989383798e+01
2.380523534579803879e+01 7.362505755401738838e+01
2.381872612383704890e+01 7.352597173814093878e+01
2.383221690187605901e+01 7.342688592226448918e+01
2.384570767991506912e+01 7.332780010638803958e+01
2.385919845795407923e+01 7.322871429051158998e+01
2.387268923599308934e+01 7.312962847463514038e+01
2.388618001403209945e+01 7.303054265875869078e+01
2.389967079207110956e+01 7.293145684288224118e+01
2.391316157011011967e+01 7.283237102700579157e+01
2.392665234814912978e+01 7.273328521112934197e+01
2.394014312618813989e+01 7.263419939525289237e+01
2.395363390422715000e+01 7.253511357937644277e+01
2.396712468226616011e+01 7.243602776349999317e+01
2.398061546030517022e+01 7.233694194762354357e+01
2.399410623834418033e+01 7.223785613174709397e+01
2.400759701638319044e+01 7.213877031587064437e+01
2.402108779442220055e+01 7.203968449999419477e+01
2.403457857246121065e+01 7.194059868411774517e+01
2.404806935050022076e+01 7.184151286824129556e+01
2.406156012853923087e+01 7.174242705236484596e+01
2.407505090657824098e+01 7.164334123648839636e+01
2.408854168461725109e+01 7.154425542061194676e+01
2.410203246265626120e+01 7.144516960473549716e+01
2.411552324069527131e+01 7.134608378885904756e+01
2.412901401873428142e+01 7.124699797298259796e+01
2.414250479677329153e+01 7.114791215710614836e+01
2.415599557481230164e+01 7.104882634122969876e+01
2.416948635285131175e+01 7.094974052535324915e+01
2.418297713089032186e+01 7.085065470947679955e+01
2.419646790892933197e+01 7.075156889360034995e+01
2.420995868696834208e+01 7.065248307772390035e+01
2.422344946500735219e+01 7.055339726184745075e+01
2.423694024304636230e+01 7.045431144597100115e+01
2.425043102108537241e+01 7.035522563009455155e+01
2.426392179912438252e+01 7.025613981421810195e+01
2.427741257716339263e+01 7.015705399834165235e+01
2.429090335520240274e+01 7.005796818246520274e+01
2.430439413324141285e+01 6.995888236658875314e+01
2.431788491128042295e+01 6.985979655071230354e+01
2.433137568931943306e+01 6.976071073483585394e+01
2.434486646735844317e+01 6.966162491895940434e+01
2.435835724539745328e+01 6.956253910308295474e+01
2.437184802343646339e+01 6.946345328720650514e+01
2.438533880147547350e+01 6.936436747133005554e+01
2.439882957951448361e+01 6.926528165545360594e+01
2.441232035755349372e+01 6.916619583957715633e+01
2.442581113559250383e+01 6.906711002370070673e+01
2.443930191363151394e+01 6.896802420782425713e+01
2.445279269167052405e+01 6.886893839194780753e+01
2.446628346970953416e+01 6.876985257607135793e+01
2.447977424774854427e+01 6.867076676019490833e+01
2.449326502578755438e+01 6.857168094431845873e+01
2.450675580382656449e+01 6.847259512844200913e+01
2.452024658186557460e+01 6.837350931256555953e+01
2.453373735990458471e+01 6.827442349668910992e+01
2.454722813794359482e+01 6.817533768081266032e+01
2.456071891598260493e+01 6.807625186493621072e+01
2.457420969402161504e+01 6.797716604905976112e+01
2.458770047206062515e+01 6.787808023318331152e+01
2.460119125009963525e+01 6.777899441730686192e+01
2.461468202813864536e+01 6.767990860143041232e+01
2.462817280617765547e+01 6.758082278555396272e+01
2.464166358421666558e+01 6.748173696967751312e+01
2.465515436225567569e+01 6.738265115380106351e+01
2.466864514029468580e+01 6.728356533792461391e+01
2.468213591833369591e+01 6.718447952204816431e+01
2.469562669637270602e+01 6.708539370617171471e+01
2.470911747441171613e+01 6.698630789029526511e+01
2.472260825245072624e+01 6.688722207441881551e+01
2.473609903048973635e+01 6.678813625854236591e+01
2.474958980852874646e+01 6.668905044266591631e+01
2.476308058656775657e+01 6.658996462678946671e+01
2.477657136460676668e+01 6.649087881091301711e+01
2.479006214264577679e+01 6.639179299503656750e+01
2.480355292068478690e+01 6.629270717916011790e+01
2.481704369872379701e+01 6.619362136328366830e+01
2.483053447676280712e+01 6.609453554740721870e+01
2.484402525480181723e+01 6.599544973153076910e+01
2.485751603284082734e+01 6.589636391565431950e+01
2.487100681087983745e+01 6.579727809977786990e+01
2.488449758891884755e+01 6.569819228390142030e+01
2.489798836695785766e+01 6.559910646802497070e+01
2.491147914499686777e+01 6.550002065214852109e+01
2.492496992303587788e+01 6.540093483627207149e+01
2.493846070107488799e+01 6.530184902039562189e+01
2.495195147911389810e+01 6.520276320451917229e+01
2.496544225715290821e+01 6.510367738864272269e+01
2.497893303519191832e+01 6.500459157276627309e+01
2.499242381323092843e+01 6.490550575688982349e+01
2.500591459126993854e+01 6.480641994101337389e+01
2.501940536930894865e+01 6.470733412513692429e+01
2.503289614734795876e+01 6.460824830926047468e+01
2.504638692538696887e+01 6.450916249338402508e+01
2.505987770342597898e+01 6.441007667750757548e+01
2.507336848146498909e+01 6.431099086163112588e+01
2.508685925950399920e+01 6.421190504575467628e+01
2.510035003754300931e+01 6.411281922987822668e+01
2.511384081558201942e+01 6.401373341400177708e+01
2.512733159362102953e+01 6.391464759812532748e+01
2.514082237166003964e+01 6.381556178224887788e+01
2.515431314969904975e+01 6.371647596637242827e+01
2.516780392773805985e+01 6.361739015049597867e+01
2.518129470577706996e+01 6.351830433461952907e+01
2.519478548381608007e+01 6.341921851874307947e+01
2.520827626185509018e+01 6.332013270286662987e+01
2.522176703989410029e+01 6.322104688699018027e+01
2.523525781793311040e+01 6.312196107111373067e+01
2.524874859597212051e+01 6.302287525523728107e+01
2.526223937401113062e+01 6.292378943936083147e+01
2.527573015205014073e+01 6.282470362348438186e+01
2.528922093008915084e+01 6.272561780760793226e+01
2.530271170812816095e+01 6.262653199173148266e+01
2.531620248616717106e+01 6.252744617585503306e+01
2.532969326420618117e+01 6.242836035997858346e+01
2.534318404224519128e+01 6.232927454410213386e+01
2.535667482028420139e+01 6.223018872822568426e+01
2.537016559832321150e+01 6.213110291234923466e+01
2.538365637636222161e+01 6.203201709647278506e+01
2.539714715440123172e+01 6.193293128059633545e+01
2.541063793244024183e+01 6.183384546471988585e+01
2.542412871047925194e+01 6.173475964884343625e+01
2.543761948851826205e+01 6.163567383296698665e+01
2.545111026655727215e+01 6.153658801709053705e+01
2.546460104459628226e+01 6.143750220121408745e+01
2.547809182263529237e+01 6.133841638533763785e+01
2.549158260067430248e+01 6.123933056946118825e+01
2.550507337871331259e+01 6.114024475358473865e+01
2.551856415675232270e+01 6.104115893770828905e+01
2.553205493479133281e+01 6.094207312183183944e+01
2.554554571283034292e+01 6.084298730595538984e+01
2.555903649086935303e+01 6.074390149007894024e+01
2.557252726890836314e+01 6.064481567420249064e+01
2.558601804694737325e+01 6.054572985832604104e+01
2.559950882498638336e+01 6.044664404244959144e+01
2.561299960302539347e+01 6.034755822657314184e+01
2.562649038106440358e+01 6.024847241069669224e+01
2.563998115910341369e+01 6.014938659482024264e+01
2.565347193714242380e+01 6.005030077894379303e+01
2.566696271518143391e+01 5.995121496306734343e+01
2.568045349322044402e+01 5.985212914719089383e+01
2.569394427125945413e+01 5.975304333131444423e+01
2.570743504929846424e+01 5.965395751543799463e+01
2.572092582733747435e+01 5.955487169956154503e+01
2.573441660537648445e+01 5.945578588368509543e+01
2.574790738341549456e+01 5.935670006780864583e+01
2.576139816145450467e+01 5.925761425193219623e+01
2.577488893949351478e+01 5.915852843605574662e+01
2.578837971753252489e+01 5.905944262017929702e+01
2.580187049557153500e+01 5.896035680430284742e+01
2.581536127361054511e+01 5.886127098842639782e+01
2.582885205164955522e+01 5.876218517254994822e+01
2.584234282968856533e+01 5.866309935667349862e+01
2.585583360772757544e+01 5.856401354079704902e+01
2.586932438576658555e+01 5.846492772492059942e+01
2.588281516380559566e+01 5.836584190904414982e+01
2.589630594184460577e+01 5.826675609316770021e+01
2.590979671988361588e+01 5.816767027729125061e+01
2.592328749792262599e+01 5.806858446141480101e+01
2.593677827596163610e+01 5.796949864553835141e+01
2.595026905400064621e+01 5.787041282966190181e+01
2.596375983203965632e+01 5.777132701378545221e+01
2.597725061007866643e+01 5.767224119790900261e+01
2.599074138811767654e+01 5.757315538203255301e+01
2.600423216615668665e+01 5.747406956615610341e+01
2.601772294419569675e+01 5.737498375027965380e+01
2.603121372223470686e+01 5.727589793440320420e+01
2.604470450027371697e+01 5.717681211852675460e+01
2.605819527831272708e+01 5.707772630265030500e+01
2.607168605635173719e+01 5.697864048677385540e+01
2.608517683439074730e+01 5.687955467089740580e+01
2.609866761242975741e+01 5.678046885502095620e+01
2.611215839046876752e+01 5.668138303914450660e+01
2.612564916850777763e+01 5.658229722326805700e+01
2.613913994654678774e+01 5.648321140739160739e+01
2.615263072458579785e+01 5.638412559151515779e+01
2.616612150262480796e+01 5.628503977563870819e+01
2.617961228066381807e+01 5.618595395976225859e+01
2.619310305870282818e+01 5.608686814388580899e+01
2.620659383674183829e+01 5.598778232800935939e+01
2.622008461478084840e+01 5.588869651213290979e+01
2.623357539281985851e+01 5.578961069625646019e+01
2.624706617085886862e+01 5.569052488038001059e+01
2.626055694889787873e+01 5.559143906450356099e+01
2.627404772693688884e+01 5.549235324862711138e+01
2.628753850497589895e+01 5.539326743275066178e+01
2.630102928301490905e+01 5.529418161687421218e+01
2.631452006105391916e+01 5.519509580099776258e+01
2.632801083909292927e+01 5.509600998512131298e+01
2.634150161713193938e+01 5.499692416924486338e+01
2.635499239517094949e+01 5.489783835336841378e+01
2.636848317320995960e+01 5.479875253749196418e+01
2.638197395124896971e+01 5.469966672161551458e+01
2.639546472928797982e+01 5.460058090573906497e+01
2.640895550732698993e+01 5.450149508986261537e+01
2.642244628536600004e+01 5.440240927398616577e+01
2.643593706340501015e+01 5.430332345810971617e+01
2.644942784144402026e+01 5.420423764223326657e+01
2.646291861948303037e+01 5.410515182635681697e+01
2.647640939752204048e+01 5.400606601048036737e+01
2.648990017556105059e+01 5.390698019460391777e+01
2.650339095360006070e+01 5.380789437872746817e+01
2.651688173163907081e+01 5.370880856285101856e+01
2.653037250967808092e+01 5.360972274697456896e+01
2.654386328771709103e+01 5.351063693109811936e+01
2.655735406575610114e+01 5.341155111522166976e+01
2.657084484379511125e+01 5.331246529934522016e+01
2.658433562183412135e+01 5.321337948346877056e+01
2.659782639987313146e+01 5.311429366759232096e+01
2.661131717791214157e+01 5.301520785171587136e+01
2.662480795595115168e+01 5.291612203583942176e+01
2.663829873399016179e+01 5.281703621996297215e+01
2.665178951202917190e+01 5.271795040408652255e+01
2.666528029006818201e+01 5.261886458821007295e+01
2.667877106810719212e+01 5.251977877233362335e+01
2.669226184614620223e+01 5.242069295645717375e+01
2.670575262418521234e+01 5.232160714058072415e+01
2.671924340222422245e+01 5.222252132470427455e+01
2.673273418026323256e+01 5.212343550882782495e+01
2.674622495830224267e+01 5.202434969295137535e+01
2.675971573634125278e+01 5.192526387707492574e+01
2.677320651438026289e+01 5.182617806119847614e+01
2.678669729241927300e+01 5.172709224532202654e+01
2.680018807045828311e+01 5.162800642944557694e+01
2.681367884849729322e+01 5.152892061356912734e+01
2.682716962653630333e+01 5.142983479769267774e+01
2.684066040457531344e+01 5.133074898181622814e+01
2.685415118261432355e+01 5.123166316593977854e+01
2.686764196065333365e+01 5.113257735006332894e+01
2.688113273869234376e+01 5.103349153418687933e+01
2.689462351673135387e+01 5.093440571831042973e+01
2.690811429477036398e+01 5.083531990243398013e+01
2.692160507280937409e+01 5.073623408655753053e+01
2.693509585084838420e+01 5.063714827068108093e+01
2.694858662888739431e+01 5.053806245480463133e+01
2.696207740692640442e+01 5.043897663892818173e+01
2.697556818496541453e+01 5.033989082305173213e+01
2.698905896300442464e+01 5.024080500717528253e+01
2.700254974104343475e+01 5.014171919129883292e+01
2.701604051908244486e+01 5.004263337542238332e+01
2.702953129712145497e+01 4.994354755954593372e+01
2.704302207516046508e+01 4.984446174366948412e+01
2.705651285319947519e+01 4.974537592779303452e+01
2.707000363123848530e+01 4.964629011191658492e+01
2.708349440927749541e+01 4.954720429604013532e+01
2.709698518731650552e+01 4.944811848016368572e+01
2.711047596535551563e+01 4.934903266428723612e+01
2.712396674339452574e+01 4.924994684841078652e+01
2.713745752143353585e+01 4.915086103253433691e+01
2.715094829947254595e+01 4.905177521665788731e+01
2.716443907751155606e+01 4.895268940078143771e+01
2.717792985555056617e+01 4.885360358490498811e+01
2.719142063358957628e+01 4.875451776902853851e+01
2.720491141162858639e+01 4.865543195315208891e+01
2.721840218966759650e+01 4.855634613727563931e+01
2.723189296770660661e+01 4.845726032139918971e+01
2.724538374574561672e+01 4.835817450552274011e+01
2.725887452378462683e+01 4.825908868964629050e+01
2.727236530182363694e+01 4.816000287376984090e+01
2.728585607986264705e+01 4.806091705789339130e+01
2.729934685790165716e+01 4.796183124201694170e+01
2.731283763594066727e+01 4.786274542614049210e+01
2.732632841397967738e+01 4.776365961026404250e+01
2.733981919201868749e+01 4.766457379438759290e+01
2.735330997005769760e+01 4.756548797851114330e+01
2.736680074809670771e+01 4.746640216263469370e+01
2.738029152613571782e+01 4.736731634675824409e+01
2.739378230417472793e+01 4.726823053088179449e+01
2.740727308221373804e+01 4.716914471500534489e+01
2.742076386025274815e+01 4.707005889912889529e+01
2.743425463829175825e+01 4.697097308325244569e+01
2.744774541633076836e+01 4.687188726737599609e+01
2.746123619436977847e+01 4.677280145149954649e+01
2.747472697240878858e+01 4.667371563562309689e+01
2.748821775044779869e+01 4.657462981974664729e+01
2.750170852848680880e+01 4.647554400387019768e+01
2.751519930652581891e+01 4.637645818799374808e+01
2.752869008456482902e+01 4.627737237211729848e+01
2.754218086260383913e+01 4.617828655624084888e+01
2.755567164064284924e+01 4.607920074036439928e+01
2.756916241868185935e+01 4.598011492448794968e+01
2.758265319672086946e+01 4.588102910861150008e+01
2.759614397475987957e+01 4.578194329273505048e+01
2.760963475279888968e+01 4.568285747685860088e+01
2.762312553083789979e+01 4.558377166098215127e+01
2.763661630887690990e+01 4.548468584510570167e+01
2.765010708691592001e+01 4.538560002922925207e+01
2.766359786495493012e+01 4.528651421335280247e+01
2.767708864299394023e+01 4.518742839747635287e+01
2.769057942103295034e+01 4.508834258159990327e+01
2.770407019907196045e+01 4.498925676572345367e+01
2.771756097711097055e+01 4.489017094984700407e+01
2.773105175514998066e+01 4.479108513397055447e+01
2.774454253318899077e+01 4.469199931809410486e+01
2.775803331122800088e+01 4.459291350221765526e+01
2.777152408926701099e+01 4.449382768634120566e+01
2.778501486730602110e+01 4.439474187046475606e+01
2.779850564534503121e+01 4.429565605458830646e+01
2.781199642338404132e+01 4.419657023871185686e+01
2.782548720142305143e+01 4.409748442283540726e+01
2.783897797946206154e+01 4.399839860695895766e+01
2.785246875750107165e+01 4.389931279108250806e+01
2.786595953554008176e+01 4.380022697520605846e+01
2.787945031357909187e+01 4.370114115932960885e+01
2.789294109161810198e+01 4.360205534345315925e+01
2.790643186965711209e+01 4.350296952757670965e+01
2.791992264769612220e+01 4.340388371170026005e+01
2.793341342573513231e+01 4.330479789582381045e+01
2.794690420377414242e+01 4.320571207994736085e+01
2.796039498181315253e+01 4.310662626407091125e+01
2.797388575985216264e+01 4.300754044819446165e+01
2.798737653789117275e+01 4.290845463231801205e+01
2.800086731593018285e+01 4.280936881644156244e+01
2.801435809396919296e+01 4.271028300056511284e+01
2.802784887200820307e+01 4.261119718468866324e+01
2.804133965004721318e+01 4.251211136881221364e+01
2.805483042808622329e+01 4.241302555293576404e+01
2.806832120612523340e+01 4.231393973705931444e+01
2.808181198416424351e+01 4.221485392118286484e+01
2.809530276220325362e+01 4.211576810530641524e+01
2.810879354024226373e+01 4.201668228942996564e+01
2.812228431828127384e+01 4.191759647355351603e+01
2.813577509632028395e+01 4.181851065767706643e+01
2.814926587435929406e+01 4.171942484180061683e+01
2.816275665239830417e+01 4.162033902592416723e+01
2.817624743043731428e+01 4.152125321004771763e+01
2.818973820847632439e+01 4.142216739417126803e+01
2.820322898651533450e+01 4.132308157829481843e+01
2.821671976455434461e+01 4.122399576241836883e+01
2.823140481081095388e+01 4.111613839605513476e+01
2.824210063124059289e+01 4.121556474782033064e+01
2.825279645167023190e+01 4.131499109958552651e+01
2.826349227209987092e+01 4.141441745135072239e+01
2.827418809252950993e+01 4.151384380311591826e+01
2.828488391295914894e+01 4.161327015488111414e+01
2.829557973338878796e+01 4.171269650664631001e+01
2.830627555381842697e+01 4.181212285841150589e+01
2.831697137424806598e+01 4.191154921017670176e+01
2.832766719467770500e+01 4.201097556194189764e+01
2.833836301510734401e+01 4.211040191370709351e+01
2.834905883553698303e+01 4.220982826547228939e+01
2.835975465596662204e+01 4.230925461723748526e+01
2.837045047639626105e+01 4.240868096900268114e+01
2.838114629682590007e+01 4.250810732076787701e+01
2.839184211725553908e+01 4.260753367253307289e+01
2.840253793768517809e+01 4.270696002429826876e+01
2.841323375811481711e+01 4.280638637606346464e+01
2.842392957854445612e+01 4.290581272782866051e+01
2.843462539897409513e+01 4.300523907959385639e+01
2.844532121940373415e+01 4.310466543135905226e+01
2.845601703983337316e+01 4.320409178312424814e+01
2.846671286026301217e+01 4.330351813488944401e+01
2.847740868069265119e+01 4.340294448665463989e+01
2.848810450112229020e+01 4.350237083841983576e+01
2.849880032155192922e+01 4.360179719018503164e+01
2.850949614198156823e+01 4.370122354195022751e+01
2.852019196241120724e+01 4.380064989371542339e+01
2.853088778284084626e+01 4.390007624548061926e+01
2.854158360327048527e+01 4.399950259724581514e+01
2.855227942370012428e+01 4.409892894901101101e+01
2.856297524412976330e+01 4.419835530077620689e+01
2.857367106455940231e+01 4.429778165254140276e+01
2.858436688498904132e+01 4.439720800430659864e+01
2.859506270541868034e+01 4.449663435607179451e+01
2.860575852584831935e+01 4.459606070783699039e+01
2.861645434627795836e+01 4.469548705960218626e+01
2.862715016670759738e+01 4.479491341136738214e+01
2.863784598713723639e+01 4.489433976313257801e+01
2.864854180756687541e+01 4.499376611489777389e+01
2.865923762799651442e+01 4.509319246666296976e+01
2.866993344842615343e+01 4.519261881842816564e+01
2.868062926885579245e+01 4.529204517019336151e+01
2.869132508928543146e+01 4.539147152195855739e+01
2.870202090971507047e+01 4.549089787372375326e+01
2.871271673014470949e+01 4.559032422548894914e+01
2.872341255057434850e+01 4.568975057725414501e+01
2.873410837100398751e+01 4.578917692901934089e+01
2.874480419143362653e+01 4.588860328078453676e+01
2.875550001186326554e+01 4.598802963254973264e+01
2.876619583229290456e+01 4.608745598431492851e+01
2.877689165272254357e+01 4.618688233608012439e+01
2.878758747315218258e+01 4.628630868784532026e+01
2.879828329358182160e+01 4.638573503961051614e+01
2.880897911401146061e+01 4.648516139137571201e+01
2.881967493444109962e+01 4.658458774314090789e+01
2.883037075487073864e+01 4.668401409490610376e+01
2.884106657530037765e+01 4.678344044667129964e+01
2.885176239573001666e+01 4.688286679843649551e+01
2.886245821615965568e+01 4.698229315020169139e+01
2.887315403658929469e+01 4.708171950196688726e+01
2.888384985701893370e+01 4.718114585373208314e+01
2.889454567744857272e+01 4.728057220549727901e+01
2.890524149787821173e+01 4.737999855726247489e+01
2.891593731830785075e+01 4.747942490902767076e+01
2.892663313873748976e+01 4.757885126079286664e+01
2.893732895916712877e+01 4.767827761255806251e+01
2.894802477959676779e+01 4.777770396432325839e+01
2.895872060002640680e+01 4.787713031608845426e+01
2.896941642045604581e+01 4.797655666785365014e+01
2.898011224088568483e+01 4.807598301961884601e+01
2.899080806131532384e+01 4.817540937138404189e+01
2.900150388174496285e+01 4.827483572314923777e+01
2.901219970217460187e+01 4.837426207491443364e+01
2.902289552260424088e+01 4.847368842667962952e+01
2.903359134303387989e+01 4.857311477844482539e+01
2.904428716346351891e+01 4.867254113021002127e+01
2.905498298389315792e+01 4.877196748197521714e+01
2.906567880432279694e+01 4.887139383374041302e+01
2.907637462475243595e+01 4.897082018550560889e+01
2.908707044518207496e+01 4.907024653727080477e+01
2.909776626561171398e+01 4.916967288903600064e+01
2.910846208604135299e+01 4.926909924080119652e+01
2.911915790647099200e+01 4.936852559256639239e+01
2.912985372690063102e+01 4.946795194433158827e+01
2.914054954733027003e+01 4.956737829609678414e+01
2.915124536775990904e+01 4.966680464786198002e+01
2.916194118818954806e+01 4.976623099962717589e+01
2.917263700861918707e+01 4.986565735139237177e+01
2.918333282904882608e+01 4.996508370315756764e+01
2.919402864947846510e+01 5.006451005492276352e+01
2.920472446990810411e+01 5.016393640668795939e+01
2.921542029033774313e+01 5.026336275845315527e+01
2.922611611076738214e+01 5.036278911021835114e+01
2.923681193119702115e+01 5.046221546198354702e+01
2.924750775162666017e+01 5.056164181374874289e+01
2.925820357205629918e+01 5.066106816551393877e+01
2.926889939248593819e+01 5.076049451727913464e+01
2.927959521291557721e+01 5.085992086904433052e+01
2.929029103334521622e+01 5.095934722080952639e+01
2.930098685377485523e+01 5.105877357257472227e+01
2.931168267420449425e+01 5.115819992433991814e+01
2.932237849463413326e+01 5.125762627610511402e+01
2.933307431506377227e+01 5.135705262787030989e+01
2.934377013549341129e+01 5.145647897963550577e+01
2.935446595592305030e+01 5.155590533140070164e+01
2.936516177635268932e+01 5.165533168316589752e+01
2.937585759678232833e+01 5.175475803493109339e+01
2.938655341721196734e+01 5.185418438669628927e+01
2.939724923764160636e+01 5.195361073846148514e+01
2.940794505807124537e+01 5.205303709022668102e+01
2.941864087850088438e+01 5.215246344199187689e+01
2.942933669893052340e+01 5.225188979375707277e+01
2.944003251936016241e+01 5.235131614552226864e+01
2.945072833978980142e+01 5.245074249728746452e+01
2.946142416021944044e+01 5.255016884905266039e+01
2.947211998064907945e+01 5.264959520081785627e+01
2.948281580107871847e+01 5.274902155258305214e+01
2.949351162150835748e+01 5.284844790434824802e+01
2.950420744193799649e+01 5.294787425611344389e+01
2.951490326236763551e+01 5.304730060787863977e+01
2.952559908279727452e+01 5.314672695964383564e+01
2.953629490322691353e+01 5.324615331140903152e+01
2.954699072365655255e+01 5.334557966317422739e+01
2.955768654408619156e+01 5.344500601493942327e+01
2.956838236451583057e+01 5.354443236670461914e+01
2.957907818494546959e+01 5.364385871846981502e+01
2.958977400537510860e+01 5.374328507023501089e+01
2.960046982580474761e+01 5.384271142200020677e+01
2.961116564623438663e+01 5.394213777376540264e+01
2.962186146666402564e+01 5.404156412553059852e+01
2.963255728709366466e+01 5.414099047729579439e+01
2.964325310752330367e+01 5.424041682906099027e+01
2.965394892795294268e+01 5.433984318082618614e+01
2.966464474838258170e+01 5.443926953259138202e+01
2.967534056881222071e+01 5.453869588435657789e+01
2.968603638924185972e+01 5.463812223612177377e+01
2.969673220967149874e+01 5.473754858788696964e+01
2.970742803010113775e+01 5.483697493965216552e+01
2.971812385053077676e+01 5.493640129141736139e+01
2.972881967096041578e+01 5.503582764318255727e+01
2.973951549139005479e+01 5.513525399494775314e+01
2.975021131181969380e+01 5.523468034671294902e+01
2.976090713224933282e+01 5.533410669847814489e+01
2.977160295267897183e+01 5.543353305024334077e+01
2.978229877310861085e+01 5.553295940200853664e+01
2.979299459353824986e+01 5.563238575377373252e+01
2.980369041396788887e+01 5.573181210553892839e+01
2.981438623439752789e+01 5.583123845730412427e+01
2.982508205482716690e+01 5.593066480906932014e+01
2.983577787525680591e+01 5.603009116083451602e+01
2.984647369568644493e+01 5.612951751259971189e+01
2.985716951611608394e+01 5.622894386436490777e+01
2.986786533654572295e+01 5.632837021613010364e+01
2.987856115697536197e+01 5.642779656789529952e+01
2.988925697740500098e+01 5.652722291966049539e+01
2.989995279783463999e+01 5.662664927142569127e+01
2.991064861826427901e+01 5.672607562319088714e+01
2.992134443869391802e+01 5.682550197495608302e+01
2.993204025912355704e+01 5.692492832672127889e+01
2.994273607955319605e+01 5.702435467848647477e+01
2.995343189998283506e+01 5.712378103025167064e+01
2.996412772041247408e+01 5.722320738201686652e+01
2.997482354084211309e+01 5.732263373378206239e+01
2.998551936127175210e+01 5.742206008554725827e+01
2.999621518170139112e+01 5.752148643731245414e+01
3.000691100213103013e+01 5.762091278907765002e+01
3.001760682256066914e+01 5.772033914084284589e+01
3.002830264299030816e+01 5.781976549260804177e+01
3.003899846341994717e+01 5.791919184437323764e+01
3.004969428384958618e+01 5.801861819613843352e+01
3.006039010427922520e+01 5.811804454790362939e+01
3.007108592470886421e+01 5.821747089966882527e+01
3.008178174513850323e+01 5.831689725143402114e+01
3.009247756556814224e+01 5.841632360319921702e+01
3.010317338599778125e+01 5.851574995496441289e+01
3.011386920642742027e+01 5.861517630672960877e+01
3.012456502685705928e+01 5.871460265849480464e+01
3.013526084728669829e+01 5.881402901026000052e+01
3.014595666771633731e+01 5.891345536202519639e+01
3.015665248814597632e+01 5.901288171379039227e+01
3.016734830857561533e+01 5.911230806555558814e+01
3.017804412900525435e+01 5.921173441732078402e+01
3.018873994943489336e+01 5.931116076908597989e+01
3.019943576986453238e+01 5.941058712085117577e+01
3.021013159029417139e+01 5.951001347261637164e+01
3.022082741072381040e+01 5.960943982438156752e+01
3.023152323115344942e+01 5.970886617614676339e+01
3.024221905158308843e+01 5.980829252791195927e+01
3.025291487201272744e+01 5.990771887967715514e+01
3.026361069244236646e+01 6.000714523144235102e+01
3.027430651287200547e+01 6.010657158320754689e+01
3.028500233330164448e+01 6.020599793497274277e+01
3.029569815373128350e+01 6.030542428673793864e+01
3.030639397416092251e+01 6.040485063850313452e+01
3.031708979459056152e+01 6.050427699026833039e+01
3.032778561502020054e+01 6.060370334203352627e+01
3.033848143544983955e+01 6.070312969379872214e+01
3.034917725587947857e+01 6.080255604556391802e+01
3.035987307630911758e+01 6.090198239732911389e+01
3.037056889673875659e+01 6.100140874909430977e+01
3.038126471716839561e+01 6.110083510085950564e+01
3.039196053759803462e+01 6.120026145262470152e+01
3.040265635802767363e+01 6.129968780438989739e+01
3.041335217845731265e+01 6.139911415615509327e+01
3.042404799888695166e+01 6.149854050792028914e+01
3.043474381931659067e+01 6.159796685968548502e+01
3.044543963974622969e+01 6.169739321145068089e+01
3.045613546017586870e+01 6.179681956321587677e+01
3.046683128060550771e+01 6.189624591498107264e+01
3.047752710103514673e+01 6.199567226674626852e+01
3.048822292146478574e+01 6.209509861851146439e+01
3.049891874189442476e+01 6.219452497027666027e+01
3.050961456232406377e+01 6.229395132204185614e+01
3.052031038275370278e+01 6.239337767380705202e+01
3.053100620318334180e+01 6.249280402557224789e+01
3.054170202361298081e+01 6.259223037733744377e+01
3.055239784404261982e+01 6.269165672910263964e+01
3.056309366447225884e+01 6.279108308086783552e+01
3.057378948490189785e+01 6.289050943263303139e+01
3.058448530533153686e+01 6.298993578439822727e+01
3.059518112576117588e+01 6.308936213616342314e+01
3.060587694619081489e+01 6.318878848792861902e+01
3.061657276662045390e+01 6.328821483969381489e+01
3.062726858705009292e+01 6.338764119145901077e+01
3.063796440747973193e+01 6.348706754322420664e+01
3.064866022790937095e+01 6.358649389498940252e+01
3.065935604833900996e+01 6.368592024675459840e+01
3.067005186876864897e+01 6.378534659851979427e+01
3.068074768919828799e+01 6.388477295028499015e+01
3.069144350962792700e+01 6.398419930205018602e+01
3.070213933005756601e+01 6.408362565381538900e+01
3.071283515048720503e+01 6.418305200558059198e+01
3.072353097091684404e+01 6.428247835734579496e+01
3.073422679134648305e+01 6.438190470911099794e+01
3.074492261177612207e+01 6.448133106087620092e+01
3.075561843220576108e+01 6.458075741264140390e+01
3.076631425263540009e+01 6.468018376440660688e+01
3.077701007306503911e+01 6.477961011617180986e+01
3.078770589349467812e+01 6.487903646793701284e+01
3.079840171392431714e+01 6.497846281970221582e+01
3.080909753435395615e+01 6.507788917146741881e+01
3.081979335478359516e+01 6.517731552323262179e+01
3.083048917521323418e+01 6.527674187499782477e+01
3.084118499564287319e+01 6.537616822676302775e+01
3.085188081607251220e+01 6.547559457852823073e+01
3.086257663650215122e+01 6.557502093029343371e+01
3.087327245693179023e+01 6.567444728205863669e+01
3.088396827736142924e+01 6.577387363382383967e+01
3.089466409779106826e+01 6.587329998558904265e+01
3.090535991822070727e+01 6.597272633735424563e+01
3.091605573865034629e+01 6.607215268911944861e+01
3.092675155907998530e+01 6.617157904088465159e+01
3.093744737950962431e+01 6.627100539264985457e+01
3.094814319993926333e+01 6.637043174441505755e+01
3.095883902036890234e+01 6.646985809618026053e+01
3.096953484079854135e+01 6.656928444794546351e+01
3.098023066122818037e+01 6.666871079971066649e+01
3.099092648165781938e+01 6.676813715147586947e+01
3.100162230208745839e+01 6.686756350324107245e+01
3.101231812251709741e+01 6.696698985500627543e+01
3.102301394294673642e+01 6.706641620677147841e+01
3.103370976337637543e+01 6.716584255853668139e+01
3.104440558380601445e+01 6.726526891030188438e+01
3.105510140423565346e+01 6.736469526206708736e+01
3.106579722466529248e+01 6.746412161383229034e+01
3.107649304509493149e+01 6.756354796559749332e+01
3.108718886552457050e+01 6.766297431736269630e+01
3.109788468595420952e+01 6.776240066912789928e+01
3.110858050638384853e+01 6.786182702089310226e+01
3.111927632681348754e+01 6.796125337265830524e+01
3.112997214724312656e+01 6.806067972442350822e+01
3.114066796767276557e+01 6.816010607618871120e+01
3.115136378810240458e+01 6.825953242795391418e+01
3.116205960853204360e+01 6.835895877971911716e+01
3.117275542896168261e+01 6.845838513148432014e+01
3.118345124939132162e+01 6.855781148324952312e+01
3.119414706982096064e+01 6.865723783501472610e+01
3.120484289025059965e+01 6.875666418677992908e+01
3.121553871068023867e+01 6.885609053854513206e+01
3.122623453110987768e+01 6.895551689031033504e+01
3.123693035153951669e+01 6.905494324207553802e+01
3.124762617196915571e+01 6.915436959384074100e+01
3.125832199239879472e+01 6.925379594560594398e+01
3.126901781282843373e+01 6.935322229737114696e+01
3.127971363325807275e+01 6.945264864913634995e+01
3.129040945368771176e+01 6.955207500090155293e+01
3.130110527411735077e+01 6.965150135266675591e+01
3.131180109454698979e+01 6.975092770443195889e+01
3.132249691497662880e+01 6.985035405619716187e+01
3.133319273540626781e+01 6.994978040796236485e+01
3.134388855583590683e+01 7.004920675972756783e+01
3.135458437626554584e+01 7.014863311149277081e+01
3.136528019669518486e+01 7.024805946325797379e+01
3.137597601712482387e+01 7.034748581502317677e+01
3.138667183755446288e+01 7.044691216678837975e+01
3.139736765798410190e+01 7.054633851855358273e+01
3.140806347841374091e+01 7.064576487031878571e+01
3.141875929884337992e+01 7.074519122208398869e+01
3.142945511927301894e+01 7.084461757384919167e+01
3.144015093970265795e+01 7.094404392561439465e+01
3.145084676013229696e+01 7.104347027737959763e+01
3.146154258056193598e+01 7.114289662914480061e+01
3.147223840099157499e+01 7.124232298091000359e+01
3.148293422142121400e+01 7.134174933267520657e+01
3.149363004185085302e+01 7.144117568444040955e+01
3.150432586228049203e+01 7.154060203620561254e+01
3.151502168271013105e+01 7.164002838797081552e+01
3.152571750313977006e+01 7.173945473973601850e+01
3.153641332356940907e+01 7.183888109150122148e+01
3.154710914399904809e+01 7.193830744326642446e+01
3.155780496442868710e+01 7.203773379503162744e+01
3.156850078485832611e+01 7.213716014679683042e+01
3.157919660528796513e+01 7.223658649856203340e+01
3.158989242571760414e+01 7.233601285032723638e+01
3.160058824614724315e+01 7.243543920209243936e+01
3.161128406657688217e+01 7.253486555385764234e+01
3.162197988700652118e+01 7.263429190562284532e+01
3.163267570743616020e+01 7.273371825738804830e+01
3.164337152786579921e+01 7.283314460915325128e+01
3.165406734829543822e+01 7.293257096091845426e+01
3.166476316872507724e+01 7.303199731268365724e+01
3.167545898915471625e+01 7.313142366444886022e+01
3.168615480958435526e+01 7.323085001621406320e+01
3.169685063001399428e+01 7.333027636797926618e+01
3.170754645044363329e+01 7.342970271974446916e+01
3.171824227087327230e+01 7.352912907150967214e+01
3.172893809130291132e+01 7.362855542327487512e+01
3.173963391173255033e+01 7.372798177504007811e+01
3.175032973216218934e+01 7.382740812680528109e+01
3.176102555259182836e+01 7.392683447857048407e+01
3.177172137302146737e+01 7.402626083033568705e+01
3.178241719345110639e+01 7.412568718210089003e+01
3.179311301388074540e+01 7.422511353386609301e+01
3.180380883431038441e+01 7.432453988563129599e+01
3.181450465474002343e+01 7.442396623739649897e+01
3.182520047516966244e+01 7.452339258916170195e+01
3.183589629559930145e+01 7.462281894092690493e+01
3.184659211602894047e+01 7.472224529269210791e+01
3.185728793645857948e+01 7.482167164445731089e+01
3.186798375688821849e+01 7.492109799622251387e+01
3.187867957731785751e+01 7.502052434798771685e+01
3.188937539774749652e+01 7.511995069975291983e+01
3.190007121817713553e+01 7.521937705151812281e+01
3.191076703860677455e+01 7.531880340328332579e+01
3.192146285903641356e+01 7.541822975504852877e+01
3.193215867946605258e+01 7.551765610681373175e+01
3.194285449989569159e+01 7.561708245857893473e+01
3.195355032032533060e+01 7.571650881034413771e+01
3.196424614075496962e+01 7.581593516210934069e+01
3.197494196118460863e+01 7.591536151387454368e+01
3.198563778161424764e+01 7.601478786563974666e+01
3.199633360204388666e+01 7.611421421740494964e+01
3.200702942247352922e+01 7.621364056917015262e+01
3.201772524290316824e+01 7.631306692093535560e+01
3.202842106333280725e+01 7.641249327270055858e+01
3.203911688376244626e+01 7.651191962446576156e+01
3.204981270419208528e+01 7.661134597623096454e+01
3.206050852462172429e+01 7.671077232799616752e+01
3.207120434505136330e+01 7.681019867976137050e+01
3.208190016548100232e+01 7.690962503152657348e+01
3.209259598591064133e+01 7.700905138329177646e+01
3.210329180634028035e+01 7.710847773505697944e+01
3.211398762676991936e+01 7.720790408682218242e+01
3.212468344719955837e+01 7.730733043858738540e+01
3.213537926762919739e+01 7.740675679035258838e+01
3.214607508805883640e+01 7.750618314211779136e+01
3.215677090848847541e+01 7.760560949388299434e+01
3.216746672891811443e+01 7.770503584564819732e+01
3.217816254934775344e+01 7.780446219741340030e+01
3.218885836977739245e+01 7.790388854917860328e+01
3.219955419020703147e+01 7.800331490094380626e+01
3.221025001063667048e+01 7.810274125270900925e+01
3.222094583106630949e+01 7.820216760447421223e+01
3.223164165149594851e+01 7.830159395623941521e+01
3.224233747192558752e+01 7.840102030800461819e+01
3.225303329235522654e+01 7.850044665976982117e+01
3.226372911278486555e+01 7.859987301153502415e+01
3.227442493321450456e+01 7.869929936330022713e+01
3.228512075364414358e+01 7.879872571506543011e+01
3.229581657407378259e+01 7.889815206683063309e+01
3.230651239450342160e+01 7.899757841859583607e+01
3.231720821493306062e+01 7.909700477036103905e+01
3.232790403536269963e+01 7.919643112212624203e+01
3.233859985579233864e+01 7.929585747389144501e+01
3.234929567622197766e+01 7.939528382565664799e+01
3.235999149665161667e+01 7.949471017742185097e+01
3.237068731708125569e+01 7.959413652918705395e+01
3.238138313751089470e+01 7.969356288095225693e+01
3.239207895794053371e+01 7.979298923271745991e+01
3.240277477837017273e+01 7.989241558448266289e+01
3.241347059879981174e+01 7.999184193624786587e+01
3.242416641922945075e+01 8.009126828801306885e+01
3.243486223965908977e+01 8.019069463977827183e+01
3.244555806008872878e+01 8.029012099154347482e+01
3.245625388051836779e+01 8.038954734330867780e+01
3.246694970094800681e+01 8.048897369507388078e+01
3.247764552137764582e+01 8.058840004683908376e+01
3.248834134180728483e+01 8.068782639860428674e+01
3.249903716223692385e+01 8.078725275036948972e+01
3.250973298266656286e+01 8.088667910213469270e+01
3.252042880309620188e+01 8.098610545389989568e+01
3.253112462352584089e+01 8.108553180566509866e+01
3.254182044395547990e+01 8.118495815743030164e+01
3.255251626438511892e+01 8.128438450919550462e+01
3.256321208481475793e+01 8.138381086096070760e+01
3.257390790524439694e+01 8.148323721272591058e+01
3.258460372567403596e+01 8.158266356449111356e+01
3.259529954610367497e+01 8.168208991625631654e+01
3.260599536653331398e+01 8.178151626802151952e+01
3.261669118696295300e+01 8.188094261978672250e+01
3.262738700739259201e+01 8.198036897155192548e+01
3.263808282782223102e+01 8.207979532331712846e+01
3.264877864825187004e+01 8.217922167508233144e+01
3.265947446868150905e+01 8.227864802684753442e+01
3.267017028911114807e+01 8.237807437861273741e+01
3.268086610954078708e+01 8.247750073037794039e+01
3.269156192997042609e+01 8.257692708214314337e+01
3.270225775040006511e+01 8.267635343390834635e+01
3.271295357082970412e+01 8.277577978567354933e+01
3.272364939125934313e+01 8.287520613743875231e+01
3.273434521168898215e+01 8.297463248920395529e+01
3.274504103211862116e+01 8.307405884096915827e+01
3.275573685254826017e+01 8.317348519273436125e+01
3.276643267297789919e+01 8.327291154449956423e+01
3.277712849340753820e+01 8.337233789626476721e+01
3.278782431383717721e+01 8.347176424802997019e+01
3.279852013426681623e+01 8.357119059979517317e+01
3.280921595469645524e+01 8.367061695156037615e+01
3.281991177512609426e+01 8.377004330332557913e+01
3.283060759555573327e+01 8.386946965509078211e+01
3.284130341598537228e+01 8.396889600685598509e+01
3.285199923641501130e+01 8.406832235862118807e+01
3.286269505684465031e+01 8.416774871038639105e+01
3.287339087727428932e+01 8.426717506215159403e+01
3.288408669770392834e+01 8.436660141391679701e+01
3.289478251813356735e+01 8.446602776568199999e+01
3.290547833856320636e+01 8.456545411744720298e+01
3.291617415899284538e+01 8.466488046921240596e+01
3.292686997942248439e+01 8.476430682097760894e+01
3.293756579985212340e+01 8.486373317274281192e+01
3.294826162028176242e+01 8.496315952450801490e+01
3.295895744071140143e+01 8.506258587627321788e+01
3.296965326114104045e+01 8.516201222803842086e+01
3.298034908157067946e+01 8.526143857980362384e+01
3.299104490200031847e+01 8.536086493156882682e+01
3.300174072242995749e+01 8.546029128333402980e+01
3.301243654285959650e+01 8.555971763509923278e+01
3.302313236328923551e+01 8.565914398686443576e+01
3.303382818371887453e+01 8.575857033862963874e+01
3.304452400414851354e+01 8.585799669039484172e+01
3.305521982457815255e+01 8.595742304216004470e+01
3.306591564500779157e+01 8.605684939392524768e+01
3.307661146543743058e+01 8.615627574569045066e+01
3.308730728586706960e+01 8.625570209745565364e+01
3.309800310629670861e+01 8.635512844922085662e+01
3.310869892672634762e+01 8.645455480098605960e+01
3.312021314568153940e+01 8.656158883279567817e+01
