1.063476772513187996e+02 2.100000000000000000e+01
1.063474719442959895e+02 2.109998727972233468e+01
1.063468560266900056e+02 2.119997287319833745e+01
1.063458295088880448e+02 2.129995509421011946e+01
1.063443924082019407e+02 2.139993225659665299e+01
1.063425447488678230e+02 2.149990267428224300e+01
1.063402865620457334e+02 2.159986466130492389e+01
1.063376178858191281e+02 2.169981653184491677e+01
1.063345387651941820e+02 2.179975660025305473e+01
1.063310492520990493e+02 2.189968318107920453e+01
1.063271494053830111e+02 2.199959458910069898e+01
1.063228392908154660e+02 2.209948913935075154e+01
1.063181189810847798e+02 2.219936514714688158e+01
1.063129885557971477e+02 2.229922092811931122e+01
1.063074481014751882e+02 2.239905479823938705e+01
1.063014977115564932e+02 2.249886507384796985e+01
1.062951374863920364e+02 2.259865007168383499e+01
1.062883675332445534e+02 2.269840810891205507e+01
1.062811879662866517e+02 2.279813750315238607e+01
1.062735989065988917e+02 2.289783657250762872e+01
1.062656004821678266e+02 2.299750363559201105e+01
1.062571928278837277e+02 2.309713701155953203e+01
1.062483760855384105e+02 2.319673502013230504e+01
1.062391504038227765e+02 2.329629598162890858e+01
1.062295159383243259e+02 2.339581821699269426e+01
1.062194728515245572e+02 2.349530004782013037e+01
1.062090213127962102e+02 2.359473979638907792e+01
1.061981614984003812e+02 2.369413578568710932e+01
1.061868935914835959e+02 2.379348633943977376e+01
1.061752177820746681e+02 2.389278978213886973e+01
1.061631342670815883e+02 2.399204443907071038e+01
1.061506432502880841e+02 2.409124863634436764e+01
1.061377449423502810e+02 2.419040070091988426e+01
1.061244395607930784e+02 2.428949896063650726e+01
1.061107273300065259e+02 2.438854174424087873e+01
1.060966084812420434e+02 2.448752738141522656e+01
1.060820832526084700e+02 2.458645420280552685e+01
1.060671518890681142e+02 2.468532054004966625e+01
1.060518146424325607e+02 2.478412472580556525e+01
1.060360717713584933e+02 2.488286509377931566e+01
1.060199235413432604e+02 2.498153997875325771e+01
1.060033702247204417e+02 2.508014771661408915e+01
1.059864121006552296e+02 2.517868664438091031e+01
1.059690494551397535e+02 2.527715510023327994e+01
1.059512825809882344e+02 2.537555142353923543e+01
1.059331117778320532e+02 2.547387395488330597e+01
1.059145373521146922e+02 2.557212103609448661e+01
1.058955596170865761e+02 2.567029101027421234e+01
1.058761788927997571e+02 2.576838222182430371e+01
1.058563955061025723e+02 2.586639301647487343e+01
1.058362097906341148e+02 2.596432174131223647e+01
1.058156220868185358e+02 2.606216674480678464e+01
1.057946327418594308e+02 2.615992637684083988e+01
1.057732421097338715e+02 2.625759898873647558e+01
1.057514505511865082e+02 2.635518293328332362e+01
1.057292584337234302e+02 2.645267656476636375e+01
1.057066661316060134e+02 2.655007823899366670e+01
1.056836740258445957e+02 2.664738631332412311e+01
1.056602825041920397e+02 2.674459914669515470e+01
1.056364919611371960e+02 2.684171509965038283e+01
1.056123027978982662e+02 2.693873253436727211e+01
1.055877154224160108e+02 2.703564981468477413e+01
1.055627302493468989e+02 2.713246530613088936e+01
1.055373477000561024e+02 2.722917737595025045e+01
1.055115682026103627e+02 2.732578439313166996e+01
1.054853921917708135e+02 2.742228472843561704e+01
1.054588201089856341e+02 2.751867675442171191e+01
1.054318524023826029e+02 2.761495884547616697e+01
1.054044895267615232e+02 2.771112937783921382e+01
1.053767319435866057e+02 2.780718672963246973e+01
1.053485801209785961e+02 2.790312928088629718e+01
1.053200345337069734e+02 2.799895541356713125e+01
1.052910956631819062e+02 2.809466351160475028e+01
1.052617639974460957e+02 2.819025196091955365e+01
1.052320400311666049e+02 2.828571914944976129e+01
1.052019242656265021e+02 2.838106346717860973e+01
1.051714172087163774e+02 2.847628330616150194e+01
1.051405193749258018e+02 2.857137706055313586e+01
1.051092312853346442e+02 2.866634312663456186e+01
1.050775534676043037e+02 2.876117990284025439e+01
1.050454864559687564e+02 2.885588578978510910e+01
1.050130307912256029e+02 2.895045919029141501e+01
1.049801870207269303e+02 2.904489850941579476e+01
1.049469556983700613e+02 2.913920215447610218e+01
1.049133373845882460e+02 2.923336853507827726e+01
1.048793326463411972e+02 2.932739606314317626e+01
1.048449420571054986e+02 2.942128315293334850e+01
1.048101661968649694e+02 2.951502822107977053e+01
1.047750056521009014e+02 2.960862968660857319e+01
1.047394610157820978e+02 2.970208597096767988e+01
1.047035328873549531e+02 2.979539549805343768e+01
1.046672218727332790e+02 2.988855669423720585e+01
1.046305285842881005e+02 2.998156798839187331e+01
1.045934536408373958e+02 3.007442781191837611e+01
1.045559976676355802e+02 3.016713459877214376e+01
1.045181612963629334e+02 3.025968678548950663e+01
1.044799451651150832e+02 3.035208281121406060e+01
1.044413499183921203e+02 3.044432111772301042e+01
1.044023762070877552e+02 3.053640014945342074e+01
1.043630246884783759e+02 3.062831835352847065e+01
1.043232960262119491e+02 3.072007417978362653e+01
1.042831908902968081e+02 3.081166608079279712e+01
1.042427099570903692e+02 3.090309251189442818e+01
1.042018539092877205e+02 3.099435193121755816e+01
1.041606234359101251e+02 3.108544279970778845e+01
1.041190192322933541e+02 3.117636358115329642e+01
1.040770420000760481e+02 3.126711274221068138e+01
1.040346924471877657e+02 3.135768875243087450e+01
1.039919712878371456e+02 3.144809008428492092e+01
1.039488792424998280e+02 3.153831521318974751e+01
1.039054170379062896e+02 3.162836261753387390e+01
1.038615854070295796e+02 3.171823077870308083e+01
1.038173850890729994e+02 3.180791818110600389e+01
1.037728168294576250e+02 3.189742331219970595e+01
1.037278813798096735e+02 3.198674466251520698e+01
1.036825794979479554e+02 3.207588072568287885e+01
1.036369119478709422e+02 3.216482999845793245e+01
1.035908794997440054e+02 3.225359098074568465e+01
1.035444829298863567e+02 3.234216217562692464e+01
1.034977230207579879e+02 3.243054208938311689e+01
1.034506005609464410e+02 3.251872923152161832e+01
1.034031163451535917e+02 3.260672211480079596e+01
1.033552711741821213e+02 3.269451925525512337e+01
1.033070658549221150e+02 3.278211917222019167e+01
1.032585012003374203e+02 3.286952038835769940e+01
1.032095780294519187e+02 3.295672142968034279e+01
1.031602971673357274e+02 3.304372082557670609e+01
1.031106594450913150e+02 3.313051710883602397e+01
1.030606656998394186e+02 3.321710881567296525e+01
1.030103167747049895e+02 3.330349448575228877e+01
1.029596135188029393e+02 3.338967266221347785e+01
1.029085567872238158e+02 3.347564189169533932e+01
1.028571474410194355e+02 3.356140072436045330e+01
1.028053863471882750e+02 3.364694771391968686e+01
1.027532743786609331e+02 3.373228141765655863e+01
1.027008124142853518e+02 3.381740039645154638e+01
1.026480013388120227e+02 3.390230321480639475e+01
1.025948420428790655e+02 3.398698844086831627e+01
1.025413354229972072e+02 3.407145464645412147e+01
1.024874823815346190e+02 3.415570040707431332e+01
1.024332838267017820e+02 3.423972430195712491e+01
1.023787406725360967e+02 3.432352491407246475e+01
1.023238538388865209e+02 3.440710083015580523e+01
1.022686242513979948e+02 3.449045064073203548e+01
1.022130528414959230e+02 3.457357294013924331e+01
1.021571405463703570e+02 3.465646632655237624e+01
1.021008883089602648e+02 3.473912940200692390e+01
1.020442970779376139e+02 3.482156077242249381e+01
1.019873678076913706e+02 3.490375904762626647e+01
1.019301014583113840e+02 3.498572284137652844e+01
1.018724989955722151e+02 3.506745077138597821e+01
1.018145613909168645e+02 3.514894145934506042e+01
1.017562896214403310e+02 3.523019353094523609e+01
1.016976846698732118e+02 3.531120561590212503e+01
1.016387475245650762e+02 3.539197634797861980e+01
1.015794791794677820e+02 3.547250436500794990e+01
1.015198806341188060e+02 3.555278830891661812e+01
1.014599528936242621e+02 3.563282682574735816e+01
1.013996969686420329e+02 3.571261856568190751e+01
1.013391138753647027e+02 3.579216218306380171e+01
1.012782046355024477e+02 3.587145633642107612e+01
1.012169702762657266e+02 3.595049968848887545e+01
1.011554118303480578e+02 3.602929090623202057e+01
1.010935303359085111e+02 3.610782866086744747e+01
1.010313268365542854e+02 3.618611162788668878e+01
1.009688023813230444e+02 3.626413848707813514e+01
1.009059580246652388e+02 3.634190792254935332e+01
1.008427948264263421e+02 3.641941862274926933e+01
1.007793138518289879e+02 3.649666928049025216e+01
1.007155161714549365e+02 3.657365859297021871e+01
1.006514028612271119e+02 3.665038526179453271e+01
1.005869750023913838e+02 3.672684799299797476e+01
1.005222336814983635e+02 3.680304549706650619e+01
1.004571799903851002e+02 3.687897648895905434e+01
1.003918150261566211e+02 3.695463968812916278e+01
1.003261398911674576e+02 3.703003381854659182e+01
1.002601556930030569e+02 3.710515760871885504e+01
1.001938635444610810e+02 3.718000979171263509e+01
1.001272645635326626e+02 3.725458910517517097e+01
1.000603598733835611e+02 3.732889429135553883e+01
9.999315060233517727e+01 3.740292409712584742e+01
9.992563788384555323e+01 3.747667727400241944e+01
9.985782285649025880e+01 3.755015257816678798e+01
9.978970666394317846e+01 3.762334877048671444e+01
9.972129045495724142e+01 3.769626461653707139e+01
9.965257538334503806e+01 3.776889888662066141e+01
9.958356260795933679e+01 3.784125035578893659e+01
9.951425329267357256e+01 3.791331780386271078e+01
9.944464860636225012e+01 3.798510001545267301e+01
9.937474972288111985e+01 3.805659577997993637e+01
9.930455782104749574e+01 3.812780389169640927e+01
9.923407408462033175e+01 3.819872314970515959e+01
9.916329970228025559e+01 3.826935235798068646e+01
9.909223586760951719e+01 3.833969032538901445e+01
9.902088377907185190e+01 3.840973586570787290e+01
9.894924463999234376e+01 3.847948779764664096e+01
9.887731965853697602e+01 3.854894494486629242e+01
9.880511004769243755e+01 3.861810613599921993e+01
9.873261702524553129e+01 3.868697020466902359e+01
9.865984181376272488e+01 3.875553598951014322e+01
9.858678564056944538e+01 3.882380233418744808e+01
9.851344973772947355e+01 3.889176808741575542e+01
9.843983534202409658e+01 3.895943210297926385e+01
9.836594369493127488e+01 3.902679323975081616e+01
9.829177604260472378e+01 3.909385036171121897e+01
9.821733363585285304e+01 3.916060233796837053e+01
9.814261773011770629e+01 3.922704804277631752e+01
9.806762958545381537e+01 3.929318635555424777e+01
9.799237046650684135e+01 3.935901616090541211e+01
9.791684164249240041e+01 3.942453634863592526e+01
9.784104438717452012e+01 3.948974581377346027e+01
9.776497997884426638e+01 3.955464345658590730e+01
9.768864970029807182e+01 3.961922818259994017e+01
9.761205483881623479e+01 3.968349890261943358e+01
9.753519668614109150e+01 3.974745453274384488e+01
9.745807653845530183e+01 3.981109399438651053e+01
9.738069569635997880e+01 3.987441621429283600e+01
9.730305546485273283e+01 3.993742012455835777e+01
9.722515715330564490e+01 4.000010466264679110e+01
9.714700207544328237e+01 4.006246877140794993e+01
9.706859154932043054e+01 4.012451139909555309e+01
9.698992689729989536e+01 4.018623149938495942e+01
9.691100944603026335e+01 4.024762803139086031e+01
9.683184052642343431e+01 4.030869995968475195e+01
9.675242147363226763e+01 4.036944625431248568e+01
9.667275362702798702e+01 4.042986589081158399e+01
9.659283833017764209e+01 4.048995785022852800e+01
9.651267693082144206e+01 4.054972111913593835e+01
9.643227078084997572e+01 4.060915468964969222e+01
9.635162123628151676e+01 4.066825755944587684e+01
9.627072965723904474e+01 4.072702873177775018e+01
9.618959740792737989e+01 4.078546721549247422e+01
9.610822585661014728e+01 4.084357202504789797e+01
9.602661637558669838e+01 4.090134218052916992e+01
9.594477034116900427e+01 4.095877670766522982e+01
9.586268913365836397e+01 4.101587463784525767e+01
9.578037413732224081e+01 4.107263500813500201e+01
9.569782674037081449e+01 4.112905686129305138e+01
9.561504833493360422e+01 4.118513924578694230e+01
9.553204031703603505e+01 4.124088121580920330e+01
9.544880408657581938e+01 4.129628183129333507e+01
9.536534104729942385e+01 4.135134015792964135e+01
9.528165260677829451e+01 4.140605526718101004e+01
9.519774017638525265e+01 4.146042623629853097e+01
9.511360517127057790e+01 4.151445214833709230e+01
9.502924901033817662e+01 4.156813209217084193e+01
9.494467311622170769e+01 4.162146516250854233e+01
9.485987891526050930e+01 4.167445045990884012e+01
9.477486783747558263e+01 4.172708709079542899e+01
9.468964131654547600e+01 4.177937416747214172e+01
9.460420078978211222e+01 4.183131080813789282e+01
9.451854769810650225e+01 4.188289613690157864e+01
9.443268348602454410e+01 4.193412928379681404e+01
9.434660960160253751e+01 4.198500938479663347e+01
9.426032749644284081e+01 4.203553558182805716e+01
9.417383862565939978e+01 4.208570702278655062e+01
9.408714444785316289e+01 4.213552286155038473e+01
9.400024642508748229e+01 4.218498225799497447e+01
9.391314602286350066e+01 4.223408437800692639e+01
9.382584471009542426e+01 4.228282839349823519e+01
9.373834395908571082e+01 4.233121348242013937e+01
9.365064524550025737e+01 4.237923882877706205e+01
9.356275004834354547e+01 4.242690362264034576e+01
9.347465984993367272e+01 4.247420706016188774e+01
9.338637613587734165e+01 4.252114834358774687e+01
9.329790039504483445e+01 4.256772668127153736e+01
9.320923411954490234e+01 4.261394128768783673e+01
9.312037880469952711e+01 4.265979138344540900e+01
9.303133594901885317e+01 4.270527619530032126e+01
9.294210705417577856e+01 4.275039495616903196e+01
9.285269362498065959e+01 4.279514690514130848e+01
9.276309716935600136e+01 4.283953128749304540e+01
9.267331919831094922e+01 4.288354735469899737e+01
9.258336122591583717e+01 4.292719436444544101e+01
9.249322476927665093e+01 4.297047158064263783e+01
9.240291134850946264e+01 4.301337827343726872e+01
9.231242248671473760e+01 4.305591371922476185e+01
9.222175970995171213e+01 4.309807720066147851e+01
9.213092454721262925e+01 4.313986800667680654e+01
9.203991853039696025e+01 4.318128543248516138e+01
9.194874319428552667e+01 4.322232877959787345e+01
9.185740007651469341e+01 4.326299735583496897e+01
9.176589071755040550e+01 4.330329047533680864e+01
9.167421666066215380e+01 4.334320745857571922e+01
9.158237945189702600e+01 4.338274763236739773e+01
9.149038064005360127e+01 4.342191032988229438e+01
9.139822177665581648e+01 4.346069489065685332e+01
9.130590441592684670e+01 4.349910066060463976e+01
9.121343011476281504e+01 4.353712699202736047e+01
9.112080043270663054e+01 4.357477324362584170e+01
9.102801693192161281e+01 4.361203878051077965e+01
9.093508117716518768e+01 4.364892297421347678e+01
9.084199473576245509e+01 4.368542520269645735e+01
9.074875917757984212e+01 4.372154485036391947e+01
9.065537607499851447e+01 4.375728130807215166e+01
9.056184700288795852e+01 4.379263397313977180e+01
9.046817353857935018e+01 4.382760224935793048e+01
9.037435726183899476e+01 4.386218554700033678e+01
9.028039975484168167e+01 4.389638328283322011e+01
9.018630260214398220e+01 4.393019488012514273e+01
9.009206739065753311e+01 4.396361976865676269e+01
8.999769570962229182e+01 4.399665738473041188e+01
8.990318915057973470e+01 4.402930717117962445e+01
8.980854930734594177e+01 4.406156857737855148e+01
8.971377777598486603e+01 4.409344105925119095e+01
8.961887615478126179e+01 4.412492407928061056e+01
8.952384604421381198e+01 4.415601710651800715e+01
8.942868904692815590e+01 4.418671961659165959e+01
8.933340676770977495e+01 4.421703109171573942e+01
8.923800081345703461e+01 4.424695102069907904e+01
8.914247279315397066e+01 4.427647889895381184e+01
8.904682431784328855e+01 4.430561422850380637e+01
8.895105700059906439e+01 4.433435651799315025e+01
8.885517245649960216e+01 4.436270528269437818e+01
8.875917230260021995e+01 4.439066004451666458e+01
8.866305815790593670e+01 4.441822033201391662e+01
8.856683164334415892e+01 4.444538568039264703e+01
8.847049438173738167e+01 4.447215563151990381e+01
8.837404799777584685e+01 4.449852973393093691e+01
8.827749411799001678e+01 4.452450754283683665e+01
8.818083437072331776e+01 4.455008862013202986e+01
8.808407038610451423e+01 4.457527253440164827e+01
8.798720379602036701e+01 4.460005886092883998e+01
8.789023623408795061e+01 4.462444718170192459e+01
8.779316933562726888e+01 4.464843708542140632e+01
8.769600473763355808e+01 4.467202816750695149e+01
8.759874407874973201e+01 4.469522003010420264e+01
8.750138899923872771e+01 4.471801228209146473e+01
8.740394114095583689e+01 4.474040453908634163e+01
8.730640214732105164e+01 4.476239642345218783e+01
8.720877366329132485e+01 4.478398756430446070e+01
8.711105733533281636e+01 4.480517759751704432e+01
8.701325481139313922e+01 4.482596616572831039e+01
8.691536774087356321e+01 4.484635291834720050e+01
8.681739777460124685e+01 4.486633751155910943e+01
8.671934656480129888e+01 4.488591960833170447e+01
8.662121576506898180e+01 4.490509887842057424e+01
8.652300703034181595e+01 4.492387499837484910e+01
8.642472201687169786e+01 4.494224765154260837e+01
8.632636238219687641e+01 4.496021652807625202e+01
8.622792978511408535e+01 4.497778132493770897e+01
8.612942588565056212e+01 4.499494174590356721e+01
8.603085234503599565e+01 4.501169750157003335e+01
8.593221082567455937e+01 4.502804830935784253e+01
8.583350299111687320e+01 4.504399389351704031e+01
8.573473050603190870e+01 4.505953398513157282e+01
8.563589503617899368e+01 4.507466832212389107e+01
8.553699824837958943e+01 4.508939664925932078e+01
8.543804181048935220e+01 4.510371871815039668e+01
8.533902739136985360e+01 4.511763428726102632e+01
8.523995666086048573e+01 4.513114312191058275e+01
8.514083128975038051e+01 4.514424499427786230e+01
8.504165294975008749e+01 4.515693968340491438e+01
8.494242331346349317e+01 4.516922697520078600e+01
8.484314405435956985e+01 4.518110666244508877e+01
8.474381684674416704e+01 4.519257854479157288e+01
8.464444336573174610e+01 4.520364242877141692e+01
8.454502528721715748e+01 4.521429812779655322e+01
8.444556428784738955e+01 4.522454546216279425e+01
8.434606204499326054e+01 4.523438425905285243e+01
8.424652023672113899e+01 4.524381435253926753e+01
8.414694054176466409e+01 4.525283558358720626e+01
8.404732463949639509e+01 4.526144780005714097e+01
8.394767420989953166e+01 4.526965085670741473e+01
8.384799093353957744e+01 4.527744461519667851e+01
8.374827649153593256e+01 4.528482894408625725e+01
8.364853256553365668e+01 4.529180371884231704e+01
8.354876083767500461e+01 4.529836882183803937e+01
8.344896299057110411e+01 4.530452414235551117e+01
8.334914070727359103e+01 4.531026957658767174e+01
8.324929567124617336e+01 4.531560502764001086e+01
8.314942956633633742e+01 4.532053040553224577e+01
8.304954407674681249e+01 4.532504562719979901e+01
8.294964088700729121e+01 4.532915061649524091e+01
8.284972168194596520e+01 4.533284530418951164e+01
8.274978814666110338e+01 4.533612962797316470e+01
8.264984196649265868e+01 4.533900353245735459e+01
8.254988482699384633e+01 4.534146696917481734e+01
8.244991841390269371e+01 4.534351989658064497e+01
8.234994441311360447e+01 4.534516228005303162e+01
8.224996451064897940e+01 4.534639409189382775e+01
8.214998039263075214e+01 4.534721531132899486e+01
8.204999374525189637e+01 4.534762592450898921e+01
8.195000625474810363e+01 4.534762592450898921e+01
8.185001960736926208e+01 4.534721531132899486e+01
8.175003548935102060e+01 4.534639409189382775e+01
8.165005558688639553e+01 4.534516228005303162e+01
8.155008158609732050e+01 4.534351989658064497e+01
8.145011517300615367e+01 4.534146696917481734e+01
8.135015803350734132e+01 4.533900353245735459e+01
8.125021185333891083e+01 4.533612962797316470e+01
8.115027831805404901e+01 4.533284530418951164e+01
8.105035911299270879e+01 4.532915061649524091e+01
8.095045592325320172e+01 4.532504562719979901e+01
8.085057043366367679e+01 4.532053040553224577e+01
8.075070432875382664e+01 4.531560502764001086e+01
8.065085929272642318e+01 4.531026957658767174e+01
8.055103700942889589e+01 4.530452414235551117e+01
8.045123916232499539e+01 4.529836882183803937e+01
8.035146743446634332e+01 4.529180371884231704e+01
8.025172350846406744e+01 4.528482894408625725e+01
8.015200906646042256e+01 4.527744461519667851e+01
8.005232579010046834e+01 4.526965085670741473e+01
7.995267536050360491e+01 4.526144780005714097e+01
7.985305945823533591e+01 4.525283558358721336e+01
7.975347976327886101e+01 4.524381435253927464e+01
7.965393795500673946e+01 4.523438425905285243e+01
7.955443571215261045e+01 4.522454546216279425e+01
7.945497471278284252e+01 4.521429812779656032e+01
7.935555663426825390e+01 4.520364242877141692e+01
7.925618315325583296e+01 4.519257854479157288e+01
7.915685594564043015e+01 4.518110666244508877e+01
7.905757668653650683e+01 4.516922697520078600e+01
7.895834705024991251e+01 4.515693968340491438e+01
7.885916871024963370e+01 4.514424499427786230e+01
7.876004333913951427e+01 4.513114312191058275e+01
7.866097260863016061e+01 4.511763428726102632e+01
7.856195818951066201e+01 4.510371871815039668e+01
7.846300175162041057e+01 4.508939664925932789e+01
7.836410496382102053e+01 4.507466832212389107e+01
7.826526949396809130e+01 4.505953398513157282e+01
7.816649700888312680e+01 4.504399389351704031e+01
7.806778917432544063e+01 4.502804830935784253e+01
7.796914765496400435e+01 4.501169750157003335e+01
7.787057411434943788e+01 4.499494174590356721e+01
7.777207021488591465e+01 4.497778132493770897e+01
7.767363761780312359e+01 4.496021652807625202e+01
7.757527798312830214e+01 4.494224765154260837e+01
7.747699296965818405e+01 4.492387499837484910e+01
7.737878423493101820e+01 4.490509887842057424e+01
7.728065343519871533e+01 4.488591960833170447e+01
7.718260222539875315e+01 4.486633751155910943e+01
7.708463225912643679e+01 4.484635291834720050e+01
7.698674518860686078e+01 4.482596616572831039e+01
7.688894266466718364e+01 4.480517759751704432e+01
7.679122633670867515e+01 4.478398756430446781e+01
7.669359785267894836e+01 4.476239642345218783e+01
7.659605885904416311e+01 4.474040453908634163e+01
7.649861100076128650e+01 4.471801228209147183e+01
7.640125592125026799e+01 4.469522003010420974e+01
7.630399526236644192e+01 4.467202816750695149e+01
7.620683066437274533e+01 4.464843708542140632e+01
7.610976376591204939e+01 4.462444718170192459e+01
7.601279620397963299e+01 4.460005886092883998e+01
7.591592961389547156e+01 4.457527253440164827e+01
7.581916562927668224e+01 4.455008862013202986e+01
7.572250588200996901e+01 4.452450754283683665e+01
7.562595200222415315e+01 4.449852973393093691e+01
7.552950561826261833e+01 4.447215563151990381e+01
7.543316835665584108e+01 4.444538568039264703e+01
7.533694184209406330e+01 4.441822033201391662e+01
7.524082769739978005e+01 4.439066004451666458e+01
7.514482754350039784e+01 4.436270528269437818e+01
7.504894299940093561e+01 4.433435651799315025e+01
7.495317568215671145e+01 4.430561422850380637e+01
7.485752720684602934e+01 4.427647889895381184e+01
7.476199918654297960e+01 4.424695102069907904e+01
7.466659323229022505e+01 4.421703109171573942e+01
7.457131095307185831e+01 4.418671961659165959e+01
7.447615395578618802e+01 4.415601710651801426e+01
7.438112384521875242e+01 4.412492407928061056e+01
7.428622222401514819e+01 4.409344105925119095e+01
7.419145069265405823e+01 4.406156857737855148e+01
7.409681084942027951e+01 4.402930717117963155e+01
7.400230429037770818e+01 4.399665738473041188e+01
7.390793260934248110e+01 4.396361976865676979e+01
7.381369739785603201e+01 4.393019488012514273e+01
7.371960024515831833e+01 4.389638328283322011e+01
7.362564273816100524e+01 4.386218554700033678e+01
7.353182646142064982e+01 4.382760224935793048e+01
7.343815299711204148e+01 4.379263397313977180e+01
7.334462392500148553e+01 4.375728130807214455e+01
7.325124082242015788e+01 4.372154485036392657e+01
7.315800526423754491e+01 4.368542520269645735e+01
7.306491882283482653e+01 4.364892297421347678e+01
7.297198306807838719e+01 4.361203878051077965e+01
7.287919956729336946e+01 4.357477324362584170e+01
7.278656988523718496e+01 4.353712699202736758e+01
7.269409558407316752e+01 4.349910066060463976e+01
7.260177822334418352e+01 4.346069489065685332e+01
7.250961935994639873e+01 4.342191032988229438e+01
7.241762054810297400e+01 4.338274763236739773e+01
7.232578333933784620e+01 4.334320745857571922e+01
7.223410928244959450e+01 4.330329047533680864e+01
7.214259992348530659e+01 4.326299735583496897e+01
7.205125680571447333e+01 4.322232877959787345e+01
7.196008146960305396e+01 4.318128543248516849e+01
7.186907545278738496e+01 4.313986800667680654e+01
7.177824029004830209e+01 4.309807720066147851e+01
7.168757751328527661e+01 4.305591371922476185e+01
7.159708865149055157e+01 4.301337827343726872e+01
7.150677523072333486e+01 4.297047158064262362e+01
7.141663877408416283e+01 4.292719436444544101e+01
7.132668080168905078e+01 4.288354735469899737e+01
7.123690283064398443e+01 4.283953128749303119e+01
7.114730637501934041e+01 4.279514690514130848e+01
7.105789294582422144e+01 4.275039495616903196e+01
7.096866405098114683e+01 4.270527619530032837e+01
7.087962119530047289e+01 4.265979138344540900e+01
7.079076588045511187e+01 4.261394128768784384e+01
7.070209960495516555e+01 4.256772668127154446e+01
7.061362386412265835e+01 4.252114834358775397e+01
7.052534015006632728e+01 4.247420706016188774e+01
7.043724995165646874e+01 4.242690362264035286e+01
7.034935475449975684e+01 4.237923882877706916e+01
7.026165604091428918e+01 4.233121348242013937e+01
7.017415528990457574e+01 4.228282839349823519e+01
7.008685397713649934e+01 4.223408437800693349e+01
6.999975357491251771e+01 4.218498225799497447e+01
6.991285555214685132e+01 4.213552286155039894e+01
6.982616137434061443e+01 4.208570702278655062e+01
6.973967250355715919e+01 4.203553558182805716e+01
6.965339039839747670e+01 4.198500938479664057e+01
6.956731651397547012e+01 4.193412928379682114e+01
6.948145230189349775e+01 4.188289613690157864e+01
6.939579921021788778e+01 4.183131080813789282e+01
6.931035868345452400e+01 4.177937416747214172e+01
6.922513216252441737e+01 4.172708709079542899e+01
6.914012108473949070e+01 4.167445045990884012e+01
6.905532688377829231e+01 4.162146516250854233e+01
6.897075098966182338e+01 4.156813209217084193e+01
6.888639482872943631e+01 4.151445214833709230e+01
6.880225982361474735e+01 4.146042623629853097e+01
6.871834739322170549e+01 4.140605526718101714e+01
6.863465895270059036e+01 4.135134015792964846e+01
6.855119591342418062e+01 4.129628183129333507e+01
6.846795968296396495e+01 4.124088121580921040e+01
6.838495166506639578e+01 4.118513924578694230e+01
6.830217325962918551e+01 4.112905686129305138e+01
6.821962586267775919e+01 4.107263500813500912e+01
6.813731086634163603e+01 4.101587463784525767e+01
6.805522965883099573e+01 4.095877670766522982e+01
6.797338362441330162e+01 4.090134218052917703e+01
6.789177414338985272e+01 4.084357202504790507e+01
6.781040259207262011e+01 4.078546721549247422e+01
6.772927034276096947e+01 4.072702873177775018e+01
6.764837876371848324e+01 4.066825755944589105e+01
6.756772921915002428e+01 4.060915468964969932e+01
6.748732306917855794e+01 4.054972111913593835e+01
6.740716166982234370e+01 4.048995785022852090e+01
6.732724637297201298e+01 4.042986589081158399e+01
6.724757852636773237e+01 4.036944625431248568e+01
6.716815947357656569e+01 4.030869995968474484e+01
6.708899055396975086e+01 4.024762803139086031e+01
6.701007310270010464e+01 4.018623149938495942e+01
6.693140845067956946e+01 4.012451139909555309e+01
6.685299792455671763e+01 4.006246877140794993e+01
6.677484284669435510e+01 4.000010466264679110e+01
6.669694453514726717e+01 3.993742012455835777e+01
6.661930430364002120e+01 3.987441621429283600e+01
6.654192346154469817e+01 3.981109399438651053e+01
6.646480331385890850e+01 3.974745453274384488e+01
6.638794516118377942e+01 3.968349890261943358e+01
6.631135029970192818e+01 3.961922818259994017e+01
6.623502002115573362e+01 3.955464345658590730e+01
6.615895561282547988e+01 3.948974581377346027e+01
6.608315835750759959e+01 3.942453634863592526e+01
6.600762953349315865e+01 3.935901616090541211e+01
6.593237041454619884e+01 3.929318635555425487e+01
6.585738226988229371e+01 3.922704804277631752e+01
6.578266636414714696e+01 3.916060233796837053e+01
6.570822395739529043e+01 3.909385036171123318e+01
6.563405630506872512e+01 3.902679323975081616e+01
6.556016465797590342e+01 3.895943210297926385e+01
6.548655026227052645e+01 3.889176808741575542e+01
6.541321435943055462e+01 3.882380233418744098e+01
6.534015818623728933e+01 3.875553598951014322e+01
6.526738297475446871e+01 3.868697020466902359e+01
6.519488995230756245e+01 3.861810613599921993e+01
6.512268034146302398e+01 3.854894494486629242e+01
6.505075536000767045e+01 3.847948779764664096e+01
6.497911622092814810e+01 3.840973586570787290e+01
6.490776413239049702e+01 3.833969032538902155e+01
6.483670029771974441e+01 3.826935235798068646e+01
6.476592591537966825e+01 3.819872314970515959e+01
6.469544217895250426e+01 3.812780389169641637e+01
6.462525027711889436e+01 3.805659577997994347e+01
6.455535139363774988e+01 3.798510001545267301e+01
6.448574670732642744e+01 3.791331780386271078e+01
6.441643739204067742e+01 3.784125035578894369e+01
6.434742461665496194e+01 3.776889888662066141e+01
6.427870954504275858e+01 3.769626461653707850e+01
6.421029333605682154e+01 3.762334877048672155e+01
6.414217714350974120e+01 3.755015257816678798e+01
6.407436211615446098e+01 3.747667727400242654e+01
6.400684939766483694e+01 3.740292409712585453e+01
6.393964012661643892e+01 3.732889429135553883e+01
6.387273543646733742e+01 3.725458910517517097e+01
6.380613645553891899e+01 3.718000979171263509e+01
6.373984430699695025e+01 3.710515760871885504e+01
6.367386010883254244e+01 3.703003381854659182e+01
6.360818497384337888e+01 3.695463968812915567e+01
6.354282000961489985e+01 3.687897648895905434e+01
6.347776631850163653e+01 3.680304549706650619e+01
6.341302499760861622e+01 3.672684799299797476e+01
6.334859713877288812e+01 3.665038526179453982e+01
6.328448382854506349e+01 3.657365859297021871e+01
6.322068614817101206e+01 3.649666928049025927e+01
6.315720517357365793e+01 3.641941862274927644e+01
6.309404197533476122e+01 3.634190792254936042e+01
6.303119761867695559e+01 3.626413848707813514e+01
6.296867316344571464e+01 3.618611162788668878e+01
6.290646966409148888e+01 3.610782866086745457e+01
6.284458816965194927e+01 3.602929090623202057e+01
6.278302972373427338e+01 3.595049968848888966e+01
6.272179536449755233e+01 3.587145633642107612e+01
6.266088612463529728e+01 3.579216218306380171e+01
6.260030303135797425e+01 3.571261856568190751e+01
6.254004710637574505e+01 3.563282682574736526e+01
6.248011936588119397e+01 3.555278830891662523e+01
6.242052082053221085e+01 3.547250436500794990e+01
6.236125247543492378e+01 3.539197634797861269e+01
6.230231533012678824e+01 3.531120561590212503e+01
6.224371037855966904e+01 3.523019353094523609e+01
6.218543860908313547e+01 3.514894145934506042e+01
6.212750100442778489e+01 3.506745077138597821e+01
6.206989854168861598e+01 3.498572284137652844e+01
6.201263219230862944e+01 3.490375904762626647e+01
6.195570292206238605e+01 3.482156077242249381e+01
6.189911169103973521e+01 3.473912940200692390e+01
6.184285945362964299e+01 3.465646632655237624e+01
6.178694715850407704e+01 3.457357294013924331e+01
6.173137574860199805e+01 3.449045064073203548e+01
6.167614616111347914e+01 3.440710083015579812e+01
6.162125932746390333e+01 3.432352491407246475e+01
6.156671617329821800e+01 3.423972430195712491e+01
6.151251761846538102e+01 3.415570040707431332e+01
6.145866457700280705e+01 3.407145464645412858e+01
6.140515795712093450e+01 3.398698844086831627e+01
6.135199866118797729e+01 3.390230321480639475e+01
6.129918758571465531e+01 3.381740039645155349e+01
6.124672562133907405e+01 3.373228141765655863e+01
6.119461365281172505e+01 3.364694771391969397e+01
6.114285255898057869e+01 3.356140072436046040e+01
6.109144321277618417e+01 3.347564189169533222e+01
6.104038648119707489e+01 3.338967266221348495e+01
6.098968322529501052e+01 3.330349448575228166e+01
6.093933430016058139e+01 3.321710881567295814e+01
6.088934055490868502e+01 3.313051710883603107e+01
6.083970283266427259e+01 3.304372082557670609e+01
6.079042197054808128e+01 3.295672142968034279e+01
6.074149879966257970e+01 3.286952038835769940e+01
6.069293414507788498e+01 3.278211917222019167e+01
6.064472882581787871e+01 3.269451925525512337e+01
6.059688365484640826e+01 3.260672211480080307e+01
6.054939943905355193e+01 3.251872923152161832e+01
6.050227697924201209e+01 3.243054208938310978e+01
6.045551707011364329e+01 3.234216217562692464e+01
6.040912050025599456e+01 3.225359098074568465e+01
6.036308805212905781e+01 3.216482999845793245e+01
6.031742050205204464e+01 3.207588072568289306e+01
6.027211862019031940e+01 3.198674466251520698e+01
6.022718317054238923e+01 3.189742331219972016e+01
6.018261491092700055e+01 3.180791818110600744e+01
6.013841459297042036e+01 3.171823077870308083e+01
6.009458296209371753e+01 3.162836261753388811e+01
6.005112075750017198e+01 3.153831521318975462e+01
6.000802871216284728e+01 3.144809008428492803e+01
5.996530755281223435e+01 3.135768875243087450e+01
5.992295799992395189e+01 3.126711274221067782e+01
5.988098076770663880e+01 3.117636358115328932e+01
5.983937656408987493e+01 3.108544279970779201e+01
5.979814609071227949e+01 3.099435193121755461e+01
5.975729004290963076e+01 3.090309251189442818e+01
5.971680910970319189e+01 3.081166608079280067e+01
5.967670397378805092e+01 3.072007417978362298e+01
5.963697531152162412e+01 3.062831835352846710e+01
5.959762379291225187e+01 3.053640014945342784e+01
5.955865008160788676e+01 3.044432111772301397e+01
5.952005483488491677e+01 3.035208281121406060e+01
5.948183870363706660e+01 3.025968678548950663e+01
5.944400233236442688e+01 3.016713459877214376e+01
5.940654635916260418e+01 3.007442781191838321e+01
5.936947141571189945e+01 2.998156798839188042e+01
5.933277812726673517e+01 2.988855669423720940e+01
5.929646711264504688e+01 2.979539549805345189e+01
5.926053898421790223e+01 2.970208597096768699e+01
5.922499434789909856e+01 2.960862968660857675e+01
5.918983380313502352e+01 2.951502822107978119e+01
5.915505794289450137e+01 2.942128315293335561e+01
5.912066735365880277e+01 2.932739606314318337e+01
5.908666261541175402e+01 2.923336853507829147e+01
5.905304430162993867e+01 2.913920215447610218e+01
5.901981297927307679e+01 2.904489850941578766e+01
5.898696920877440419e+01 2.895045919029141857e+01
5.895451354403125066e+01 2.885588578978510910e+01
5.892244653239569629e+01 2.876117990284025083e+01
5.889076871466535579e+01 2.866634312663456541e+01
5.885948062507419820e+01 2.857137706055313231e+01
5.882858279128362256e+01 2.847628330616150905e+01
5.879807573437349788e+01 2.838106346717861328e+01
5.876795996883339512e+01 2.828571914944976129e+01
5.873823600255391142e+01 2.819025196091956076e+01
5.870890433681810094e+01 2.809466351160475384e+01
5.867996546629302657e+01 2.799895541356713125e+01
5.865141987902140386e+01 2.790312928088630429e+01
5.862326805641339433e+01 2.780718672963247329e+01
5.859551047323846973e+01 2.771112937783921382e+01
5.856814759761739708e+01 2.761495884547617763e+01
5.854117989101436592e+01 2.751867675442171546e+01
5.851460780822918650e+01 2.742228472843562059e+01
5.848843179738964437e+01 2.732578439313168062e+01
5.846265229994389756e+01 2.722917737595025756e+01
5.843726975065310114e+01 2.713246530613088936e+01
5.841228457758398918e+01 2.703564981468478479e+01
5.838769720210173375e+01 2.693873253436728277e+01
5.836350803886280403e+01 2.684171509965038638e+01
5.833971749580796029e+01 2.674459914669515470e+01
5.831632597415540431e+01 2.664738631332411956e+01
5.829333386839398656e+01 2.655007823899367025e+01
5.827074156627657686e+01 2.645267656476636375e+01
5.824854944881349894e+01 2.635518293328332007e+01
5.822675789026612847e+01 2.625759898873647913e+01
5.820536725814056922e+01 2.615992637684084343e+01
5.818437791318146424e+01 2.606216674480678464e+01
5.816379020936589228e+01 2.596432174131224357e+01
5.814360449389742769e+01 2.586639301647487699e+01
5.812382110720024286e+01 2.576838222182430371e+01
5.810444038291343105e+01 2.567029101027421945e+01
5.808546264788530777e+01 2.557212103609449017e+01
5.806688822216794676e+01 2.547387395488330952e+01
5.804871741901176563e+01 2.537555142353924609e+01
5.803095054486025361e+01 2.527715510023328704e+01
5.801358789934477755e+01 2.517868664438091386e+01
5.799662977527957253e+01 2.508014771661409981e+01
5.798007645865673965e+01 2.498153997875326482e+01
5.796392822864150673e+01 2.488286509377931566e+01
5.794818535756743927e+01 2.478412472580557591e+01
5.793284811093189290e+01 2.468532054004967335e+01
5.791791674739152995e+01 2.458645420280553040e+01
5.790339151875796375e+01 2.448752738141522656e+01
5.788927266999347410e+01 2.438854174424087518e+01
5.787556043920692161e+01 2.428949896063651082e+01
5.786225505764971899e+01 2.419040070091988426e+01
5.784935674971190878e+01 2.409124863634436409e+01
5.783686573291841171e+01 2.399204443907071749e+01
5.782478221792532480e+01 2.389278978213886973e+01
5.781310640851640414e+01 2.379348633943977021e+01
5.780183850159961878e+01 2.369413578568711642e+01
5.779097868720378983e+01 2.359473979638908148e+01
5.778052714847543569e+01 2.349530004782013037e+01
5.777048406167567407e+01 2.339581821699270137e+01
5.776084959617723058e+01 2.329629598162890858e+01
5.775162391446158949e+01 2.319673502013230504e+01
5.774280717211627234e+01 2.309713701155953913e+01
5.773439951783217339e+01 2.299750363559201816e+01
5.772640109340110826e+01 2.289783657250762872e+01
5.771881203371334834e+01 2.279813750315239318e+01
5.771163246675544656e+01 2.269840810891206218e+01
5.770486251360795649e+01 2.259865007168383855e+01
5.769850228844350681e+01 2.249886507384798051e+01
5.769255189852481180e+01 2.239905479823939416e+01
5.768701144420284521e+01 2.229922092811931478e+01
5.768188101891522024e+01 2.219936514714689224e+01
5.767716070918453397e+01 2.209948913935074799e+01
5.767285059461698893e+01 2.199959458910070254e+01
5.766895074790095066e+01 2.189968318107920453e+01
5.766546123480581798e+01 2.179975660025305118e+01
5.766238211418087189e+01 2.169981653184492032e+01
5.765971343795426662e+01 2.159986466130492389e+01
5.765745525113218406e+01 2.149990267428224300e+01
5.765560759179805927e+01 2.139993225659666010e+01
5.765417049111195524e+01 2.129995509421011946e+01
5.765314397330999441e+01 2.119997287319833745e+01
5.765252805570401051e+01 2.109998727972234178e+01
5.765232274868120754e+01 2.100000000000000355e+01
5.765252805570401051e+01 2.090001272027766532e+01
5.765314397330999441e+01 2.080002712680166965e+01
5.765417049111195524e+01 2.070004490578988765e+01
5.765560759179805927e+01 2.060006774340334701e+01
5.765745525113218406e+01 2.050009732571776411e+01
5.765971343795426662e+01 2.040013533869507967e+01
5.766238211418087189e+01 2.030018346815508323e+01
5.766546123480581798e+01 2.020024339974695593e+01
5.766895074790095066e+01 2.010031681892080258e+01
5.767285059461698893e+01 2.000040541089930457e+01
5.767716070918453397e+01 1.990051086064925912e+01
5.768188101891522024e+01 1.980063485285312552e+01
5.768701144420284521e+01 1.970077907188069233e+01
5.769255189852481180e+01 1.960094520176062360e+01
5.769850228844350681e+01 1.950113492615203725e+01
5.770486251360795649e+01 1.940134992831616856e+01
5.771163246675543945e+01 1.930159189108795559e+01
5.771881203371334834e+01 1.920186249684762458e+01
5.772640109340110826e+01 1.910216342749237484e+01
5.773439951783217339e+01 1.900249636440799961e+01
5.774280717211627234e+01 1.890286298844047863e+01
5.775162391446158949e+01 1.880326497986769851e+01
5.776084959617722348e+01 1.870370401837110563e+01
5.777048406167567407e+01 1.860418178300730219e+01
5.778052714847543569e+01 1.850469995217986607e+01
5.779097868720378983e+01 1.840526020361091142e+01
5.780183850159961878e+01 1.830586421431289068e+01
5.781310640851640414e+01 1.820651366056022624e+01
5.782478221792532480e+01 1.810721021786112317e+01
5.783686573291841171e+01 1.800795556092928962e+01
5.784935674971190878e+01 1.790875136365562881e+01
5.786225505764971899e+01 1.780959929908010864e+01
5.787556043920692161e+01 1.771050103936349274e+01
5.788927266999347410e+01 1.761145825575911772e+01
5.790339151875796375e+01 1.751247261858476989e+01
5.791791674739152995e+01 1.741354579719447315e+01
5.793284811093188580e+01 1.731467945995033375e+01
5.794818535756743927e+01 1.721587527419443120e+01
5.796392822864150673e+01 1.711713490622068790e+01
5.798007645865673965e+01 1.701846002124674229e+01
5.799662977527956542e+01 1.691985228338590730e+01
5.801358789934477755e+01 1.682131335561909324e+01
5.803095054486024651e+01 1.672284489976672006e+01
5.804871741901176563e+01 1.662444857646076102e+01
5.806688822216794676e+01 1.652612604511669758e+01
5.808546264788530777e+01 1.642787896390551339e+01
5.810444038291343105e+01 1.632970898972578411e+01
5.812382110720024286e+01 1.623161777817570339e+01
5.814360449389742058e+01 1.613360698352513012e+01
5.816379020936589228e+01 1.603567825868776353e+01
5.818437791318146424e+01 1.593783325519322247e+01
5.820536725814056922e+01 1.584007362315916367e+01
5.822675789026612847e+01 1.574240101126352798e+01
5.824854944881349184e+01 1.564481706671668526e+01
5.827074156627656976e+01 1.554732343523363980e+01
5.829333386839398656e+01 1.544992176100633507e+01
5.831632597415540431e+01 1.535261368667588400e+01
5.833971749580796029e+01 1.525540085330484885e+01
5.836350803886280403e+01 1.515828490034962073e+01
5.838769720210173375e+01 1.506126746563273500e+01
5.841228457758398918e+01 1.496435018531523298e+01
5.843726975065309404e+01 1.486753469386912485e+01
5.846265229994389756e+01 1.477082262404975666e+01
5.848843179738963727e+01 1.467421560686833359e+01
5.851460780822918650e+01 1.457771527156439717e+01
5.854117989101436592e+01 1.448132324557830053e+01
5.856814759761739708e+01 1.438504115452384013e+01
5.859551047323846973e+01 1.428887062216080039e+01
5.862326805641339433e+01 1.419281327036754270e+01
5.865141987902140386e+01 1.409687071911371170e+01
5.867996546629301235e+01 1.400104458643288652e+01
5.870890433681810094e+01 1.390533648839524083e+01
5.873823600255390431e+01 1.380974803908044457e+01
5.876795996883339512e+01 1.371428085055023516e+01
5.879807573437349788e+01 1.361893653282138317e+01
5.882858279128362256e+01 1.352371669383849806e+01
5.885948062507419820e+01 1.342862293944686058e+01
5.889076871466535579e+01 1.333365687336543104e+01
5.892244653239570340e+01 1.323882009715974561e+01
5.895451354403125777e+01 1.314411421021488735e+01
5.898696920877440419e+01 1.304954080970857788e+01
5.901981297927307679e+01 1.295510149058420524e+01
5.905304430162993867e+01 1.286079784552389604e+01
5.908666261541175402e+01 1.276663146492171741e+01
5.912066735365880277e+01 1.267260393685682374e+01
5.915505794289450137e+01 1.257871684706665150e+01
5.918983380313502352e+01 1.248497177892022414e+01
5.922499434789909856e+01 1.239137031339142858e+01
5.926053898421789512e+01 1.229791402903231834e+01
5.929646711264504688e+01 1.220460450194655522e+01
5.933277812726672806e+01 1.211144330576279771e+01
5.936947141571189235e+01 1.201843201160812669e+01
5.940654635916259707e+01 1.192557218808162034e+01
5.944400233236442688e+01 1.183286540122786157e+01
5.948183870363706660e+01 1.174031321451049692e+01
5.952005483488490967e+01 1.164791718878594651e+01
5.955865008160787966e+01 1.155567888227699314e+01
5.959762379291224477e+01 1.146359985054657926e+01
5.963697531152162412e+01 1.137168164647153823e+01
5.967670397378805092e+01 1.127992582021638057e+01
5.971680910970319189e+01 1.118833391920720466e+01
5.975729004290963076e+01 1.109690748810557714e+01
5.979814609071227949e+01 1.100564806878245072e+01
5.983937656408987493e+01 1.091455720029221332e+01
5.988098076770663170e+01 1.082363641884671601e+01
5.992295799992395189e+01 1.073288725778932751e+01
5.996530755281223435e+01 1.064231124756912905e+01
6.000802871216284018e+01 1.055190991571508796e+01
6.005112075750015777e+01 1.046168478681025782e+01
6.009458296209371042e+01 1.037163738246612965e+01
6.013841459297041325e+01 1.028176922129693160e+01
6.018261491092699345e+01 1.019208181889400855e+01
6.022718317054237502e+01 1.010257668780029583e+01
6.027211862019031230e+01 1.001325533748480723e+01
6.031742050205203753e+01 9.924119274317126482e+00
6.036308805212905071e+01 9.835170001542074658e+00
6.040912050025598035e+01 9.746409019254329564e+00
6.045551707011364329e+01 9.657837824373087798e+00
6.050227697924201209e+01 9.569457910616891994e+00
6.054939943905355904e+01 9.481270768478378130e+00
6.059688365484641537e+01 9.393277885199195154e+00
6.064472882581787871e+01 9.305480744744874855e+00
6.069293414507788498e+01 9.217880827779801223e+00
6.074149879966257970e+01 9.130479611642293492e+00
6.079042197054808128e+01 9.043278570319653653e+00
6.083970283266427259e+01 8.956279174423290357e+00
6.088934055490868502e+01 8.869482891163967153e+00
6.093933430016058139e+01 8.782891184327034750e+00
6.098968322529501762e+01 8.696505514247709456e+00
6.104038648119707489e+01 8.610327337786513269e+00
6.109144321277618417e+01 8.524358108304664228e+00
6.114285255898057869e+01 8.438599275639543151e+00
6.119461365281172505e+01 8.353052286080311362e+00
6.124672562133906695e+01 8.267718582343443146e+00
6.129918758571464821e+01 8.182599603548453615e+00
6.135199866118797729e+01 8.097696785193607028e+00
6.140515795712093450e+01 8.013011559131685502e+00
6.145866457700279994e+01 7.928545353545880303e+00
6.151251761846538102e+01 7.844299592925690234e+00
6.156671617329821800e+01 7.760275698042876868e+00
6.162125932746390333e+01 7.676475085927537023e+00
6.167614616111347914e+01 7.592899169844205431e+00
6.173137574860199805e+01 7.509549359267968072e+00
6.178694715850407704e+01 7.426427059860758462e+00
6.184285945362964299e+01 7.343533673447630861e+00
6.189911169103973521e+01 7.260870597993074327e+00
6.195570292206238605e+01 7.178439227577511517e+00
6.201263219230862944e+01 7.096240952373740640e+00
6.206989854168861598e+01 7.014277158623478670e+00
6.212750100442778489e+01 6.932549228614027115e+00
6.218543860908313547e+01 6.851058540654946682e+00
6.224371037855966904e+01 6.769806469054765685e+00
6.230231533012678824e+01 6.688794384097876744e+00
6.236125247543492378e+01 6.608023652021389083e+00
6.242052082053221085e+01 6.527495634992058982e+00
6.248011936588119397e+01 6.447211691083381879e+00
6.254004710637573794e+01 6.367173174252650725e+00
6.260030303135796714e+01 6.287381434318101370e+00
6.266088612463528307e+01 6.207837816936201847e+00
6.272179536449754522e+01 6.128543663578930989e+00
6.278302972373426627e+01 6.049500311511126327e+00
6.284458816965194217e+01 5.970709093767986531e+00
6.290646966409147467e+01 5.892171339132561414e+00
6.296867316344570753e+01 5.813888372113320102e+00
6.303119761867695559e+01 5.735861512921871963e+00
6.309404197533475411e+01 5.658092077450653790e+00
6.315720517357364372e+01 5.580581377250737773e+00
6.322068614817101206e+01 5.503330719509737179e+00
6.328448382854506349e+01 5.426341407029774189e+00
6.334859713877288812e+01 5.349614738205465514e+00
6.341302499760861622e+01 5.273152007002023467e+00
6.347776631850163653e+01 5.196954502933490261e+00
6.354282000961489274e+01 5.121023511040949217e+00
6.360818497384337888e+01 5.045360311870840775e+00
6.367386010883254244e+01 4.969966181453404630e+00
6.373984430699694315e+01 4.894842391281144955e+00
6.380613645553891899e+01 4.819990208287361355e+00
6.387273543646733742e+01 4.745410894824821924e+00
6.393964012661643892e+01 4.671105708644464727e+00
6.400684939766482273e+01 4.597075902874149023e+00
6.407436211615444677e+01 4.523322725997573457e+00
6.414217714350974120e+01 4.449847421833212024e+00
6.421029333605682154e+01 4.376651229513282004e+00
6.427870954504275858e+01 4.303735383462925057e+00
6.434742461665496194e+01 4.231101113379349243e+00
6.441643739204066321e+01 4.158749644211063412e+00
6.448574670732642744e+01 4.086682196137289225e+00
6.455535139363774988e+01 4.014899984547330547e+00
6.462525027711888015e+01 3.943404220020067186e+00
6.469544217895250426e+01 3.872196108303590734e+00
6.476592591537965404e+01 3.801276850294836862e+00
6.483670029771974441e+01 3.730647642019317090e+00
6.490776413239048281e+01 3.660309674610985553e+00
6.497911622092813388e+01 3.590264134292130649e+00
6.505075536000765624e+01 3.520512202353362596e+00
6.512268034146302398e+01 3.451055055133711136e+00
6.519488995230756245e+01 3.381893864000783623e+00
6.526738297475446871e+01 3.313029795330976413e+00
6.534015818623727512e+01 3.244464010489860328e+00
6.541321435943054041e+01 3.176197665812562576e+00
6.548655026227052645e+01 3.108231912584244583e+00
6.556016465797590342e+01 3.040567897020739707e+00
6.563405630506871091e+01 2.973206760249190950e+00
6.570822395739527622e+01 2.906149638288781034e+00
6.578266636414714696e+01 2.839397662031629466e+00
6.585738226988227950e+01 2.772951957223693142e+00
6.593237041454618463e+01 2.706813644445759337e+00
6.600762953349314444e+01 2.640983839094587893e+00
6.608315835750758538e+01 2.575463651364081841e+00
6.615895561282545145e+01 2.510254186226553941e+00
6.623502002115573362e+01 2.445356543414096251e+00
6.631135029970191397e+01 2.380771817400070489e+00
6.638794516118375100e+01 2.316501097380587737e+00
6.646480331385890850e+01 2.252545467256165779e+00
6.654192346154468396e+01 2.188906005613500128e+00
6.661930430364002120e+01 2.125583785707167550e+00
6.669694453514728139e+01 2.062579875441635124e+00
6.677484284669435510e+01 1.999895337353201796e+00
6.685299792455671763e+01 1.937531228592050070e+00
6.693140845067958367e+01 1.875488600904439807e+00
6.701007310270010464e+01 1.813768500615033474e+00
6.708899055396973665e+01 1.752371968609146791e+00
6.716815947357656569e+01 1.691300040315240949e+00
6.724757852636773237e+01 1.630553745687510769e+00
6.732724637297199877e+01 1.570134109188416005e+00
6.740716166982235791e+01 1.510042149771464892e+00
6.748732306917855794e+01 1.450278880864054543e+00
6.756772921915002428e+01 1.390845310350307784e+00
6.764837876371848324e+01 1.331742440554123164e+00
6.772927034276095526e+01 1.272971268222253372e+00
6.781040259207262011e+01 1.214532784507532881e+00
6.789177414338985272e+01 1.156427974952105586e+00
6.797338362441330162e+01 1.098657819470826524e+00
6.805522965883099573e+01 1.041223292334773731e+00
6.813731086634162182e+01 9.841253621547529917e-01
6.821962586267775919e+01 9.273649918649944368e-01
6.830217325962918551e+01 8.709431387069486163e-01
6.838495166506638157e+01 8.148607542130648085e-01
6.846795968296396495e+01 7.591187841907967027e-01
6.855119591342416641e+01 7.037181687066684788e-01
6.863465895270056194e+01 6.486598420703622025e-01
6.871834739322170549e+01 5.939447328189899622e-01
6.880225982361474735e+01 5.395737637014761390e-01
6.888639482872942210e+01 4.855478516629148089e-01
6.897075098966182338e+01 4.318679078291545181e-01
6.905532688377827810e+01 3.785348374914612180e-01
6.914012108473947649e+01 3.255495400911705417e-01
6.922513216252441737e+01 2.729129092045710081e-01
6.931035868345450979e+01 2.206258325278618315e-01
6.939579921021787356e+01 1.686891918621142850e-01
6.948145230189348354e+01 1.171038630984249096e-01
6.956731651397545590e+01 6.587071620318951659e-02
6.965339039839746249e+01 1.499061520337008346e-02
6.973967250355715919e+01 -3.553558182805716115e-02
6.982616137434058601e+01 -8.570702278654351858e-02
6.991285555214683711e+01 -1.355228615503847323e-01
6.999975357491251771e+01 -1.849822579949709223e-01
7.008685397713648513e+01 -2.340843780069263858e-01
7.017415528990454732e+01 -2.828283934982245285e-01
7.026165604091428918e+01 -3.312134824201358185e-01
7.034935475449972841e+01 -3.792388287770585009e-01
7.043724995165644032e+01 -4.269036226403351009e-01
7.052534015006632728e+01 -4.742070601618877390e-01
7.061362386412267256e+01 -5.211483435877504178e-01
7.070209960495516555e+01 -5.677266812715409117e-01
7.079076588045509766e+01 -6.139412876878402869e-01
7.087962119530047289e+01 -6.597913834454125492e-01
7.096866405098114683e+01 -7.052761953003212625e-01
7.105789294582422144e+01 -7.503949561690319570e-01
7.114730637501934041e+01 -7.951469051413120326e-01
7.123690283064399864e+01 -8.395312874930382918e-01
7.132668080168903657e+01 -8.835473546989938143e-01
7.141663877408416283e+01 -9.271943644454410105e-01
7.150677523072334907e+01 -9.704715806426307267e-01
7.159708865149053736e+01 -1.013378273437261612e+00
7.168757751328527661e+01 -1.055913719224761849e+00
7.177824029004828787e+01 -1.098077200661478514e+00
7.186907545278737075e+01 -1.139868006676802992e+00
7.196008146960305396e+01 -1.181285432485168485e+00
7.205125680571447333e+01 -1.222328779597877002e+00
7.214259992348529238e+01 -1.262997355834958313e+00
7.223410928244959450e+01 -1.303290475336805088e+00
7.232578333933784620e+01 -1.343207458575712110e+00
7.241762054810295979e+01 -1.382747632367390622e+00
7.250961935994639873e+01 -1.421910329882297930e+00
7.260177822334418352e+01 -1.460694890656853318e+00
7.269409558407315330e+01 -1.499100660604629098e+00
7.278656988523718496e+01 -1.537126992027364025e+00
7.287919956729336946e+01 -1.574773243625838148e+00
7.297198306807837298e+01 -1.612038780510772540e+00
7.306491882283482653e+01 -1.648922974213480330e+00
7.315800526423753070e+01 -1.685425202696453795e+00
7.325124082242014367e+01 -1.721544850363912360e+00
7.334462392500148553e+01 -1.757281308072144554e+00
7.343815299711204148e+01 -1.792633973139768244e+00
7.353182646142064982e+01 -1.827602249357923370e+00
7.362564273816100524e+01 -1.862185547000340335e+00
7.371960024515831833e+01 -1.896383282833216555e+00
7.381369739785600359e+01 -1.930194880125139179e+00
7.390793260934246689e+01 -1.963619768656762687e+00
7.400230429037769397e+01 -1.996657384730408324e+00
7.409681084942025109e+01 -2.029307171179624447e+00
7.419145069265404402e+01 -2.061568577378551481e+00
7.428622222401511976e+01 -2.093441059251183844e+00
7.438112384521872400e+01 -2.124924079280607003e+00
7.447615395578618802e+01 -2.156017106518010706e+00
7.457131095307184410e+01 -2.186719616591652482e+00
7.466659323229021084e+01 -2.217031091715728763e+00
7.476199918654296539e+01 -2.246951020699079038e+00
7.485752720684601513e+01 -2.276478898953804730e+00
7.495317568215671145e+01 -2.305614228503806373e+00
7.504894299940093561e+01 -2.334356517993150248e+00
7.514482754350039784e+01 -2.362705282694381737e+00
7.524082769739978005e+01 -2.390660044516668137e+00
7.533694184209406330e+01 -2.418220332013913065e+00
7.543316835665585529e+01 -2.445385680392647032e+00
7.552950561826260412e+01 -2.472155631519903807e+00
7.562595200222415315e+01 -2.498529733930936914e+00
7.572250588200998322e+01 -2.524507542836840202e+00
7.581916562927668224e+01 -2.550088620132026307e+00
7.591592961389547156e+01 -2.575272534401644720e+00
7.601279620397964720e+01 -2.600058860928843529e+00
7.610976376591204939e+01 -2.624447181701924592e+00
7.620683066437271691e+01 -2.648437085421402770e+00
7.630399526236644192e+01 -2.672028167506955043e+00
7.640125592125026799e+01 -2.695220030104202635e+00
7.649861100076127229e+01 -2.718012282091464726e+00
7.659605885904416311e+01 -2.740404539086345181e+00
7.669359785267893415e+01 -2.762396423452184280e+00
7.679122633670866094e+01 -2.783987564304457152e+00
7.688894266466718364e+01 -2.805177597517040766e+00
7.698674518860686078e+01 -2.825966165728310386e+00
7.708463225912642258e+01 -2.846352918347200500e+00
7.718260222539875315e+01 -2.866337511559112983e+00
7.728065343519870112e+01 -2.885919608331700914e+00
7.737878423493101820e+01 -2.905098878420570685e+00
7.747699296965818405e+01 -2.923874998374849099e+00
7.757527798312830214e+01 -2.942247651542608367e+00
7.767363761780312359e+01 -2.960216528076252018e+00
7.777207021488591465e+01 -2.977781324937712526e+00
7.787057411434943788e+01 -2.994941745903567210e+00
7.796914765496399014e+01 -3.011697501570029800e+00
7.806778917432544063e+01 -3.028048309357846080e+00
7.816649700888312680e+01 -3.043993893517036753e+00
7.826526949396807709e+01 -3.059533985131572820e+00
7.836410496382102053e+01 -3.074668322123891073e+00
7.846300175162039636e+01 -3.089396649259320782e+00
7.856195818951063359e+01 -3.103718718150393130e+00
7.866097260863016061e+01 -3.117634287261022763e+00
7.876004333913950006e+01 -3.131143121910579197e+00
7.885916871024960528e+01 -3.144244994277858751e+00
7.895834705024991251e+01 -3.156939683404914376e+00
7.905757668653649262e+01 -3.169226975200782448e+00
7.915685594564041594e+01 -3.181106662445088773e+00
7.925618315325583296e+01 -3.192578544791572881e+00
7.935555663426825390e+01 -3.203642428771416917e+00
7.945497471278282831e+01 -3.214298127796556770e+00
7.955443571215259624e+01 -3.224545462162794252e+00
7.965393795500673946e+01 -3.234384259052852428e+00
7.975347976327886101e+01 -3.243814352539271084e+00
7.985305945823533591e+01 -3.252835583587206258e+00
7.995267536050361912e+01 -3.261447800057144519e+00
8.005232579010046834e+01 -3.269650856707414732e+00
8.015200906646042256e+01 -3.277444615196674960e+00
8.025172350846406744e+01 -3.284828944086253699e+00
8.035146743446634332e+01 -3.291803718842320592e+00
8.045123916232499539e+01 -3.298368821838039366e+00
8.055103700942891010e+01 -3.304524142355511174e+00
8.065085929272640897e+01 -3.310269576587668183e+00
8.075070432875381243e+01 -3.315605027640010860e+00
8.085057043366367679e+01 -3.320530405532245766e+00
8.095045592325318751e+01 -3.325045627199802567e+00
8.105035911299270879e+01 -3.329150616495237358e+00
8.115027831805404901e+01 -3.332845304189511637e+00
8.125021185333889662e+01 -3.336129627973161149e+00
8.135015803350732710e+01 -3.339003532457354595e+00
8.145011517300615367e+01 -3.341466969174813784e+00
8.155008158609730629e+01 -3.343519896580648521e+00
8.165005558688638132e+01 -3.345162280053035175e+00
8.175003548935102060e+01 -3.346394091893827749e+00
8.185001960736924786e+01 -3.347215311328991305e+00
8.195000625474808942e+01 -3.347625924508989215e+00
8.204999374525189637e+01 -3.347625924508989215e+00
8.214998039263073792e+01 -3.347215311328991305e+00
8.224996451064897940e+01 -3.346394091893827749e+00
8.234994441311360447e+01 -3.345162280053035175e+00
8.244991841390267950e+01 -3.343519896580648521e+00
8.254988482699383212e+01 -3.341466969174813784e+00
8.264984196649265868e+01 -3.339003532457354595e+00
8.274978814666108917e+01 -3.336129627973161149e+00
8.284972168194595099e+01 -3.332845304189511637e+00
8.294964088700729121e+01 -3.329150616495237358e+00
8.304954407674679828e+01 -3.325045627199802567e+00
8.314942956633630899e+01 -3.320530405532245766e+00
8.324929567124617336e+01 -3.315605027640010860e+00
8.334914070727357682e+01 -3.310269576587668183e+00
8.344896299057108990e+01 -3.304524142355511174e+00
8.354876083767500461e+01 -3.298368821838039366e+00
8.364853256553364247e+01 -3.291803718842320592e+00
8.374827649153591835e+01 -3.284828944086253699e+00
8.384799093353956323e+01 -3.277444615196678512e+00
8.394767420989953166e+01 -3.269650856707414732e+00
8.404732463949638088e+01 -3.261447800057144519e+00
8.414694054176466409e+01 -3.252835583587209811e+00
8.424652023672112477e+01 -3.243814352539271084e+00
8.434606204499324633e+01 -3.234384259052855981e+00
8.444556428784738955e+01 -3.224545462162794252e+00
8.454502528721717169e+01 -3.214298127796556770e+00
8.464444336573174610e+01 -3.203642428771420470e+00
8.474381684674415283e+01 -3.192578544791572881e+00
8.484314405435958406e+01 -3.181106662445092326e+00
8.494242331346349317e+01 -3.169226975200782448e+00
8.504165294975007328e+01 -3.156939683404917929e+00
8.514083128975038051e+01 -3.144244994277862304e+00
8.523995666086048573e+01 -3.131143121910582749e+00
8.533902739136983939e+01 -3.117634287261022763e+00
8.543804181048935220e+01 -3.103718718150396683e+00
8.553699824837958943e+01 -3.089396649259324334e+00
8.563589503617897947e+01 -3.074668322123894626e+00
8.573473050603192291e+01 -3.059533985131572820e+00
8.583350299111685899e+01 -3.043993893517036753e+00
8.593221082567454516e+01 -3.028048309357846080e+00
8.603085234503599565e+01 -3.011697501570033353e+00
8.612942588565054791e+01 -2.994941745903567210e+00
8.622792978511407114e+01 -2.977781324937716079e+00
8.632636238219687641e+01 -2.960216528076252018e+00
8.642472201687168365e+01 -2.942247651542608367e+00
8.652300703034180174e+01 -2.923874998374849099e+00
8.662121576506898180e+01 -2.905098878420574238e+00
8.671934656480128467e+01 -2.885919608331700914e+00
8.681739777460123264e+01 -2.866337511559112983e+00
8.691536774087357742e+01 -2.846352918347200500e+00
8.701325481139312501e+01 -2.825966165728310386e+00
8.711105733533280215e+01 -2.805177597517044319e+00
8.720877366329132485e+01 -2.783987564304460705e+00
8.730640214732105164e+01 -2.762396423452184280e+00
8.740394114095582268e+01 -2.740404539086348734e+00
8.750138899923872771e+01 -2.718012282091468279e+00
8.759874407874973201e+01 -2.695220030104206188e+00
8.769600473763354387e+01 -2.672028167506958596e+00
8.779316933562726888e+01 -2.648437085421406323e+00
8.789023623408793640e+01 -2.624447181701928145e+00
8.798720379602033859e+01 -2.600058860928847082e+00
8.808407038610451423e+01 -2.575272534401648272e+00
8.818083437072330355e+01 -2.550088620132026307e+00
8.827749411799000256e+01 -2.524507542836843754e+00
8.837404799777584685e+01 -2.498529733930940466e+00
8.847049438173738167e+01 -2.472155631519907359e+00
8.856683164334414471e+01 -2.445385680392650585e+00
8.866305815790593670e+01 -2.418220332013913065e+00
8.875917230260021995e+01 -2.390660044516671690e+00
8.885517245649958795e+01 -2.362705282694381737e+00
8.895105700059906439e+01 -2.334356517993150248e+00
8.904682431784327434e+01 -2.305614228503809926e+00
8.914247279315398487e+01 -2.276478898953808283e+00
8.923800081345702040e+01 -2.246951020699082591e+00
8.933340676770978916e+01 -2.217031091715728763e+00
8.942868904692815590e+01 -2.186719616591656035e+00
8.952384604421381198e+01 -2.156017106518014259e+00
8.961887615478126179e+01 -2.124924079280607003e+00
8.971377777598486603e+01 -2.093441059251187397e+00
8.980854930734594177e+01 -2.061568577378555034e+00
8.990318915057973470e+01 -2.029307171179628000e+00
8.999769570962229182e+01 -1.996657384730411877e+00
9.009206739065751890e+01 -1.963619768656766240e+00
9.018630260214398220e+01 -1.930194880125142731e+00
9.028039975484168167e+01 -1.896383282833220107e+00
9.037435726183898055e+01 -1.862185547000340335e+00
9.046817353857935018e+01 -1.827602249357926922e+00
9.056184700288795852e+01 -1.792633973139768244e+00
9.065537607499851447e+01 -1.757281308072148107e+00
9.074875917757984212e+01 -1.721544850363915913e+00
9.084199473576245509e+01 -1.685425202696457347e+00
9.093508117716517347e+01 -1.648922974213483883e+00
9.102801693192161281e+01 -1.612038780510776093e+00
9.112080043270663054e+01 -1.574773243625841701e+00
9.121343011476280083e+01 -1.537126992027364025e+00
9.130590441592684670e+01 -1.499100660604632651e+00
9.139822177665581648e+01 -1.460694890656856870e+00
9.149038064005358706e+01 -1.421910329882301482e+00
9.158237945189702600e+01 -1.382747632367394175e+00
9.167421666066215380e+01 -1.343207458575715663e+00
9.176589071755039129e+01 -1.303290475336812193e+00
9.185740007651470762e+01 -1.262997355834961866e+00
9.194874319428552667e+01 -1.222328779597877002e+00
9.203991853039693183e+01 -1.181285432485168485e+00
9.213092454721262925e+01 -1.139868006676806544e+00
9.222175970995169791e+01 -1.098077200661482067e+00
9.231242248671472339e+01 -1.055913719224765401e+00
9.240291134850946264e+01 -1.013378273437265165e+00
9.249322476927665093e+01 -9.704715806426342795e-01
9.258336122591582296e+01 -9.271943644454445632e-01
9.267331919831094922e+01 -8.835473546989973670e-01
9.276309716935600136e+01 -8.395312874930453972e-01
9.285269362498064538e+01 -7.951469051413120326e-01
9.294210705417577856e+01 -7.503949561690355097e-01
9.303133594901885317e+01 -7.052761953003283679e-01
9.312037880469951290e+01 -6.597913834454196547e-01
9.320923411954488813e+01 -6.139412876878473924e-01
9.329790039504483445e+01 -5.677266812715480171e-01
9.338637613587732744e+01 -5.211483435877539705e-01
9.347465984993367272e+01 -4.742070601618948444e-01
9.356275004834355968e+01 -4.269036226403422063e-01
9.365064524550025737e+01 -3.792388287770620536e-01
9.373834395908571082e+01 -3.312134824201393712e-01
9.382584471009543847e+01 -2.828283934982280812e-01
9.391314602286351487e+01 -2.340843780069299385e-01
9.400024642508746808e+01 -1.849822579949780277e-01
9.408714444785316289e+01 -1.355228615503882850e-01
9.417383862565939978e+01 -8.570702278654707129e-02
9.426032749644282660e+01 -3.553558182806071386e-02
9.434660960160253751e+01 1.499061520337008346e-02
9.443268348602454410e+01 6.587071620318596388e-02
9.451854769810650225e+01 1.171038630984178042e-01
9.460420078978211222e+01 1.686891918621071795e-01
9.468964131654547600e+01 2.206258325278618315e-01
9.477486783747558263e+01 2.729129092045674554e-01
9.485987891526050930e+01 3.255495400911669890e-01
9.494467311622170769e+01 3.785348374914576652e-01
9.502924901033817662e+01 4.318679078291545181e-01
9.511360517127057790e+01 4.855478516629077035e-01
9.519774017638525265e+01 5.395737637014690335e-01
9.528165260677829451e+01 5.939447328189828568e-01
9.536534104729942385e+01 6.486598420703550971e-01
9.544880408657581938e+01 7.037181687066649260e-01
9.553204031703603505e+01 7.591187841907931499e-01
9.561504833493361843e+01 8.148607542130612558e-01
9.569782674037081449e+01 8.709431387069450636e-01
9.578037413732224081e+01 9.273649918649908841e-01
9.586268913365836397e+01 9.841253621547494390e-01
9.594477034116899006e+01 1.041223292334766626e+00
9.602661637558668417e+01 1.098657819470819419e+00
9.610822585661014728e+01 1.156427974952102034e+00
9.618959740792737989e+01 1.214532784507529328e+00
9.627072965723903053e+01 1.272971268222246266e+00
9.635162123628151676e+01 1.331742440554119611e+00
9.643227078084997572e+01 1.390845310350304231e+00
9.651267693082142785e+01 1.450278880864050990e+00
9.659283833017762788e+01 1.510042149771457787e+00
9.667275362702798702e+01 1.570134109188408900e+00
9.675242147363226763e+01 1.630553745687503664e+00
9.683184052642342010e+01 1.691300040315237396e+00
9.691100944603024914e+01 1.752371968609143238e+00
9.698992689729988115e+01 1.813768500615029922e+00
9.706859154932041633e+01 1.875488600904436254e+00
9.714700207544328237e+01 1.937531228592042964e+00
9.722515715330564490e+01 1.999895337353198244e+00
9.730305546485270440e+01 2.062579875441631572e+00
9.738069569635997880e+01 2.125583785707163997e+00
9.745807653845531604e+01 2.188906005613493022e+00
9.753519668614109150e+01 2.252545467256158673e+00
9.761205483881623479e+01 2.316501097380580632e+00
9.768864970029807182e+01 2.380771817400063384e+00
9.776497997884425217e+01 2.445356543414089145e+00
9.784104438717453434e+01 2.510254186226553941e+00
9.791684164249240041e+01 2.575463651364078288e+00
9.799237046650684135e+01 2.640983839094580787e+00
9.806762958545381537e+01 2.706813644445759337e+00
9.814261773011770629e+01 2.772951957223686037e+00
9.821733363585283882e+01 2.839397662031622360e+00
9.829177604260472378e+01 2.906149638288781034e+00
9.836594369493127488e+01 2.973206760249183844e+00
9.843983534202409658e+01 3.040567897020736154e+00
9.851344973772948777e+01 3.108231912584248136e+00
9.858678564056944538e+01 3.176197665812559023e+00
9.865984181376271067e+01 3.244464010489856776e+00
9.873261702524553129e+01 3.313029795330979965e+00
9.880511004769243755e+01 3.381893864000776517e+00
9.887731965853696181e+01 3.451055055133707583e+00
9.894924463999234376e+01 3.520512202353366149e+00
9.902088377907185190e+01 3.590264134292123543e+00
9.909223586760950298e+01 3.660309674610978448e+00
9.916329970228025559e+01 3.730647642019320642e+00
9.923407408462033175e+01 3.801276850294833309e+00
9.930455782104748153e+01 3.872196108303583628e+00
9.937474972288109143e+01 3.943404220020052975e+00
9.944464860636225012e+01 4.014899984547323442e+00
9.951425329267357256e+01 4.086682196137282119e+00
9.958356260795932258e+01 4.158749644211049201e+00
9.965257538334503806e+01 4.231101113379342138e+00
9.972129045495724142e+01 4.303735383462917952e+00
9.978970666394316424e+01 4.376651229513267793e+00
9.985782285649025880e+01 4.449847421833204919e+00
9.992563788384553902e+01 4.523322725997569904e+00
9.999315060233516306e+01 4.597075902874134812e+00
1.000603598733835611e+02 4.671105708644457621e+00
1.001272645635326626e+02 4.745410894824814818e+00
1.001938635444610668e+02 4.819990208287343592e+00
1.002601556930030426e+02 4.894842391281137850e+00
1.003261398911674576e+02 4.969966181453397525e+00
1.003918150261566069e+02 5.045360311870824788e+00
1.004571799903851002e+02 5.121023511040943887e+00
1.005222336814983635e+02 5.196954502933483155e+00
1.005869750023913696e+02 5.273152007002007480e+00
1.006514028612271119e+02 5.349614738205456632e+00
1.007155161714549365e+02 5.426341407029768860e+00
1.007793138518289737e+02 5.503330719509721192e+00
1.008427948264263563e+02 5.580581377250737773e+00
1.009059580246652388e+02 5.658092077450644908e+00
1.009688023813230444e+02 5.735861512921863081e+00
1.010313268365542854e+02 5.813888372113323655e+00
1.010935303359085111e+02 5.892171339132552532e+00
1.011554118303480436e+02 5.970709093767977649e+00
1.012169702762657408e+02 6.049500311511128103e+00
1.012782046355024477e+02 6.128543663578925660e+00
1.013391138753647027e+02 6.207837816936196518e+00
1.013996969686420329e+02 6.287381434318104922e+00
1.014599528936242621e+02 6.367173174252641843e+00
1.015198806341188060e+02 6.447211691083374774e+00
1.015794791794677820e+02 6.527495634992042994e+00
1.016387475245650762e+02 6.608023652021380201e+00
1.016976846698732118e+02 6.688794384097869639e+00
1.017562896214403168e+02 6.769806469054749698e+00
1.018145613909168645e+02 6.851058540654939577e+00
1.018724989955722151e+02 6.932549228614020009e+00
1.019301014583113840e+02 7.014277158623462682e+00
1.019873678076913706e+02 7.096240952373731758e+00
1.020442970779376139e+02 7.178439227577506188e+00
1.021008883089602506e+02 7.260870597993058340e+00
1.021571405463703570e+02 7.343533673447621979e+00
1.022130528414959230e+02 7.426427059860749580e+00
1.022686242513979948e+02 7.509549359267952084e+00
1.023238538388865209e+02 7.592899169844196550e+00
1.023787406725360967e+02 7.676475085927529918e+00
1.024332838267017678e+02 7.760275698042857329e+00
1.024874823815346190e+02 7.844299592925681353e+00
1.025413354229971929e+02 7.928545353545871421e+00
1.025948420428790655e+02 8.013011559131669514e+00
1.026480013388120227e+02 8.097696785193601698e+00
1.027008124142853376e+02 8.182599603548446510e+00
1.027532743786609188e+02 8.267718582343425382e+00
1.028053863471882607e+02 8.353052286080304256e+00
1.028571474410194213e+02 8.438599275639534270e+00
1.029085567872238016e+02 8.524358108304646464e+00
1.029596135188029251e+02 8.610327337786516821e+00
1.030103167747049753e+02 8.696505514247700575e+00
1.030606656998394044e+02 8.782891184327016987e+00
1.031106594450913150e+02 8.869482891163968930e+00
1.031602971673357274e+02 8.956279174423283251e+00
1.032095780294519045e+02 9.043278570319635890e+00
1.032585012003374203e+02 9.130479611642295268e+00
1.033070658549221150e+02 9.217880827779794117e+00
1.033552711741821071e+02 9.305480744744857091e+00
1.034031163451535917e+02 9.393277885199196930e+00
1.034506005609464410e+02 9.481270768478369249e+00
1.034977230207579879e+02 9.569457910616884888e+00
1.035444829298863567e+02 9.657837824373070035e+00
1.035908794997440054e+02 9.746409019254322459e+00
1.036369119478709422e+02 9.835170001542067553e+00
1.036825794979479554e+02 9.924119274317108719e+00
1.037278813798096877e+02 1.001325533748479835e+01
1.037728168294576108e+02 1.010257668780028872e+01
1.038173850890729994e+02 1.019208181889399079e+01
1.038615854070295796e+02 1.028176922129692450e+01
1.039054170379062896e+02 1.037163738246612077e+01
1.039488792424998280e+02 1.046168478681024006e+01
1.039919712878371598e+02 1.055190991571508086e+01
1.040346924471877657e+02 1.064231124756912017e+01
1.040770420000760339e+02 1.073288725778930974e+01
1.041190192322933683e+02 1.082363641884670891e+01
1.041606234359101109e+02 1.091455720029220622e+01
1.042018539092877205e+02 1.100564806878243296e+01
1.042427099570903692e+02 1.109690748810557004e+01
1.042831908902968081e+02 1.118833391920719578e+01
1.043232960262119491e+02 1.127992582021636103e+01
1.043630246884783759e+02 1.137168164647152935e+01
1.044023762070877410e+02 1.146359985054657038e+01
1.044413499183921061e+02 1.155567888227697537e+01
1.044799451651150832e+02 1.164791718878593940e+01
1.045181612963629334e+02 1.174031321451048981e+01
1.045559976676355660e+02 1.183286540122784380e+01
1.045934536408373958e+02 1.192557218808162389e+01
1.046305285842881005e+02 1.201843201160811958e+01
1.046672218727332648e+02 1.211144330576277817e+01
1.047035328873549531e+02 1.220460450194655699e+01
1.047394610157820978e+02 1.229791402903230946e+01
1.047750056521009014e+02 1.239137031339140904e+01
1.048101661968649694e+02 1.248497177892022592e+01
1.048449420571054986e+02 1.257871684706664439e+01
1.048793326463411972e+02 1.267260393685680597e+01
1.049133373845882460e+02 1.276663146492171919e+01
1.049469556983700613e+02 1.286079784552388716e+01
1.049801870207269161e+02 1.295510149058418747e+01
1.050130307912255887e+02 1.304954080970858143e+01
1.050454864559687422e+02 1.314411421021488025e+01
1.050775534676042895e+02 1.323882009715972785e+01
1.051092312853346442e+02 1.333365687336543282e+01
1.051405193749258018e+02 1.342862293944685348e+01
1.051714172087163774e+02 1.352371669383847674e+01
1.052019242656265021e+02 1.361893653282138494e+01
1.052320400311666049e+02 1.371428085055022628e+01
1.052617639974460815e+02 1.380974803908042681e+01
1.052910956631818920e+02 1.390533648839524261e+01
1.053200345337069734e+02 1.400104458643287941e+01
1.053485801209785961e+02 1.409687071911370282e+01
1.053767319435866057e+02 1.419281327036752316e+01
1.054044895267615232e+02 1.428887062216079151e+01
1.054318524023826029e+02 1.438504115452383125e+01
1.054588201089856341e+02 1.448132324557828099e+01
1.054853921917708135e+02 1.457771527156438829e+01
1.055115682026103627e+02 1.467421560686832649e+01
1.055373477000561024e+02 1.477082262404973889e+01
1.055627302493469131e+02 1.486753469386911775e+01
1.055877154224160108e+02 1.496435018531522587e+01
1.056123027978982662e+02 1.506126746563271723e+01
1.056364919611371960e+02 1.515828490034962073e+01
1.056602825041920397e+02 1.525540085330484175e+01
1.056836740258445957e+02 1.535261368667586623e+01
1.057066661316060134e+02 1.544992176100633685e+01
1.057292584337234302e+02 1.554732343523363269e+01
1.057514505511865082e+02 1.564481706671666572e+01
1.057732421097338715e+02 1.574240101126352798e+01
1.057946327418594308e+02 1.584007362315915657e+01
1.058156220868185358e+02 1.593783325519320115e+01
1.058362097906341148e+02 1.603567825868776708e+01
1.058563955061025723e+02 1.613360698352511946e+01
1.058761788927997571e+02 1.623161777817568208e+01
1.058955596170865761e+02 1.632970898972578766e+01
1.059145373521146922e+02 1.642787896390550628e+01
1.059331117778320532e+02 1.652612604511667982e+01
1.059512825809882344e+02 1.662444857646076102e+01
1.059690494551397535e+02 1.672284489976670940e+01
1.059864121006552153e+02 1.682131335561907193e+01
1.060033702247204417e+02 1.691985228338590730e+01
1.060199235413432604e+02 1.701846002124673163e+01
1.060360717713584933e+02 1.711713490622067013e+01
1.060518146424325607e+02 1.721587527419443120e+01
1.060671518890681000e+02 1.731467945995032309e+01
1.060820832526084700e+02 1.741354579719445539e+01
1.060966084812420434e+02 1.751247261858476989e+01
1.061107273300065259e+02 1.761145825575911061e+01
1.061244395607930642e+02 1.771050103936347497e+01
1.061377449423502810e+02 1.780959929908011219e+01
1.061506432502880841e+02 1.790875136365562170e+01
1.061631342670815883e+02 1.800795556092926830e+01
1.061752177820746681e+02 1.810721021786112672e+01
1.061868935914835959e+02 1.820651366056021558e+01
1.061981614984003812e+02 1.830586421431286936e+01
1.062090213127962102e+02 1.840526020361091497e+01
1.062194728515245572e+02 1.850469995217985542e+01
1.062295159383243259e+02 1.860418178300728442e+01
1.062391504038227765e+02 1.870370401837108787e+01
1.062483760855384105e+02 1.880326497986770207e+01
1.062571928278837277e+02 1.890286298844046797e+01
1.062656004821678266e+02 1.900249636440798184e+01
1.062735989065988917e+02 1.910216342749237839e+01
1.062811879662866517e+02 1.920186249684761393e+01
1.062883675332445534e+02 1.930159189108793427e+01
1.062951374863920364e+02 1.940134992831616856e+01
1.063014977115564932e+02 1.950113492615202659e+01
1.063074481014751882e+02 1.960094520176060229e+01
1.063129885557971477e+02 1.970077907188069233e+01
1.063181189810847798e+02 1.980063485285311842e+01
1.063228392908154660e+02 1.990051086064923780e+01
1.063271494053830111e+02 2.000040541089930812e+01
1.063310492520990493e+02 2.010031681892079192e+01
1.063345387651941820e+02 2.020024339974693461e+01
1.063376178858191281e+02 2.030018346815508679e+01
1.063402865620457334e+02 2.040013533869507256e+01
1.063425447488678230e+02 2.050009732571774634e+01
1.063443924082019407e+02 2.060006774340334701e+01
1.063458295088880448e+02 2.070004490578987699e+01
1.063468560266900056e+02 2.080002712680164834e+01
1.063474719442959895e+02 2.090001272027766532e+01
1.063476772513187996e+02 2.099999999999999289e+01
