1.599681696742428585e+02 5.600000000000000000e+01
1.599679610743707485e+02 5.609999735368285911e+01
1.599673352783853773e+02 5.619999296677096368e+01
1.599662922971796490e+02 5.629998509869986378e+01
1.599648321489080729e+02 5.639997200896569041e+01
1.599629548589866204e+02 5.649995195715547425e+01
1.599606604600921571e+02 5.659992320297743618e+01
1.599579489921619029e+02 5.669988400629125636e+01
1.599548205023928062e+02 5.679983262713840020e+01
1.599512750452406351e+02 5.689976732577237328e+01
1.599473126824190388e+02 5.699968636268903310e+01
1.599429334828985532e+02 5.709958799865682266e+01
1.599381375229052651e+02 5.719947049474709644e+01
1.599329248859196753e+02 5.729933211236436819e+01
1.599272956626750215e+02 5.739917111327655164e+01
1.599212499511558860e+02 5.749898575964525804e+01
1.599147878565963765e+02 5.759877431405599424e+01
1.599079094914783354e+02 5.769853503954846730e+01
1.599006149755294359e+02 5.779826619964676837e+01
1.598929044357209932e+02 5.789796605838961341e+01
1.598847780062657478e+02 5.799763288036057673e+01
1.598762358286157337e+02 5.809726493071826070e+01
1.598672780514595217e+02 5.819686047522654349e+01
1.598579048307198605e+02 5.829641778028472743e+01
1.598481163295508622e+02 5.839593511295770867e+01
1.598379127183351613e+02 5.849541074100619653e+01
1.598272941746809863e+02 5.859484293291679080e+01
1.598162608834190337e+02 5.869422995793218689e+01
1.598048130365992563e+02 5.879357008608124602e+01
1.597929508334875948e+02 5.889286158820917194e+01
1.597806744805623680e+02 5.899210273600753851e+01
1.597679841915108057e+02 5.909129180204441667e+01
1.597548801872252398e+02 5.919042705979445174e+01
1.597413626957992960e+02 5.928950678366886962e+01
1.597274319525240003e+02 5.938852924904556829e+01
1.597130881998835434e+02 5.948749273229908852e+01
1.596983316875511036e+02 5.958639551083065555e+01
1.596831626723845545e+02 5.968523586309813567e+01
1.596675814184220314e+02 5.978401206864601392e+01
1.596515881968771282e+02 5.988272240813533642e+01
1.596351832861344349e+02 5.998136516337364554e+01
1.596183669717445071e+02 6.007993861734489371e+01
1.596011395464189775e+02 6.017844105423928625e+01
1.595835013100254400e+02 6.027687075948321649e+01
1.595654525695822485e+02 6.037522601976905889e+01
1.595469936392531167e+02 6.047350512308500470e+01
1.595281248403417464e+02 6.057170635874486209e+01
1.595088465012861434e+02 6.066982801741785636e+01
1.594891589576529327e+02 6.076786839115833061e+01
1.594690625521315894e+02 6.086582577343553169e+01
1.594485576345282709e+02 6.096369845916328956e+01
1.594276445617600189e+02 6.106148474472966825e+01
1.594063236978482507e+02 6.115918292802668788e+01
1.593845954139126491e+02 6.125679130847988318e+01
1.593624600881645961e+02 6.135430818707794742e+01
1.593399181059006366e+02 6.145173186640229090e+01
1.593169698594956571e+02 6.154906065065657828e+01
1.592936157483962347e+02 6.164629284569627288e+01
1.592698561791135603e+02 6.174342675905810296e+01
1.592456915652163900e+02 6.184046069998952078e+01
1.592211223273238545e+02 6.193739297947814748e+01
1.591961488930981261e+02 6.203422191028116117e+01
1.591707716972370008e+02 6.213094580695467073e+01
1.591449911814663096e+02 6.222756298588305413e+01
1.591188077945322448e+02 6.232407176530826121e+01
1.590922219921935152e+02 6.242047046535907384e+01
1.590652342372134456e+02 6.251675740808038739e+01
1.590378449993519325e+02 6.261293091746237138e+01
1.590100547553572028e+02 6.270898931946966570e+01
1.589818639889575991e+02 6.280493094207051286e+01
1.589532731908530820e+02 6.290075411526588312e+01
1.589242828587068175e+02 6.299645717111850018e+01
1.588948934971362803e+02 6.309203844378191661e+01
1.588651056177047565e+02 6.318749626952949683e+01
1.588349197389122196e+02 6.328282898678334334e+01
1.588043363861863781e+02 6.337803493614328687e+01
1.587733560918735520e+02 6.347311246041570598e+01
1.587419793952294071e+02 6.356805990464241063e+01
1.587102068424094909e+02 6.366287561612942625e+01
1.586780389864599101e+02 6.375755794447577784e+01
1.586454763873074114e+02 6.385210524160221723e+01
1.586125196117499172e+02 6.394651586177990055e+01
1.585791692334465210e+02 6.404078816165903731e+01
1.585454258329075117e+02 6.413492050029749691e+01
1.585112899974843117e+02 6.422891123918937240e+01
1.584767623213591605e+02 6.432275874229350165e+01
1.584418434055349394e+02 6.441646137606193179e+01
1.584065338578245132e+02 6.451001750946839763e+01
1.583708342928402715e+02 6.460342551403661560e+01
1.583347453319834415e+02 6.469668376386876218e+01
1.582982676034331746e+02 6.478979063567368257e+01
1.582614017421357460e+02 6.488274450879512756e+01
1.582241483897933563e+02 6.497554376524007580e+01
1.581865081948530474e+02 6.506818678970678604e+01
1.581484818124954472e+02 6.516067196961293462e+01
1.581100699046232876e+02 6.525299769512378134e+01
1.580712731398498931e+02 6.534516235918000859e+01
1.580320921934875855e+02 6.543716435752590144e+01
1.579925277475359451e+02 6.552900208873710142e+01
1.579525804906698170e+02 6.562067395424857352e+01
1.579122511182275161e+02 6.571217835838241683e+01
1.578715403321984923e+02 6.580351370837561831e+01
1.578304488412113642e+02 6.589467841440782081e+01
1.577889773605213577e+02 6.598567088962890637e+01
1.577471266119979987e+02 6.607648955018672154e+01
1.577048973241125225e+02 6.616713281525460388e+01
1.576622902319251409e+02 6.625759910705887989e+01
1.576193060770722525e+02 6.634788685090634885e+01
1.575759456077536527e+02 6.643799447521169554e+01
1.575322095787193462e+02 6.652792041152481772e+01
1.574880987512565298e+02 6.661766309455816781e+01
1.574436138931762059e+02 6.670722096221398090e+01
1.573987557788000231e+02 6.679659245561146008e+01
1.573535251889466338e+02 6.688577601911390502e+01
1.573079229109181369e+02 6.697477010035582623e+01
1.572619497384863791e+02 6.706357315026990307e+01
1.572156064718791981e+02 6.715218362311401279e+01
1.571688939177663542e+02 6.724059997649807485e+01
1.571218128892456889e+02 6.732882067141099469e+01
1.570743642058287719e+02 6.741684417224732329e+01
1.570265486934267471e+02 6.750466894683407304e+01
1.569783671843359514e+02 6.759229346645737735e+01
1.569298205172234191e+02 6.767971620588909332e+01
1.568809095371122169e+02 6.776693564341331921e+01
1.568316350953668348e+02 6.785395026085294035e+01
1.567819980496783216e+02 6.794075854359599020e+01
1.567319992640493638e+02 6.802735898062209685e+01
1.566816396087792214e+02 6.811375006452867353e+01
1.566309199604486366e+02 6.819993029155727982e+01
1.565798412019044576e+02 6.828589816161968429e+01
1.565284042222444327e+02 6.837165217832408359e+01
1.564766099168016353e+02 6.845719084900102303e+01
1.564244591871288890e+02 6.854251268472951608e+01
1.563719529409830500e+02 6.862761620036286558e+01
1.563190920923092904e+02 6.871249991455451323e+01
1.562658775612250963e+02 6.879716234978391753e+01
1.562123102740043521e+02 6.888160203238216184e+01
1.561583911630611112e+02 6.896581749255766169e+01
1.561041211669333961e+02 6.904980726442174443e+01
1.560495012302669693e+02 6.913356988601415765e+01
1.559945323037986782e+02 6.921710389932853502e+01
1.559392153443401412e+02 6.930040785033773432e+01
1.558835513147608935e+02 6.938348028901917530e+01
1.558275411839717890e+02 6.946631976938010666e+01
1.557711859269080037e+02 6.954892484948270237e+01
1.557144865245121252e+02 6.963129409146921489e+01
1.556574439637171565e+02 6.971342606158702893e+01
1.556000592374291500e+02 6.979531933021353041e+01
1.555423333445100695e+02 6.987697247188104654e+01
1.554842672897603677e+02 6.995838406530168641e+01
1.554258620839015350e+02 7.003955269339202516e+01
1.553671187435583647e+02 7.012047694329778835e+01
1.553080382912414734e+02 7.020115540641843666e+01
1.552486217553292818e+02 7.028158667843173646e+01
1.551888701700502793e+02 7.036176935931813148e+01
1.551287845754649481e+02 7.044170205338512858e+01
1.550683660174476870e+02 7.052138336929166940e+01
1.550076155476685642e+02 7.060081192007220352e+01
1.549465342235750427e+02 7.067998632316098906e+01
1.548851231083736195e+02 7.075890520041602372e+01
1.548233832710111813e+02 7.083756717814314641e+01
1.547613157861565583e+02 7.091597088711984043e+01
1.546989217341817380e+02 7.099411496261917875e+01
1.546362022011430497e+02 7.107199804443345670e+01
1.545731582787622642e+02 7.114961877689796665e+01
1.545097910644076364e+02 7.122697580891455971e+01
1.544461016610747777e+02 7.130406779397517880e+01
1.543820911773674425e+02 7.138089339018524981e+01
1.543177607274782019e+02 7.145745126028710104e+01
1.542531114311691738e+02 7.153374007168318371e+01
1.541881444137523545e+02 7.160975849645930680e+01
1.541228608060701788e+02 7.168550521140775800e+01
1.540572617444757668e+02 7.176097889805028274e+01
1.539913483708131707e+02 7.183617824266110574e+01
1.539251218323974513e+02 7.191110193628971103e+01
1.538585832819948109e+02 7.198574867478373562e+01
1.537917338778023577e+02 7.206011715881156476e+01
1.537245747834281815e+02 7.213420609388502669e+01
1.536571071678708051e+02 7.220801419038185998e+01
1.535893322054991472e+02 7.228154016356822353e+01
1.535212510760318310e+02 7.235478273362099344e+01
1.534528649645168059e+02 7.242774062565013082e+01
1.533841750613106285e+02 7.250041256972079395e+01
1.533151825620577995e+02 7.257279730087542191e+01
1.532458886676699024e+02 7.264489355915587510e+01
1.531762945843047703e+02 7.271670008962524889e+01
1.531064015233454256e+02 7.278821564238975839e+01
1.530362107013789910e+02 7.285943897262049518e+01
1.529657233401755434e+02 7.293036884057511315e+01
1.528949406666669404e+02 7.300100401161938635e+01
1.528238639129252192e+02 7.307134325624866733e+01
1.527524943161413660e+02 7.314138535010940245e+01
1.526808331186037719e+02 7.321112907402027759e+01
1.526088815676764341e+02 7.328057321399359125e+01
1.525366409157774115e+02 7.334971656125627248e+01
1.524641124203570257e+02 7.341855791227102657e+01
1.523912973438758627e+02 7.348709606875718237e+01
1.523181969537828024e+02 7.355532983771161071e+01
1.522448125224931346e+02 7.362325803142948644e+01
1.521711453273662187e+02 7.369087946752495100e+01
1.520971966506832871e+02 7.375819296895167554e+01
1.520229677796252190e+02 7.382519736402338140e+01
1.519484600062500306e+02 7.389189148643423266e+01
1.518736746274704217e+02 7.395827417527908665e+01
1.517986129450312660e+02 7.402434427507378700e+01
1.517232762654867884e+02 7.409010063577520100e+01
1.516476659001779979e+02 7.415554211280128527e+01
1.515717831652098084e+02 7.422066756705096680e+01
1.514956293814280457e+02 7.428547586492400967e+01
1.514192058743965390e+02 7.434996587834073978e+01
1.513425139743740999e+02 7.441413648476164155e+01
1.512655550162911879e+02 7.447798656720696897e+01
1.511883303397268605e+02 7.454151501427612914e+01
1.511108412888853536e+02 7.460472072016700906e+01
1.510330892125727473e+02 7.466760258469531664e+01
1.509550754641733761e+02 7.473015951331365159e+01
1.508768014016263805e+02 7.479239041713059066e+01
1.507982683874020609e+02 7.485429421292960228e+01
1.507194777884781445e+02 7.491586982318796117e+01
1.506404309763159119e+02 7.497711617609546408e+01
1.505611293268364363e+02 7.503803220557308862e+01
1.504815742203966238e+02 7.509861685129155262e+01
1.504017670417651402e+02 7.515886905868981671e+01
1.503217091800982814e+02 7.521878777899331681e+01
1.502414020289158714e+02 7.527837196923239560e+01
1.501608469860769617e+02 7.533762059226030772e+01
1.500800454537555026e+02 7.539653261677131013e+01
1.499989988384159574e+02 7.545510701731869574e+01
1.499177085507887739e+02 7.551334277433252851e+01
1.498361760058459140e+02 7.557123887413743546e+01
1.497544026227760980e+02 7.562879430897028499e+01
1.496723898249602200e+02 7.568600807699769462e+01
1.495901390399465072e+02 7.574287918233345351e+01
1.495076516994257361e+02 7.579940663505590237e+01
1.494249292392061648e+02 7.585558945122511432e+01
1.493419730991887207e+02 7.591142665290006164e+01
1.492587847233418472e+02 7.596691726815562618e+01
1.491753655596763508e+02 7.602206033109951022e+01
1.490917170602202759e+02 7.607685488188903378e+01
1.490078406809935245e+02 7.613129996674791755e+01
1.489237378819825608e+02 7.618539463798275335e+01
1.488394101271150873e+02 7.623913795399964499e+01
1.487548588842343804e+02 7.629252897932047972e+01
1.486700856250739093e+02 7.634556678459928492e+01
1.485850918252316148e+02 7.639825044663837161e+01
1.484998789641442727e+02 7.645057904840442120e+01
1.484144485250617151e+02 7.650255167904442999e+01
1.483288019950210241e+02 7.655416743390156853e+01
1.482429408648206959e+02 7.660542541453095566e+01
1.481568666289945782e+02 7.665632472871523362e+01
1.480705807857859497e+02 7.670686449048019995e+01
1.479840848371214292e+02 7.675704382011009841e+01
1.478973802885847988e+02 7.680686184416305196e+01
1.478104686493908275e+02 7.685631769548621151e+01
1.477233514323589532e+02 7.690541051323080524e+01
1.476360301538870488e+02 7.695413944286725894e+01
1.475485063339249336e+02 7.700250363619990424e+01
1.474607814959478844e+02 7.705050225138185738e+01
1.473728571669303165e+02 7.709813445292962797e+01
1.472847348773188969e+02 7.714539941173768511e+01
1.471964161610062547e+02 7.719229630509286721e+01
1.471079025553039514e+02 7.723882431668867810e+01
1.470191956009159640e+02 7.728498263663958312e+01
1.469302968419117690e+02 7.733077046149500688e+01
1.468412078256993993e+02 7.737618699425340196e+01
1.467519301029986423e+02 7.742123144437606186e+01
1.466624652278140388e+02 7.746590302780087711e+01
1.465728147574076559e+02 7.751020096695606298e+01
1.464829802522721991e+02 7.755412449077357451e+01
1.463929632761037283e+02 7.759767283470267785e+01
1.463027653957744576e+02 7.764084524072308113e+01
1.462123881813055277e+02 7.768364095735827846e+01
1.461218332058396356e+02 7.772605923968855279e+01
1.460311020456136077e+02 7.776809934936397894e+01
1.459401962799310866e+02 7.780976055461724172e+01
1.458491174911349049e+02 7.785104213027641151e+01
1.457578672645796587e+02 7.789194335777750666e+01
1.456664471886040246e+02 7.793246352517709852e+01
1.455748588545031623e+02 7.797260192716458960e+01
1.454831038565009749e+02 7.801235786507457703e+01
1.453911837917224545e+02 7.805173064689897444e+01
1.452991002601657442e+02 7.809071958729909113e+01
1.452068548646743693e+02 7.812932400761749818e+01
1.451144492109093278e+02 7.816754323588990871e+01
1.450218849073211800e+02 7.820537660685683079e+01
1.449291635651219394e+02 7.824282346197517768e+01
1.448362867982571629e+02 7.827988314942967918e+01
1.447432562233777276e+02 7.831655502414432135e+01
1.446500734598118356e+02 7.835283844779345941e+01
1.445567401295366778e+02 7.838873278881301587e+01
1.444632578571502677e+02 7.842423742241145135e+01
1.443696282698432753e+02 7.845935173058062162e+01
1.442758529973704356e+02 7.849407510210653527e+01
1.441819336720224385e+02 7.852840693258002602e+01
1.440878719285973943e+02 7.856234662440722616e+01
1.439936694043724401e+02 7.859589358682002569e+01
1.438993277390751189e+02 7.862904723588628997e+01
1.438048485748549581e+02 7.866180699452007730e+01
1.437102335562549058e+02 7.869417229249164336e+01
1.436154843301825110e+02 7.872614256643741726e+01
1.435206025458815589e+02 7.875771725986976435e+01
1.434255898549030519e+02 7.878889582318667806e+01
1.433304479110767033e+02 7.881967771368135800e+01
1.432351783704820321e+02 7.885006239555164598e+01
1.431397828914195145e+02 7.888004933990937673e+01
1.430442631343817936e+02 7.890963802478955813e+01
1.429486207620247740e+02 7.893882793515946616e+01
1.428528574391386314e+02 7.896761856292761195e+01
1.427569748326188233e+02 7.899600940695255247e+01
1.426609746114371262e+02 7.902399997305168711e+01
1.425648584466126181e+02 7.905158977400979836e+01
1.424686280111824601e+02 7.907877832958754993e+01
1.423722849801729069e+02 7.910556516652984271e+01
1.422758310305700604e+02 7.913194981857404287e+01
1.421792678412907662e+02 7.915793182645816728e+01
1.420825970931532822e+02 7.918351073792874217e+01
1.419858204688481180e+02 7.920868610774883223e+01
1.418889396529086753e+02 7.923345749770564339e+01
1.417919563316820302e+02 7.925782447661825358e+01
1.416948721932994033e+02 7.928178662034508761e+01
1.415976889276469706e+02 7.930534351179130681e+01
1.415004082263362761e+02 7.932849474091602815e+01
1.414030317826749865e+02 7.935123990473950073e+01
1.413055612916371615e+02 7.937357860735014015e+01
1.412079984498339513e+02 7.939551045991134970e+01
1.411103449554840381e+02 7.941703508066837003e+01
1.410126025083839920e+02 7.943815209495485874e+01
1.409147728098787411e+02 7.945886113519944161e+01
1.408168575628319275e+02 7.947916184093212166e+01
1.407188584715963486e+02 7.949905385879051778e+01
1.406207772419841433e+02 7.951853684252606058e+01
1.405226155812372326e+02 7.953761045300997523e+01
1.404243751979975627e+02 7.955627435823922156e+01
1.403260578022773473e+02 7.957452823334222103e+01
1.402276651054293097e+02 7.959237176058459795e+01
1.401291988201168692e+02 7.960980462937462221e+01
1.400306606602843829e+02 7.962682653626868046e+01
1.399320523411273030e+02 7.964343718497650570e+01
1.398333755790622490e+02 7.965963628636635008e+01
1.397346320916972218e+02 7.967542355847007229e+01
1.396358235978017035e+02 7.969079872648794094e+01
1.395369518172766163e+02 7.970576152279352300e+01
1.394380184711245647e+02 7.972031168693827397e+01
1.393390252814197368e+02 7.973444896565609952e+01
1.392399739712780047e+02 7.974817311286776089e+01
1.391408662648268830e+02 7.976148388968513814e+01
1.390417038871756006e+02 7.977438106441543653e+01
1.389424885643849450e+02 7.978686441256515138e+01
1.388432220234373347e+02 7.979893371684401870e+01
1.387439059922066633e+02 7.981058876716883788e+01
1.386445421994283720e+02 7.982182936066701018e+01
1.385451323746691514e+02 7.983265530168020518e+01
1.384456782482969857e+02 7.984306640176765768e+01
1.383461815514509965e+02 7.985306247970950722e+01
1.382466440160112882e+02 7.986264336150995291e+01
1.381470673745688771e+02 7.987180888040025195e+01
1.380474533603953660e+02 7.988055887684163281e+01
1.379478037074129873e+02 7.988889319852810900e+01
1.378481201501642772e+02 7.989681170038905123e+01
1.377484044237818921e+02 7.990431424459180221e+01
1.376486582639584810e+02 7.991140070054399303e+01
1.375488834069163886e+02 7.991807094489590213e+01
1.374490815893775277e+02 7.992432486154251592e+01
1.373492545485330822e+02 7.993016234162561773e+01
1.372494040220132376e+02 7.993558328353566367e+01
1.371495317478570257e+02 7.994058759291348792e+01
1.370496394644820271e+02 7.994517518265206490e+01
1.369497289106540734e+02 7.994934597289793032e+01
1.368498018254570923e+02 7.995309989105260229e+01
1.367498599482626389e+02 7.995643687177386028e+01
1.366499050186998829e+02 7.995935685697683937e+01
1.365499387766251118e+02 7.996185979583509607e+01
1.364499629620915186e+02 7.996394564478146094e+01
1.363499793153189614e+02 7.996561436750877760e+01
1.362499895766635802e+02 7.996686593497059903e+01
1.361499954865876134e+02 7.996770032538159967e+01
1.360499987856289579e+02 7.996811752421808706e+01
1.359500012143710421e+02 7.996811752421808706e+01
1.358500045134123866e+02 7.996770032538159967e+01
1.357500104233364198e+02 7.996686593497059903e+01
1.356500206846810386e+02 7.996561436750877760e+01
1.355500370379084814e+02 7.996394564478146094e+01
1.354500612233748882e+02 7.996185979583509607e+01
1.353500949813001171e+02 7.995935685697683937e+01
1.352501400517373611e+02 7.995643687177386028e+01
1.351501981745429077e+02 7.995309989105260229e+01
1.350502710893459266e+02 7.994934597289793032e+01
1.349503605355179729e+02 7.994517518265206490e+01
1.348504682521429743e+02 7.994058759291348792e+01
1.347505959779867624e+02 7.993558328353566367e+01
1.346507454514669178e+02 7.993016234162561773e+01
1.345509184106224723e+02 7.992432486154251592e+01
1.344511165930836114e+02 7.991807094489590213e+01
1.343513417360415474e+02 7.991140070054399303e+01
1.342515955762181079e+02 7.990431424459180221e+01
1.341518798498357228e+02 7.989681170038905123e+01
1.340521962925870127e+02 7.988889319852810900e+01
1.339525466396046340e+02 7.988055887684163281e+01
1.338529326254311229e+02 7.987180888040025195e+01
1.337533559839887118e+02 7.986264336150995291e+01
1.336538184485490319e+02 7.985306247970950722e+01
1.335543217517030428e+02 7.984306640176765768e+01
1.334548676253308770e+02 7.983265530168020518e+01
1.333554578005716564e+02 7.982182936066701018e+01
1.332560940077933367e+02 7.981058876716883788e+01
1.331567779765626938e+02 7.979893371684403292e+01
1.330575114356150550e+02 7.978686441256515138e+01
1.329582961128243994e+02 7.977438106441543653e+01
1.328591337351731170e+02 7.976148388968513814e+01
1.327600260287219953e+02 7.974817311286776089e+01
1.326609747185802632e+02 7.973444896565609952e+01
1.325619815288754353e+02 7.972031168693827397e+01
1.324630481827233837e+02 7.970576152279352300e+01
1.323641764021983249e+02 7.969079872648794094e+01
1.322653679083027782e+02 7.967542355847007229e+01
1.321666244209377510e+02 7.965963628636635008e+01
1.320679476588726970e+02 7.964343718497650570e+01
1.319693393397156171e+02 7.962682653626868046e+01
1.318708011798831308e+02 7.960980462937463642e+01
1.317723348945706903e+02 7.959237176058459795e+01
1.316739421977226527e+02 7.957452823334222103e+01
1.315756248020024373e+02 7.955627435823922156e+01
1.314773844187627674e+02 7.953761045300997523e+01
1.313792227580158851e+02 7.951853684252606058e+01
1.312811415284036514e+02 7.949905385879051778e+01
1.311831424371680725e+02 7.947916184093212166e+01
1.310852271901212589e+02 7.945886113519944161e+01
1.309873974916160080e+02 7.943815209495485874e+01
1.308896550445159619e+02 7.941703508066837003e+01
1.307920015501660487e+02 7.939551045991134970e+01
1.306944387083628669e+02 7.937357860735014015e+01
1.305969682173250135e+02 7.935123990473950073e+01
1.304995917736637239e+02 7.932849474091602815e+01
1.304023110723530294e+02 7.930534351179130681e+01
1.303051278067005967e+02 7.928178662034508761e+01
1.302080436683179698e+02 7.925782447661825358e+01
1.301110603470913247e+02 7.923345749770564339e+01
1.300141795311518820e+02 7.920868610774883223e+01
1.299174029068467178e+02 7.918351073792874217e+01
1.298207321587092338e+02 7.915793182645816728e+01
1.297241689694299396e+02 7.913194981857404287e+01
1.296277150198270931e+02 7.910556516652984271e+01
1.295313719888175399e+02 7.907877832958754993e+01
1.294351415533873819e+02 7.905158977400979836e+01
1.293390253885628738e+02 7.902399997305168711e+01
1.292430251673811767e+02 7.899600940695255247e+01
1.291471425608613686e+02 7.896761856292761195e+01
1.290513792379752260e+02 7.893882793515946616e+01
1.289557368656182064e+02 7.890963802478955813e+01
1.288602171085804855e+02 7.888004933990937673e+01
1.287648216295179679e+02 7.885006239555164598e+01
1.286695520889232967e+02 7.881967771368135800e+01
1.285744101450969481e+02 7.878889582318667806e+01
1.284793974541184411e+02 7.875771725986976435e+01
1.283845156698174890e+02 7.872614256643741726e+01
1.282897664437451226e+02 7.869417229249164336e+01
1.281951514251450419e+02 7.866180699452007730e+01
1.281006722609248811e+02 7.862904723588628997e+01
1.280063305956275599e+02 7.859589358682002569e+01
1.279121280714025914e+02 7.856234662440724037e+01
1.278180663279775615e+02 7.852840693258002602e+01
1.277241470026295787e+02 7.849407510210653527e+01
1.276303717301567389e+02 7.845935173058062162e+01
1.275367421428497181e+02 7.842423742241146556e+01
1.274432598704633364e+02 7.838873278881301587e+01
1.273499265401881786e+02 7.835283844779345941e+01
1.272567437766222724e+02 7.831655502414432135e+01
1.271637132017428513e+02 7.827988314942967918e+01
1.270708364348780606e+02 7.824282346197517768e+01
1.269781150926788342e+02 7.820537660685684500e+01
1.268855507890906722e+02 7.816754323588992293e+01
1.267931451353256449e+02 7.812932400761749818e+01
1.267008997398342700e+02 7.809071958729909113e+01
1.266088162082775455e+02 7.805173064689898865e+01
1.265168961434990109e+02 7.801235786507457703e+01
1.264251411454968377e+02 7.797260192716458960e+01
1.263335528113959754e+02 7.793246352517709852e+01
1.262421327354203413e+02 7.789194335777750666e+01
1.261508825088650809e+02 7.785104213027641151e+01
1.260598037200689134e+02 7.780976055461724172e+01
1.259688979543863780e+02 7.776809934936397894e+01
1.258781667941603644e+02 7.772605923968855279e+01
1.257876118186944581e+02 7.768364095735827846e+01
1.256972346042255424e+02 7.764084524072308113e+01
1.256070367238962859e+02 7.759767283470267785e+01
1.255170197477278151e+02 7.755412449077358872e+01
1.254271852425923441e+02 7.751020096695606298e+01
1.253375347721859612e+02 7.746590302780087711e+01
1.252480698970013435e+02 7.742123144437606186e+01
1.251587921743006007e+02 7.737618699425340196e+01
1.250697031580882452e+02 7.733077046149500688e+01
1.249808043990840218e+02 7.728498263663958312e+01
1.248920974446960486e+02 7.723882431668867810e+01
1.248035838389937453e+02 7.719229630509286721e+01
1.247152651226810889e+02 7.714539941173768511e+01
1.246271428330697120e+02 7.709813445292962797e+01
1.245392185040521156e+02 7.705050225138185738e+01
1.244514936660750806e+02 7.700250363619991845e+01
1.243639698461129512e+02 7.695413944286725894e+01
1.242766485676410468e+02 7.690541051323081945e+01
1.241895313506091867e+02 7.685631769548621151e+01
1.241026197114152012e+02 7.680686184416305196e+01
1.240159151628785850e+02 7.675704382011009841e+01
1.239294192142140645e+02 7.670686449048019995e+01
1.238431333710054361e+02 7.665632472871524783e+01
1.237570591351793183e+02 7.660542541453095566e+01
1.236711980049789759e+02 7.655416743390156853e+01
1.235855514749382991e+02 7.650255167904442999e+01
1.235001210358557415e+02 7.645057904840443541e+01
1.234149081747683852e+02 7.639825044663838582e+01
1.233299143749260907e+02 7.634556678459928492e+01
1.232451411157656196e+02 7.629252897932047972e+01
1.231605898728849127e+02 7.623913795399964499e+01
1.230762621180174392e+02 7.618539463798276756e+01
1.229921593190064897e+02 7.613129996674791755e+01
1.229082829397797383e+02 7.607685488188904799e+01
1.228246344403236492e+02 7.602206033109951022e+01
1.227412152766581528e+02 7.596691726815562618e+01
1.226580269008112793e+02 7.591142665290006164e+01
1.225750707607938352e+02 7.585558945122511432e+01
1.224923483005742781e+02 7.579940663505590237e+01
1.224098609600534786e+02 7.574287918233345351e+01
1.223276101750397800e+02 7.568600807699769462e+01
1.222455973772239020e+02 7.562879430897028499e+01
1.221638239941541002e+02 7.557123887413743546e+01
1.220822914492112261e+02 7.551334277433252851e+01
1.220010011615840568e+02 7.545510701731869574e+01
1.219199545462444974e+02 7.539653261677131013e+01
1.218391530139230383e+02 7.533762059226029351e+01
1.217585979710841428e+02 7.527837196923239560e+01
1.216782908199017186e+02 7.521878777899331681e+01
1.215982329582348598e+02 7.515886905868981671e+01
1.215184257796033620e+02 7.509861685129155262e+01
1.214388706731635637e+02 7.503803220557308862e+01
1.213595690236841023e+02 7.497711617609546408e+01
1.212805222115218555e+02 7.491586982318796117e+01
1.212017316125979391e+02 7.485429421292960228e+01
1.211231985983736195e+02 7.479239041713059066e+01
1.210449245358266381e+02 7.473015951331366580e+01
1.209669107874272527e+02 7.466760258469531664e+01
1.208891587111146464e+02 7.460472072016700906e+01
1.208116696602731395e+02 7.454151501427611493e+01
1.207344449837088121e+02 7.447798656720696897e+01
1.206574860256259143e+02 7.441413648476165577e+01
1.205807941256034468e+02 7.434996587834073978e+01
1.205043706185719685e+02 7.428547586492402388e+01
1.204282168347901916e+02 7.422066756705096680e+01
1.203523340998220021e+02 7.415554211280128527e+01
1.202767237345132258e+02 7.409010063577520100e+01
1.202013870549687482e+02 7.402434427507378700e+01
1.201263253725295783e+02 7.395827417527908665e+01
1.200515399937499694e+02 7.389189148643423266e+01
1.199770322203747810e+02 7.382519736402339561e+01
1.199028033493167129e+02 7.375819296895167554e+01
1.198288546726337813e+02 7.369087946752496521e+01
1.197551874775068512e+02 7.362325803142950065e+01
1.196818030462171834e+02 7.355532983771161071e+01
1.196087026561241515e+02 7.348709606875718237e+01
1.195358875796429601e+02 7.341855791227102657e+01
1.194633590842225743e+02 7.334971656125628670e+01
1.193911184323235659e+02 7.328057321399359125e+01
1.193191668813962423e+02 7.321112907402027759e+01
1.192475056838586198e+02 7.314138535010940245e+01
1.191761360870747808e+02 7.307134325624866733e+01
1.191050593333330738e+02 7.300100401161938635e+01
1.190342766598244424e+02 7.293036884057511315e+01
1.189637892986210232e+02 7.285943897262049518e+01
1.188935984766545744e+02 7.278821564238975839e+01
1.188237054156952297e+02 7.271670008962524889e+01
1.187541113323300976e+02 7.264489355915587510e+01
1.186848174379422005e+02 7.257279730087543612e+01
1.186158249386893715e+02 7.250041256972079395e+01
1.185471350354831941e+02 7.242774062565013082e+01
1.184787489239681690e+02 7.235478273362099344e+01
1.184106677945008528e+02 7.228154016356822353e+01
1.183428928321291949e+02 7.220801419038185998e+01
1.182754252165718327e+02 7.213420609388502669e+01
1.182082661221976423e+02 7.206011715881157897e+01
1.181414167180052033e+02 7.198574867478373562e+01
1.180748781676025487e+02 7.191110193628971103e+01
1.180086516291868293e+02 7.183617824266110574e+01
1.179427382555242332e+02 7.176097889805028274e+01
1.178771391939298354e+02 7.168550521140775800e+01
1.178118555862476597e+02 7.160975849645930680e+01
1.177468885688308404e+02 7.153374007168318371e+01
1.176822392725217981e+02 7.145745126028710104e+01
1.176179088226325575e+02 7.138089339018524981e+01
1.175538983389252223e+02 7.130406779397517880e+01
1.174902089355923636e+02 7.122697580891455971e+01
1.174268417212377500e+02 7.114961877689796665e+01
1.173637977988569645e+02 7.107199804443345670e+01
1.173010782658182620e+02 7.099411496261917875e+01
1.172386842138434417e+02 7.091597088711985464e+01
1.171766167289888187e+02 7.083756717814314641e+01
1.171148768916263947e+02 7.075890520041603793e+01
1.170534657764249431e+02 7.067998632316098906e+01
1.169923844523314358e+02 7.060081192007220352e+01
1.169316339825523130e+02 7.052138336929166940e+01
1.168712154245350519e+02 7.044170205338514279e+01
1.168111298299497207e+02 7.036176935931813148e+01
1.167513782446707182e+02 7.028158667843173646e+01
1.166919617087585408e+02 7.020115540641845087e+01
1.166328812564416353e+02 7.012047694329778835e+01
1.165741379160984792e+02 7.003955269339203937e+01
1.165157327102396323e+02 6.995838406530168641e+01
1.164576666554899447e+02 6.987697247188106076e+01
1.163999407625708642e+02 6.979531933021353041e+01
1.163425560362828577e+02 6.971342606158704314e+01
1.162855134754878748e+02 6.963129409146922910e+01
1.162288140730920105e+02 6.954892484948270237e+01
1.161724588160282394e+02 6.946631976938010666e+01
1.161164486852391065e+02 6.938348028901918951e+01
1.160607846556598730e+02 6.930040785033773432e+01
1.160054676962013218e+02 6.921710389932853502e+01
1.159504987697330449e+02 6.913356988601415765e+01
1.158958788330665897e+02 6.904980726442174443e+01
1.158416088369388888e+02 6.896581749255766169e+01
1.157876897259956479e+02 6.888160203238216184e+01
1.157341224387748895e+02 6.879716234978391753e+01
1.156809079076907096e+02 6.871249991455451323e+01
1.156280470590169500e+02 6.862761620036286558e+01
1.155755408128711110e+02 6.854251268472951608e+01
1.155233900831983505e+02 6.845719084900102303e+01
1.154715957777555673e+02 6.837165217832408359e+01
1.154201587980955424e+02 6.828589816161968429e+01
1.153690800395513634e+02 6.819993029155726560e+01
1.153183603912207786e+02 6.811375006452867353e+01
1.152680007359506362e+02 6.802735898062208264e+01
1.152180019503216784e+02 6.794075854359599020e+01
1.151683649046331652e+02 6.785395026085294035e+01
1.151190904628877973e+02 6.776693564341331921e+01
1.150701794827765809e+02 6.767971620588909332e+01
1.150216328156640486e+02 6.759229346645737735e+01
1.149734513065732529e+02 6.750466894683407304e+01
1.149256357941712281e+02 6.741684417224730907e+01
1.148781871107543111e+02 6.732882067141099469e+01
1.148311060822336458e+02 6.724059997649807485e+01
1.147843935281208161e+02 6.715218362311401279e+01
1.147380502615136209e+02 6.706357315026990307e+01
1.146920770890818631e+02 6.697477010035582623e+01
1.146464748110533520e+02 6.688577601911390502e+01
1.146012442211999627e+02 6.679659245561146008e+01
1.145563861068237941e+02 6.670722096221398090e+01
1.145119012487434844e+02 6.661766309455816781e+01
1.144677904212806538e+02 6.652792041152481772e+01
1.144240543922463331e+02 6.643799447521169554e+01
1.143806939229277333e+02 6.634788685090636307e+01
1.143377097680748591e+02 6.625759910705887989e+01
1.142951026758874775e+02 6.616713281525460388e+01
1.142528733880019871e+02 6.607648955018672154e+01
1.142110226394786423e+02 6.598567088962890637e+01
1.141695511587886358e+02 6.589467841440782081e+01
1.141284596678015077e+02 6.580351370837561831e+01
1.140877488817724981e+02 6.571217835838241683e+01
1.140474195093301830e+02 6.562067395424857352e+01
1.140074722524640549e+02 6.552900208873708721e+01
1.139679078065124003e+02 6.543716435752590144e+01
1.139287268601501069e+02 6.534516235918000859e+01
1.138899300953767124e+02 6.525299769512378134e+01
1.138515181875045386e+02 6.516067196961294883e+01
1.138134918051469526e+02 6.506818678970678604e+01
1.137758516102066437e+02 6.497554376524007580e+01
1.137385982578642540e+02 6.488274450879512756e+01
1.137017323965668254e+02 6.478979063567368257e+01
1.136652546680165727e+02 6.469668376386876218e+01
1.136291657071597285e+02 6.460342551403662981e+01
1.135934661421755010e+02 6.451001750946839763e+01
1.135581565944650606e+02 6.441646137606194600e+01
1.135232376786408253e+02 6.432275874229350165e+01
1.134887100025156883e+02 6.422891123918937240e+01
1.134545741670924883e+02 6.413492050029751113e+01
1.134208307665534790e+02 6.404078816165903731e+01
1.133874803882500828e+02 6.394651586177990765e+01
1.133545236126925886e+02 6.385210524160221723e+01
1.133219610135401041e+02 6.375755794447578495e+01
1.132897931575904948e+02 6.366287561612942625e+01
1.132580206047706071e+02 6.356805990464241773e+01
1.132266439081264622e+02 6.347311246041571309e+01
1.131956636138136361e+02 6.337803493614328687e+01
1.131650802610877946e+02 6.328282898678335044e+01
1.131348943822952435e+02 6.318749626952949683e+01
1.131051065028637197e+02 6.309203844378193082e+01
1.130757171412931967e+02 6.299645717111850729e+01
1.130467268091469037e+02 6.290075411526589022e+01
1.130181360110424151e+02 6.280493094207051996e+01
1.129899452446427972e+02 6.270898931946966570e+01
1.129621550006480675e+02 6.261293091746237849e+01
1.129347657627865544e+02 6.251675740808038739e+01
1.129077780078064848e+02 6.242047046535908095e+01
1.128811922054677552e+02 6.232407176530826121e+01
1.128550088185336904e+02 6.222756298588306834e+01
1.128292283027629992e+02 6.213094580695467783e+01
1.128038511069018739e+02 6.203422191028116117e+01
1.127788776726761597e+02 6.193739297947815459e+01
1.127543084347836100e+02 6.184046069998952078e+01
1.127301438208864397e+02 6.174342675905811006e+01
1.127063842516037653e+02 6.164629284569627998e+01
1.126830301405043429e+02 6.154906065065659249e+01
1.126600818940993634e+02 6.145173186640229801e+01
1.126375399118353897e+02 6.135430818707794742e+01
1.126154045860873509e+02 6.125679130847989029e+01
1.125936763021517493e+02 6.115918292802669498e+01
1.125723554382399954e+02 6.106148474472968246e+01
1.125514423654717291e+02 6.096369845916328956e+01
1.125309374478684248e+02 6.086582577343554590e+01
1.125108410423470531e+02 6.076786839115833772e+01
1.124911534987138566e+02 6.066982801741785636e+01
1.124718751596582536e+02 6.057170635874486209e+01
1.124530063607468833e+02 6.047350512308500470e+01
1.124345474304177657e+02 6.037522601976905889e+01
1.124164986899745600e+02 6.027687075948321649e+01
1.123988604535810225e+02 6.017844105423928625e+01
1.123816330282554787e+02 6.007993861734488661e+01
1.123648167138655509e+02 5.998136516337365265e+01
1.123484118031228576e+02 5.988272240813533642e+01
1.123324185815779686e+02 5.978401206864601392e+01
1.123168373276154313e+02 5.968523586309813567e+01
1.123016683124489106e+02 5.958639551083064845e+01
1.122869118001164708e+02 5.948749273229908852e+01
1.122725680474759997e+02 5.938852924904556119e+01
1.122586373042006898e+02 5.928950678366886962e+01
1.122451198127747745e+02 5.919042705979444463e+01
1.122320158084891943e+02 5.909129180204442378e+01
1.122193255194376320e+02 5.899210273600753851e+01
1.122070491665124052e+02 5.889286158820916484e+01
1.121951869634007295e+02 5.879357008608125312e+01
1.121837391165809805e+02 5.869422995793217979e+01
1.121727058253190137e+02 5.859484293291679080e+01
1.121620872816648387e+02 5.849541074100618943e+01
1.121518836704491378e+02 5.839593511295771577e+01
1.121420951692801253e+02 5.829641778028472743e+01
1.121327219485404783e+02 5.819686047522654349e+01
1.121237641713842663e+02 5.809726493071826781e+01
1.121152219937342380e+02 5.799763288036056963e+01
1.121070955642790210e+02 5.789796605838962051e+01
1.120993850244705641e+02 5.779826619964676837e+01
1.120920905085216503e+02 5.769853503954847440e+01
1.120852121434036235e+02 5.759877431405599424e+01
1.120787500488441140e+02 5.749898575964526515e+01
1.120727043373249785e+02 5.739917111327655874e+01
1.120670751140803247e+02 5.729933211236436819e+01
1.120618624770947207e+02 5.719947049474710354e+01
1.120570665171014610e+02 5.709958799865682266e+01
1.120526873175809612e+02 5.699968636268903310e+01
1.120487249547593649e+02 5.689976732577238039e+01
1.120451794976071938e+02 5.679983262713840730e+01
1.120420510078380829e+02 5.669988400629125636e+01
1.120393395399078429e+02 5.659992320297742907e+01
1.120370451410133796e+02 5.649995195715548135e+01
1.120351678510919271e+02 5.639997200896569041e+01
1.120337077028203510e+02 5.629998509869987089e+01
1.120326647216146227e+02 5.619999296677096368e+01
1.120320389256292657e+02 5.609999735368286622e+01
1.120318303257571557e+02 5.600000000000000000e+01
1.120320389256292657e+02 5.590000264631714089e+01
1.120326647216146227e+02 5.580000703322903632e+01
1.120337077028203510e+02 5.570001490130013622e+01
1.120351678510919271e+02 5.560002799103431670e+01
1.120370451410133796e+02 5.550004804284452575e+01
1.120393395399078429e+02 5.540007679702257093e+01
1.120420510078380829e+02 5.530011599370874364e+01
1.120451794976071795e+02 5.520016737286159980e+01
1.120487249547593649e+02 5.510023267422762672e+01
1.120526873175809612e+02 5.500031363731097400e+01
1.120570665171014468e+02 5.490041200134318444e+01
1.120618624770947207e+02 5.480052950525290356e+01
1.120670751140803247e+02 5.470066788763563892e+01
1.120727043373249785e+02 5.460082888672344836e+01
1.120787500488441140e+02 5.450101424035474196e+01
1.120852121434036235e+02 5.440122568594400576e+01
1.120920905085216503e+02 5.430146496045153270e+01
1.120993850244705641e+02 5.420173380035323873e+01
1.121070955642790210e+02 5.410203394161038659e+01
1.121152219937342380e+02 5.400236711963943037e+01
1.121237641713842663e+02 5.390273506928173930e+01
1.121327219485404783e+02 5.380313952477346362e+01
1.121420951692801253e+02 5.370358221971527968e+01
1.121518836704491378e+02 5.360406488704229133e+01
1.121620872816648387e+02 5.350458925899381057e+01
1.121727058253190137e+02 5.340515706708320920e+01
1.121837391165809805e+02 5.330577004206782732e+01
1.121951869634007295e+02 5.320642991391875398e+01
1.122070491665124052e+02 5.310713841179084227e+01
1.122193255194376320e+02 5.300789726399246860e+01
1.122320158084891943e+02 5.290870819795558333e+01
1.122451198127747745e+02 5.280957294020555537e+01
1.122586373042006898e+02 5.271049321633113038e+01
1.122725680474759997e+02 5.261147075095443881e+01
1.122869118001164708e+02 5.251250726770091148e+01
1.123016683124489106e+02 5.241360448916935155e+01
1.123168373276154313e+02 5.231476413690187144e+01
1.123324185815779686e+02 5.221598793135399319e+01
1.123484118031228576e+02 5.211727759186467068e+01
1.123648167138655509e+02 5.201863483662635446e+01
1.123816330282554787e+02 5.192006138265512050e+01
1.123988604535810225e+02 5.182155894576071375e+01
1.124164986899745600e+02 5.172312924051679062e+01
1.124345474304177515e+02 5.162477398023094821e+01
1.124530063607468833e+02 5.152649487691500241e+01
1.124718751596582536e+02 5.142829364125514502e+01
1.124911534987138566e+02 5.133017198258215075e+01
1.125108410423470531e+02 5.123213160884167650e+01
1.125309374478684106e+02 5.113417422656446831e+01
1.125514423654717149e+02 5.103630154083672466e+01
1.125723554382399954e+02 5.093851525527033175e+01
1.125936763021517493e+02 5.084081707197331212e+01
1.126154045860873509e+02 5.074320869152012392e+01
1.126375399118353897e+02 5.064569181292205258e+01
1.126600818940993634e+02 5.054826813359772331e+01
1.126830301405043429e+02 5.045093934934342883e+01
1.127063842516037511e+02 5.035370715430373423e+01
1.127301438208864397e+02 5.025657324094190415e+01
1.127543084347836100e+02 5.015953930001047922e+01
1.127788776726761455e+02 5.006260702052185962e+01
1.128038511069018739e+02 4.996577808971884593e+01
1.128292283027629992e+02 4.986905419304533638e+01
1.128550088185336762e+02 4.977243701411695298e+01
1.128811922054677410e+02 4.967592823469175300e+01
1.129077780078064848e+02 4.957952953464093326e+01
1.129347657627865402e+02 4.948324259191962682e+01
1.129621550006480675e+02 4.938706908253764283e+01
1.129899452446427972e+02 4.929101068053034140e+01
1.130181360110424009e+02 4.919506905792949425e+01
1.130467268091469037e+02 4.909924588473412399e+01
1.130757171412931825e+02 4.900354282888151403e+01
1.131051065028637055e+02 4.890796155621809049e+01
1.131348943822952293e+02 4.881250373047051738e+01
1.131650802610877804e+02 4.871717101321666377e+01
1.131956636138136361e+02 4.862196506385671313e+01
1.132266439081264480e+02 4.852688753958430112e+01
1.132580206047706071e+02 4.843194009535759648e+01
1.132897931575904948e+02 4.833712438387058796e+01
1.133219610135401041e+02 4.824244205552422926e+01
1.133545236126925886e+02 4.814789475839779698e+01
1.133874803882500828e+02 4.805348413822010656e+01
1.134208307665534790e+02 4.795921183834096269e+01
1.134545741670924741e+02 4.786507949970251019e+01
1.134887100025156883e+02 4.777108876081062760e+01
1.135232376786408253e+02 4.767724125770650545e+01
1.135581565944650606e+02 4.758353862393806821e+01
1.135934661421754868e+02 4.748998249053162368e+01
1.136291657071597285e+02 4.739657448596339151e+01
1.136652546680165585e+02 4.730331623613123782e+01
1.137017323965668112e+02 4.721020936432633874e+01
1.137385982578642540e+02 4.711725549120487955e+01
1.137758516102066437e+02 4.702445623475993841e+01
1.138134918051469384e+02 4.693181321029322817e+01
1.138515181875045386e+02 4.683932803038707249e+01
1.138899300953767124e+02 4.674700230487621866e+01
1.139287268601501069e+02 4.665483764081998430e+01
1.139679078065124145e+02 4.656283564247409146e+01
1.140074722524640549e+02 4.647099791126289858e+01
1.140474195093301830e+02 4.637932604575142648e+01
1.140877488817724981e+02 4.628782164161758317e+01
1.141284596678015077e+02 4.619648629162436748e+01
1.141695511587886500e+02 4.610532158559217919e+01
1.142110226394786423e+02 4.601432911037109363e+01
1.142528733880020013e+02 4.592351044981326424e+01
1.142951026758874775e+02 4.583286718474538901e+01
1.143377097680748733e+02 4.574240089294111300e+01
1.143806939229277333e+02 4.565211314909365115e+01
1.144240543922463331e+02 4.556200552478830446e+01
1.144677904212806396e+02 4.547207958847518938e+01
1.145119012487434844e+02 4.538233690544183219e+01
1.145563861068237941e+02 4.529277903778601200e+01
1.146012442211999627e+02 4.520340754438853992e+01
1.146464748110533662e+02 4.511422398088608077e+01
1.146920770890818631e+02 4.502522989964417377e+01
1.147380502615136209e+02 4.493642684973009693e+01
1.147843935281208019e+02 4.484781637688599432e+01
1.148311060822336458e+02 4.475940002350191804e+01
1.148781871107543111e+02 4.467117932858900531e+01
1.149256357941712281e+02 4.458315582775268382e+01
1.149734513065732529e+02 4.449533105316592696e+01
1.150216328156640344e+02 4.440770653354262265e+01
1.150701794827765809e+02 4.432028379411090668e+01
1.151190904628877831e+02 4.423306435658668079e+01
1.151683649046331652e+02 4.414604973914705965e+01
1.152180019503216784e+02 4.405924145640400269e+01
1.152680007359506362e+02 4.397264101937791025e+01
1.153183603912207786e+02 4.388624993547132647e+01
1.153690800395513776e+02 4.380006970844272729e+01
1.154201587980955424e+02 4.371410183838030861e+01
1.154715957777555531e+02 4.362834782167592351e+01
1.155233900831983647e+02 4.354280915099896987e+01
1.155755408128711252e+02 4.345748731527046971e+01
1.156280470590169500e+02 4.337238379963713442e+01
1.156809079076907096e+02 4.328750008544547256e+01
1.157341224387748895e+02 4.320283765021608247e+01
1.157876897259956479e+02 4.311839796761783816e+01
1.158416088369388888e+02 4.303418250744234541e+01
1.158958788330665897e+02 4.295019273557825557e+01
1.159504987697330449e+02 4.286643011398583525e+01
1.160054676962013218e+02 4.278289610067146498e+01
1.160607846556598730e+02 4.269959214966226568e+01
1.161164486852391065e+02 4.261651971098082470e+01
1.161724588160282252e+02 4.253368023061989334e+01
1.162288140730920105e+02 4.245107515051730473e+01
1.162855134754878748e+02 4.236870590853077090e+01
1.163425560362828435e+02 4.228657393841296397e+01
1.163999407625708500e+02 4.220468066978646959e+01
1.164576666554899305e+02 4.212302752811894635e+01
1.165157327102396181e+02 4.204161593469831359e+01
1.165741379160984650e+02 4.196044730660797484e+01
1.166328812564416353e+02 4.187952305670221875e+01
1.166919617087585408e+02 4.179884459358156334e+01
1.167513782446707182e+02 4.171841332156826354e+01
1.168111298299497207e+02 4.163823064068187563e+01
1.168712154245350519e+02 4.155829794661486432e+01
1.169316339825523130e+02 4.147861663070834481e+01
1.169923844523314358e+02 4.139918807992779648e+01
1.170534657764249431e+02 4.132001367683901805e+01
1.171148768916263805e+02 4.124109479958397628e+01
1.171766167289888187e+02 4.116243282185685359e+01
1.172386842138434417e+02 4.108402911288015247e+01
1.173010782658182620e+02 4.100588503738082125e+01
1.173637977988569645e+02 4.092800195556655041e+01
1.174268417212377358e+02 4.085038122310203335e+01
1.174902089355923636e+02 4.077302419108544029e+01
1.175538983389252223e+02 4.069593220602482120e+01
1.176179088226325575e+02 4.061910660981475019e+01
1.176822392725217838e+02 4.054254873971289896e+01
1.177468885688308262e+02 4.046625992831681629e+01
1.178118555862476455e+02 4.039024150354069320e+01
1.178771391939298212e+02 4.031449478859224200e+01
1.179427382555242332e+02 4.023902110194971726e+01
1.180086516291868293e+02 4.016382175733890136e+01
1.180748781676025345e+02 4.008889806371028897e+01
1.181414167180051891e+02 4.001425132521626438e+01
1.182082661221976281e+02 3.993988284118842813e+01
1.182754252165718327e+02 3.986579390611498042e+01
1.183428928321291949e+02 3.979198580961814002e+01
1.184106677945008528e+02 3.971845983643179068e+01
1.184787489239681690e+02 3.964521726637900656e+01
1.185471350354831941e+02 3.957225937434986918e+01
1.186158249386893715e+02 3.949958743027921315e+01
1.186848174379422005e+02 3.942720269912457098e+01
1.187541113323300834e+02 3.935510644084412490e+01
1.188237054156952297e+02 3.928329991037475111e+01
1.188935984766545744e+02 3.921178435761025582e+01
1.189637892986210232e+02 3.914056102737950482e+01
1.190342766598244424e+02 3.906963115942489395e+01
1.191050593333330596e+02 3.899899598838062076e+01
1.191761360870747808e+02 3.892865674375133267e+01
1.192475056838586198e+02 3.885861464989059755e+01
1.193191668813962281e+02 3.878887092597972241e+01
1.193911184323235659e+02 3.871942678600642296e+01
1.194633590842225743e+02 3.865028343874372752e+01
1.195358875796429601e+02 3.858144208772898054e+01
1.196087026561241515e+02 3.851290393124281763e+01
1.196818030462171834e+02 3.844467016228838929e+01
1.197551874775068512e+02 3.837674196857051356e+01
1.198288546726337813e+02 3.830912053247504900e+01
1.199028033493166987e+02 3.824180703104832446e+01
1.199770322203747810e+02 3.817480263597661860e+01
1.200515399937499694e+02 3.810810851356577444e+01
1.201263253725295641e+02 3.804172582472091335e+01
1.202013870549687340e+02 3.797565572492621300e+01
1.202767237345132258e+02 3.790989936422479900e+01
1.203523340998219879e+02 3.784445788719872894e+01
1.204282168347902058e+02 3.777933243294903320e+01
1.205043706185719685e+02 3.771452413507599033e+01
1.205807941256034468e+02 3.765003412165926733e+01
1.206574860256259001e+02 3.758586351523835845e+01
1.207344449837088121e+02 3.752201343279302392e+01
1.208116696602731395e+02 3.745848498572388507e+01
1.208891587111146180e+02 3.739527927983299804e+01
1.209669107874272669e+02 3.733239741530467626e+01
1.210449245358266381e+02 3.726984048668634131e+01
1.211231985983736195e+02 3.720760958286940934e+01
1.212017316125979107e+02 3.714570578707039772e+01
1.212805222115218697e+02 3.708413017681203883e+01
1.213595690236840881e+02 3.702288382390453592e+01
1.214388706731635494e+02 3.696196779442692559e+01
1.215184257796033620e+02 3.690138314870844027e+01
1.215982329582348598e+02 3.684113094131019750e+01
1.216782908199017186e+02 3.678121222100668319e+01
1.217585979710841286e+02 3.672162803076760440e+01
1.218391530139230525e+02 3.666237940773969228e+01
1.219199545462444974e+02 3.660346738322868987e+01
1.220010011615840426e+02 3.654489298268130426e+01
1.220822914492112261e+02 3.648665722566747149e+01
1.221638239941540860e+02 3.642876112586256454e+01
1.222455973772239020e+02 3.637120569102971501e+01
1.223276101750397657e+02 3.631399192300230538e+01
1.224098609600534786e+02 3.625712081766654649e+01
1.224923483005742639e+02 3.620059336494409763e+01
1.225750707607938352e+02 3.614441054877489279e+01
1.226580269008112793e+02 3.608857334709993836e+01
1.227412152766581528e+02 3.603308273184437382e+01
1.228246344403236350e+02 3.597793966890050399e+01
1.229082829397797099e+02 3.592314511811096622e+01
1.229921593190064897e+02 3.586870003325208245e+01
1.230762621180174250e+02 3.581460536201724665e+01
1.231605898728848985e+02 3.576086204600036211e+01
1.232451411157656196e+02 3.570747102067952028e+01
1.233299143749260907e+02 3.565443321540071508e+01
1.234149081747683852e+02 3.560174955336162839e+01
1.235001210358557273e+02 3.554942095159558590e+01
1.235855514749382991e+02 3.549744832095557001e+01
1.236711980049789759e+02 3.544583256609843147e+01
1.237570591351793041e+02 3.539457458546905855e+01
1.238431333710054361e+02 3.534367527128475928e+01
1.239294192142140503e+02 3.529313550951980716e+01
1.240159151628785708e+02 3.524295617988990870e+01
1.241026197114151870e+02 3.519313815583695515e+01
1.241895313506091867e+02 3.514368230451379560e+01
1.242766485676410326e+02 3.509458948676918766e+01
1.243639698461129370e+02 3.504586055713274106e+01
1.244514936660750664e+02 3.499749636380010287e+01
1.245392185040521014e+02 3.494949774861814262e+01
1.246271428330696835e+02 3.490186554707037203e+01
1.247152651226810747e+02 3.485460058826232199e+01
1.248035838389937453e+02 3.480770369490714700e+01
1.248920974446960344e+02 3.476117568331132901e+01
1.249808043990840076e+02 3.471501736336043109e+01
1.250697031580882168e+02 3.466922953850499312e+01
1.251587921743006007e+02 3.462381300574659804e+01
1.252480698970013293e+02 3.457876855562394525e+01
1.253375347721859470e+02 3.453409697219912999e+01
1.254271852425923441e+02 3.448979903304394412e+01
1.255170197477278009e+02 3.444587550922641839e+01
1.256070367238962717e+02 3.440232716529733636e+01
1.256972346042255140e+02 3.435915475927693308e+01
1.257876118186944581e+02 3.431635904264172865e+01
1.258781667941603502e+02 3.427394076031145431e+01
1.259688979543863638e+02 3.423190065063602816e+01
1.260598037200688992e+02 3.419023944538275828e+01
1.261508825088650667e+02 3.414895786972359559e+01
1.262421327354203129e+02 3.410805664222249334e+01
1.263335528113959469e+02 3.406753647482291569e+01
1.264251411454968377e+02 3.402739807283542461e+01
1.265168961434989967e+02 3.398764213492543718e+01
1.266088162082775170e+02 3.394826935310102556e+01
1.267008997398342558e+02 3.390928041270090887e+01
1.267931451353256307e+02 3.387067599238250182e+01
1.268855507890906722e+02 3.383245676411008418e+01
1.269781150926788342e+02 3.379462339314316210e+01
1.270708364348780748e+02 3.375717653802482232e+01
1.271637132017428655e+02 3.372011685057031372e+01
1.272567437766222724e+02 3.368344497585567865e+01
1.273499265401881644e+02 3.364716155220654059e+01
1.274432598704633506e+02 3.361126721118697702e+01
1.275367421428497323e+02 3.357576257758854155e+01
1.276303717301567389e+02 3.354064826941937838e+01
1.277241470026295929e+02 3.350592489789345052e+01
1.278180663279775757e+02 3.347159306741997398e+01
1.279121280714025914e+02 3.343765337559276674e+01
1.280063305956275599e+02 3.340410641317997431e+01
1.281006722609249096e+02 3.337095276411371003e+01
1.281951514251450419e+02 3.333819300547992270e+01
1.282897664437451226e+02 3.330582770750835664e+01
1.283845156698174890e+02 3.327385743356258274e+01
1.284793974541184411e+02 3.324228274013023565e+01
1.285744101450969481e+02 3.321110417681332194e+01
1.286695520889232967e+02 3.318032228631864911e+01
1.287648216295179964e+02 3.314993760444835402e+01
1.288602171085804855e+02 3.311995066009062327e+01
1.289557368656182064e+02 3.309036197521044187e+01
1.290513792379751976e+02 3.306117206484053384e+01
1.291471425608613686e+02 3.303238143707238805e+01
1.292430251673811767e+02 3.300399059304744753e+01
1.293390253885628454e+02 3.297600002694831289e+01
1.294351415533873819e+02 3.294841022599019453e+01
1.295313719888175399e+02 3.292122167041245007e+01
1.296277150198270931e+02 3.289443483347015729e+01
1.297241689694299112e+02 3.286805018142595003e+01
1.298207321587092338e+02 3.284206817354183272e+01
1.299174029068467178e+02 3.281648926207125072e+01
1.300141795311518820e+02 3.279131389225117488e+01
1.301110603470913247e+02 3.276654250229436371e+01
1.302080436683179983e+02 3.274217552338174642e+01
1.303051278067005967e+02 3.271821337965491239e+01
1.304023110723530294e+02 3.269465648820869319e+01
1.304995917736637239e+02 3.267150525908397896e+01
1.305969682173250135e+02 3.264876009526049927e+01
1.306944387083628385e+02 3.262642139264986696e+01
1.307920015501660487e+02 3.260448954008865030e+01
1.308896550445159619e+02 3.258296491933162997e+01
1.309873974916160080e+02 3.256184790504514126e+01
1.310852271901212589e+02 3.254113886480055839e+01
1.311831424371680725e+02 3.252083815906787834e+01
1.312811415284036514e+02 3.250094614120947512e+01
1.313792227580158567e+02 3.248146315747393942e+01
1.314773844187627674e+02 3.246238954699002477e+01
1.315756248020024373e+02 3.244372564176078555e+01
1.316739421977226243e+02 3.242547176665777897e+01
1.317723348945706903e+02 3.240762823941540205e+01
1.318708011798831308e+02 3.239019537062536358e+01
1.319693393397156171e+02 3.237317346373131954e+01
1.320679476588726970e+02 3.235656281502349430e+01
1.321666244209377510e+02 3.234036371363364282e+01
1.322653679083027782e+02 3.232457644152992771e+01
1.323641764021982965e+02 3.230920127351205906e+01
1.324630481827233837e+02 3.229423847720647700e+01
1.325619815288754353e+02 3.227968831306172603e+01
1.326609747185802632e+02 3.226555103434390048e+01
1.327600260287219953e+02 3.225182688713223911e+01
1.328591337351731170e+02 3.223851611031484765e+01
1.329582961128243994e+02 3.222561893558456347e+01
1.330575114356150550e+02 3.221313558743484862e+01
1.331567779765626653e+02 3.220106628315598130e+01
1.332560940077933367e+02 3.218941123283116212e+01
1.333554578005716280e+02 3.217817063933298982e+01
1.334548676253308486e+02 3.216734469831979482e+01
1.335543217517030428e+02 3.215693359823234232e+01
1.336538184485490319e+02 3.214693752029049278e+01
1.337533559839887118e+02 3.213735663849004709e+01
1.338529326254311229e+02 3.212819111959974805e+01
1.339525466396046340e+02 3.211944112315836009e+01
1.340521962925869843e+02 3.211110680147189100e+01
1.341518798498357228e+02 3.210318829961094877e+01
1.342515955762181079e+02 3.209568575540820490e+01
1.343513417360415190e+02 3.208859929945600697e+01
1.344511165930836114e+02 3.208192905510409787e+01
1.345509184106224438e+02 3.207567513845748408e+01
1.346507454514669178e+02 3.206983765837438227e+01
1.347505959779867624e+02 3.206441671646434344e+01
1.348504682521429743e+02 3.205941240708651208e+01
1.349503605355179729e+02 3.205482481734793510e+01
1.350502710893459266e+02 3.205065402710206968e+01
1.351501981745429077e+02 3.204690010894739771e+01
1.352501400517373327e+02 3.204356312822614683e+01
1.353500949813001171e+02 3.204064314302316063e+01
1.354500612233748882e+02 3.203814020416490393e+01
1.355500370379084814e+02 3.203605435521853906e+01
1.356500206846810386e+02 3.203438563249122240e+01
1.357500104233364198e+02 3.203313406502940097e+01
1.358500045134123866e+02 3.203229967461839323e+01
1.359500012143710421e+02 3.203188247578191294e+01
1.360499987856289579e+02 3.203188247578191294e+01
1.361499954865875850e+02 3.203229967461839323e+01
1.362499895766635802e+02 3.203313406502940097e+01
1.363499793153189330e+02 3.203438563249122240e+01
1.364499629620915186e+02 3.203605435521853906e+01
1.365499387766251118e+02 3.203814020416490393e+01
1.366499050186998829e+02 3.204064314302316063e+01
1.367498599482626389e+02 3.204356312822614683e+01
1.368498018254570638e+02 3.204690010894739771e+01
1.369497289106540734e+02 3.205065402710206968e+01
1.370496394644819986e+02 3.205482481734793510e+01
1.371495317478570257e+02 3.205941240708651208e+01
1.372494040220132376e+02 3.206441671646434344e+01
1.373492545485330538e+02 3.206983765837438227e+01
1.374490815893775277e+02 3.207567513845748408e+01
1.375488834069163886e+02 3.208192905510409787e+01
1.376486582639584526e+02 3.208859929945600697e+01
1.377484044237818637e+02 3.209568575540819779e+01
1.378481201501642772e+02 3.210318829961094877e+01
1.379478037074129873e+02 3.211110680147189100e+01
1.380474533603953660e+02 3.211944112315836009e+01
1.381470673745688771e+02 3.212819111959974805e+01
1.382466440160112882e+02 3.213735663849004709e+01
1.383461815514509681e+02 3.214693752029049278e+01
1.384456782482969572e+02 3.215693359823234232e+01
1.385451323746691230e+02 3.216734469831979482e+01
1.386445421994283436e+02 3.217817063933298982e+01
1.387439059922066633e+02 3.218941123283116212e+01
1.388432220234373062e+02 3.220106628315598130e+01
1.389424885643849450e+02 3.221313558743484862e+01
1.390417038871755722e+02 3.222561893558456347e+01
1.391408662648268830e+02 3.223851611031484765e+01
1.392399739712780047e+02 3.225182688713223911e+01
1.393390252814197368e+02 3.226555103434389338e+01
1.394380184711245363e+02 3.227968831306171893e+01
1.395369518172766163e+02 3.229423847720647700e+01
1.396358235978017035e+02 3.230920127351205906e+01
1.397346320916972218e+02 3.232457644152992771e+01
1.398333755790622206e+02 3.234036371363363571e+01
1.399320523411273030e+02 3.235656281502349430e+01
1.400306606602843829e+02 3.237317346373131244e+01
1.401291988201168408e+02 3.239019537062536358e+01
1.402276651054293097e+02 3.240762823941540205e+01
1.403260578022773473e+02 3.242547176665777897e+01
1.404243751979975627e+02 3.244372564176078555e+01
1.405226155812372042e+02 3.246238954699001766e+01
1.406207772419841433e+02 3.248146315747393942e+01
1.407188584715963202e+02 3.250094614120947512e+01
1.408168575628319275e+02 3.252083815906787123e+01
1.409147728098787411e+02 3.254113886480055839e+01
1.410126025083839920e+02 3.256184790504514126e+01
1.411103449554840381e+02 3.258296491933162997e+01
1.412079984498339513e+02 3.260448954008864320e+01
1.413055612916371331e+02 3.262642139264985985e+01
1.414030317826749581e+02 3.264876009526049927e+01
1.415004082263362761e+02 3.267150525908397185e+01
1.415976889276469706e+02 3.269465648820869319e+01
1.416948721932994033e+02 3.271821337965491239e+01
1.417919563316820017e+02 3.274217552338174642e+01
1.418889396529086468e+02 3.276654250229436371e+01
1.419858204688480896e+02 3.279131389225116777e+01
1.420825970931532538e+02 3.281648926207124362e+01
1.421792678412907378e+02 3.284206817354183272e+01
1.422758310305700604e+02 3.286805018142595003e+01
1.423722849801729069e+02 3.289443483347015729e+01
1.424686280111824601e+02 3.292122167041245007e+01
1.425648584466126181e+02 3.294841022599019453e+01
1.426609746114371262e+02 3.297600002694831289e+01
1.427569748326187948e+02 3.300399059304744753e+01
1.428528574391386030e+02 3.303238143707238805e+01
1.429486207620247740e+02 3.306117206484053384e+01
1.430442631343817936e+02 3.309036197521043476e+01
1.431397828914194861e+02 3.311995066009061617e+01
1.432351783704820036e+02 3.314993760444835402e+01
1.433304479110767033e+02 3.318032228631864200e+01
1.434255898549030519e+02 3.321110417681332194e+01
1.435206025458815304e+02 3.324228274013022855e+01
1.436154843301825110e+02 3.327385743356257564e+01
1.437102335562548774e+02 3.330582770750835664e+01
1.438048485748549581e+02 3.333819300547992270e+01
1.438993277390750904e+02 3.337095276411371003e+01
1.439936694043724401e+02 3.340410641317997431e+01
1.440878719285973943e+02 3.343765337559275963e+01
1.441819336720224101e+02 3.347159306741997398e+01
1.442758529973704071e+02 3.350592489789345052e+01
1.443696282698432469e+02 3.354064826941937838e+01
1.444632578571502677e+02 3.357576257758853444e+01
1.445567401295366494e+02 3.361126721118696992e+01
1.446500734598118356e+02 3.364716155220654059e+01
1.447432562233777276e+02 3.368344497585567865e+01
1.448362867982571345e+02 3.372011685057030661e+01
1.449291635651219110e+02 3.375717653802482232e+01
1.450218849073211516e+02 3.379462339314315500e+01
1.451144492109092994e+02 3.383245676411007707e+01
1.452068548646743693e+02 3.387067599238250182e+01
1.452991002601657442e+02 3.390928041270090887e+01
1.453911837917224830e+02 3.394826935310102556e+01
1.454831038565010033e+02 3.398764213492542297e+01
1.455748588545031623e+02 3.402739807283541040e+01
1.456664471886040531e+02 3.406753647482291569e+01
1.457578672645796587e+02 3.410805664222249334e+01
1.458491174911349049e+02 3.414895786972358849e+01
1.459401962799310866e+02 3.419023944538275117e+01
1.460311020456136362e+02 3.423190065063602106e+01
1.461218332058396356e+02 3.427394076031144721e+01
1.462123881813055277e+02 3.431635904264172154e+01
1.463027653957744860e+02 3.435915475927693308e+01
1.463929632761037283e+02 3.440232716529733636e+01
1.464829802522721991e+02 3.444587550922641839e+01
1.465728147574076559e+02 3.448979903304393702e+01
1.466624652278140388e+02 3.453409697219912289e+01
1.467519301029986707e+02 3.457876855562394525e+01
1.468412078256993993e+02 3.462381300574659093e+01
1.469302968419117690e+02 3.466922953850499312e+01
1.470191956009159924e+02 3.471501736336042399e+01
1.471079025553039514e+02 3.476117568331132190e+01
1.471964161610062547e+02 3.480770369490713989e+01
1.472847348773189253e+02 3.485460058826231489e+01
1.473728571669303165e+02 3.490186554707036493e+01
1.474607814959478844e+02 3.494949774861814262e+01
1.475485063339249336e+02 3.499749636380009576e+01
1.476360301538870488e+02 3.504586055713274106e+01
1.477233514323589532e+02 3.509458948676918055e+01
1.478104686493907991e+02 3.514368230451378849e+01
1.478973802885847988e+02 3.519313815583694804e+01
1.479840848371214292e+02 3.524295617988990159e+01
1.480705807857859497e+02 3.529313550951980005e+01
1.481568666289945497e+02 3.534367527128475217e+01
1.482429408648206959e+02 3.539457458546905144e+01
1.483288019950210241e+02 3.544583256609843147e+01
1.484144485250616867e+02 3.549744832095557001e+01
1.484998789641442727e+02 3.554942095159557880e+01
1.485850918252316148e+02 3.560174955336162839e+01
1.486700856250739093e+02 3.565443321540071508e+01
1.487548588842343804e+02 3.570747102067951317e+01
1.488394101271150873e+02 3.576086204600035501e+01
1.489237378819825608e+02 3.581460536201724665e+01
1.490078406809934961e+02 3.586870003325208245e+01
1.490917170602202759e+02 3.592314511811096622e+01
1.491753655596763508e+02 3.597793966890049688e+01
1.492587847233418472e+02 3.603308273184437382e+01
1.493419730991886922e+02 3.608857334709993125e+01
1.494249292392061648e+02 3.614441054877488568e+01
1.495076516994257361e+02 3.620059336494409763e+01
1.495901390399465072e+02 3.625712081766653228e+01
1.496723898249602200e+02 3.631399192300230538e+01
1.497544026227760980e+02 3.637120569102971501e+01
1.498361760058459140e+02 3.642876112586256454e+01
1.499177085507887739e+02 3.648665722566747149e+01
1.499989988384159574e+02 3.654489298268130426e+01
1.500800454537555026e+02 3.660346738322868276e+01
1.501608469860769333e+02 3.666237940773969228e+01
1.502414020289158714e+02 3.672162803076760440e+01
1.503217091800982814e+02 3.678121222100667609e+01
1.504017670417651402e+02 3.684113094131018329e+01
1.504815742203966238e+02 3.690138314870843317e+01
1.505611293268364363e+02 3.696196779442691138e+01
1.506404309763159119e+02 3.702288382390453592e+01
1.507194777884781161e+02 3.708413017681202462e+01
1.507982683874020609e+02 3.714570578707039772e+01
1.508768014016263805e+02 3.720760958286940934e+01
1.509550754641733477e+02 3.726984048668633420e+01
1.510330892125727189e+02 3.733239741530466915e+01
1.511108412888853820e+02 3.739527927983299094e+01
1.511883303397268605e+02 3.745848498572387086e+01
1.512655550162911879e+02 3.752201343279301682e+01
1.513425139743740999e+02 3.758586351523835845e+01
1.514192058743965390e+02 3.765003412165926022e+01
1.514956293814280173e+02 3.771452413507598322e+01
1.515717831652097800e+02 3.777933243294902610e+01
1.516476659001779979e+02 3.784445788719871473e+01
1.517232762654867884e+02 3.790989936422479190e+01
1.517986129450312376e+02 3.797565572492619879e+01
1.518736746274704217e+02 3.804172582472091335e+01
1.519484600062500306e+02 3.810810851356576734e+01
1.520229677796252190e+02 3.817480263597660439e+01
1.520971966506832871e+02 3.824180703104831025e+01
1.521711453273662187e+02 3.830912053247504900e+01
1.522448125224931346e+02 3.837674196857049935e+01
1.523181969537828024e+02 3.844467016228837508e+01
1.523912973438758627e+02 3.851290393124282474e+01
1.524641124203570257e+02 3.858144208772897343e+01
1.525366409157774115e+02 3.865028343874372041e+01
1.526088815676764057e+02 3.871942678600640875e+01
1.526808331186037719e+02 3.878887092597972241e+01
1.527524943161413660e+02 3.885861464989059755e+01
1.528238639129251908e+02 3.892865674375131846e+01
1.528949406666669404e+02 3.899899598838062076e+01
1.529657233401755434e+02 3.906963115942488685e+01
1.530362107013789625e+02 3.914056102737950482e+01
1.531064015233453972e+02 3.921178435761024161e+01
1.531762945843047703e+02 3.928329991037475111e+01
1.532458886676699024e+02 3.935510644084411780e+01
1.533151825620577995e+02 3.942720269912456388e+01
1.533841750613106285e+02 3.949958743027922026e+01
1.534528649645168059e+02 3.957225937434986207e+01
1.535212510760318310e+02 3.964521726637899235e+01
1.535893322054991472e+02 3.971845983643177647e+01
1.536571071678708051e+02 3.979198580961814002e+01
1.537245747834281531e+02 3.986579390611497331e+01
1.537917338778023577e+02 3.993988284118842103e+01
1.538585832819948109e+02 4.001425132521626438e+01
1.539251218323974513e+02 4.008889806371028186e+01
1.539913483708131707e+02 4.016382175733889426e+01
1.540572617444757668e+02 4.023902110194970305e+01
1.541228608060701788e+02 4.031449478859224200e+01
1.541881444137523545e+02 4.039024150354068610e+01
1.542531114311691454e+02 4.046625992831680918e+01
1.543177607274782019e+02 4.054254873971289896e+01
1.543820911773674425e+02 4.061910660981474308e+01
1.544461016610747777e+02 4.069593220602481409e+01
1.545097910644076364e+02 4.077302419108542608e+01
1.545731582787622642e+02 4.085038122310203335e+01
1.546362022011430213e+02 4.092800195556654330e+01
1.546989217341817380e+02 4.100588503738081414e+01
1.547613157861565583e+02 4.108402911288013826e+01
1.548233832710111813e+02 4.116243282185685359e+01
1.548851231083735911e+02 4.124109479958396207e+01
1.549465342235750427e+02 4.132001367683900384e+01
1.550076155476685642e+02 4.139918807992779648e+01
1.550683660174476870e+02 4.147861663070833771e+01
1.551287845754649481e+02 4.155829794661485721e+01
1.551888701700502793e+02 4.163823064068186142e+01
1.552486217553292818e+02 4.171841332156825644e+01
1.553080382912414734e+02 4.179884459358154913e+01
1.553671187435583647e+02 4.187952305670220454e+01
1.554258620839015350e+02 4.196044730660797484e+01
1.554842672897603677e+02 4.204161593469829938e+01
1.555423333445100411e+02 4.212302752811893924e+01
1.556000592374291216e+02 4.220468066978645538e+01
1.556574439637171565e+02 4.228657393841296397e+01
1.557144865245121252e+02 4.236870590853077090e+01
1.557711859269079753e+02 4.245107515051728342e+01
1.558275411839717890e+02 4.253368023061989334e+01
1.558835513147608935e+02 4.261651971098081049e+01
1.559392153443401128e+02 4.269959214966225858e+01
1.559945323037986782e+02 4.278289610067145077e+01
1.560495012302669693e+02 4.286643011398583525e+01
1.561041211669333961e+02 4.295019273557824846e+01
1.561583911630610828e+02 4.303418250744232409e+01
1.562123102740043521e+02 4.311839796761783816e+01
1.562658775612250963e+02 4.320283765021607536e+01
1.563190920923092904e+02 4.328750008544547256e+01
1.563719529409830216e+02 4.337238379963712021e+01
1.564244591871288890e+02 4.345748731527047681e+01
1.564766099168016353e+02 4.354280915099896276e+01
1.565284042222444327e+02 4.362834782167590220e+01
1.565798412019044576e+02 4.371410183838030861e+01
1.566309199604486366e+02 4.380006970844272018e+01
1.566816396087792214e+02 4.388624993547131226e+01
1.567319992640493638e+02 4.397264101937788894e+01
1.567819980496783216e+02 4.405924145640400269e+01
1.568316350953668348e+02 4.414604973914705965e+01
1.568809095371121884e+02 4.423306435658666658e+01
1.569298205172234191e+02 4.432028379411090668e+01
1.569783671843359514e+02 4.440770653354261555e+01
1.570265486934267471e+02 4.449533105316591985e+01
1.570743642058287719e+02 4.458315582775266250e+01
1.571218128892456889e+02 4.467117932858900531e+01
1.571688939177663542e+02 4.475940002350191094e+01
1.572156064718791697e+02 4.484781637688598011e+01
1.572619497384863791e+02 4.493642684973009693e+01
1.573079229109181369e+02 4.502522989964416666e+01
1.573535251889466338e+02 4.511422398088607366e+01
1.573987557788000231e+02 4.520340754438851860e+01
1.574436138931762059e+02 4.529277903778601200e+01
1.574880987512565014e+02 4.538233690544182508e+01
1.575322095787193462e+02 4.547207958847516807e+01
1.575759456077536527e+02 4.556200552478830446e+01
1.576193060770722525e+02 4.565211314909363693e+01
1.576622902319251409e+02 4.574240089294110589e+01
1.577048973241125225e+02 4.583286718474537480e+01
1.577471266119979987e+02 4.592351044981327135e+01
1.577889773605213577e+02 4.601432911037108653e+01
1.578304488412113642e+02 4.610532158559216498e+01
1.578715403321984923e+02 4.619648629162437459e+01
1.579122511182275161e+02 4.628782164161757606e+01
1.579525804906698170e+02 4.637932604575141227e+01
1.579925277475359451e+02 4.647099791126288437e+01
1.580320921934875855e+02 4.656283564247409856e+01
1.580712731398498931e+02 4.665483764081997720e+01
1.581100699046232876e+02 4.674700230487620445e+01
1.581484818124954472e+02 4.683932803038705117e+01
1.581865081948530474e+02 4.693181321029322817e+01
1.582241483897933563e+02 4.702445623475992420e+01
1.582614017421357460e+02 4.711725549120487244e+01
1.582982676034331746e+02 4.721020936432631743e+01
1.583347453319834415e+02 4.730331623613123782e+01
1.583708342928402715e+02 4.739657448596338440e+01
1.584065338578245132e+02 4.748998249053160237e+01
1.584418434055349394e+02 4.758353862393806821e+01
1.584767623213591605e+02 4.767724125770649835e+01
1.585112899974843117e+02 4.777108876081062050e+01
1.585454258329075117e+02 4.786507949970248887e+01
1.585791692334465210e+02 4.795921183834096269e+01
1.586125196117499172e+02 4.805348413822009945e+01
1.586454763873074114e+02 4.814789475839777566e+01
1.586780389864599101e+02 4.824244205552423637e+01
1.587102068424094909e+02 4.833712438387058086e+01
1.587419793952294071e+02 4.843194009535758937e+01
1.587733560918735520e+02 4.852688753958428691e+01
1.588043363861863781e+02 4.862196506385672023e+01
1.588349197389122196e+02 4.871717101321665666e+01
1.588651056177047565e+02 4.881250373047050317e+01
1.588948934971363087e+02 4.890796155621809049e+01
1.589242828587068175e+02 4.900354282888149982e+01
1.589532731908530820e+02 4.909924588473411688e+01
1.589818639889575991e+02 4.919506905792948004e+01
1.590100547553572028e+02 4.929101068053034851e+01
1.590378449993519325e+02 4.938706908253762862e+01
1.590652342372134456e+02 4.948324259191960550e+01
1.590922219921935152e+02 4.957952953464093326e+01
1.591188077945322448e+02 4.967592823469174590e+01
1.591449911814663096e+02 4.977243701411694587e+01
1.591707716972370008e+02 4.986905419304532217e+01
1.591961488930981261e+02 4.996577808971884593e+01
1.592211223273238545e+02 5.006260702052185252e+01
1.592456915652163900e+02 5.015953930001047212e+01
1.592698561791135603e+02 5.025657324094190415e+01
1.592936157483962347e+02 5.035370715430372712e+01
1.593169698594956571e+02 5.045093934934341462e+01
1.593399181059006366e+02 5.054826813359770199e+01
1.593624600881646245e+02 5.064569181292205968e+01
1.593845954139126491e+02 5.074320869152011682e+01
1.594063236978482507e+02 5.084081707197330502e+01
1.594276445617600189e+02 5.093851525527033886e+01
1.594485576345282709e+02 5.103630154083671755e+01
1.594690625521315894e+02 5.113417422656446121e+01
1.594891589576529327e+02 5.123213160884166228e+01
1.595088465012861434e+02 5.133017198258215075e+01
1.595281248403417464e+02 5.142829364125513791e+01
1.595469936392531167e+02 5.152649487691499530e+01
1.595654525695822485e+02 5.162477398023094821e+01
1.595835013100254400e+02 5.172312924051678351e+01
1.596011395464189775e+02 5.182155894576070665e+01
1.596183669717445071e+02 5.192006138265509918e+01
1.596351832861344633e+02 5.201863483662635446e+01
1.596515881968771282e+02 5.211727759186466358e+01
1.596675814184220314e+02 5.221598793135397898e+01
1.596831626723845545e+02 5.231476413690185012e+01
1.596983316875511036e+02 5.241360448916934445e+01
1.597130881998835150e+02 5.251250726770090438e+01
1.597274319525240003e+02 5.261147075095442460e+01
1.597413626957992960e+02 5.271049321633113749e+01
1.597548801872252398e+02 5.280957294020554826e+01
1.597679841915108057e+02 5.290870819795557622e+01
1.597806744805623680e+02 5.300789726399245438e+01
1.597929508334875948e+02 5.310713841179082806e+01
1.598048130365992563e+02 5.320642991391874688e+01
1.598162608834190337e+02 5.330577004206780600e+01
1.598272941746809863e+02 5.340515706708321630e+01
1.598379127183351613e+02 5.350458925899380347e+01
1.598481163295508622e+02 5.360406488704228423e+01
1.598579048307198605e+02 5.370358221971526547e+01
1.598672780514595217e+02 5.380313952477345651e+01
1.598762358286157337e+02 5.390273506928173219e+01
1.598847780062657478e+02 5.400236711963941616e+01
1.598929044357209932e+02 5.410203394161038659e+01
1.599006149755294359e+02 5.420173380035323163e+01
1.599079094914783354e+02 5.430146496045152560e+01
1.599147878565963765e+02 5.440122568594399155e+01
1.599212499511558860e+02 5.450101424035474906e+01
1.599272956626750215e+02 5.460082888672344126e+01
1.599329248859196753e+02 5.470066788763561760e+01
1.599381375229052651e+02 5.480052950525290356e+01
1.599429334828985532e+02 5.490041200134317734e+01
1.599473126824190388e+02 5.500031363731095979e+01
1.599512750452406351e+02 5.510023267422761251e+01
1.599548205023928062e+02 5.520016737286159980e+01
1.599579489921619029e+02 5.530011599370873654e+01
1.599606604600921571e+02 5.540007679702255672e+01
1.599629548589866204e+02 5.550004804284452575e+01
1.599648321489080729e+02 5.560002799103430959e+01
1.599662922971796490e+02 5.570001490130012911e+01
1.599673352783853773e+02 5.580000703322902211e+01
1.599679610743707485e+02 5.590000264631714089e+01
1.599681696742428585e+02 5.599999999999999289e+01
