2.146262888648746241e+02 2.031632981626064804e+02
2.145284085356006756e+02 2.031837784248417336e+02
2.144305282063267271e+02 2.032042586870769867e+02
2.143326478770527785e+02 2.032247389493122398e+02
2.142347675477788300e+02 2.032452192115474929e+02
2.141368872185048815e+02 2.032656994737827461e+02
2.140390068892309330e+02 2.032861797360179992e+02
2.139411265599569845e+02 2.033066599982532523e+02
2.138432462306830359e+02 2.033271402604885054e+02
2.137453659014090874e+02 2.033476205227237585e+02
2.136474855721351389e+02 2.033681007849590117e+02
2.135496052428611904e+02 2.033885810471942648e+02
2.134517249135872419e+02 2.034090613094295179e+02
2.133538445843132934e+02 2.034295415716647710e+02
2.132559642550393448e+02 2.034500218339000241e+02
2.131580839257653963e+02 2.034705020961352773e+02
2.130602035964914478e+02 2.034909823583705304e+02
2.129623232672174993e+02 2.035114626206057835e+02
2.128644429379435508e+02 2.035319428828410366e+02
2.127665626086696022e+02 2.035524231450762898e+02
2.126686822793956537e+02 2.035729034073115429e+02
2.125708019501217052e+02 2.035933836695467960e+02
2.124729216208477567e+02 2.036138639317820491e+02
2.123750412915738082e+02 2.036343441940173022e+02
2.122771609622998596e+02 2.036548244562525554e+02
2.121792806330259111e+02 2.036753047184878085e+02
2.120814003037519626e+02 2.036957849807230616e+02
2.119835199744780141e+02 2.037162652429583147e+02
2.118856396452040656e+02 2.037367455051935679e+02
2.117877593159301171e+02 2.037572257674288210e+02
2.116898789866561685e+02 2.037777060296640741e+02
2.115919986573822200e+02 2.037981862918993272e+02
2.114941183281082715e+02 2.038186665541345803e+02
2.113962379988343230e+02 2.038391468163698335e+02
2.112983576695603745e+02 2.038596270786050866e+02
2.112004773402864259e+02 2.038801073408403397e+02
2.111025970110124774e+02 2.039005876030755928e+02
2.110047166817385289e+02 2.039210678653108459e+02
2.109068363524645804e+02 2.039415481275460991e+02
2.108089560231906319e+02 2.039620283897813522e+02
2.107110756939166833e+02 2.039825086520166053e+02
2.106131953646427348e+02 2.040029889142518584e+02
2.105153150353687863e+02 2.040234691764871116e+02
2.104174347060948378e+02 2.040439494387223647e+02
2.103195543768208893e+02 2.040644297009576178e+02
2.102216740475469408e+02 2.040849099631928709e+02
2.101237937182729922e+02 2.041053902254281240e+02
2.100259133889990437e+02 2.041258704876633772e+02
2.099280330597250952e+02 2.041463507498986303e+02
2.098301527304511467e+02 2.041668310121338834e+02
2.097322724011771982e+02 2.041873112743691365e+02
2.096343920719032496e+02 2.042077915366043896e+02
2.095365117426293011e+02 2.042282717988396428e+02
2.094386314133553526e+02 2.042487520610748959e+02
2.093407510840814041e+02 2.042692323233101490e+02
2.092428707548074556e+02 2.042897125855454021e+02
2.091449904255335071e+02 2.043101928477806553e+02
2.090471100962595585e+02 2.043306731100159084e+02
2.089492297669856100e+02 2.043511533722511615e+02
2.088513494377116615e+02 2.043716336344864146e+02
2.087534691084377130e+02 2.043921138967216677e+02
2.086555887791637645e+02 2.044125941589569209e+02
2.085577084498898159e+02 2.044330744211921740e+02
2.084598281206158674e+02 2.044535546834274271e+02
2.083619477913419189e+02 2.044740349456626802e+02
2.082640674620679704e+02 2.044945152078979334e+02
2.081661871327940219e+02 2.045149954701331865e+02
2.080683068035200733e+02 2.045354757323684396e+02
2.079704264742461248e+02 2.045559559946036927e+02
2.078725461449721763e+02 2.045764362568389458e+02
2.077746658156982278e+02 2.045969165190741990e+02
2.076767854864242793e+02 2.046173967813094521e+02
2.075789051571503308e+02 2.046378770435447052e+02
2.074810248278763822e+02 2.046583573057799583e+02
2.073831444986024337e+02 2.046788375680152114e+02
2.072852641693284852e+02 2.046993178302504646e+02
2.071873838400545367e+02 2.047197980924857177e+02
2.070895035107805882e+02 2.047402783547209708e+02
2.069916231815066396e+02 2.047607586169562239e+02
2.068937428522326911e+02 2.047812388791914771e+02
2.067958625229587426e+02 2.048017191414267302e+02
2.066979821936847941e+02 2.048221994036619833e+02
2.066001018644108456e+02 2.048426796658972364e+02
2.065022215351368970e+02 2.048631599281324895e+02
2.064043412058629485e+02 2.048836401903677427e+02
2.063064608765890000e+02 2.049041204526029958e+02
2.062085805473150515e+02 2.049246007148382489e+02
2.061107002180411030e+02 2.049450809770735020e+02
2.060128198887671545e+02 2.049655612393087551e+02
2.059149395594932059e+02 2.049860415015440083e+02
2.058170592302192574e+02 2.050065217637792614e+02
2.057191789009453089e+02 2.050270020260145145e+02
2.056212985716713604e+02 2.050474822882497676e+02
2.055234182423974119e+02 2.050679625504850208e+02
2.054255379131234633e+02 2.050884428127202739e+02
2.053276575838495148e+02 2.051089230749555270e+02
2.052297772545755663e+02 2.051294033371907801e+02
2.051318969253016178e+02 2.051498835994260332e+02
2.050340165960276693e+02 2.051703638616612864e+02
2.049361362667537207e+02 2.051908441238965395e+02
2.048382559374797722e+02 2.052113243861317926e+02
2.047403756082058237e+02 2.052318046483670457e+02
2.046424952789318752e+02 2.052522849106022989e+02
2.045446149496579267e+02 2.052727651728375520e+02
2.044467346203839782e+02 2.052932454350728051e+02
2.043488542911100296e+02 2.053137256973080582e+02
2.042509739618360811e+02 2.053342059595433113e+02
2.041530936325621326e+02 2.053546862217785645e+02
2.040552133032881841e+02 2.053751664840138176e+02
2.039573329740142356e+02 2.053956467462490707e+02
2.038594526447402870e+02 2.054161270084843238e+02
2.037615723154663385e+02 2.054366072707195769e+02
2.036636919861923900e+02 2.054570875329548301e+02
2.035658116569184415e+02 2.054775677951900832e+02
2.034679313276444930e+02 2.054980480574253363e+02
2.033700509983705444e+02 2.055185283196605894e+02
2.032721706690965959e+02 2.055390085818958426e+02
2.031742903398226474e+02 2.055594888441310957e+02
2.030764100105486989e+02 2.055799691063663488e+02
2.029785296812747504e+02 2.056004493686016019e+02
2.028806493520008019e+02 2.056209296308368550e+02
2.027827690227268533e+02 2.056414098930721082e+02
2.026848886934529048e+02 2.056618901553073613e+02
2.025870083641789563e+02 2.056823704175426144e+02
2.024891280349050078e+02 2.057028506797778675e+02
2.023912477056310593e+02 2.057233309420131206e+02
2.022933673763571107e+02 2.057438112042483738e+02
2.021954870470831622e+02 2.057642914664836269e+02
2.020976067178092137e+02 2.057847717287188800e+02
2.019997263885352652e+02 2.058052519909541331e+02
2.019018460592613167e+02 2.058257322531893863e+02
2.018039657299873681e+02 2.058462125154246394e+02
2.017060854007134196e+02 2.058666927776598925e+02
2.016082050714394711e+02 2.058871730398951456e+02
2.015103247421655226e+02 2.059076533021303987e+02
2.014124444128915741e+02 2.059281335643656519e+02
2.013145640836176256e+02 2.059486138266009050e+02
2.012166837543436770e+02 2.059690940888361581e+02
2.011188034250697285e+02 2.059895743510714112e+02
2.010209230957957800e+02 2.060100546133066644e+02
2.009230427665218315e+02 2.060305348755419175e+02
2.008251624372478830e+02 2.060510151377771706e+02
2.007272821079739344e+02 2.060714954000124237e+02
2.006294017786999859e+02 2.060919756622476768e+02
2.005315214494260374e+02 2.061124559244829300e+02
2.004336411201520889e+02 2.061329361867181831e+02
2.003357607908781404e+02 2.061534164489534362e+02
2.002378804616041919e+02 2.061738967111886893e+02
2.001400001323302433e+02 2.061943769734239424e+02
2.000421198030562948e+02 2.062148572356591956e+02
1.999442394737823463e+02 2.062353374978944487e+02
1.998463591445083978e+02 2.062558177601297018e+02
1.997484788152344493e+02 2.062762980223649549e+02
1.996505984859605007e+02 2.062967782846002081e+02
1.995527181566865522e+02 2.063172585468354612e+02
1.994548378274126037e+02 2.063377388090707143e+02
1.993569574981386552e+02 2.063582190713059674e+02
1.992590771688647067e+02 2.063786993335412205e+02
1.991611968395907581e+02 2.063991795957764737e+02
1.990633165103168096e+02 2.064196598580117268e+02
1.989654361810428611e+02 2.064401401202469799e+02
1.988675558517689126e+02 2.064606203824822330e+02
1.987696755224949641e+02 2.064811006447174861e+02
1.986717951932210156e+02 2.065015809069527393e+02
1.985739148639470670e+02 2.065220611691879924e+02
1.984760345346731185e+02 2.065425414314232455e+02
1.983781542053991700e+02 2.065630216936584986e+02
1.982802738761252215e+02 2.065835019558937518e+02
1.981823935468512730e+02 2.066039822181290049e+02
1.980845132175773244e+02 2.066244624803642580e+02
1.979866328883033759e+02 2.066449427425995111e+02
1.978887525590294274e+02 2.066654230048347642e+02
1.977908722297554789e+02 2.066859032670700174e+02
1.976929919004815304e+02 2.067063835293052705e+02
1.975951115712075818e+02 2.067268637915405236e+02
1.974972312419336333e+02 2.067473440537757767e+02
1.973993509126596848e+02 2.067678243160110299e+02
1.973014705833857363e+02 2.067883045782462830e+02
1.972035902541117878e+02 2.068087848404815361e+02
1.971057099248378393e+02 2.068292651027167892e+02
1.970078295955638907e+02 2.068497453649520423e+02
1.969099492662899422e+02 2.068702256271872955e+02
1.968120689370159937e+02 2.068907058894225486e+02
1.967141886077420452e+02 2.069111861516578017e+02
1.966163082784680967e+02 2.069316664138930548e+02
1.965184279491941481e+02 2.069521466761283079e+02
1.964205476199201996e+02 2.069726269383635611e+02
1.963226672906462511e+02 2.069931072005988142e+02
1.962247869613723026e+02 2.070135874628340673e+02
1.961269066320983541e+02 2.070340677250693204e+02
1.960290263028244055e+02 2.070545479873045736e+02
1.959311459735504570e+02 2.070750282495398267e+02
1.958332656442765085e+02 2.070955085117750798e+02
1.957353853150025600e+02 2.071159887740103329e+02
1.956375049857286115e+02 2.071364690362455860e+02
1.955396246564546630e+02 2.071569492984808392e+02
1.954417443271807144e+02 2.071774295607160923e+02
1.953438639979067659e+02 2.071979098229513454e+02
1.952459836686328174e+02 2.072183900851865985e+02
1.951481033393588689e+02 2.072388703474218516e+02
1.950502230100849204e+02 2.072593506096571048e+02
1.949523426808109718e+02 2.072798308718923579e+02
1.948544623515370233e+02 2.073003111341276110e+02
1.947565820222630748e+02 2.073207913963628641e+02
1.946587016929891263e+02 2.073412716585981173e+02
1.945608213637151778e+02 2.073617519208333704e+02
1.944629410344412292e+02 2.073822321830686235e+02
1.943650607051672807e+02 2.074027124453038766e+02
1.942671803758933322e+02 2.074231927075391297e+02
1.941693000466193837e+02 2.074436729697743829e+02
1.940714197173454352e+02 2.074641532320096360e+02
1.939735393880714867e+02 2.074846334942448891e+02
1.938756590587975381e+02 2.075051137564801422e+02
1.937777787295235896e+02 2.075255940187153954e+02
1.936798984002496411e+02 2.075460742809506485e+02
1.935820180709756926e+02 2.075665545431859016e+02
1.934841377417017441e+02 2.075870348054211547e+02
1.933862574124277955e+02 2.076075150676564078e+02
1.932883770831538470e+02 2.076279953298916610e+02
1.931904967538798985e+02 2.076484755921269141e+02
1.930926164246059500e+02 2.076689558543621672e+02
1.929947360953320015e+02 2.076894361165974203e+02
1.928968557660580530e+02 2.077099163788326734e+02
1.927989754367841044e+02 2.077303966410679266e+02
1.927010951075101559e+02 2.077508769033031797e+02
1.926032147782362074e+02 2.077713571655384328e+02
1.925053344489622589e+02 2.077918374277736859e+02
1.924074541196883104e+02 2.078123176900089391e+02
1.923095737904143618e+02 2.078327979522441922e+02
1.922116934611404133e+02 2.078532782144794453e+02
1.921138131318664648e+02 2.078737584767146984e+02
1.920159328025925163e+02 2.078942387389499515e+02
1.919180524733185678e+02 2.079147190011852047e+02
1.918201721440446192e+02 2.079351992634204578e+02
1.917222918147706707e+02 2.079556795256557109e+02
1.916244114854967222e+02 2.079761597878909640e+02
1.915265311562227737e+02 2.079966400501262171e+02
1.914286508269488252e+02 2.080171203123614703e+02
1.913307704976748767e+02 2.080376005745967234e+02
1.912328901684009281e+02 2.080580808368319765e+02
1.911350098391269796e+02 2.080785610990672296e+02
1.910371295098530311e+02 2.080990413613024828e+02
1.909392491805790826e+02 2.081195216235377359e+02
1.908413688513051341e+02 2.081400018857729890e+02
1.907434885220311855e+02 2.081604821480082421e+02
1.906456081927572370e+02 2.081809624102434952e+02
1.905477278634832885e+02 2.082014426724787484e+02
1.904498475342093400e+02 2.082219229347140015e+02
1.903519672049353915e+02 2.082424031969492546e+02
1.902540868756614429e+02 2.082628834591845077e+02
1.901562065463874944e+02 2.082833637214197609e+02
1.900583262171135459e+02 2.083038439836550140e+02
1.899604458878395974e+02 2.083243242458902671e+02
1.898625655585656489e+02 2.083448045081255202e+02
1.897646852292917004e+02 2.083652847703607733e+02
1.896668049000177518e+02 2.083857650325960265e+02
1.895689245707438033e+02 2.084062452948312796e+02
1.894710442414698548e+02 2.084267255570665327e+02
1.893731639121959063e+02 2.084472058193017858e+02
1.892752835829219578e+02 2.084676860815370389e+02
1.891774032536480092e+02 2.084881663437722921e+02
1.890795229243740607e+02 2.085086466060075452e+02
1.889816425951001122e+02 2.085291268682427983e+02
1.888837622658261637e+02 2.085496071304780514e+02
1.887858819365522152e+02 2.085700873927133046e+02
1.886880016072782666e+02 2.085905676549485577e+02
1.885901212780043181e+02 2.086110479171838108e+02
1.884922409487303696e+02 2.086315281794190639e+02
1.883943606194564211e+02 2.086520084416543170e+02
1.882964802901824726e+02 2.086724887038895702e+02
1.881985999609085241e+02 2.086929689661248233e+02
1.881007196316345755e+02 2.087134492283600764e+02
1.880028393023606270e+02 2.087339294905953295e+02
1.879049589730866785e+02 2.087544097528305826e+02
1.878070786438127300e+02 2.087748900150658358e+02
1.877091983145387815e+02 2.087953702773010889e+02
1.876113179852648329e+02 2.088158505395363420e+02
1.875134376559908844e+02 2.088363308017715951e+02
1.874155573267169359e+02 2.088568110640068483e+02
1.873176769974429874e+02 2.088772913262421014e+02
1.872197966681690389e+02 2.088977715884773545e+02
1.871219163388950903e+02 2.089182518507126076e+02
1.870240360096211418e+02 2.089387321129478607e+02
1.869261556803471933e+02 2.089592123751831139e+02
1.868282753510732448e+02 2.089796926374183670e+02
1.867303950217992963e+02 2.090001728996536201e+02
1.866325146925253478e+02 2.090206531618888732e+02
1.865346343632513992e+02 2.090411334241241263e+02
1.864367540339774507e+02 2.090616136863593795e+02
1.863388737047035022e+02 2.090820939485946326e+02
1.862409933754295537e+02 2.091025742108298857e+02
1.861431130461556052e+02 2.091230544730651388e+02
1.860452327168816566e+02 2.091435347353003920e+02
1.859473523876077081e+02 2.091640149975356451e+02
1.858494720583337596e+02 2.091844952597708982e+02
1.857515917290598111e+02 2.092049755220061513e+02
1.856537113997858626e+02 2.092254557842414044e+02
1.855558310705119140e+02 2.092459360464766576e+02
1.854579507412379655e+02 2.092664163087119107e+02
1.853600704119640170e+02 2.092868965709471638e+02
1.852621900826900685e+02 2.093073768331824169e+02
1.851643097534161200e+02 2.093278570954176701e+02
1.850664294241421715e+02 2.093483373576529232e+02
1.849685490948682229e+02 2.093688176198881763e+02
1.848706687655942744e+02 2.093892978821234294e+02
1.847727884363203259e+02 2.094097781443586825e+02
1.846749081070463774e+02 2.094302584065939357e+02
1.845770277777724289e+02 2.094507386688291888e+02
1.844791474484984803e+02 2.094712189310644419e+02
1.843812671192245318e+02 2.094916991932996950e+02
1.842833867899505833e+02 2.095121794555349481e+02
1.841855064606766348e+02 2.095326597177702013e+02
1.840876261314026863e+02 2.095531399800054544e+02
1.839897458021287378e+02 2.095736202422407075e+02
1.838918654728547892e+02 2.095941005044759606e+02
1.837939851435808407e+02 2.096145807667112138e+02
1.836961048143068922e+02 2.096350610289464669e+02
1.835982244850329437e+02 2.096555412911817200e+02
1.835003441557589952e+02 2.096760215534169731e+02
1.834024638264850466e+02 2.096965018156522262e+02
1.833045834972110981e+02 2.097169820778874794e+02
1.832067031679371496e+02 2.097374623401227325e+02
1.831088228386632011e+02 2.097579426023579856e+02
1.830109425093892526e+02 2.097784228645932387e+02
1.829130621801153040e+02 2.097989031268284918e+02
1.828151818508413555e+02 2.098193833890637450e+02
1.827173015215674070e+02 2.098398636512989981e+02
1.826194211922934585e+02 2.098603439135342512e+02
1.825215408630195100e+02 2.098808241757695043e+02
1.824236605337455615e+02 2.099013044380047575e+02
1.823257802044716129e+02 2.099217847002400106e+02
1.822278998751976644e+02 2.099422649624752637e+02
1.821300195459237159e+02 2.099627452247105168e+02
1.820321392166497674e+02 2.099832254869457699e+02
1.819342588873758189e+02 2.100037057491810231e+02
1.818363785581018703e+02 2.100241860114162762e+02
1.817384982288279218e+02 2.100446662736515293e+02
1.816406178995539733e+02 2.100651465358867824e+02
1.815427375702800248e+02 2.100856267981220356e+02
1.814448572410060763e+02 2.101061070603572887e+02
1.813469769117321277e+02 2.101265873225925418e+02
1.812490965824581792e+02 2.101470675848277949e+02
1.811512162531842307e+02 2.101675478470630480e+02
1.810533359239102822e+02 2.101880281092983012e+02
1.809554555946363337e+02 2.102085083715335543e+02
1.808575752653623852e+02 2.102289886337688074e+02
1.807596949360884366e+02 2.102494688960040605e+02
1.806618146068144881e+02 2.102699491582393136e+02
1.805639342775405396e+02 2.102904294204745668e+02
1.804660539482665911e+02 2.103109096827098199e+02
1.803681736189926426e+02 2.103313899449450730e+02
1.802702932897186940e+02 2.103518702071803261e+02
1.801724129604447455e+02 2.103723504694155793e+02
1.800745326311707970e+02 2.103928307316508324e+02
1.799766523018968485e+02 2.104133109938860855e+02
1.798787719726229000e+02 2.104337912561213386e+02
1.797808916433489514e+02 2.104542715183565917e+02
1.796830113140750029e+02 2.104747517805918449e+02
1.795851309848010544e+02 2.104952320428270980e+02
1.794872506555271059e+02 2.105157123050623511e+02
1.793893703262531574e+02 2.105361925672976042e+02
1.792914899969792089e+02 2.105566728295328573e+02
1.791936096677052603e+02 2.105771530917681105e+02
1.790957293384313118e+02 2.105976333540033636e+02
1.789978490091573633e+02 2.106181136162386167e+02
1.788999686798834148e+02 2.106385938784738698e+02
1.788020883506094663e+02 2.106590741407091230e+02
1.787042080213355177e+02 2.106795544029443761e+02
1.786063276920615692e+02 2.107000346651796292e+02
1.785084473627876207e+02 2.107205149274148823e+02
1.784105670335136722e+02 2.107409951896501354e+02
1.783126867042397237e+02 2.107614754518853886e+02
1.782148063749657751e+02 2.107819557141206417e+02
1.781169260456918266e+02 2.108024359763558948e+02
1.780190457164178781e+02 2.108229162385911479e+02
1.779211653871439296e+02 2.108433965008264011e+02
1.778232850578699811e+02 2.108638767630616542e+02
1.777254047285960326e+02 2.108843570252969073e+02
1.776275243993220840e+02 2.109048372875321604e+02
1.775296440700481355e+02 2.109253175497674135e+02
1.774317637407741870e+02 2.109457978120026667e+02
1.773338834115002385e+02 2.109662780742379198e+02
1.772360030822262900e+02 2.109867583364731729e+02
1.771381227529523414e+02 2.110072385987084260e+02
1.770402424236783929e+02 2.110277188609436791e+02
1.769423620944044444e+02 2.110481991231789323e+02
1.768444817651304959e+02 2.110686793854141854e+02
1.767466014358565474e+02 2.110891596476494385e+02
1.766487211065825988e+02 2.111096399098846916e+02
1.765508407773086503e+02 2.111301201721199448e+02
1.764529604480347018e+02 2.111506004343551979e+02
1.763550801187607533e+02 2.111710806965904510e+02
1.762571997894868048e+02 2.111915609588257041e+02
1.761593194602128563e+02 2.112120412210609572e+02
1.760614391309389077e+02 2.112325214832962104e+02
1.759635588016649592e+02 2.112530017455314635e+02
1.758656784723910107e+02 2.112734820077667166e+02
1.757677981431170622e+02 2.112939622700019697e+02
1.756699178138431137e+02 2.113144425322372228e+02
1.755720374845691651e+02 2.113349227944724760e+02
1.754741571552952166e+02 2.113554030567077291e+02
1.753762768260212681e+02 2.113758833189429822e+02
1.752783964967473196e+02 2.113963635811782353e+02
1.751805161674733711e+02 2.114168438434134885e+02
1.750826358381994226e+02 2.114373241056487416e+02
1.749847555089254740e+02 2.114578043678839947e+02
1.748868751796515255e+02 2.114782846301192478e+02
1.747889948503775770e+02 2.114987648923545009e+02
1.746911145211036285e+02 2.115192451545897541e+02
1.745446441007602800e+02 2.115498922993245117e+02
1.745241638385250269e+02 2.114520119700505631e+02
1.745036835762897738e+02 2.113541316407766146e+02
1.744832033140545207e+02 2.112562513115026661e+02
1.744627230518192675e+02 2.111583709822287176e+02
1.744422427895840144e+02 2.110604906529547691e+02
1.744217625273487613e+02 2.109626103236808206e+02
1.744012822651135082e+02 2.108647299944068720e+02
1.743808020028782551e+02 2.107668496651329235e+02
1.743603217406430019e+02 2.106689693358589750e+02
1.743398414784077488e+02 2.105710890065850265e+02
1.743193612161724957e+02 2.104732086773110780e+02
1.742988809539372426e+02 2.103753283480371294e+02
1.742784006917019894e+02 2.102774480187631809e+02
1.742579204294667363e+02 2.101795676894892324e+02
1.742374401672314832e+02 2.100816873602152839e+02
1.742169599049962301e+02 2.099838070309413354e+02
1.741964796427609770e+02 2.098859267016673869e+02
1.741759993805257238e+02 2.097880463723934383e+02
1.741555191182904707e+02 2.096901660431194898e+02
1.741350388560552176e+02 2.095922857138455413e+02
1.741145585938199645e+02 2.094944053845715928e+02
1.740940783315847113e+02 2.093965250552976443e+02
1.740735980693494582e+02 2.092986447260236957e+02
1.740531178071142051e+02 2.092007643967497472e+02
1.740326375448789520e+02 2.091028840674757987e+02
1.740121572826436989e+02 2.090050037382018502e+02
1.739916770204084457e+02 2.089071234089279017e+02
1.739711967581731926e+02 2.088092430796539531e+02
1.739507164959379395e+02 2.087113627503800046e+02
1.739302362337026864e+02 2.086134824211060561e+02
1.739097559714674333e+02 2.085156020918321076e+02
1.738892757092321801e+02 2.084177217625581591e+02
1.738687954469969270e+02 2.083198414332842106e+02
1.738483151847616739e+02 2.082219611040102620e+02
1.738278349225264208e+02 2.081240807747363135e+02
1.738073546602911676e+02 2.080262004454623650e+02
1.737868743980559145e+02 2.079283201161884165e+02
1.737663941358206614e+02 2.078304397869144680e+02
1.737459138735854083e+02 2.077325594576405194e+02
1.737254336113501552e+02 2.076346791283665709e+02
1.737049533491149020e+02 2.075367987990926224e+02
1.736844730868796489e+02 2.074389184698186739e+02
1.736639928246443958e+02 2.073410381405447254e+02
1.736435125624091427e+02 2.072431578112707768e+02
1.736230323001738896e+02 2.071452774819968283e+02
1.736025520379386364e+02 2.070473971527228798e+02
1.735820717757033833e+02 2.069495168234489313e+02
1.735615915134681302e+02 2.068516364941749828e+02
1.735411112512328771e+02 2.067537561649010343e+02
1.735206309889976239e+02 2.066558758356270857e+02
1.735001507267623708e+02 2.065579955063531372e+02
1.734796704645271177e+02 2.064601151770791887e+02
1.734591902022918646e+02 2.063622348478052402e+02
1.734387099400566115e+02 2.062643545185312917e+02
1.734182296778213583e+02 2.061664741892573431e+02
1.733977494155861052e+02 2.060685938599833946e+02
1.733772691533508521e+02 2.059707135307094461e+02
1.733567888911155990e+02 2.058728332014354976e+02
1.733363086288803459e+02 2.057749528721615491e+02
1.733158283666450927e+02 2.056770725428876005e+02
1.732953481044098396e+02 2.055791922136136520e+02
1.732748678421745865e+02 2.054813118843397035e+02
1.732543875799393334e+02 2.053834315550657550e+02
1.732339073177040802e+02 2.052855512257918065e+02
1.732134270554688271e+02 2.051876708965178580e+02
1.731929467932335740e+02 2.050897905672439094e+02
1.731724665309983209e+02 2.049919102379699609e+02
1.731519862687630678e+02 2.048940299086960124e+02
1.731315060065278146e+02 2.047961495794220639e+02
1.731110257442925615e+02 2.046982692501481154e+02
1.730905454820573084e+02 2.046003889208741668e+02
1.730700652198220553e+02 2.045025085916002183e+02
1.730495849575868021e+02 2.044046282623262698e+02
1.730291046953515490e+02 2.043067479330523213e+02
1.730086244331162959e+02 2.042088676037783728e+02
1.729881441708810428e+02 2.041109872745044242e+02
1.729676639086457897e+02 2.040131069452304757e+02
1.729471836464105365e+02 2.039152266159565272e+02
1.729267033841752834e+02 2.038173462866825787e+02
1.729062231219400303e+02 2.037194659574086302e+02
1.728857428597047772e+02 2.036215856281346817e+02
1.728652625974695241e+02 2.035237052988607331e+02
1.728447823352342709e+02 2.034258249695867846e+02
1.728243020729990178e+02 2.033279446403128361e+02
1.728038218107637647e+02 2.032300643110388876e+02
1.727833415485285116e+02 2.031321839817649391e+02
1.727628612862932584e+02 2.030343036524909905e+02
1.727423810240580053e+02 2.029364233232170420e+02
1.727219007618227522e+02 2.028385429939430935e+02
1.727014204995874991e+02 2.027406626646691450e+02
1.726809402373522460e+02 2.026427823353951965e+02
1.726604599751169928e+02 2.025449020061212480e+02
1.726399797128817397e+02 2.024470216768472994e+02
1.726194994506464866e+02 2.023491413475733509e+02
1.725990191884112335e+02 2.022512610182994024e+02
1.725785389261759804e+02 2.021533806890254539e+02
1.725580586639407272e+02 2.020555003597515054e+02
1.725375784017054741e+02 2.019576200304775568e+02
1.725170981394702210e+02 2.018597397012036083e+02
1.724966178772349679e+02 2.017618593719296598e+02
1.724761376149997147e+02 2.016639790426557113e+02
1.724556573527644616e+02 2.015660987133817628e+02
1.724351770905292085e+02 2.014682183841078142e+02
1.724146968282939554e+02 2.013703380548338657e+02
1.723942165660587023e+02 2.012724577255599172e+02
1.723737363038234491e+02 2.011745773962859687e+02
1.723532560415881960e+02 2.010766970670120202e+02
1.723327757793529429e+02 2.009788167377380717e+02
1.723122955171176898e+02 2.008809364084641231e+02
1.722918152548824366e+02 2.007830560791901746e+02
1.722713349926471835e+02 2.006851757499162261e+02
1.722508547304119304e+02 2.005872954206422776e+02
1.722303744681766773e+02 2.004894150913683291e+02
1.722098942059414242e+02 2.003915347620943805e+02
1.721894139437061710e+02 2.002936544328204320e+02
1.721689336814709179e+02 2.001957741035464835e+02
1.721484534192356648e+02 2.000978937742725350e+02
1.721279731570004117e+02 2.000000134449985865e+02
1.721074928947651586e+02 1.999021331157246379e+02
1.720870126325299054e+02 1.998042527864506894e+02
1.720665323702946523e+02 1.997063724571767409e+02
1.720460521080593992e+02 1.996084921279027924e+02
1.720255718458241461e+02 1.995106117986288439e+02
1.720050915835888929e+02 1.994127314693548954e+02
1.719846113213536398e+02 1.993148511400809468e+02
1.719641310591183867e+02 1.992169708108069983e+02
1.719436507968831336e+02 1.991190904815330498e+02
1.719231705346478805e+02 1.990212101522591013e+02
1.719026902724126273e+02 1.989233298229851528e+02
1.718822100101773742e+02 1.988254494937112042e+02
1.718617297479421211e+02 1.987275691644372557e+02
1.718412494857068680e+02 1.986296888351633072e+02
1.718207692234716149e+02 1.985318085058893587e+02
1.718002889612363617e+02 1.984339281766154102e+02
1.717798086990011086e+02 1.983360478473414616e+02
1.717593284367658555e+02 1.982381675180675131e+02
1.717388481745306024e+02 1.981402871887935646e+02
1.717183679122953492e+02 1.980424068595196161e+02
1.716978876500600961e+02 1.979445265302456676e+02
1.716774073878248430e+02 1.978466462009717191e+02
1.716569271255895899e+02 1.977487658716977705e+02
1.716364468633543368e+02 1.976508855424238220e+02
1.716159666011190836e+02 1.975530052131498735e+02
1.715954863388838305e+02 1.974551248838759250e+02
1.715750060766485774e+02 1.973572445546019765e+02
1.715545258144133243e+02 1.972593642253280279e+02
1.715340455521780711e+02 1.971614838960540794e+02
1.715135652899428180e+02 1.970636035667801309e+02
1.714930850277075649e+02 1.969657232375061824e+02
1.714726047654723118e+02 1.968678429082322339e+02
1.714521245032370587e+02 1.967699625789582853e+02
1.714316442410018055e+02 1.966720822496843368e+02
1.714111639787665524e+02 1.965742019204103883e+02
1.713906837165312993e+02 1.964763215911364398e+02
1.713702034542960462e+02 1.963784412618624913e+02
1.713497231920607931e+02 1.962805609325885428e+02
1.713292429298255399e+02 1.961826806033145942e+02
1.713087626675902868e+02 1.960848002740406457e+02
1.712882824053550337e+02 1.959869199447666972e+02
1.712678021431197806e+02 1.958890396154927487e+02
1.712473218808845274e+02 1.957911592862188002e+02
1.712268416186492743e+02 1.956932789569448516e+02
1.712063613564140212e+02 1.955953986276709031e+02
1.711858810941787681e+02 1.954975182983969546e+02
1.711654008319435150e+02 1.953996379691230061e+02
1.711449205697082618e+02 1.953017576398490576e+02
1.711244403074730087e+02 1.952038773105751090e+02
1.711039600452377556e+02 1.951059969813011605e+02
1.710834797830025025e+02 1.950081166520272120e+02
1.710629995207672494e+02 1.949102363227532635e+02
1.710425192585319962e+02 1.948123559934793150e+02
1.710220389962967431e+02 1.947144756642053665e+02
1.710015587340614900e+02 1.946165953349314179e+02
1.709810784718262369e+02 1.945187150056574694e+02
1.709605982095909837e+02 1.944208346763835209e+02
1.709401179473557306e+02 1.943229543471095724e+02
1.709196376851204775e+02 1.942250740178356239e+02
1.708991574228852244e+02 1.941271936885616753e+02
1.708786771606499713e+02 1.940293133592877268e+02
1.708581968984147181e+02 1.939314330300137783e+02
1.708377166361794650e+02 1.938335527007398298e+02
1.708172363739442119e+02 1.937356723714658813e+02
1.707967561117089588e+02 1.936377920421919328e+02
1.707762758494737056e+02 1.935399117129179842e+02
1.707557955872384525e+02 1.934420313836440357e+02
1.707353153250031994e+02 1.933441510543700872e+02
1.707148350627679463e+02 1.932462707250961387e+02
1.706943548005326932e+02 1.931483903958221902e+02
1.706738745382974400e+02 1.930505100665482416e+02
1.706533942760621869e+02 1.929526297372742931e+02
1.706329140138269338e+02 1.928547494080003446e+02
1.706124337515916807e+02 1.927568690787263961e+02
1.705919534893564276e+02 1.926589887494524476e+02
1.705714732271211744e+02 1.925611084201784990e+02
1.705509929648859213e+02 1.924632280909045505e+02
1.705305127026506682e+02 1.923653477616306020e+02
1.705100324404154151e+02 1.922674674323566535e+02
1.704895521781801619e+02 1.921695871030827050e+02
1.704690719159449088e+02 1.920717067738087565e+02
1.704485916537096557e+02 1.919738264445348079e+02
1.704281113914744026e+02 1.918759461152608594e+02
1.704076311292391495e+02 1.917780657859869109e+02
1.703871508670038963e+02 1.916801854567129624e+02
1.703666706047686432e+02 1.915823051274390139e+02
1.703461903425333901e+02 1.914844247981650653e+02
1.703257100802981370e+02 1.913865444688911168e+02
1.703052298180628839e+02 1.912886641396171683e+02
1.702847495558276307e+02 1.911907838103432198e+02
1.702642692935923776e+02 1.910929034810692713e+02
1.702437890313571245e+02 1.909950231517953227e+02
1.702233087691218714e+02 1.908971428225213742e+02
1.702028285068866182e+02 1.907992624932474257e+02
1.701823482446513651e+02 1.907013821639734772e+02
1.701618679824161120e+02 1.906035018346995287e+02
1.701413877201808589e+02 1.905056215054255802e+02
1.701209074579456058e+02 1.904077411761516316e+02
1.701004271957103526e+02 1.903098608468776831e+02
1.700799469334750995e+02 1.902119805176037346e+02
1.700594666712398464e+02 1.901141001883297861e+02
1.700389864090045933e+02 1.900162198590558376e+02
1.700185061467693401e+02 1.899183395297818890e+02
1.699980258845340870e+02 1.898204592005079405e+02
1.699775456222988339e+02 1.897225788712339920e+02
1.699570653600635808e+02 1.896246985419600435e+02
1.699365850978283277e+02 1.895268182126860950e+02
1.699161048355930745e+02 1.894289378834121464e+02
1.698956245733578214e+02 1.893310575541381979e+02
1.698751443111225683e+02 1.892331772248642494e+02
1.698546640488873152e+02 1.891352968955903009e+02
1.698341837866520621e+02 1.890374165663163524e+02
1.698137035244168089e+02 1.889395362370424039e+02
1.697932232621815558e+02 1.888416559077684553e+02
1.697727429999463027e+02 1.887437755784945068e+02
1.697522627377110496e+02 1.886458952492205583e+02
1.697317824754757964e+02 1.885480149199466098e+02
1.697113022132405433e+02 1.884501345906726613e+02
1.696908219510052902e+02 1.883522542613987127e+02
1.696703416887700371e+02 1.882543739321247642e+02
1.696498614265347840e+02 1.881564936028508157e+02
1.696293811642995308e+02 1.880586132735768672e+02
1.696089009020642777e+02 1.879607329443029187e+02
1.695884206398290246e+02 1.878628526150289701e+02
1.695679403775937715e+02 1.877649722857550216e+02
1.695474601153585184e+02 1.876670919564810731e+02
1.695269798531232652e+02 1.875692116272071246e+02
1.695064995908880121e+02 1.874713312979331761e+02
1.694860193286527590e+02 1.873734509686592276e+02
1.694655390664175059e+02 1.872755706393852790e+02
1.694450588041822527e+02 1.871776903101113305e+02
1.694245785419469996e+02 1.870798099808373820e+02
1.694040982797117465e+02 1.869819296515634335e+02
1.693737111351253759e+02 1.868367018373935196e+02
1.694715914643993244e+02 1.868162215751582664e+02
1.695694717936732729e+02 1.867957413129230133e+02
1.696673521229472215e+02 1.867752610506877602e+02
1.697652324522211700e+02 1.867547807884525071e+02
1.698631127814951185e+02 1.867343005262172539e+02
1.699609931107690670e+02 1.867138202639820008e+02
1.700588734400430155e+02 1.866933400017467477e+02
1.701567537693169641e+02 1.866728597395114946e+02
1.702546340985909126e+02 1.866523794772762415e+02
1.703525144278648611e+02 1.866318992150409883e+02
1.704503947571388096e+02 1.866114189528057352e+02
1.705482750864127581e+02 1.865909386905704821e+02
1.706461554156867066e+02 1.865704584283352290e+02
1.707440357449606552e+02 1.865499781660999759e+02
1.708419160742346037e+02 1.865294979038647227e+02
1.709397964035085522e+02 1.865090176416294696e+02
1.710376767327825007e+02 1.864885373793942165e+02
1.711355570620564492e+02 1.864680571171589634e+02
1.712334373913303978e+02 1.864475768549237102e+02
1.713313177206043463e+02 1.864270965926884571e+02
1.714291980498782948e+02 1.864066163304532040e+02
1.715270783791522433e+02 1.863861360682179509e+02
1.716249587084261918e+02 1.863656558059826978e+02
1.717228390377001404e+02 1.863451755437474446e+02
1.718207193669740889e+02 1.863246952815121915e+02
1.719185996962480374e+02 1.863042150192769384e+02
1.720164800255219859e+02 1.862837347570416853e+02
1.721143603547959344e+02 1.862632544948064321e+02
1.722122406840698829e+02 1.862427742325711790e+02
1.723101210133438315e+02 1.862222939703359259e+02
1.724080013426177800e+02 1.862018137081006728e+02
1.725058816718917285e+02 1.861813334458654197e+02
1.726037620011656770e+02 1.861608531836301665e+02
1.727016423304396255e+02 1.861403729213949134e+02
1.727995226597135741e+02 1.861198926591596603e+02
1.728974029889875226e+02 1.860994123969244072e+02
1.729952833182614711e+02 1.860789321346891541e+02
1.730931636475354196e+02 1.860584518724539009e+02
1.731910439768093681e+02 1.860379716102186478e+02
1.732889243060833167e+02 1.860174913479833947e+02
1.733868046353572652e+02 1.859970110857481416e+02
1.734846849646312137e+02 1.859765308235128884e+02
1.735825652939051622e+02 1.859560505612776353e+02
1.736804456231791107e+02 1.859355702990423822e+02
1.737783259524530592e+02 1.859150900368071291e+02
1.738762062817270078e+02 1.858946097745718760e+02
1.739740866110009563e+02 1.858741295123366228e+02
1.740719669402749048e+02 1.858536492501013697e+02
1.741698472695488533e+02 1.858331689878661166e+02
1.742677275988228018e+02 1.858126887256308635e+02
1.743656079280967504e+02 1.857922084633956104e+02
1.744634882573706989e+02 1.857717282011603572e+02
1.745613685866446474e+02 1.857512479389251041e+02
1.746592489159185959e+02 1.857307676766898510e+02
1.747571292451925444e+02 1.857102874144545979e+02
1.748550095744664929e+02 1.856898071522193447e+02
1.749528899037404415e+02 1.856693268899840916e+02
1.750507702330143900e+02 1.856488466277488385e+02
1.751486505622883385e+02 1.856283663655135854e+02
1.752465308915622870e+02 1.856078861032783323e+02
1.753444112208362355e+02 1.855874058410430791e+02
1.754422915501101841e+02 1.855669255788078260e+02
1.755401718793841326e+02 1.855464453165725729e+02
1.756380522086580811e+02 1.855259650543373198e+02
1.757359325379320296e+02 1.855054847921020666e+02
1.758338128672059781e+02 1.854850045298668135e+02
1.759316931964799267e+02 1.854645242676315604e+02
1.760295735257538752e+02 1.854440440053963073e+02
1.761274538550278237e+02 1.854235637431610542e+02
1.762253341843017722e+02 1.854030834809258010e+02
1.763232145135757207e+02 1.853826032186905479e+02
1.764210948428496692e+02 1.853621229564552948e+02
1.765189751721236178e+02 1.853416426942200417e+02
1.766168555013975663e+02 1.853211624319847886e+02
1.767147358306715148e+02 1.853006821697495354e+02
1.768126161599454633e+02 1.852802019075142823e+02
1.769104964892194118e+02 1.852597216452790292e+02
1.770083768184933604e+02 1.852392413830437761e+02
1.771062571477673089e+02 1.852187611208085229e+02
1.772041374770412574e+02 1.851982808585732698e+02
1.773020178063152059e+02 1.851778005963380167e+02
1.773998981355891544e+02 1.851573203341027636e+02
1.774977784648631030e+02 1.851368400718675105e+02
1.775956587941370515e+02 1.851163598096322573e+02
1.776935391234110000e+02 1.850958795473970042e+02
1.777914194526849485e+02 1.850753992851617511e+02
1.778892997819588970e+02 1.850549190229264980e+02
1.779871801112328455e+02 1.850344387606912449e+02
1.780850604405067941e+02 1.850139584984559917e+02
1.781829407697807426e+02 1.849934782362207386e+02
1.782808210990546911e+02 1.849729979739854855e+02
1.783787014283286396e+02 1.849525177117502324e+02
1.784765817576025881e+02 1.849320374495149792e+02
1.785744620868765367e+02 1.849115571872797261e+02
1.786723424161504852e+02 1.848910769250444730e+02
1.787702227454244337e+02 1.848705966628092199e+02
1.788681030746983822e+02 1.848501164005739668e+02
1.789659834039723307e+02 1.848296361383387136e+02
1.790638637332462793e+02 1.848091558761034605e+02
1.791617440625202278e+02 1.847886756138682074e+02
1.792596243917941763e+02 1.847681953516329543e+02
1.793575047210681248e+02 1.847477150893977011e+02
1.794553850503420733e+02 1.847272348271624480e+02
1.795532653796160218e+02 1.847067545649271949e+02
1.796511457088899704e+02 1.846862743026919418e+02
1.797490260381639189e+02 1.846657940404566887e+02
1.798469063674378674e+02 1.846453137782214355e+02
1.799447866967118159e+02 1.846248335159861824e+02
1.800426670259857644e+02 1.846043532537509293e+02
1.801405473552597130e+02 1.845838729915156762e+02
1.802384276845336615e+02 1.845633927292804231e+02
1.803363080138076100e+02 1.845429124670451699e+02
1.804341883430815585e+02 1.845224322048099168e+02
1.805320686723555070e+02 1.845019519425746637e+02
1.806299490016294556e+02 1.844814716803394106e+02
1.807278293309034041e+02 1.844609914181041574e+02
1.808257096601773526e+02 1.844405111558689043e+02
1.809235899894513011e+02 1.844200308936336512e+02
1.810214703187252496e+02 1.843995506313983981e+02
1.811193506479991981e+02 1.843790703691631450e+02
1.812172309772731467e+02 1.843585901069278918e+02
1.813151113065470952e+02 1.843381098446926387e+02
1.814129916358210437e+02 1.843176295824573856e+02
1.815108719650949922e+02 1.842971493202221325e+02
1.816087522943689407e+02 1.842766690579868794e+02
1.817066326236428893e+02 1.842561887957516262e+02
1.818045129529168378e+02 1.842357085335163731e+02
1.819023932821907863e+02 1.842152282712811200e+02
1.820002736114647348e+02 1.841947480090458669e+02
1.820981539407386833e+02 1.841742677468106137e+02
1.821960342700126319e+02 1.841537874845753606e+02
1.822939145992865804e+02 1.841333072223401075e+02
1.823917949285605289e+02 1.841128269601048544e+02
1.824896752578344774e+02 1.840923466978696013e+02
1.825875555871084259e+02 1.840718664356343481e+02
1.826854359163823744e+02 1.840513861733990950e+02
1.827833162456563230e+02 1.840309059111638419e+02
1.828811965749302715e+02 1.840104256489285888e+02
1.829790769042042200e+02 1.839899453866933356e+02
1.830769572334781685e+02 1.839694651244580825e+02
1.831748375627521170e+02 1.839489848622228294e+02
1.832727178920260656e+02 1.839285045999875763e+02
1.833705982213000141e+02 1.839080243377523232e+02
1.834684785505739626e+02 1.838875440755170700e+02
1.835663588798479111e+02 1.838670638132818169e+02
1.836642392091218596e+02 1.838465835510465638e+02
1.837621195383958081e+02 1.838261032888113107e+02
1.838599998676697567e+02 1.838056230265760576e+02
1.839578801969437052e+02 1.837851427643408044e+02
1.840557605262176537e+02 1.837646625021055513e+02
1.841536408554916022e+02 1.837441822398702982e+02
1.842515211847655507e+02 1.837237019776350451e+02
1.843494015140394993e+02 1.837032217153997919e+02
1.844472818433134478e+02 1.836827414531645388e+02
1.845451621725873963e+02 1.836622611909292857e+02
1.846430425018613448e+02 1.836417809286940326e+02
1.847409228311352933e+02 1.836213006664587795e+02
1.848388031604092419e+02 1.836008204042235263e+02
1.849366834896831904e+02 1.835803401419882732e+02
1.850345638189571389e+02 1.835598598797530201e+02
1.851324441482310874e+02 1.835393796175177670e+02
1.852303244775050359e+02 1.835188993552825139e+02
1.853282048067789844e+02 1.834984190930472607e+02
1.854260851360529330e+02 1.834779388308120076e+02
1.855239654653268815e+02 1.834574585685767545e+02
1.856218457946008300e+02 1.834369783063415014e+02
1.857197261238747785e+02 1.834164980441062482e+02
1.858176064531487270e+02 1.833960177818709951e+02
1.859154867824226756e+02 1.833755375196357420e+02
1.860133671116966241e+02 1.833550572574004889e+02
1.861112474409705726e+02 1.833345769951652358e+02
1.862091277702445211e+02 1.833140967329299826e+02
1.863070080995184696e+02 1.832936164706947295e+02
1.864048884287924182e+02 1.832731362084594764e+02
1.865027687580663667e+02 1.832526559462242233e+02
1.866006490873403152e+02 1.832321756839889701e+02
1.866985294166142637e+02 1.832116954217537170e+02
1.867964097458882122e+02 1.831912151595184639e+02
1.868942900751621607e+02 1.831707348972832108e+02
1.869921704044361093e+02 1.831502546350479577e+02
1.870900507337100578e+02 1.831297743728127045e+02
1.871879310629840063e+02 1.831092941105774514e+02
1.872858113922579548e+02 1.830888138483421983e+02
1.873836917215319033e+02 1.830683335861069452e+02
1.874815720508058519e+02 1.830478533238716921e+02
1.875794523800798004e+02 1.830273730616364389e+02
1.876773327093537489e+02 1.830068927994011858e+02
1.877752130386276974e+02 1.829864125371659327e+02
1.878730933679016459e+02 1.829659322749306796e+02
1.879709736971755945e+02 1.829454520126954264e+02
1.880688540264495430e+02 1.829249717504601733e+02
1.881667343557234915e+02 1.829044914882249202e+02
1.882646146849974400e+02 1.828840112259896671e+02
1.883624950142713885e+02 1.828635309637544140e+02
1.884603753435453370e+02 1.828430507015191608e+02
1.885582556728192856e+02 1.828225704392839077e+02
1.886561360020932341e+02 1.828020901770486546e+02
1.887540163313671826e+02 1.827816099148134015e+02
1.888518966606411311e+02 1.827611296525781484e+02
1.889497769899150796e+02 1.827406493903428952e+02
1.890476573191890282e+02 1.827201691281076421e+02
1.891455376484629767e+02 1.826996888658723890e+02
1.892434179777369252e+02 1.826792086036371359e+02
1.893412983070108737e+02 1.826587283414018827e+02
1.894391786362848222e+02 1.826382480791666296e+02
1.895370589655587708e+02 1.826177678169313765e+02
1.896349392948327193e+02 1.825972875546961234e+02
1.897328196241066678e+02 1.825768072924608703e+02
1.898306999533806163e+02 1.825563270302256171e+02
1.899285802826545648e+02 1.825358467679903640e+02
1.900264606119285133e+02 1.825153665057551109e+02
1.901243409412024619e+02 1.824948862435198578e+02
1.902222212704764104e+02 1.824744059812846046e+02
1.903201015997503589e+02 1.824539257190493515e+02
1.904179819290243074e+02 1.824334454568140984e+02
1.905158622582982559e+02 1.824129651945788453e+02
1.906137425875722045e+02 1.823924849323435922e+02
1.907116229168461530e+02 1.823720046701083390e+02
1.908095032461201015e+02 1.823515244078730859e+02
1.909073835753940500e+02 1.823310441456378328e+02
1.910052639046679985e+02 1.823105638834025797e+02
1.911031442339419470e+02 1.822900836211673266e+02
1.912010245632158956e+02 1.822696033589320734e+02
1.912989048924898441e+02 1.822491230966968203e+02
1.913967852217637926e+02 1.822286428344615672e+02
1.914946655510377411e+02 1.822081625722263141e+02
1.915925458803116896e+02 1.821876823099910609e+02
1.916904262095856382e+02 1.821672020477558078e+02
1.917883065388595867e+02 1.821467217855205547e+02
1.918861868681335352e+02 1.821262415232853016e+02
1.919840671974074837e+02 1.821057612610500485e+02
1.920819475266814322e+02 1.820852809988147953e+02
1.921798278559553808e+02 1.820648007365795422e+02
1.922777081852293293e+02 1.820443204743442891e+02
1.923755885145032778e+02 1.820238402121090360e+02
1.924734688437772263e+02 1.820033599498737829e+02
1.925713491730511748e+02 1.819828796876385297e+02
1.926692295023251233e+02 1.819623994254032766e+02
1.927671098315990719e+02 1.819419191631680235e+02
1.928649901608730204e+02 1.819214389009327704e+02
1.929628704901469689e+02 1.819009586386975172e+02
1.930607508194209174e+02 1.818804783764622641e+02
1.931586311486948659e+02 1.818599981142270110e+02
1.932565114779688145e+02 1.818395178519917579e+02
1.933543918072427630e+02 1.818190375897565048e+02
1.934522721365167115e+02 1.817985573275212516e+02
1.935501524657906600e+02 1.817780770652859985e+02
1.936480327950646085e+02 1.817575968030507454e+02
1.937459131243385571e+02 1.817371165408154923e+02
1.938437934536125056e+02 1.817166362785802391e+02
1.939416737828864541e+02 1.816961560163449860e+02
1.940395541121604026e+02 1.816756757541097329e+02
1.941374344414343511e+02 1.816551954918744798e+02
1.942353147707082996e+02 1.816347152296392267e+02
1.943331950999822482e+02 1.816142349674039735e+02
1.944310754292561967e+02 1.815937547051687204e+02
1.945289557585301452e+02 1.815732744429334673e+02
1.946268360878040937e+02 1.815527941806982142e+02
1.947247164170780422e+02 1.815323139184629611e+02
1.948225967463519908e+02 1.815118336562277079e+02
1.949204770756259393e+02 1.814913533939924548e+02
1.950183574048998878e+02 1.814708731317572017e+02
1.951162377341738363e+02 1.814503928695219486e+02
1.952141180634477848e+02 1.814299126072866954e+02
1.953119983927217334e+02 1.814094323450514423e+02
1.954098787219956819e+02 1.813889520828161892e+02
1.955077590512696304e+02 1.813684718205809361e+02
1.956056393805435789e+02 1.813479915583456830e+02
1.957035197098175274e+02 1.813275112961104298e+02
1.958014000390914759e+02 1.813070310338751767e+02
1.958992803683654245e+02 1.812865507716399236e+02
1.959971606976393730e+02 1.812660705094046705e+02
1.960950410269133215e+02 1.812455902471694174e+02
1.961929213561872700e+02 1.812251099849341642e+02
1.962908016854612185e+02 1.812046297226989111e+02
1.963886820147351671e+02 1.811841494604636580e+02
1.964865623440091156e+02 1.811636691982284049e+02
1.965844426732830641e+02 1.811431889359931517e+02
1.966823230025570126e+02 1.811227086737578986e+02
1.967802033318309611e+02 1.811022284115226455e+02
1.968780836611049097e+02 1.810817481492873924e+02
1.969759639903788582e+02 1.810612678870521393e+02
1.970738443196528067e+02 1.810407876248168861e+02
1.971717246489267552e+02 1.810203073625816330e+02
1.972696049782007037e+02 1.809998271003463799e+02
1.973674853074746522e+02 1.809793468381111268e+02
1.974653656367486008e+02 1.809588665758758737e+02
1.975632459660225493e+02 1.809383863136406205e+02
1.976611262952964978e+02 1.809179060514053674e+02
1.977590066245704463e+02 1.808974257891701143e+02
1.978568869538443948e+02 1.808769455269348612e+02
1.979547672831183434e+02 1.808564652646996080e+02
1.980526476123922919e+02 1.808359850024643549e+02
1.981505279416662404e+02 1.808155047402291018e+02
1.982484082709401889e+02 1.807950244779938487e+02
1.983462886002141374e+02 1.807745442157585956e+02
1.984441689294880860e+02 1.807540639535233424e+02
1.985420492587620345e+02 1.807335836912880893e+02
1.986399295880359830e+02 1.807131034290528362e+02
1.987378099173099315e+02 1.806926231668175831e+02
1.988356902465838800e+02 1.806721429045823299e+02
1.989335705758578285e+02 1.806516626423470768e+02
1.990314509051317771e+02 1.806311823801118237e+02
1.991293312344057256e+02 1.806107021178765706e+02
1.992272115636796741e+02 1.805902218556413175e+02
1.993250918929536226e+02 1.805697415934060643e+02
1.994229722222275711e+02 1.805492613311708112e+02
1.995208525515015197e+02 1.805287810689355581e+02
1.996187328807754682e+02 1.805083008067003050e+02
1.997166132100494167e+02 1.804878205444650519e+02
1.998144935393233652e+02 1.804673402822297987e+02
1.999123738685973137e+02 1.804468600199945456e+02
2.000102541978712622e+02 1.804263797577592925e+02
2.001081345271452108e+02 1.804058994955240394e+02
2.002060148564191593e+02 1.803854192332887862e+02
2.003038951856931078e+02 1.803649389710535331e+02
2.004017755149670563e+02 1.803444587088182800e+02
2.004996558442410048e+02 1.803239784465830269e+02
2.005975361735149534e+02 1.803034981843477738e+02
2.006954165027889019e+02 1.802830179221125206e+02
2.007932968320628504e+02 1.802625376598772675e+02
2.008911771613367989e+02 1.802420573976420144e+02
2.009890574906107474e+02 1.802215771354067613e+02
2.010869378198846960e+02 1.802010968731715082e+02
2.011848181491586445e+02 1.801806166109362550e+02
2.012826984784325930e+02 1.801601363487010019e+02
2.013805788077065415e+02 1.801396560864657488e+02
2.014784591369804900e+02 1.801191758242304957e+02
2.015763394662544385e+02 1.800986955619952425e+02
2.016742197955283871e+02 1.800782152997599894e+02
2.017721001248023356e+02 1.800577350375247363e+02
2.018699804540762841e+02 1.800372547752894832e+02
2.019678607833502326e+02 1.800167745130542301e+02
2.020657411126241811e+02 1.799962942508189769e+02
2.021636214418981297e+02 1.799758139885837238e+02
2.022615017711720782e+02 1.799553337263484707e+02
2.023593821004460267e+02 1.799348534641132176e+02
2.024572624297199752e+02 1.799143732018779644e+02
2.025551427589939237e+02 1.798938929396427113e+02
2.026530230882678723e+02 1.798734126774074582e+02
2.027509034175418208e+02 1.798529324151722051e+02
2.028487837468157693e+02 1.798324521529369520e+02
2.029466640760897178e+02 1.798119718907016988e+02
2.030445444053636663e+02 1.797914916284664457e+02
2.031424247346376148e+02 1.797710113662311926e+02
2.032403050639115634e+02 1.797505311039959395e+02
2.033381853931855119e+02 1.797300508417606864e+02
2.034360657224594604e+02 1.797095705795254332e+02
2.035339460517334089e+02 1.796890903172901801e+02
2.036318263810073574e+02 1.796686100550549270e+02
2.037297067102813060e+02 1.796481297928196739e+02
2.038275870395552545e+02 1.796276495305844207e+02
2.039254673688292030e+02 1.796071692683491676e+02
2.040233476981031515e+02 1.795866890061139145e+02
2.041212280273771000e+02 1.795662087438786614e+02
2.042191083566510486e+02 1.795457284816434083e+02
2.043169886859249971e+02 1.795252482194081551e+02
2.044148690151989456e+02 1.795047679571729020e+02
2.045127493444728941e+02 1.794842876949376489e+02
2.046106296737468426e+02 1.794638074327023958e+02
2.047085100030207911e+02 1.794433271704671427e+02
2.048063903322947397e+02 1.794228469082318895e+02
2.049042706615686882e+02 1.794023666459966364e+02
2.050021509908426367e+02 1.793818863837613833e+02
2.051000313201165852e+02 1.793614061215261302e+02
2.051979116493905337e+02 1.793409258592908770e+02
2.052957919786644823e+02 1.793204455970556239e+02
2.053936723079384308e+02 1.792999653348203708e+02
2.054915526372123793e+02 1.792794850725851177e+02
2.055894329664863278e+02 1.792590048103498646e+02
2.056873132957602763e+02 1.792385245481146114e+02
2.057851936250342249e+02 1.792180442858793583e+02
2.058830739543081734e+02 1.791975640236441052e+02
2.059809542835821219e+02 1.791770837614088521e+02
2.060788346128560704e+02 1.791566034991735989e+02
2.061767149421300189e+02 1.791361232369383458e+02
2.062745952714039674e+02 1.791156429747030927e+02
2.063724756006779160e+02 1.790951627124678396e+02
2.064703559299518645e+02 1.790746824502325865e+02
2.065682362592258130e+02 1.790542021879973333e+02
2.066661165884997615e+02 1.790337219257620802e+02
2.067639969177737100e+02 1.790132416635268271e+02
2.068618772470476586e+02 1.789927614012915740e+02
2.069597575763216071e+02 1.789722811390563209e+02
2.070576379055955556e+02 1.789518008768210677e+02
2.071555182348695041e+02 1.789313206145858146e+02
2.072533985641434526e+02 1.789108403523505615e+02
2.073512788934174012e+02 1.788903600901153084e+02
2.074491592226913497e+02 1.788698798278800552e+02
2.075470395519652982e+02 1.788493995656448021e+02
2.076449198812392467e+02 1.788289193034095490e+02
2.077428002105131952e+02 1.788084390411742959e+02
2.078406805397871437e+02 1.787879587789390428e+02
2.079385608690610923e+02 1.787674785167037896e+02
2.080364411983350408e+02 1.787469982544685365e+02
2.081343215276089893e+02 1.787265179922332834e+02
2.082322018568829378e+02 1.787060377299980303e+02
2.083300821861568863e+02 1.786855574677627772e+02
2.084279625154308349e+02 1.786650772055275240e+02
2.085258428447047834e+02 1.786445969432922709e+02
2.086237231739787319e+02 1.786241166810570178e+02
2.087216035032526804e+02 1.786036364188217647e+02
2.088194838325266289e+02 1.785831561565865115e+02
2.089173641618005774e+02 1.785626758943512584e+02
2.090152444910745260e+02 1.785421956321160053e+02
2.091131248203484745e+02 1.785217153698807522e+02
2.092110051496224230e+02 1.785012351076454991e+02
2.093088854788963715e+02 1.784807548454102459e+02
2.094553558992397200e+02 1.784501077006754883e+02
2.094758361614749731e+02 1.785479880299494369e+02
2.094963164237102262e+02 1.786458683592233854e+02
2.095167966859454793e+02 1.787437486884973339e+02
2.095372769481807325e+02 1.788416290177712824e+02
2.095577572104159856e+02 1.789395093470452309e+02
2.095782374726512387e+02 1.790373896763191794e+02
2.095987177348864918e+02 1.791352700055931280e+02
2.096191979971217449e+02 1.792331503348670765e+02
2.096396782593569981e+02 1.793310306641410250e+02
2.096601585215922512e+02 1.794289109934149735e+02
2.096806387838275043e+02 1.795267913226889220e+02
2.097011190460627574e+02 1.796246716519628706e+02
2.097215993082980106e+02 1.797225519812368191e+02
2.097420795705332637e+02 1.798204323105107676e+02
2.097625598327685168e+02 1.799183126397847161e+02
2.097830400950037699e+02 1.800161929690586646e+02
2.098035203572390230e+02 1.801140732983326131e+02
2.098240006194742762e+02 1.802119536276065617e+02
2.098444808817095293e+02 1.803098339568805102e+02
2.098649611439447824e+02 1.804077142861544587e+02
2.098854414061800355e+02 1.805055946154284072e+02
2.099059216684152887e+02 1.806034749447023557e+02
2.099264019306505418e+02 1.807013552739763043e+02
2.099468821928857949e+02 1.807992356032502528e+02
2.099673624551210480e+02 1.808971159325242013e+02
2.099878427173563011e+02 1.809949962617981498e+02
2.100083229795915543e+02 1.810928765910720983e+02
2.100288032418268074e+02 1.811907569203460469e+02
2.100492835040620605e+02 1.812886372496199954e+02
2.100697637662973136e+02 1.813865175788939439e+02
2.100902440285325667e+02 1.814843979081678924e+02
2.101107242907678199e+02 1.815822782374418409e+02
2.101312045530030730e+02 1.816801585667157894e+02
2.101516848152383261e+02 1.817780388959897380e+02
2.101721650774735792e+02 1.818759192252636865e+02
2.101926453397088324e+02 1.819737995545376350e+02
2.102131256019440855e+02 1.820716798838115835e+02
2.102336058641793386e+02 1.821695602130855320e+02
2.102540861264145917e+02 1.822674405423594806e+02
2.102745663886498448e+02 1.823653208716334291e+02
2.102950466508850980e+02 1.824632012009073776e+02
2.103155269131203511e+02 1.825610815301813261e+02
2.103360071753556042e+02 1.826589618594552746e+02
2.103564874375908573e+02 1.827568421887292232e+02
2.103769676998261104e+02 1.828547225180031717e+02
2.103974479620613636e+02 1.829526028472771202e+02
2.104179282242966167e+02 1.830504831765510687e+02
2.104384084865318698e+02 1.831483635058250172e+02
2.104588887487671229e+02 1.832462438350989657e+02
2.104793690110023761e+02 1.833441241643729143e+02
2.104998492732376292e+02 1.834420044936468628e+02
2.105203295354728823e+02 1.835398848229208113e+02
2.105408097977081354e+02 1.836377651521947598e+02
2.105612900599433885e+02 1.837356454814687083e+02
2.105817703221786417e+02 1.838335258107426569e+02
2.106022505844138948e+02 1.839314061400166054e+02
2.106227308466491479e+02 1.840292864692905539e+02
2.106432111088844010e+02 1.841271667985645024e+02
2.106636913711196541e+02 1.842250471278384509e+02
2.106841716333549073e+02 1.843229274571123995e+02
2.107046518955901604e+02 1.844208077863863480e+02
2.107251321578254135e+02 1.845186881156602965e+02
2.107456124200606666e+02 1.846165684449342450e+02
2.107660926822959198e+02 1.847144487742081935e+02
2.107865729445311729e+02 1.848123291034821420e+02
2.108070532067664260e+02 1.849102094327560906e+02
2.108275334690016791e+02 1.850080897620300391e+02
2.108480137312369322e+02 1.851059700913039876e+02
2.108684939934721854e+02 1.852038504205779361e+02
2.108889742557074385e+02 1.853017307498518846e+02
2.109094545179426916e+02 1.853996110791258332e+02
2.109299347801779447e+02 1.854974914083997817e+02
2.109504150424131979e+02 1.855953717376737302e+02
2.109708953046484510e+02 1.856932520669476787e+02
2.109913755668837041e+02 1.857911323962216272e+02
2.110118558291189572e+02 1.858890127254955758e+02
2.110323360913542103e+02 1.859868930547695243e+02
2.110528163535894635e+02 1.860847733840434728e+02
2.110732966158247166e+02 1.861826537133174213e+02
2.110937768780599697e+02 1.862805340425913698e+02
2.111142571402952228e+02 1.863784143718653183e+02
2.111347374025304759e+02 1.864762947011392669e+02
2.111552176647657291e+02 1.865741750304132154e+02
2.111756979270009822e+02 1.866720553596871639e+02
2.111961781892362353e+02 1.867699356889611124e+02
2.112166584514714884e+02 1.868678160182350609e+02
2.112371387137067416e+02 1.869656963475090095e+02
2.112576189759419947e+02 1.870635766767829580e+02
2.112780992381772478e+02 1.871614570060569065e+02
2.112985795004125009e+02 1.872593373353308550e+02
2.113190597626477540e+02 1.873572176646048035e+02
2.113395400248830072e+02 1.874550979938787520e+02
2.113600202871182603e+02 1.875529783231527006e+02
2.113805005493535134e+02 1.876508586524266491e+02
2.114009808115887665e+02 1.877487389817005976e+02
2.114214610738240196e+02 1.878466193109745461e+02
2.114419413360592728e+02 1.879444996402484946e+02
2.114624215982945259e+02 1.880423799695224432e+02
2.114829018605297790e+02 1.881402602987963917e+02
2.115033821227650321e+02 1.882381406280703402e+02
2.115238623850002853e+02 1.883360209573442887e+02
2.115443426472355384e+02 1.884339012866182372e+02
2.115648229094707915e+02 1.885317816158921858e+02
2.115853031717060446e+02 1.886296619451661343e+02
2.116057834339412977e+02 1.887275422744400828e+02
2.116262636961765509e+02 1.888254226037140313e+02
2.116467439584118040e+02 1.889233029329879798e+02
2.116672242206470571e+02 1.890211832622619283e+02
2.116877044828823102e+02 1.891190635915358769e+02
2.117081847451175634e+02 1.892169439208098254e+02
2.117286650073528165e+02 1.893148242500837739e+02
2.117491452695880696e+02 1.894127045793577224e+02
2.117696255318233227e+02 1.895105849086316709e+02
2.117901057940585758e+02 1.896084652379056195e+02
2.118105860562938290e+02 1.897063455671795680e+02
2.118310663185290821e+02 1.898042258964535165e+02
2.118515465807643352e+02 1.899021062257274650e+02
2.118720268429995883e+02 1.899999865550014135e+02
2.118925071052348414e+02 1.900978668842753621e+02
2.119129873674700946e+02 1.901957472135493106e+02
2.119334676297053477e+02 1.902936275428232591e+02
2.119539478919406008e+02 1.903915078720972076e+02
2.119744281541758539e+02 1.904893882013711561e+02
2.119949084164111071e+02 1.905872685306451046e+02
2.120153886786463602e+02 1.906851488599190532e+02
2.120358689408816133e+02 1.907830291891930017e+02
2.120563492031168664e+02 1.908809095184669502e+02
2.120768294653521195e+02 1.909787898477408987e+02
2.120973097275873727e+02 1.910766701770148472e+02
2.121177899898226258e+02 1.911745505062887958e+02
2.121382702520578789e+02 1.912724308355627443e+02
2.121587505142931320e+02 1.913703111648366928e+02
2.121792307765283851e+02 1.914681914941106413e+02
2.121997110387636383e+02 1.915660718233845898e+02
2.122201913009988914e+02 1.916639521526585384e+02
2.122406715632341445e+02 1.917618324819324869e+02
2.122611518254693976e+02 1.918597128112064354e+02
2.122816320877046508e+02 1.919575931404803839e+02
2.123021123499399039e+02 1.920554734697543324e+02
2.123225926121751570e+02 1.921533537990282809e+02
2.123430728744104101e+02 1.922512341283022295e+02
2.123635531366456632e+02 1.923491144575761780e+02
2.123840333988809164e+02 1.924469947868501265e+02
2.124045136611161695e+02 1.925448751161240750e+02
2.124249939233514226e+02 1.926427554453980235e+02
2.124454741855866757e+02 1.927406357746719721e+02
2.124659544478219289e+02 1.928385161039459206e+02
2.124864347100571820e+02 1.929363964332198691e+02
2.125069149722924351e+02 1.930342767624938176e+02
2.125273952345276882e+02 1.931321570917677661e+02
2.125478754967629413e+02 1.932300374210417147e+02
2.125683557589981945e+02 1.933279177503156632e+02
2.125888360212334476e+02 1.934257980795896117e+02
2.126093162834687007e+02 1.935236784088635602e+02
2.126297965457039538e+02 1.936215587381375087e+02
2.126502768079392069e+02 1.937194390674114572e+02
2.126707570701744601e+02 1.938173193966854058e+02
2.126912373324097132e+02 1.939151997259593543e+02
2.127117175946449663e+02 1.940130800552333028e+02
2.127321978568802194e+02 1.941109603845072513e+02
2.127526781191154726e+02 1.942088407137811998e+02
2.127731583813507257e+02 1.943067210430551484e+02
2.127936386435859788e+02 1.944046013723290969e+02
2.128141189058212319e+02 1.945024817016030454e+02
2.128345991680564850e+02 1.946003620308769939e+02
2.128550794302917382e+02 1.946982423601509424e+02
2.128755596925269913e+02 1.947961226894248910e+02
2.128960399547622444e+02 1.948940030186988395e+02
2.129165202169974975e+02 1.949918833479727880e+02
2.129370004792327506e+02 1.950897636772467365e+02
2.129574807414680038e+02 1.951876440065206850e+02
2.129779610037032569e+02 1.952855243357946335e+02
2.129984412659385100e+02 1.953834046650685821e+02
2.130189215281737631e+02 1.954812849943425306e+02
2.130394017904090163e+02 1.955791653236164791e+02
2.130598820526442694e+02 1.956770456528904276e+02
2.130803623148795225e+02 1.957749259821643761e+02
2.131008425771147756e+02 1.958728063114383247e+02
2.131213228393500287e+02 1.959706866407122732e+02
2.131418031015852819e+02 1.960685669699862217e+02
2.131622833638205350e+02 1.961664472992601702e+02
2.131827636260557881e+02 1.962643276285341187e+02
2.132032438882910412e+02 1.963622079578080672e+02
2.132237241505262944e+02 1.964600882870820158e+02
2.132442044127615475e+02 1.965579686163559643e+02
2.132646846749968006e+02 1.966558489456299128e+02
2.132851649372320537e+02 1.967537292749038613e+02
2.133056451994673068e+02 1.968516096041778098e+02
2.133261254617025600e+02 1.969494899334517584e+02
2.133466057239378131e+02 1.970473702627257069e+02
2.133670859861730662e+02 1.971452505919996554e+02
2.133875662484083193e+02 1.972431309212736039e+02
2.134080465106435724e+02 1.973410112505475524e+02
2.134285267728788256e+02 1.974388915798215010e+02
2.134490070351140787e+02 1.975367719090954495e+02
2.134694872973493318e+02 1.976346522383693980e+02
2.134899675595845849e+02 1.977325325676433465e+02
2.135104478218198381e+02 1.978304128969172950e+02
2.135309280840550912e+02 1.979282932261912435e+02
2.135514083462903443e+02 1.980261735554651921e+02
2.135718886085255974e+02 1.981240538847391406e+02
2.135923688707608505e+02 1.982219342140130891e+02
2.136128491329961037e+02 1.983198145432870376e+02
2.136333293952313568e+02 1.984176948725609861e+02
2.136538096574666099e+02 1.985155752018349347e+02
2.136742899197018630e+02 1.986134555311088832e+02
2.136947701819371161e+02 1.987113358603828317e+02
2.137152504441723693e+02 1.988092161896567802e+02
2.137357307064076224e+02 1.989070965189307287e+02
2.137562109686428755e+02 1.990049768482046773e+02
2.137766912308781286e+02 1.991028571774786258e+02
2.137971714931133818e+02 1.992007375067525743e+02
2.138176517553486349e+02 1.992986178360265228e+02
2.138381320175838880e+02 1.993964981653004713e+02
2.138586122798191411e+02 1.994943784945744198e+02
2.138790925420543942e+02 1.995922588238483684e+02
2.138995728042896474e+02 1.996901391531223169e+02
2.139200530665249005e+02 1.997880194823962654e+02
2.139405333287601536e+02 1.998858998116702139e+02
2.139610135909954067e+02 1.999837801409441624e+02
2.139814938532306599e+02 2.000816604702181110e+02
2.140019741154659130e+02 2.001795407994920595e+02
2.140224543777011661e+02 2.002774211287660080e+02
2.140429346399364192e+02 2.003753014580399565e+02
2.140634149021716723e+02 2.004731817873139050e+02
2.140838951644069255e+02 2.005710621165878536e+02
2.141043754266421786e+02 2.006689424458618021e+02
2.141248556888774317e+02 2.007668227751357506e+02
2.141453359511126848e+02 2.008647031044096991e+02
2.141658162133479379e+02 2.009625834336836476e+02
2.141862964755831911e+02 2.010604637629575961e+02
2.142067767378184442e+02 2.011583440922315447e+02
2.142272570000536973e+02 2.012562244215054932e+02
2.142477372622889504e+02 2.013541047507794417e+02
2.142682175245242036e+02 2.014519850800533902e+02
2.142886977867594567e+02 2.015498654093273387e+02
2.143091780489947098e+02 2.016477457386012873e+02
2.143296583112299629e+02 2.017456260678752358e+02
2.143501385734652160e+02 2.018435063971491843e+02
2.143706188357004692e+02 2.019413867264231328e+02
2.143910990979357223e+02 2.020392670556970813e+02
2.144115793601709754e+02 2.021371473849710299e+02
2.144320596224062285e+02 2.022350277142449784e+02
2.144525398846414816e+02 2.023329080435189269e+02
2.144730201468767348e+02 2.024307883727928754e+02
2.144935004091119879e+02 2.025286687020668239e+02
2.145139806713472410e+02 2.026265490313407724e+02
2.145344609335824941e+02 2.027244293606147210e+02
2.145549411958177473e+02 2.028223096898886695e+02
2.145754214580530004e+02 2.029201900191626180e+02
2.145959017202882535e+02 2.030180703484365665e+02
2.146262888648746241e+02 2.031632981626064804e+02
