2.219998908624245075e+02 4.200000000000000000e+01
2.219996825401558453e+02 4.209999690008707063e+01
2.219990575769663224e+02 4.219999206420116167e+01
2.219980159837054998e+02 4.229998375639942054e+01
2.219965577784556956e+02 4.239997024079927002e+01
2.219946829865317852e+02 4.249994978160854942e+01
2.219923916404806050e+02 4.259992064315562743e+01
2.219896837800805827e+02 4.269988108991956466e+01
2.219865594523408561e+02 4.279982938656021219e+01
2.219830187115006197e+02 4.289976379794835282e+01
2.219790616190281014e+02 4.299968258919582098e+01
2.219746882436194539e+02 4.309958402568562974e+01
2.219698986611976466e+02 4.319946637310206228e+01
2.219646929549111576e+02 4.329932789746079891e+01
2.219590712151323828e+02 4.339916686513901567e+01
2.219530335394562712e+02 4.349898154290546870e+01
2.219465800326984777e+02 4.359877019795061415e+01
2.219397108068936006e+02 4.369853109791665702e+01
2.219324259812932496e+02 4.379826251092762135e+01
2.219247256823639418e+02 4.389796270561946301e+01
2.219166100437849707e+02 4.399762995117008302e+01
2.219080792064459615e+02 4.409726251732938351e+01
2.218991333184445125e+02 4.419685867444930949e+01
2.218897725350836936e+02 4.429641669351389055e+01
2.218799970188691475e+02 4.439593484616923291e+01
2.218698069395065318e+02 4.449541140475353274e+01
2.218592024738982786e+02 4.459484464232706813e+01
2.218481838061408098e+02 4.469423283270219827e+01
2.218367511275211541e+02 4.479357425047329144e+01
2.218249046365136223e+02 4.489286717104671709e+01
2.218126445387765102e+02 4.499210987067075962e+01
2.217999710471484036e+02 4.509130062646556070e+01
2.217868843816444837e+02 4.519043771645301177e+01
2.217733847694528038e+02 4.528951941958666794e+01
2.217594724449302248e+02 4.538854401578160491e+01
2.217451476495984366e+02 4.548750978594429739e+01
2.217304106321397512e+02 4.558641501200244761e+01
2.217152616483926977e+02 4.568525797693483526e+01
2.216997009613477303e+02 4.578403696480108209e+01
2.216837288411425391e+02 4.588275026077149477e+01
2.216673455650573885e+02 4.598139615115680101e+01
2.216505514175103713e+02 4.607997292343790008e+01
2.216333466900523490e+02 4.617847886629562026e+01
2.216157316813620639e+02 4.627691226964037696e+01
2.215977066972407101e+02 4.637527142464192309e+01
2.215792720506069315e+02 4.647355462375895740e+01
2.215604280614910522e+02 4.657176016076880387e+01
2.215411750570298182e+02 4.666988633079702709e+01
2.215215133714605429e+02 4.676793143034701927e+01
2.215014433461153374e+02 4.686589375732955887e+01
2.214809653294152554e+02 4.696377161109241172e+01
2.214600796768641260e+02 4.706156329244980441e+01
2.214387867510424712e+02 4.715926710371193309e+01
2.214170869216011965e+02 4.725688134871445101e+01
2.213949805652551674e+02 4.735440433284790629e+01
2.213724680657766726e+02 4.745183436308715841e+01
2.213495498139886877e+02 4.754916974802077334e+01
2.213262262077582250e+02 4.764640879788038319e+01
2.213024976519893698e+02 4.774354982457001029e+01
2.212783645586161470e+02 4.784059114169541260e+01
2.212538273465955854e+02 4.793753106459330837e+01
2.212288864419002437e+02 4.803436791036065756e+01
2.212035422775109055e+02 4.813109999788386517e+01
2.211777952934090763e+02 4.822772564786797034e+01
2.211516459365692526e+02 4.832424318286579279e+01
2.211250946609513051e+02 4.842065092730705800e+01
2.210981419274925202e+02 4.851694720752748680e+01
2.210707882040995287e+02 4.861313035179784237e+01
2.210430339656403191e+02 4.870919869035296301e+01
2.210148796939359386e+02 4.880515055542075231e+01
2.209863258777520514e+02 4.890098428125111241e+01
2.209573730127905549e+02 4.899669820414487731e+01
2.209280216016809675e+02 4.909229066248269646e+01
2.208982721539716181e+02 4.918775999675386856e+01
2.208681251861209489e+02 4.928310454958518250e+01
2.208375812214883638e+02 4.937832266576963036e+01
2.208066407903252752e+02 4.947341269229519867e+01
2.207753044297658676e+02 4.956837297837355294e+01
2.207435726838177743e+02 4.966320187546867260e+01
2.207114461033525572e+02 4.975789773732548582e+01
2.206789252460962985e+02 4.985245891999845469e+01
2.206460106766198237e+02 4.994688378188011058e+01
2.206127029663288113e+02 5.004117068372953270e+01
2.205790026934541288e+02 5.013531798870084799e+01
2.205449104430414593e+02 5.022932406237161018e+01
2.205104268069414388e+02 5.032318727277117887e+01
2.204755523837992541e+02 5.041690599040907017e+01
2.204402877790441835e+02 5.051047858830322923e+01
2.204046336048792796e+02 5.060390344200828139e+01
2.203685904802705409e+02 5.069717892964371941e+01
2.203321590309362250e+02 5.079030343192209074e+01
2.202953398893361054e+02 5.088327533217707810e+01
2.202581336946603585e+02 5.097609301639156598e+01
2.202205410928184506e+02 5.106875487322569285e+01
2.201825627364280535e+02 5.116125929404478256e+01
2.201441992848035909e+02 5.125360467294730427e+01
2.201054514039448691e+02 5.134578940679272563e+01
2.200663197665255097e+02 5.143781189522936614e+01
2.200268050518812117e+02 5.152967054072216513e+01
2.199869079459980128e+02 5.162136374858041421e+01
2.199466291415003525e+02 5.171288992698545428e+01
2.199059693376390783e+02 5.180424748701829429e+01
2.198649292402792810e+02 5.189543484268721585e+01
2.198235095618880450e+02 5.198645041095527830e+01
2.197817110215220850e+02 5.207729261176783098e+01
2.197395343448152971e+02 5.216795986807991881e+01
2.196969802639660543e+02 5.225845060588368085e+01
2.196540495177246157e+02 5.234876325423564225e+01
2.196107428513802518e+02 5.243889624528403459e+01
2.195670610167482835e+02 5.252884801429597417e+01
2.195230047721570656e+02 5.261861699968464023e+01
2.194785748824348275e+02 5.270820164303639643e+01
2.194337721188963428e+02 5.279760038913782694e+01
2.193885972593296287e+02 5.288681168600272287e+01
2.193430510879823032e+02 5.297583398489908291e+01
2.192971343955481416e+02 5.306466574037592920e+01
2.192508479791532068e+02 5.315330541029018008e+01
2.192041926423421216e+02 5.324175145583340907e+01
2.191571691950640002e+02 5.333000234155856845e+01
2.191097784536585209e+02 5.341805653540662746e+01
2.190620212408416592e+02 5.350591250873318216e+01
2.190138983856913910e+02 5.359356873633498708e+01
2.189654107236334255e+02 5.368102369647644423e+01
2.189165590964265391e+02 5.376827587091599980e+01
2.188673443521480806e+02 5.385532374493253371e+01
2.188177673451792202e+02 5.394216580735161415e+01
2.187678289361900283e+02 5.402880055057176634e+01
2.187175299921247245e+02 5.411522647059063473e+01
2.186668713861864433e+02 5.420144206703108125e+01
2.186158539978221711e+02 5.428744584316724087e+01
2.185644787127073982e+02 5.437323630595052038e+01
2.185127464227308849e+02 5.445881196603548347e+01
2.184606580259790292e+02 5.454417133780575000e+01
2.184082144267203773e+02 5.462931293939973898e+01
2.183554165353898497e+02 5.471423529273643283e+01
2.183022652685730236e+02 5.479893692354102086e+01
2.182487615489900747e+02 5.488341636137047885e+01
2.181949063054799751e+02 5.496767213963914855e+01
2.181407004729841219e+02 5.505170279564411828e+01
2.180861449925303646e+02 5.513550687059068878e+01
2.180312408112164348e+02 5.521908290961765431e+01
2.179759888821936045e+02 5.530242946182258379e+01
2.179203901646502004e+02 5.538554508028699530e+01
2.178644456237948646e+02 5.546842832210146668e+01
2.178081562308398134e+02 5.555107774839072476e+01
2.177515229629839837e+02 5.563349192433856416e+01
2.176945468033960651e+02 5.571566941921280858e+01
2.176372287411975037e+02 5.579760880639012299e+01
2.175795697714452217e+02 5.587930866338078317e+01
2.175215708951143370e+02 5.596076757185338124e+01
2.174632331190809111e+02 5.604198411765943888e+01
2.174045574561043850e+02 5.612295689085794237e+01
2.173455449248099853e+02 5.620368448573985631e+01
2.172861965496710468e+02 5.628416550085249526e+01
2.172265133609913050e+02 5.636439853902387398e+01
2.171664963948868774e+02 5.644438220738693701e+01
2.171061466932683857e+02 5.652411511740377392e+01
2.170454653038228798e+02 5.660359588488969962e+01
2.169844532799954493e+02 5.668282313003727779e+01
2.169231116809712603e+02 5.676179547744031595e+01
2.168614415716568544e+02 5.684051155611768991e+01
2.167994440226618735e+02 5.691896999953716829e+01
2.167371201102804150e+02 5.699716944563916599e+01
2.166744709164722735e+02 5.707510853686033414e+01
2.166114975288442395e+02 5.715278592015715020e+01
2.165482010406311986e+02 5.723020024702943687e+01
2.164845825506771746e+02 5.730735017354372474e+01
2.164206431634161731e+02 5.738423436035662206e+01
2.163563839888531106e+02 5.746085147273802818e+01
2.162918061425444591e+02 5.753720018059433983e+01
2.162269107455789481e+02 5.761327915849153669e+01
2.161616989245580953e+02 5.768908708567816745e+01
2.160961718115765393e+02 5.776462264610830744e+01
2.160303305442025419e+02 5.783988452846437411e+01
2.159641762654581498e+02 5.791487142617991424e+01
2.158977101237993850e+02 5.798958203746230566e+01
2.158309332730962637e+02 5.806401506531530288e+01
2.157638468726128167e+02 5.813816921756158251e+01
2.156964520869869091e+02 5.821204320686521072e+01
2.156287500862101183e+02 5.828563575075392578e+01
2.155607420456073271e+02 5.835894557164144203e+01
2.154924291458163168e+02 5.843197139684961172e+01
2.154238125727673321e+02 5.850471195863055840e+01
2.153548935176625037e+02 5.857716599418861847e+01
2.152856731769550720e+02 5.864933224570232539e+01
2.152161527523287248e+02 5.872120946034621625e+01
2.151463334506766500e+02 5.879279639031257432e+01
2.150762164840806463e+02 5.886409179283310067e+01
2.150058030697900051e+02 5.893509443020052174e+01
2.149350944302005360e+02 5.900580306979000511e+01
2.148640917928331078e+02 5.907621648408063209e+01
2.147927963903125601e+02 5.914633345067665005e+01
2.147212094603462162e+02 5.921615275232872477e+01
2.146493322457023396e+02 5.928567317695508621e+01
2.145771659941886185e+02 5.935489351766250365e+01
2.145047119586305655e+02 5.942381257276734630e+01
2.144319713968496046e+02 5.949242914581630970e+01
2.143589455716414420e+02 5.956074204560731999e+01
2.142856357507539258e+02 5.962875008621012540e+01
2.142120432068652178e+02 5.969645208698690908e+01
2.141381692175615967e+02 5.976384687261280249e+01
2.140640150653152887e+02 5.983093327309624954e+01
2.139895820374622986e+02 5.989771012379937787e+01
2.139148714261799284e+02 5.996417626545814983e+01
2.138398845284643812e+02 6.003033054420253478e+01
2.137646226461083074e+02 6.009617181157652510e+01
2.136890870856781817e+02 6.016169892455808110e+01
2.136132791584915367e+02 6.022691074557895519e+01
2.135372001805943398e+02 6.029180614254445914e+01
2.134608514727380282e+02 6.035638398885309641e+01
2.133842343603566292e+02 6.042064316341615893e+01
2.133073501735437389e+02 6.048458255067716749e+01
2.132302002470294440e+02 6.054820104063119857e+01
2.131527859201571573e+02 6.061149752884423236e+01
2.130751085368603412e+02 6.067447091647227353e+01
2.129971694456391731e+02 6.073712011028041502e+01
2.129189699995371825e+02 6.079944402266188774e+01
2.128405115561176899e+02 6.086144157165685442e+01
2.127617954774403017e+02 6.092311168097125318e+01
2.126828231300372920e+02 6.098445327999544929e+01
2.126035958848896996e+02 6.104546530382286562e+01
2.125241151174037668e+02 6.110614669326839987e+01
2.124443822073869228e+02 6.116649639488687740e+01
2.123643985390238811e+02 6.122651336099129082e+01
2.122841655008525095e+02 6.128619654967104680e+01
2.122036844857398421e+02 6.134554492480997112e+01
2.121229568908579495e+02 6.140455745610437788e+01
2.120419841176594389e+02 6.146323311908091114e+01
2.119607675718533812e+02 6.152157089511432275e+01
2.118793086633807832e+02 6.157956977144520749e+01
2.117976088063901159e+02 6.163722874119751083e+01
2.117156694192128157e+02 6.169454680339607222e+01
2.116334919243385571e+02 6.175152296298396948e+01
2.115510777483907248e+02 6.180815623083979915e+01
2.114684283221014596e+02 6.186444562379486456e+01
2.113855450802869882e+02 6.192039016465020040e+01
2.113024294618225838e+02 6.197598888219360447e+01
2.112190829096176685e+02 6.203124081121642064e+01
2.111355068705906888e+02 6.208614499253036456e+01
2.110517027956441041e+02 6.214070047298413613e+01
2.109676721396391486e+02 6.219490630547996801e+01
2.108834163613704789e+02 6.224876154899008185e+01
2.107989369235410209e+02 6.230226526857302360e+01
2.107142352927364470e+02 6.235541653538986395e+01
2.106293129393997390e+02 6.240821442672039154e+01
2.105441713378057500e+02 6.246065802597904337e+01
2.104588119660354835e+02 6.251274642273088489e+01
2.103732363059505133e+02 6.256447871270739824e+01
2.102874458431672338e+02 6.261585399782215688e+01
2.102014420670310813e+02 6.266687138618644326e+01
2.101152264705906418e+02 6.271752999212473867e+01
2.100288005505717592e+02 6.276782893619003545e+01
2.099421658073516141e+02 6.281776734517920602e+01
2.098553237449325195e+02 6.286734435214809480e+01
2.097682758709159998e+02 6.291655909642654620e+01
2.096810236964764442e+02 6.296541072363343261e+01
2.095935687363349871e+02 6.301389838569140522e+01
2.095059125087331893e+02 6.306202124084165916e+01
2.094180565354066346e+02 6.310977845365852801e+01
2.093300023415585542e+02 6.315716919506400018e+01
2.092417514558334233e+02 6.320419264234210743e+01
2.091533054102901872e+02 6.325084797915320678e+01
2.090646657403759150e+02 6.329713439554812737e+01
2.089758339848990829e+02 6.334305108798228900e+01
2.088868116860027158e+02 6.338859725932961453e+01
2.087976003891378127e+02 6.343377211889634992e+01
2.087082016430364035e+02 6.347857488243482749e+01
2.086186169996846331e+02 6.352300477215707986e+01
2.085288480142959600e+02 6.356706101674828346e+01
2.084388962452840417e+02 6.361074285138025175e+01
2.083487632542356494e+02 6.365404951772462283e+01
2.082584506058836666e+02 6.369698026396606139e+01
2.081679598680799188e+02 6.373953434481529712e+01
2.080772926117678310e+02 6.378171102152209926e+01
2.079864504109552854e+02 6.382350956188804503e+01
2.078954348426872230e+02 6.386492924027928098e+01
2.078042474870183014e+02 6.390596933763907828e+01
2.077128899269854401e+02 6.394662914150035249e+01
2.076213637485804213e+02 6.398690794599801279e+01
2.075296705407221793e+02 6.402680505188121174e+01
2.074378118952293732e+02 6.406631976652552396e+01
2.073457894067927327e+02 6.410545140394488328e+01
2.072536046729472901e+02 6.414419928480359090e+01
2.071612592940447826e+02 6.418256273642803933e+01
2.070687548732256857e+02 6.422054109281845058e+01
2.069760930163915589e+02 6.425813369466034430e+01
2.068832753321770781e+02 6.429533988933610544e+01
2.067903034319220978e+02 6.433215903093622501e+01
2.066971789296437123e+02 6.436859048027052665e+01
2.066039034420082885e+02 6.440463360487927957e+01
2.065104785883032150e+02 6.444028777904419769e+01
2.064169059904090773e+02 6.447555238379923992e+01
2.063231872727711789e+02 6.451042680694143883e+01
2.062293240623716031e+02 6.454491044304145930e+01
2.061353179887008480e+02 6.457900269345411459e+01
2.060411706837295469e+02 6.461270296632882548e+01
2.059468837818801035e+02 6.464601067661982370e+01
2.058524589199984689e+02 6.467892524609631266e+01
2.057578977373254929e+02 6.471144610335255720e+01
2.056632018754686726e+02 6.474357268381776009e+01
2.055683729783735600e+02 6.477530442976586755e+01
2.054734126922951987e+02 6.480664079032527525e+01
2.053783226657696446e+02 6.483758122148836378e+01
2.052831045495851754e+02 6.486812518612094891e+01
2.051877599967538686e+02 6.489827215397163229e+01
2.050922906624826965e+02 6.492802160168095327e+01
2.049966982041448773e+02 6.495737301279055487e+01
2.049009842812511124e+02 6.498632587775203717e+01
2.048051505554207381e+02 6.501487969393593858e+01
2.047091986903529630e+02 6.504303396564033335e+01
2.046131303517978495e+02 6.507078820409952868e+01
2.045169472075274939e+02 6.509814192749252015e+01
2.044206509273070651e+02 6.512509466095130506e+01
2.043242431828657857e+02 6.515164593656925263e+01
2.042277256478679703e+02 6.517779529340906208e+01
2.041310999978838652e+02 6.520354227751090548e+01
2.040343679103606576e+02 6.522888644190024365e+01
2.039375310645933155e+02 6.525382734659559958e+01
2.038405911416953984e+02 6.527836455861616116e+01
2.037435498245700103e+02 6.530249765198935563e+01
2.036464087978803832e+02 6.532622620775822497e+01
2.035491697480207733e+02 6.534954981398868767e+01
2.034518343630871584e+02 6.537246806577665836e+01
2.033544043328479063e+02 6.539498056525516745e+01
2.032568813487144439e+02 6.541708692160119654e+01
2.031592671037119260e+02 6.543878675104247122e+01
2.030615632924497902e+02 6.546007967686411178e+01
2.029637716110924259e+02 6.548096532941524117e+01
2.028658937573295589e+02 6.550144334611533736e+01
2.027679314303470051e+02 6.552151337146054288e+01
2.026698863307970271e+02 6.554117505702981816e+01
2.025717601607688039e+02 6.556042806149105218e+01
2.024735546237589574e+02 6.557927205060691733e+01
2.023752714246419373e+02 6.559770669724072434e+01
2.022769122696403770e+02 6.561573168136206391e+01
2.021784788662956203e+02 6.563334669005234900e+01
2.020799729234379072e+02 6.565055141751037127e+01
2.019813961511567868e+02 6.566734556505738851e+01
2.018827502607715019e+02 6.568372884114253907e+01
2.017840369648010892e+02 6.569970096134773030e+01
2.016852579769348210e+02 6.571526164839271189e+01
2.015864150120024476e+02 6.573041063213975121e+01
2.014875097859442974e+02 6.574514764959845081e+01
2.013885440157816049e+02 6.575947244493022481e+01
2.012895194195866679e+02 6.577338476945278956e+01
2.011904377164530047e+02 6.578688438164448371e+01
2.010913006264655678e+02 6.579997104714838940e+01
2.009921098706707596e+02 6.581264453877651022e+01
2.008928671710467029e+02 6.582490463651362234e+01
2.007935742504732843e+02 6.583675112752113989e+01
2.006942328327021983e+02 6.584818380614082400e+01
2.005948446423270752e+02 6.585920247389829285e+01
2.004954114047535256e+02 6.586980693950653176e+01
2.003959348461692400e+02 6.587999701886916171e+01
2.002964166935138906e+02 6.588977253508367937e+01
2.001968586744493166e+02 6.589913331844451250e+01
2.000972625173293977e+02 6.590807920644594731e+01
1.999976299511700688e+02 6.591661004378497069e+01
1.998979627056194772e+02 6.592472568236395603e+01
1.997982625109276285e+02 6.593242598129324961e+01
1.996985310979166570e+02 6.593971080689360065e+01
1.995987701979506141e+02 6.594658003269846347e+01
1.994989815429054829e+02 6.595303353945625702e+01
1.993991668651390228e+02 6.595907121513238280e+01
1.992993278974608131e+02 6.596469295491114337e+01
1.991994663731020694e+02 6.596989866119766077e+01
1.990995840256856297e+02 6.597468824361945394e+01
1.989996825891958281e+02 6.597906161902810140e+01
1.988997637979483670e+02 6.598301871150063391e+01
1.987998293865602193e+02 6.598655945234085607e+01
1.986998810899195576e+02 6.598968378008056845e+01
1.985999206431556274e+02 6.599239164048060502e+01
1.984999497816085352e+02 6.599468298653177101e+01
1.983999702407992629e+02 6.599655777845569560e+01
1.982999837563994276e+02 6.599801598370549982e+01
1.981999920642011546e+02 6.599905757696632236e+01
1.980999969000870919e+02 6.599968254015583113e+01
1.980000000000000000e+02 6.599989086242452174e+01
1.979000030999129365e+02 6.599968254015583113e+01
1.978000079357988454e+02 6.599905757696632236e+01
1.977000162436005724e+02 6.599801598370549982e+01
1.976000297592007371e+02 6.599655777845569560e+01
1.975000502183914648e+02 6.599468298653177101e+01
1.974000793568443726e+02 6.599239164048060502e+01
1.973001189100804424e+02 6.598968378008056845e+01
1.972001706134397807e+02 6.598655945234085607e+01
1.971002362020516330e+02 6.598301871150063391e+01
1.970003174108041719e+02 6.597906161902810140e+01
1.969004159743143703e+02 6.597468824361945394e+01
1.968005336268979306e+02 6.596989866119766077e+01
1.967006721025392153e+02 6.596469295491114337e+01
1.966008331348609772e+02 6.595907121513238280e+01
1.965010184570945171e+02 6.595303353945627123e+01
1.964012298020493859e+02 6.594658003269846347e+01
1.963014689020833430e+02 6.593971080689360065e+01
1.962017374890723715e+02 6.593242598129324961e+01
1.961020372943805228e+02 6.592472568236395603e+01
1.960023700488299028e+02 6.591661004378497069e+01
1.959027374826706307e+02 6.590807920644594731e+01
1.958031413255506834e+02 6.589913331844451250e+01
1.957035833064861094e+02 6.588977253508367937e+01
1.956040651538307600e+02 6.587999701886916171e+01
1.955045885952464744e+02 6.586980693950653176e+01
1.954051553576729248e+02 6.585920247389829285e+01
1.953057671672978017e+02 6.584818380614082400e+01
1.952064257495267157e+02 6.583675112752113989e+01
1.951071328289532971e+02 6.582490463651362234e+01
1.950078901293292404e+02 6.581264453877651022e+01
1.949086993735344322e+02 6.579997104714838940e+01
1.948095622835469953e+02 6.578688438164448371e+01
1.947104805804133321e+02 6.577338476945278956e+01
1.946114559842183951e+02 6.575947244493022481e+01
1.945124902140557026e+02 6.574514764959845081e+01
1.944135849879975524e+02 6.573041063213975121e+01
1.943147420230651790e+02 6.571526164839271189e+01
1.942159630351989108e+02 6.569970096134773030e+01
1.941172497392284981e+02 6.568372884114253907e+01
1.940186038488432132e+02 6.566734556505738851e+01
1.939200270765620928e+02 6.565055141751035706e+01
1.938215211337043797e+02 6.563334669005236321e+01
1.937230877303596230e+02 6.561573168136206391e+01
1.936247285753580911e+02 6.559770669724072434e+01
1.935264453762410426e+02 6.557927205060691733e+01
1.934282398392311961e+02 6.556042806149105218e+01
1.933301136692029729e+02 6.554117505702981816e+01
1.932320685696529949e+02 6.552151337146054288e+01
1.931341062426704411e+02 6.550144334611533736e+01
1.930362283889075741e+02 6.548096532941525538e+01
1.929384367075502098e+02 6.546007967686411178e+01
1.928407328962880740e+02 6.543878675104247122e+01
1.927431186512855561e+02 6.541708692160119654e+01
1.926455956671520937e+02 6.539498056525516745e+01
1.925481656369128416e+02 6.537246806577665836e+01
1.924508302519792267e+02 6.534954981398868767e+01
1.923535912021196168e+02 6.532622620775822497e+01
1.922564501754299897e+02 6.530249765198936984e+01
1.921594088583045732e+02 6.527836455861616116e+01
1.920624689354066845e+02 6.525382734659559958e+01
1.919656320896393424e+02 6.522888644190025786e+01
1.918689000021161348e+02 6.520354227751090548e+01
1.917722743521320297e+02 6.517779529340906208e+01
1.916757568171342143e+02 6.515164593656925263e+01
1.915793490726929349e+02 6.512509466095130506e+01
1.914830527924725061e+02 6.509814192749252015e+01
1.913868696482021505e+02 6.507078820409952868e+01
1.912908013096470370e+02 6.504303396564033335e+01
1.911948494445792335e+02 6.501487969393593858e+01
1.910990157187488876e+02 6.498632587775203717e+01
1.910033017958551227e+02 6.495737301279055487e+01
1.909077093375173035e+02 6.492802160168096748e+01
1.908122400032461314e+02 6.489827215397163229e+01
1.907168954504148246e+02 6.486812518612094891e+01
1.906216773342303838e+02 6.483758122148836378e+01
1.905265873077048013e+02 6.480664079032527525e+01
1.904316270216264400e+02 6.477530442976586755e+01
1.903367981245313274e+02 6.474357268381776009e+01
1.902421022626745071e+02 6.471144610335255720e+01
1.901475410800015311e+02 6.467892524609631266e+01
1.900531162181198965e+02 6.464601067661982370e+01
1.899588293162704815e+02 6.461270296632882548e+01
1.898646820112991520e+02 6.457900269345411459e+01
1.897706759376283969e+02 6.454491044304145930e+01
1.896768127272288211e+02 6.451042680694143883e+01
1.895830940095909227e+02 6.447555238379923992e+01
1.894895214116967566e+02 6.444028777904419769e+01
1.893960965579917115e+02 6.440463360487927957e+01
1.893028210703562877e+02 6.436859048027052665e+01
1.892096965680779022e+02 6.433215903093622501e+01
1.891167246678229219e+02 6.429533988933610544e+01
1.890239069836084411e+02 6.425813369466035851e+01
1.889312451267743143e+02 6.422054109281845058e+01
1.888387407059552174e+02 6.418256273642803933e+01
1.887463953270527099e+02 6.414419928480359090e+01
1.886542105932072673e+02 6.410545140394488328e+01
1.885621881047706268e+02 6.406631976652552396e+01
1.884703294592778491e+02 6.402680505188121174e+01
1.883786362514195787e+02 6.398690794599801279e+01
1.882871100730145599e+02 6.394662914150035249e+01
1.881957525129816986e+02 6.390596933763907828e+01
1.881045651573127770e+02 6.386492924027928098e+01
1.880135495890447146e+02 6.382350956188804503e+01
1.879227073882321690e+02 6.378171102152209926e+01
1.878320401319200812e+02 6.373953434481529712e+01
1.877415493941163334e+02 6.369698026396605428e+01
1.876512367457643506e+02 6.365404951772462283e+01
1.875611037547159583e+02 6.361074285138025175e+01
1.874711519857040400e+02 6.356706101674828346e+01
1.873813830003153669e+02 6.352300477215707986e+01
1.872917983569635965e+02 6.347857488243482749e+01
1.872023996108621873e+02 6.343377211889634992e+01
1.871131883139972842e+02 6.338859725932961453e+01
1.870241660151009171e+02 6.334305108798230322e+01
1.869353342596240850e+02 6.329713439554812737e+01
1.868466945897098128e+02 6.325084797915320678e+01
1.867582485441666051e+02 6.320419264234210743e+01
1.866699976584414458e+02 6.315716919506400018e+01
1.865819434645933654e+02 6.310977845365853511e+01
1.864940874912668392e+02 6.306202124084165916e+01
1.864064312636650129e+02 6.301389838569140522e+01
1.863189763035235558e+02 6.296541072363343261e+01
1.862317241290840002e+02 6.291655909642654620e+01
1.861446762550674521e+02 6.286734435214809480e+01
1.860578341926483859e+02 6.281776734517920602e+01
1.859711994494282408e+02 6.276782893619003545e+01
1.858847735294093582e+02 6.271752999212473867e+01
1.857985579329689187e+02 6.266687138618645747e+01
1.857125541568327662e+02 6.261585399782215688e+01
1.856267636940494867e+02 6.256447871270739824e+01
1.855411880339645165e+02 6.251274642273089199e+01
1.854558286621942500e+02 6.246065802597904337e+01
1.853706870606002610e+02 6.240821442672039154e+01
1.852857647072635814e+02 6.235541653538986395e+01
1.852010630764589791e+02 6.230226526857302360e+01
1.851165836386295211e+02 6.224876154899008185e+01
1.850323278603608514e+02 6.219490630547997512e+01
1.849482972043558959e+02 6.214070047298413613e+01
1.848644931294093112e+02 6.208614499253037167e+01
1.847809170903823315e+02 6.203124081121642064e+01
1.846975705381774162e+02 6.197598888219360447e+01
1.846144549197130118e+02 6.192039016465020040e+01
1.845315716778985404e+02 6.186444562379486456e+01
1.844489222516092752e+02 6.180815623083979915e+01
1.843665080756614429e+02 6.175152296298396948e+01
1.842843305807871843e+02 6.169454680339607933e+01
1.842023911936098841e+02 6.163722874119751083e+01
1.841206913366192168e+02 6.157956977144520749e+01
1.840392324281466188e+02 6.152157089511433696e+01
1.839580158823405611e+02 6.146323311908091114e+01
1.838770431091420505e+02 6.140455745610438498e+01
1.837963155142601579e+02 6.134554492480997112e+01
1.837158344991475190e+02 6.128619654967104680e+01
1.836356014609761189e+02 6.122651336099129793e+01
1.835556177926130772e+02 6.116649639488687740e+01
1.834758848825962332e+02 6.110614669326839987e+01
1.833964041151103004e+02 6.104546530382286562e+01
1.833171768699627080e+02 6.098445327999544929e+01
1.832382045225596698e+02 6.092311168097124607e+01
1.831594884438823101e+02 6.086144157165685442e+01
1.830810300004628175e+02 6.079944402266188774e+01
1.830028305543608269e+02 6.073712011028041502e+01
1.829248914631396588e+02 6.067447091647227353e+01
1.828472140798428427e+02 6.061149752884422526e+01
1.827697997529705560e+02 6.054820104063119857e+01
1.826926498264562895e+02 6.048458255067717459e+01
1.826157656396433993e+02 6.042064316341617314e+01
1.825391485272619718e+02 6.035638398885309641e+01
1.824627998194056602e+02 6.029180614254445914e+01
1.823867208415084633e+02 6.022691074557895519e+01
1.823109129143218183e+02 6.016169892455808821e+01
1.822353773538916926e+02 6.009617181157653931e+01
1.821601154715356188e+02 6.003033054420254189e+01
1.820851285738201000e+02 5.996417626545814983e+01
1.820104179625377014e+02 5.989771012379937076e+01
1.819359849346847113e+02 5.983093327309624954e+01
1.818618307824384033e+02 5.976384687261280249e+01
1.817879567931347822e+02 5.969645208698690908e+01
1.817143642492460742e+02 5.962875008621012540e+01
1.816410544283585580e+02 5.956074204560732710e+01
1.815680286031503954e+02 5.949242914581631680e+01
1.814952880413694345e+02 5.942381257276733919e+01
1.814228340058113815e+02 5.935489351766251787e+01
1.813506677542976604e+02 5.928567317695508621e+01
1.812787905396537838e+02 5.921615275232872477e+01
1.812072036096874399e+02 5.914633345067665005e+01
1.811359082071668922e+02 5.907621648408063209e+01
1.810649055697994640e+02 5.900580306979000511e+01
1.809941969302099949e+02 5.893509443020052174e+01
1.809237835159193821e+02 5.886409179283310777e+01
1.808536665493233500e+02 5.879279639031257432e+01
1.807838472476712752e+02 5.872120946034621625e+01
1.807143268230449280e+02 5.864933224570232539e+01
1.806451064823374963e+02 5.857716599418861847e+01
1.805761874272326679e+02 5.850471195863056550e+01
1.805075708541836832e+02 5.843197139684961883e+01
1.804392579543926729e+02 5.835894557164144203e+01
1.803712499137898817e+02 5.828563575075392578e+01
1.803035479130130909e+02 5.821204320686521783e+01
1.802361531273872117e+02 5.813816921756158962e+01
1.801690667269037363e+02 5.806401506531530288e+01
1.801022898762006434e+02 5.798958203746231277e+01
1.800358237345418502e+02 5.791487142617991424e+01
1.799696694557974581e+02 5.783988452846437411e+01
1.799038281884234607e+02 5.776462264610830744e+01
1.798383010754419047e+02 5.768908708567817456e+01
1.797730892544210519e+02 5.761327915849153669e+01
1.797081938574555409e+02 5.753720018059434693e+01
1.796436160111469178e+02 5.746085147273802818e+01
1.795793568365838269e+02 5.738423436035661496e+01
1.795154174493228254e+02 5.730735017354372474e+01
1.794517989593688014e+02 5.723020024702944397e+01
1.793885024711557605e+02 5.715278592015715731e+01
1.793255290835277265e+02 5.707510853686033414e+01
1.792628798897195850e+02 5.699716944563917309e+01
1.792005559773381265e+02 5.691896999953717540e+01
1.791385584283431456e+02 5.684051155611768991e+01
1.790768883190287397e+02 5.676179547744031595e+01
1.790155467200045507e+02 5.668282313003728490e+01
1.789545346961771486e+02 5.660359588488969962e+01
1.788938533067316143e+02 5.652411511740377392e+01
1.788335036051131226e+02 5.644438220738693701e+01
1.787734866390086950e+02 5.636439853902387398e+01
1.787138034503289532e+02 5.628416550085249526e+01
1.786544550751900431e+02 5.620368448573985631e+01
1.785954425438956150e+02 5.612295689085794237e+01
1.785367668809190889e+02 5.604198411765943888e+01
1.784784291048856630e+02 5.596076757185338124e+01
1.784204302285547783e+02 5.587930866338078317e+01
1.783627712588024963e+02 5.579760880639013010e+01
1.783054531966039349e+02 5.571566941921280858e+01
1.782484770370160163e+02 5.563349192433856416e+01
1.781918437691601866e+02 5.555107774839072476e+01
1.781355543762051354e+02 5.546842832210147378e+01
1.780796098353497996e+02 5.538554508028700241e+01
1.780240111178063955e+02 5.530242946182259089e+01
1.779687591887835936e+02 5.521908290961766141e+01
1.779138550074696354e+02 5.513550687059068878e+01
1.778592995270158781e+02 5.505170279564411828e+01
1.778050936945200249e+02 5.496767213963914855e+01
1.777512384510099253e+02 5.488341636137047885e+01
1.776977347314269764e+02 5.479893692354102086e+01
1.776445834646101503e+02 5.471423529273643283e+01
1.775917855732796227e+02 5.462931293939974609e+01
1.775393419740209424e+02 5.454417133780575000e+01
1.774872535772691151e+02 5.445881196603548347e+01
1.774355212872926018e+02 5.437323630595052748e+01
1.773841460021778289e+02 5.428744584316724797e+01
1.773331286138135567e+02 5.420144206703108125e+01
1.772824700078752755e+02 5.411522647059063473e+01
1.772321710638099717e+02 5.402880055057177344e+01
1.771822326548207798e+02 5.394216580735161415e+01
1.771326556478519194e+02 5.385532374493253371e+01
1.770834409035734609e+02 5.376827587091600691e+01
1.770345892763665745e+02 5.368102369647644423e+01
1.769861016143085806e+02 5.359356873633498708e+01
1.769379787591583408e+02 5.350591250873317506e+01
1.768902215463414791e+02 5.341805653540662746e+01
1.768428308049359998e+02 5.333000234155856845e+01
1.767958073576579068e+02 5.324175145583340907e+01
1.767491520208467932e+02 5.315330541029018008e+01
1.767028656044518868e+02 5.306466574037592920e+01
1.766569489120176968e+02 5.297583398489907580e+01
1.766114027406703713e+02 5.288681168600272997e+01
1.765662278811036572e+02 5.279760038913782694e+01
1.765214251175651725e+02 5.270820164303640354e+01
1.764769952278429344e+02 5.261861699968464023e+01
1.764329389832517165e+02 5.252884801429597417e+01
1.763892571486197482e+02 5.243889624528403459e+01
1.763459504822753843e+02 5.234876325423564936e+01
1.763030197360339457e+02 5.225845060588368085e+01
1.762604656551847029e+02 5.216795986807992591e+01
1.762182889784779150e+02 5.207729261176783808e+01
1.761764904381119550e+02 5.198645041095527830e+01
1.761350707597207190e+02 5.189543484268721585e+01
1.760940306623609217e+02 5.180424748701830140e+01
1.760533708584996475e+02 5.171288992698545428e+01
1.760130920540019872e+02 5.162136374858041421e+01
1.759731949481187883e+02 5.152967054072216513e+01
1.759336802334744903e+02 5.143781189522937325e+01
1.758945485960551309e+02 5.134578940679273273e+01
1.758558007151964091e+02 5.125360467294731137e+01
1.758174372635719465e+02 5.116125929404479677e+01
1.757794589071815494e+02 5.106875487322569285e+01
1.757418663053396415e+02 5.097609301639156598e+01
1.757046601106638946e+02 5.088327533217707810e+01
1.756678409690637750e+02 5.079030343192209784e+01
1.756314095197294591e+02 5.069717892964372652e+01
1.755953663951207204e+02 5.060390344200828139e+01
1.755597122209558165e+02 5.051047858830323634e+01
1.755244476162007459e+02 5.041690599040906307e+01
1.754895731930585612e+02 5.032318727277117887e+01
1.754550895569585407e+02 5.022932406237161018e+01
1.754209973065458712e+02 5.013531798870086220e+01
1.753872970336711887e+02 5.004117068372953270e+01
1.753539893233801763e+02 4.994688378188011058e+01
1.753210747539037015e+02 4.985245891999846179e+01
1.752885538966474428e+02 4.975789773732547872e+01
1.752564273161822541e+02 4.966320187546867970e+01
1.752246955702341324e+02 4.956837297837356004e+01
1.751933592096747248e+02 4.947341269229521288e+01
1.751624187785116362e+02 4.937832266576963036e+01
1.751318748138790511e+02 4.928310454958518250e+01
1.751017278460283819e+02 4.918775999675387567e+01
1.750719783983190325e+02 4.909229066248269646e+01
1.750426269872094451e+02 4.899669820414487731e+01
1.750136741222479486e+02 4.890098428125111241e+01
1.749851203060640614e+02 4.880515055542075942e+01
1.749569660343596809e+02 4.870919869035296301e+01
1.749292117959004713e+02 4.861313035179784237e+01
1.749018580725074798e+02 4.851694720752749390e+01
1.748749053390486949e+02 4.842065092730705800e+01
1.748483540634307474e+02 4.832424318286579989e+01
1.748222047065909237e+02 4.822772564786797034e+01
1.747964577224890945e+02 4.813109999788387228e+01
1.747711135580997563e+02 4.803436791036065756e+01
1.747461726534044146e+02 4.793753106459331548e+01
1.747216354413838530e+02 4.784059114169541971e+01
1.746975023480106302e+02 4.774354982457001029e+01
1.746737737922417750e+02 4.764640879788038319e+01
1.746504501860113123e+02 4.754916974802077334e+01
1.746275319342233274e+02 4.745183436308716551e+01
1.746050194347448326e+02 4.735440433284791339e+01
1.745829130783988035e+02 4.725688134871445811e+01
1.745612132489575288e+02 4.715926710371194019e+01
1.745399203231358740e+02 4.706156329244979730e+01
1.745190346705847446e+02 4.696377161109241172e+01
1.744985566538846626e+02 4.686589375732957308e+01
1.744784866285394571e+02 4.676793143034702638e+01
1.744588249429701818e+02 4.666988633079702709e+01
1.744395719385089478e+02 4.657176016076881098e+01
1.744207279493930685e+02 4.647355462375895740e+01
1.744022933027592899e+02 4.637527142464193020e+01
1.743842683186379361e+02 4.627691226964038407e+01
1.743666533099476510e+02 4.617847886629562737e+01
1.743494485824896287e+02 4.607997292343790718e+01
1.743326544349426115e+02 4.598139615115679391e+01
1.743162711588574609e+02 4.588275026077149477e+01
1.743002990386522697e+02 4.578403696480108209e+01
1.742847383516073023e+02 4.568525797693484236e+01
1.742695893678602488e+02 4.558641501200245472e+01
1.742548523504015634e+02 4.548750978594430450e+01
1.742405275550697752e+02 4.538854401578161202e+01
1.742266152305471962e+02 4.528951941958666794e+01
1.742131156183555163e+02 4.519043771645301888e+01
1.742000289528516248e+02 4.509130062646556780e+01
1.741873554612234898e+02 4.499210987067076672e+01
1.741750953634863777e+02 4.489286717104671709e+01
1.741632488724788459e+02 4.479357425047329144e+01
1.741518161938591902e+02 4.469423283270219827e+01
1.741407975261017214e+02 4.459484464232707523e+01
1.741301930604934682e+02 4.449541140475353274e+01
1.741200029811308525e+02 4.439593484616924002e+01
1.741102274649163064e+02 4.429641669351389766e+01
1.741008666815554875e+02 4.419685867444930949e+01
1.740919207935540385e+02 4.409726251732938351e+01
1.740833899562150293e+02 4.399762995117008302e+01
1.740752743176360582e+02 4.389796270561947011e+01
1.740675740187067504e+02 4.379826251092762845e+01
1.740602891931063994e+02 4.369853109791665702e+01
1.740534199673015223e+02 4.359877019795062125e+01
1.740469664605437288e+02 4.349898154290546870e+01
1.740409287848676172e+02 4.339916686513902278e+01
1.740353070450888424e+02 4.329932789746080601e+01
1.740301013388023534e+02 4.319946637310206228e+01
1.740253117563805461e+02 4.309958402568562974e+01
1.740209383809718986e+02 4.299968258919582809e+01
1.740169812884993803e+02 4.289976379794835282e+01
1.740134405476591439e+02 4.279982938656021219e+01
1.740103162199194173e+02 4.269988108991957176e+01
1.740076083595193950e+02 4.259992064315563454e+01
1.740053170134682148e+02 4.249994978160854231e+01
1.740034422215443044e+02 4.239997024079927002e+01
1.740019840162945002e+02 4.229998375639942054e+01
1.740009424230336776e+02 4.219999206420117588e+01
1.740003174598441547e+02 4.209999690008707773e+01
1.740001091375754925e+02 4.200000000000000000e+01
1.740003174598441547e+02 4.190000309991292227e+01
1.740009424230336776e+02 4.180000793579884544e+01
1.740019840162945002e+02 4.170001624360058656e+01
1.740034422215443044e+02 4.160002975920072998e+01
1.740053170134682148e+02 4.150005021839146480e+01
1.740076083595193950e+02 4.140007935684437257e+01
1.740103162199194173e+02 4.130011891008044955e+01
1.740134405476591439e+02 4.120017061343978781e+01
1.740169812884993803e+02 4.110023620205164718e+01
1.740209383809718986e+02 4.100031741080419323e+01
1.740253117563805461e+02 4.090041597431437737e+01
1.740301013388023534e+02 4.080053362689793062e+01
1.740353070450888424e+02 4.070067210253920820e+01
1.740409287848676172e+02 4.060083313486098433e+01
1.740469664605437288e+02 4.050101845709452419e+01
1.740534199673015223e+02 4.040122980204939296e+01
1.740602891931063994e+02 4.030146890208335009e+01
1.740675740187067504e+02 4.020173748907237155e+01
1.740752743176360582e+02 4.010203729438053699e+01
1.740833899562150293e+02 4.000237004882992409e+01
1.740919207935540385e+02 3.990273748267062359e+01
1.741008666815554875e+02 3.980314132555069762e+01
1.741102274649163064e+02 3.970358330648610234e+01
1.741200029811308525e+02 3.960406515383077419e+01
1.741301930604934682e+02 3.950458859524647437e+01
1.741407975261017214e+02 3.940515535767293187e+01
1.741518161938591902e+02 3.930576716729781594e+01
1.741632488724788459e+02 3.920642574952671566e+01
1.741750953634863777e+02 3.910713282895328291e+01
1.741873554612234898e+02 3.900789012932924749e+01
1.742000289528515964e+02 3.890869937353443930e+01
1.742131156183555163e+02 3.880956228354698112e+01
1.742266152305471962e+02 3.871048058041333917e+01
1.742405275550697752e+02 3.861145598421839509e+01
1.742548523504015634e+02 3.851249021405570971e+01
1.742695893678602488e+02 3.841358498799755239e+01
1.742847383516073023e+02 3.831474202306516474e+01
1.743002990386522697e+02 3.821596303519892501e+01
1.743162711588574609e+02 3.811724973922851234e+01
1.743326544349426115e+02 3.801860384884319899e+01
1.743494485824896287e+02 3.792002707656210703e+01
1.743666533099476510e+02 3.782152113370437974e+01
1.743842683186379361e+02 3.772308773035962304e+01
1.744022933027592899e+02 3.762472857535807691e+01
1.744207279493930685e+02 3.752644537624104260e+01
1.744395719385089478e+02 3.742823983923118192e+01
1.744588249429701818e+02 3.733011366920297291e+01
1.744784866285394571e+02 3.723206856965298073e+01
1.744985566538846626e+02 3.713410624267044824e+01
1.745190346705847446e+02 3.703622838890759539e+01
1.745399203231358740e+02 3.693843670755019559e+01
1.745612132489575288e+02 3.684073289628808112e+01
1.745829130783988035e+02 3.674311865128554899e+01
1.746050194347448326e+02 3.664559566715208661e+01
1.746275319342233274e+02 3.654816563691284159e+01
1.746504501860113123e+02 3.645083025197922666e+01
1.746737737922417750e+02 3.635359120211961681e+01
1.746975023480106302e+02 3.625645017542999682e+01
1.747216354413838530e+02 3.615940885830458740e+01
1.747461726534044146e+02 3.606246893540669163e+01
1.747711135580997563e+02 3.596563208963934244e+01
1.747964577224890945e+02 3.586890000211613483e+01
1.748222047065909237e+02 3.577227435213204387e+01
1.748483540634307474e+02 3.567575681713420721e+01
1.748749053390486949e+02 3.557934907269293490e+01
1.749018580725074798e+02 3.548305279247252031e+01
1.749292117959004713e+02 3.538686964820216474e+01
1.749569660343596809e+02 3.529080130964703699e+01
1.749851203060640614e+02 3.519484944457925479e+01
1.750136741222479486e+02 3.509901571874888759e+01
1.750426269872094451e+02 3.500330179585511559e+01
1.750719783983190325e+02 3.490770933751731064e+01
1.751017278460283819e+02 3.481224000324613144e+01
1.751318748138790511e+02 3.471689545041481040e+01
1.751624187785116362e+02 3.462167733423037674e+01
1.751933592096747248e+02 3.452658730770479423e+01
1.752246955702341324e+02 3.443162702162645417e+01
1.752564273161822257e+02 3.433679812453132740e+01
1.752885538966474428e+02 3.424210226267451418e+01
1.753210747539037015e+02 3.414754108000155952e+01
1.753539893233801763e+02 3.405311621811989653e+01
1.753872970336711887e+02 3.395882931627046020e+01
1.754209973065458712e+02 3.386468201129915201e+01
1.754550895569585407e+02 3.377067593762839692e+01
1.754895731930585612e+02 3.367681272722882113e+01
1.755244476162007459e+02 3.358309400959093693e+01
1.755597122209558165e+02 3.348952141169677077e+01
1.755953663951207204e+02 3.339609655799173282e+01
1.756314095197294591e+02 3.330282107035628059e+01
1.756678409690637750e+02 3.320969656807790926e+01
1.757046601106638946e+02 3.311672466782293611e+01
1.757418663053396415e+02 3.302390698360844112e+01
1.757794589071815494e+02 3.293124512677430005e+01
1.758174372635719465e+02 3.283874070595522454e+01
1.758558007151964091e+02 3.274639532705269573e+01
1.758945485960551309e+02 3.265421059320727437e+01
1.759336802334744903e+02 3.256218810477064096e+01
1.759731949481187883e+02 3.247032945927783487e+01
1.760130920540019872e+02 3.237863625141957868e+01
1.760533708584996475e+02 3.228711007301455282e+01
1.760940306623609217e+02 3.219575251298169860e+01
1.761350707597207190e+02 3.210456515731279126e+01
1.761764904381119550e+02 3.201354958904472880e+01
1.762182889784779150e+02 3.192270738823216547e+01
1.762604656551847029e+02 3.183204013192008830e+01
1.763030197360339457e+02 3.174154939411632270e+01
1.763459504822753843e+02 3.165123674576435775e+01
1.763892571486197482e+02 3.156110375471596896e+01
1.764329389832517165e+02 3.147115198570403294e+01
1.764769952278429344e+02 3.138138300031535266e+01
1.765214251175651725e+02 3.129179835696360712e+01
1.765662278811036572e+02 3.120239961086217306e+01
1.766114027406703713e+02 3.111318831399727713e+01
1.766569489120176968e+02 3.102416601510092775e+01
1.767028656044518584e+02 3.093533425962407435e+01
1.767491520208467932e+02 3.084669458970983413e+01
1.767958073576578784e+02 3.075824854416659093e+01
1.768428308049359998e+02 3.066999765844142445e+01
1.768902215463414791e+02 3.058194346459337964e+01
1.769379787591583408e+02 3.049408749126682494e+01
1.769861016143086090e+02 3.040643126366501292e+01
1.770345892763665745e+02 3.031897630352356643e+01
1.770834409035734609e+02 3.023172412908400020e+01
1.771326556478519194e+02 3.014467625506746629e+01
1.771822326548207798e+02 3.005783419264838940e+01
1.772321710638099717e+02 2.997119944942823366e+01
1.772824700078752755e+02 2.988477352940935816e+01
1.773331286138135567e+02 2.979855793296892585e+01
1.773841460021778289e+02 2.971255415683275913e+01
1.774355212872926018e+02 2.962676369404948673e+01
1.774872535772691151e+02 2.954118803396452009e+01
1.775393419740209708e+02 2.945582866219425000e+01
1.775917855732795942e+02 2.937068706060026813e+01
1.776445834646101218e+02 2.928576470726356717e+01
1.776977347314269764e+02 2.920106307645897559e+01
1.777512384510099253e+02 2.911658363862952115e+01
1.778050936945200249e+02 2.903232786036085855e+01
1.778592995270158781e+02 2.894829720435588172e+01
1.779138550074696354e+02 2.886449312940931833e+01
1.779687591887835652e+02 2.878091709038234569e+01
1.780240111178063955e+02 2.869757053817741621e+01
1.780796098353497996e+02 2.861445491971300470e+01
1.781355543762051354e+02 2.853157167789853332e+01
1.781918437691601866e+02 2.844892225160928589e+01
1.782484770370160163e+02 2.836650807566144294e+01
1.783054531966039349e+02 2.828433058078718787e+01
1.783627712588024679e+02 2.820239119360988411e+01
1.784204302285547783e+02 2.812069133661922393e+01
1.784784291048856630e+02 2.803923242814661165e+01
1.785367668809190889e+02 2.795801588234057178e+01
1.785954425438956150e+02 2.787704310914205763e+01
1.786544550751900431e+02 2.779631551426013658e+01
1.787138034503289532e+02 2.771583449914750830e+01
1.787734866390086950e+02 2.763560146097613313e+01
1.788335036051131226e+02 2.755561779261307720e+01
1.788938533067315859e+02 2.747588488259623318e+01
1.789545346961771202e+02 2.739640411511030393e+01
1.790155467200045507e+02 2.731717686996272931e+01
1.790768883190287397e+02 2.723820452255968760e+01
1.791385584283431456e+02 2.715948844388231720e+01
1.792005559773380980e+02 2.708103000046283881e+01
1.792628798897195850e+02 2.700283055436083401e+01
1.793255290835277265e+02 2.692489146313966586e+01
1.793885024711557605e+02 2.684721407984285335e+01
1.794517989593688014e+02 2.676979975297055958e+01
1.795154174493228254e+02 2.669264982645627171e+01
1.795793568365838269e+02 2.661576563964338860e+01
1.796436160111468894e+02 2.653914852726197537e+01
1.797081938574555409e+02 2.646279981940566728e+01
1.797730892544210519e+02 2.638672084150846331e+01
1.798383010754419047e+02 2.631091291432183255e+01
1.799038281884234607e+02 2.623537735389169967e+01
1.799696694557974581e+02 2.616011547153563299e+01
1.800358237345418502e+02 2.608512857382007866e+01
1.801022898762006150e+02 2.601041796253770144e+01
1.801690667269037363e+02 2.593598493468470068e+01
1.802361531273871833e+02 2.586183078243841393e+01
1.803035479130130909e+02 2.578795679313479638e+01
1.803712499137898817e+02 2.571436424924607778e+01
1.804392579543926729e+02 2.564105442835855797e+01
1.805075708541836832e+02 2.556802860315038828e+01
1.805761874272326679e+02 2.549528804136943805e+01
1.806451064823374963e+02 2.542283400581138153e+01
1.807143268230448996e+02 2.535066775429767461e+01
1.807838472476712752e+02 2.527879053965378375e+01
1.808536665493233500e+02 2.520720360968743634e+01
1.809237835159193537e+02 2.513590820716689933e+01
1.809941969302099949e+02 2.506490556979948181e+01
1.810649055697994640e+02 2.499419693020999844e+01
1.811359082071668922e+02 2.492378351591937502e+01
1.812072036096874399e+02 2.485366654932334640e+01
1.812787905396537838e+02 2.478384724767127878e+01
1.813506677542976604e+02 2.471432682304491379e+01
1.814228340058113815e+02 2.464510648233748924e+01
1.814952880413694345e+02 2.457618742723266791e+01
1.815680286031503954e+02 2.450757085418369030e+01
1.816410544283585580e+02 2.443925795439268711e+01
1.817143642492460742e+02 2.437124991378987460e+01
1.817879567931347822e+02 2.430354791301308381e+01
1.818618307824384033e+02 2.423615312738720462e+01
1.819359849346847113e+02 2.416906672690375402e+01
1.820104179625377014e+02 2.410228987620062213e+01
1.820851285738200716e+02 2.403582373454185728e+01
1.821601154715356188e+02 2.396966945579746522e+01
1.822353773538916926e+02 2.390382818842347135e+01
1.823109129143218183e+02 2.383830107544191890e+01
1.823867208415084633e+02 2.377308925442104126e+01
1.824627998194056602e+02 2.370819385745554442e+01
1.825391485272619718e+02 2.364361601114690004e+01
1.826157656396433708e+02 2.357935683658383397e+01
1.826926498264562611e+02 2.351541744932284672e+01
1.827697997529705560e+02 2.345179895936880143e+01
1.828472140798428427e+02 2.338850247115576764e+01
1.829248914631396588e+02 2.332552908352773002e+01
1.830028305543608269e+02 2.326287988971958498e+01
1.830810300004628175e+02 2.320055597733811581e+01
1.831594884438823101e+02 2.313855842834314913e+01
1.832382045225596698e+02 2.307688831902875393e+01
1.833171768699627364e+02 2.301554672000454005e+01
1.833964041151103004e+02 2.295453469617713793e+01
1.834758848825962048e+02 2.289385330673160368e+01
1.835556177926130772e+02 2.283350360511311905e+01
1.836356014609761189e+02 2.277348663900871273e+01
1.837158344991475190e+02 2.271380345032895320e+01
1.837963155142601295e+02 2.265445507519003598e+01
1.838770431091420505e+02 2.259544254389561857e+01
1.839580158823405611e+02 2.253676688091908886e+01
1.840392324281465903e+02 2.247842910488568435e+01
1.841206913366192168e+02 2.242043022855479251e+01
1.842023911936098841e+02 2.236277125880248917e+01
1.842843305807871843e+02 2.230545319660392778e+01
1.843665080756614429e+02 2.224847703701603052e+01
1.844489222516092752e+02 2.219184376916020085e+01
1.845315716778985120e+02 2.213555437620514255e+01
1.846144549197130118e+02 2.207960983534979960e+01
1.846975705381774162e+02 2.202401111780640264e+01
1.847809170903823315e+02 2.196875918878358291e+01
1.848644931294093112e+02 2.191385500746963899e+01
1.849482972043558675e+02 2.185929952701586743e+01
1.850323278603608514e+02 2.180509369452003909e+01
1.851165836386295211e+02 2.175123845100991460e+01
1.852010630764589791e+02 2.169773473142699061e+01
1.852857647072635814e+02 2.164458346461012894e+01
1.853706870606002610e+02 2.159178557327960846e+01
1.854558286621942216e+02 2.153934197402096729e+01
1.855411880339645165e+02 2.148725357726911156e+01
1.856267636940494867e+02 2.143552128729259820e+01
1.857125541568327662e+02 2.138414600217783956e+01
1.857985579329689187e+02 2.133312861381354963e+01
1.858847735294093582e+02 2.128247000787526488e+01
1.859711994494282408e+02 2.123217106380996455e+01
1.860578341926483859e+02 2.118223265482079398e+01
1.861446762550674521e+02 2.113265564785191586e+01
1.862317241290840002e+02 2.108344090357345735e+01
1.863189763035235558e+02 2.103458927636657094e+01
1.864064312636650129e+02 2.098610161430859833e+01
1.864940874912668107e+02 2.093797875915834439e+01
1.865819434645933939e+02 2.089022154634146489e+01
1.866699976584414173e+02 2.084283080493600337e+01
1.867582485441666051e+02 2.079580735765788546e+01
1.868466945897098412e+02 2.074915202084679677e+01
1.869353342596240566e+02 2.070286560445187973e+01
1.870241660151009171e+02 2.065694891201770389e+01
1.871131883139972558e+02 2.061140274067039257e+01
1.872023996108621873e+02 2.056622788110364652e+01
1.872917983569635965e+02 2.052142511756516896e+01
1.873813830003153669e+02 2.047699522784292370e+01
1.874711519857040116e+02 2.043293898325171654e+01
1.875611037547159583e+02 2.038925714861974470e+01
1.876512367457643506e+02 2.034595048227538072e+01
1.877415493941163049e+02 2.030301973603394217e+01
1.878320401319200812e+02 2.026046565518470288e+01
1.879227073882321690e+02 2.021828897847790429e+01
1.880135495890447146e+02 2.017649043811195853e+01
1.881045651573128055e+02 2.013507075972071902e+01
1.881957525129816986e+02 2.009403066236092883e+01
1.882871100730145599e+02 2.005337085849964751e+01
1.883786362514195787e+02 2.001309205400199431e+01
1.884703294592778207e+02 1.997319494811878826e+01
1.885621881047706268e+02 1.993368023347447604e+01
1.886542105932072673e+02 1.989454859605512738e+01
1.887463953270527099e+02 1.985580071519641265e+01
1.888387407059552174e+02 1.981743726357195712e+01
1.889312451267743143e+02 1.977945890718155653e+01
1.890239069836084411e+02 1.974186630533965214e+01
1.891167246678229219e+02 1.970466011066388745e+01
1.892096965680779022e+02 1.966784096906377144e+01
1.893028210703562877e+02 1.963140951972947690e+01
1.893960965579917115e+02 1.959536639512072398e+01
1.894895214116967566e+02 1.955971222095580941e+01
1.895830940095909227e+02 1.952444761620076008e+01
1.896768127272288211e+02 1.948957319305856473e+01
1.897706759376283685e+02 1.945508955695855136e+01
1.898646820112991520e+02 1.942099730654588186e+01
1.899588293162704531e+02 1.938729703367117452e+01
1.900531162181198681e+02 1.935398932338018696e+01
1.901475410800015595e+02 1.932107475390369089e+01
1.902421022626745071e+02 1.928855389664744990e+01
1.903367981245313274e+02 1.925642731618223991e+01
1.904316270216264400e+02 1.922469557023412889e+01
1.905265873077048013e+02 1.919335920967472120e+01
1.906216773342303838e+02 1.916241877851163622e+01
1.907168954504147962e+02 1.913187481387905109e+01
1.908122400032461314e+02 1.910172784602836771e+01
1.909077093375173035e+02 1.907197839831904318e+01
1.910033017958551227e+02 1.904262698720945579e+01
1.910990157187488876e+02 1.901367412224796283e+01
1.911948494445792335e+02 1.898512030606407208e+01
1.912908013096470370e+02 1.895696603435967020e+01
1.913868696482021505e+02 1.892921179590047132e+01
1.914830527924725345e+02 1.890185807250748340e+01
1.915793490726929349e+02 1.887490533904869139e+01
1.916757568171341859e+02 1.884835406343075448e+01
1.917722743521320297e+02 1.882220470659093436e+01
1.918689000021161064e+02 1.879645772248909097e+01
1.919656320896393424e+02 1.877111355809974569e+01
1.920624689354066845e+02 1.874617265340440397e+01
1.921594088583046016e+02 1.872163544138383884e+01
1.922564501754299897e+02 1.869750234801064082e+01
1.923535912021196168e+02 1.867377379224177147e+01
1.924508302519792267e+02 1.865045018601131588e+01
1.925481656369128416e+02 1.862753193422333808e+01
1.926455956671520937e+02 1.860501943474482545e+01
1.927431186512855561e+02 1.858291307839879991e+01
1.928407328962880740e+02 1.856121324895753588e+01
1.929384367075501814e+02 1.853992032313588822e+01
1.930362283889075741e+02 1.851903467058475528e+01
1.931341062426704411e+02 1.849855665388465553e+01
1.932320685696529665e+02 1.847848662853946422e+01
1.933301136692029729e+02 1.845882494297017828e+01
1.934282398392311677e+02 1.843957193850895138e+01
1.935264453762410142e+02 1.842072794939307911e+01
1.936247285753580911e+02 1.840229330275927566e+01
1.937230877303595946e+02 1.838426831863795030e+01
1.938215211337043797e+02 1.836665330994764034e+01
1.939200270765620928e+02 1.834944858248963584e+01
1.940186038488432132e+02 1.833265443494260793e+01
1.941172497392284981e+02 1.831627115885746448e+01
1.942159630351989108e+02 1.830029903865226260e+01
1.943147420230651790e+02 1.828473835160729166e+01
1.944135849879975524e+02 1.826958936786024879e+01
1.945124902140557026e+02 1.825485235040155274e+01
1.946114559842183951e+02 1.824052755506977874e+01
1.947104805804133321e+02 1.822661523054720689e+01
1.948095622835469669e+02 1.821311561835552340e+01
1.949086993735344322e+02 1.820002895285161415e+01
1.950078901293292404e+02 1.818735546122349334e+01
1.951071328289532687e+02 1.817509536348638477e+01
1.952064257495266872e+02 1.816324887247886011e+01
1.953057671672978017e+02 1.815181619385917600e+01
1.954051553576729248e+02 1.814079752610171070e+01
1.955045885952464744e+02 1.813019306049347534e+01
1.956040651538307600e+02 1.812000298113084185e+01
1.957035833064861094e+02 1.811022746491631707e+01
1.958031413255506834e+02 1.810086668155548395e+01
1.959027374826706307e+02 1.809192079355405269e+01
1.960023700488299028e+02 1.808338995621502931e+01
1.961020372943805228e+02 1.807527431763604397e+01
1.962017374890723715e+02 1.806757401870675039e+01
1.963014689020833430e+02 1.806028919310640646e+01
1.964012298020493859e+02 1.805341996730153653e+01
1.965010184570945171e+02 1.804696646054373943e+01
1.966008331348609772e+02 1.804092878486762075e+01
1.967006721025392153e+02 1.803530704508884952e+01
1.968005336268979306e+02 1.803010133880234278e+01
1.969004159743143703e+02 1.802531175638054606e+01
1.970003174108041719e+02 1.802093838097189860e+01
1.971002362020516330e+02 1.801698128849936609e+01
1.972001706134397807e+02 1.801344054765914038e+01
1.973001189100804424e+02 1.801031621991942799e+01
1.974000793568443726e+02 1.800760835951939498e+01
1.975000502183914648e+02 1.800531701346822544e+01
1.976000297592007087e+02 1.800344222154429730e+01
1.977000162436005724e+02 1.800198401629450373e+01
1.978000079357988454e+02 1.800094242303368119e+01
1.979000030999129365e+02 1.800031745984416531e+01
1.980000000000000000e+02 1.800010913757548181e+01
1.980999969000870635e+02 1.800031745984416531e+01
1.981999920642011546e+02 1.800094242303368119e+01
1.982999837563993992e+02 1.800198401629450373e+01
1.983999702407992913e+02 1.800344222154429730e+01
1.984999497816085352e+02 1.800531701346822544e+01
1.985999206431556274e+02 1.800760835951939498e+01
1.986998810899195576e+02 1.801031621991942799e+01
1.987998293865601909e+02 1.801344054765914038e+01
1.988997637979483670e+02 1.801698128849936609e+01
1.989996825891957997e+02 1.802093838097189860e+01
1.990995840256856297e+02 1.802531175638054606e+01
1.991994663731020694e+02 1.803010133880234278e+01
1.992993278974607847e+02 1.803530704508884952e+01
1.993991668651390228e+02 1.804092878486762075e+01
1.994989815429054829e+02 1.804696646054373588e+01
1.995987701979506141e+02 1.805341996730153653e+01
1.996985310979166570e+02 1.806028919310640646e+01
1.997982625109276285e+02 1.806757401870675039e+01
1.998979627056194488e+02 1.807527431763604397e+01
1.999976299511700688e+02 1.808338995621502931e+01
2.000972625173293693e+02 1.809192079355405269e+01
2.001968586744493166e+02 1.810086668155548395e+01
2.002964166935138906e+02 1.811022746491631707e+01
2.003959348461692116e+02 1.812000298113084185e+01
2.004954114047535256e+02 1.813019306049347179e+01
2.005948446423270752e+02 1.814079752610170715e+01
2.006942328327021698e+02 1.815181619385917600e+01
2.007935742504732843e+02 1.816324887247885655e+01
2.008928671710467029e+02 1.817509536348638477e+01
2.009921098706707312e+02 1.818735546122348978e+01
2.010913006264655678e+02 1.820002895285161060e+01
2.011904377164530047e+02 1.821311561835552340e+01
2.012895194195866679e+02 1.822661523054720689e+01
2.013885440157816049e+02 1.824052755506977519e+01
2.014875097859442974e+02 1.825485235040155274e+01
2.015864150120024476e+02 1.826958936786024879e+01
2.016852579769348210e+02 1.828473835160728811e+01
2.017840369648010608e+02 1.830029903865225904e+01
2.018827502607714734e+02 1.831627115885746093e+01
2.019813961511567868e+02 1.833265443494260793e+01
2.020799729234378788e+02 1.834944858248963584e+01
2.021784788662956203e+02 1.836665330994764034e+01
2.022769122696403770e+02 1.838426831863794675e+01
2.023752714246419089e+02 1.840229330275927211e+01
2.024735546237589574e+02 1.842072794939307911e+01
2.025717601607688039e+02 1.843957193850894782e+01
2.026698863307969987e+02 1.845882494297017473e+01
2.027679314303470051e+02 1.847848662853946067e+01
2.028658937573295304e+02 1.849855665388465553e+01
2.029637716110924259e+02 1.851903467058475528e+01
2.030615632924497902e+02 1.853992032313588467e+01
2.031592671037119260e+02 1.856121324895753588e+01
2.032568813487144439e+02 1.858291307839879991e+01
2.033544043328479063e+02 1.860501943474482545e+01
2.034518343630871584e+02 1.862753193422333808e+01
2.035491697480207733e+02 1.865045018601131588e+01
2.036464087978803832e+02 1.867377379224176792e+01
2.037435498245700103e+02 1.869750234801063726e+01
2.038405911416953984e+02 1.872163544138383529e+01
2.039375310645933155e+02 1.874617265340440397e+01
2.040343679103606291e+02 1.877111355809974214e+01
2.041310999978838652e+02 1.879645772248908742e+01
2.042277256478679703e+02 1.882220470659093436e+01
2.043242431828657857e+02 1.884835406343075093e+01
2.044206509273070651e+02 1.887490533904868784e+01
2.045169472075274655e+02 1.890185807250747985e+01
2.046131303517978495e+02 1.892921179590046776e+01
2.047091986903529630e+02 1.895696603435967020e+01
2.048051505554207381e+02 1.898512030606406853e+01
2.049009842812511124e+02 1.901367412224796283e+01
2.049966982041448773e+02 1.904262698720945224e+01
2.050922906624826965e+02 1.907197839831903963e+01
2.051877599967538686e+02 1.910172784602836771e+01
2.052831045495852038e+02 1.913187481387905109e+01
2.053783226657696162e+02 1.916241877851163267e+01
2.054734126922951987e+02 1.919335920967471765e+01
2.055683729783735316e+02 1.922469557023412534e+01
2.056632018754686726e+02 1.925642731618223991e+01
2.057578977373254929e+02 1.928855389664744635e+01
2.058524589199984405e+02 1.932107475390368734e+01
2.059468837818801035e+02 1.935398932338018341e+01
2.060411706837295469e+02 1.938729703367117452e+01
2.061353179887008196e+02 1.942099730654587830e+01
2.062293240623716031e+02 1.945508955695854780e+01
2.063231872727711789e+02 1.948957319305856117e+01
2.064169059904090773e+02 1.952444761620075653e+01
2.065104785883032150e+02 1.955971222095580586e+01
2.066039034420082885e+02 1.959536639512071687e+01
2.066971789296437123e+02 1.963140951972947335e+01
2.067903034319220978e+02 1.966784096906377144e+01
2.068832753321770781e+02 1.970466011066388390e+01
2.069760930163915589e+02 1.974186630533964859e+01
2.070687548732256857e+02 1.977945890718155297e+01
2.071612592940447826e+02 1.981743726357195712e+01
2.072536046729472901e+02 1.985580071519640910e+01
2.073457894067927327e+02 1.989454859605512027e+01
2.074378118952293448e+02 1.993368023347447604e+01
2.075296705407221793e+02 1.997319494811878471e+01
2.076213637485804213e+02 2.001309205400198721e+01
2.077128899269854401e+02 2.005337085849964041e+01
2.078042474870183014e+02 2.009403066236092883e+01
2.078954348426871945e+02 2.013507075972071547e+01
2.079864504109552854e+02 2.017649043811195497e+01
2.080772926117678310e+02 2.021828897847790074e+01
2.081679598680799188e+02 2.026046565518469933e+01
2.082584506058836666e+02 2.030301973603393861e+01
2.083487632542356494e+02 2.034595048227537362e+01
2.084388962452840417e+02 2.038925714861974470e+01
2.085288480142959600e+02 2.043293898325170943e+01
2.086186169996846331e+02 2.047699522784292370e+01
2.087082016430364035e+02 2.052142511756516541e+01
2.087976003891378127e+02 2.056622788110364297e+01
2.088868116860027442e+02 2.061140274067038547e+01
2.089758339848990829e+02 2.065694891201770034e+01
2.090646657403759434e+02 2.070286560445187618e+01
2.091533054102901588e+02 2.074915202084679322e+01
2.092417514558333949e+02 2.079580735765788191e+01
2.093300023415585827e+02 2.084283080493599627e+01
2.094180565354066061e+02 2.089022154634146133e+01
2.095059125087331893e+02 2.093797875915834084e+01
2.095935687363349871e+02 2.098610161430859478e+01
2.096810236964764442e+02 2.103458927636656739e+01
2.097682758709159998e+02 2.108344090357345380e+01
2.098553237449325195e+02 2.113265564785190875e+01
2.099421658073516141e+02 2.118223265482078688e+01
2.100288005505717592e+02 2.123217106380996100e+01
2.101152264705906418e+02 2.128247000787526488e+01
2.102014420670310813e+02 2.133312861381354608e+01
2.102874458431672338e+02 2.138414600217783601e+01
2.103732363059505133e+02 2.143552128729259465e+01
2.104588119660354835e+02 2.148725357726910801e+01
2.105441713378057500e+02 2.153934197402096373e+01
2.106293129393997390e+02 2.159178557327960490e+01
2.107142352927364186e+02 2.164458346461012894e+01
2.107989369235410209e+02 2.169773473142698350e+01
2.108834163613704789e+02 2.175123845100990749e+01
2.109676721396391486e+02 2.180509369452003554e+01
2.110517027956441325e+02 2.185929952701586743e+01
2.111355068705906888e+02 2.191385500746963189e+01
2.112190829096176685e+02 2.196875918878357936e+01
2.113024294618225838e+02 2.202401111780639553e+01
2.113855450802869882e+02 2.207960983534979604e+01
2.114684283221014596e+02 2.213555437620513544e+01
2.115510777483907248e+02 2.219184376916019730e+01
2.116334919243385571e+02 2.224847703701602697e+01
2.117156694192128157e+02 2.230545319660392423e+01
2.117976088063901159e+02 2.236277125880248207e+01
2.118793086633807832e+02 2.242043022855478540e+01
2.119607675718533812e+02 2.247842910488567725e+01
2.120419841176594389e+02 2.253676688091908176e+01
2.121229568908579211e+02 2.259544254389561146e+01
2.122036844857398705e+02 2.265445507519003243e+01
2.122841655008524810e+02 2.271380345032894610e+01
2.123643985390238811e+02 2.277348663900870918e+01
2.124443822073869228e+02 2.283350360511311550e+01
2.125241151174037668e+02 2.289385330673160013e+01
2.126035958848896996e+02 2.295453469617713438e+01
2.126828231300372636e+02 2.301554672000453294e+01
2.127617954774403017e+02 2.307688831902874682e+01
2.128405115561176899e+02 2.313855842834314558e+01
2.129189699995371825e+02 2.320055597733811226e+01
2.129971694456391731e+02 2.326287988971957787e+01
2.130751085368603412e+02 2.332552908352772647e+01
2.131527859201571573e+02 2.338850247115576053e+01
2.132302002470294156e+02 2.345179895936879433e+01
2.133073501735437389e+02 2.351541744932284317e+01
2.133842343603566007e+02 2.357935683658383041e+01
2.134608514727380282e+02 2.364361601114689648e+01
2.135372001805943398e+02 2.370819385745553731e+01
2.136132791584915367e+02 2.377308925442103416e+01
2.136890870856781817e+02 2.383830107544191890e+01
2.137646226461083074e+02 2.390382818842345714e+01
2.138398845284643812e+02 2.396966945579746522e+01
2.139148714261799284e+02 2.403582373454185017e+01
2.139895820374622986e+02 2.410228987620061147e+01
2.140640150653152887e+02 2.416906672690374691e+01
2.141381692175615967e+02 2.423615312738719751e+01
2.142120432068652178e+02 2.430354791301308737e+01
2.142856357507539258e+02 2.437124991378987104e+01
2.143589455716414420e+02 2.443925795439267290e+01
2.144319713968496046e+02 2.450757085418368320e+01
2.145047119586305655e+02 2.457618742723265370e+01
2.145771659941886185e+02 2.464510648233748569e+01
2.146493322457023396e+02 2.471432682304491024e+01
2.147212094603462162e+02 2.478384724767126457e+01
2.147927963903125601e+02 2.485366654932334285e+01
2.148640917928331078e+02 2.492378351591935726e+01
2.149350944302005360e+02 2.499419693020999844e+01
2.150058030697900051e+02 2.506490556979946760e+01
2.150762164840806463e+02 2.513590820716689933e+01
2.151463334506766500e+02 2.520720360968743279e+01
2.152161527523287248e+02 2.527879053965378375e+01
2.152856731769550720e+02 2.535066775429767105e+01
2.153548935176625037e+02 2.542283400581137798e+01
2.154238125727673321e+02 2.549528804136943805e+01
2.154924291458163168e+02 2.556802860315038117e+01
2.155607420456073271e+02 2.564105442835855797e+01
2.156287500862101183e+02 2.571436424924607067e+01
2.156964520869869091e+02 2.578795679313478217e+01
2.157638468726127883e+02 2.586183078243840683e+01
2.158309332730962353e+02 2.593598493468469712e+01
2.158977101237993850e+02 2.601041796253770144e+01
2.159641762654581498e+02 2.608512857382007510e+01
2.160303305442025135e+02 2.616011547153561878e+01
2.160961718115765393e+02 2.623537735389169967e+01
2.161616989245580669e+02 2.631091291432181478e+01
2.162269107455789481e+02 2.638672084150846331e+01
2.162918061425444591e+02 2.646279981940566017e+01
2.163563839888531106e+02 2.653914852726197893e+01
2.164206431634161731e+02 2.661576563964338504e+01
2.164845825506771462e+02 2.669264982645626105e+01
2.165482010406311986e+02 2.676979975297056313e+01
2.166114975288442395e+02 2.684721407984284980e+01
2.166744709164722735e+02 2.692489146313966586e+01
2.167371201102804150e+02 2.700283055436082691e+01
2.167994440226618735e+02 2.708103000046282460e+01
2.168614415716568544e+02 2.715948844388231009e+01
2.169231116809712319e+02 2.723820452255967695e+01
2.169844532799954493e+02 2.731717686996272931e+01
2.170454653038228514e+02 2.739640411511029328e+01
2.171061466932683857e+02 2.747588488259621897e+01
2.171664963948868774e+02 2.755561779261307009e+01
2.172265133609912766e+02 2.763560146097611891e+01
2.172861965496710468e+02 2.771583449914750830e+01
2.173455449248099569e+02 2.779631551426012948e+01
2.174045574561043850e+02 2.787704310914206118e+01
2.174632331190809111e+02 2.795801588234056467e+01
2.175215708951143085e+02 2.803923242814659744e+01
2.175795697714452217e+02 2.812069133661921683e+01
2.176372287411975037e+02 2.820239119360987701e+01
2.176945468033960651e+02 2.828433058078718787e+01
2.177515229629839837e+02 2.836650807566143229e+01
2.178081562308398134e+02 2.844892225160926813e+01
2.178644456237948646e+02 2.853157167789852267e+01
2.179203901646502004e+02 2.861445491971299759e+01
2.179759888821936045e+02 2.869757053817740911e+01
2.180312408112164064e+02 2.878091709038233859e+01
2.180861449925303646e+02 2.886449312940930412e+01
2.181407004729841219e+02 2.894829720435587461e+01
2.181949063054799467e+02 2.903232786036084434e+01
2.182487615489900747e+02 2.911658363862952115e+01
2.183022652685730236e+02 2.920106307645896848e+01
2.183554165353898782e+02 2.928576470726356717e+01
2.184082144267204058e+02 2.937068706060026102e+01
2.184606580259790292e+02 2.945582866219423224e+01
2.185127464227308849e+02 2.954118803396451653e+01
2.185644787127073982e+02 2.962676369404947962e+01
2.186158539978221711e+02 2.971255415683275913e+01
2.186668713861864433e+02 2.979855793296891875e+01
2.187175299921247245e+02 2.988477352940936171e+01
2.187678289361900283e+02 2.997119944942822656e+01
2.188177673451792202e+02 3.005783419264837875e+01
2.188673443521480806e+02 3.014467625506745918e+01
2.189165590964265391e+02 3.023172412908398954e+01
2.189654107236334255e+02 3.031897630352354867e+01
2.190138983856913910e+02 3.040643126366500582e+01
2.190620212408416592e+02 3.049408749126681073e+01
2.191097784536585209e+02 3.058194346459337964e+01
2.191571691950640002e+02 3.066999765844141734e+01
2.192041926423421216e+02 3.075824854416659448e+01
2.192508479791532068e+02 3.084669458970982703e+01
2.192971343955481132e+02 3.093533425962405659e+01
2.193430510879823032e+02 3.102416601510092065e+01
2.193885972593296003e+02 3.111318831399725582e+01
2.194337721188963428e+02 3.120239961086217662e+01
2.194785748824348275e+02 3.129179835696360001e+01
2.195230047721570656e+02 3.138138300031535266e+01
2.195670610167482835e+02 3.147115198570402583e+01
2.196107428513802518e+02 3.156110375471596186e+01
2.196540495177246157e+02 3.165123674576435064e+01
2.196969802639660543e+02 3.174154939411631204e+01
2.197395343448152971e+02 3.183204013192006698e+01
2.197817110215220850e+02 3.192270738823215481e+01
2.198235095618880450e+02 3.201354958904470749e+01
2.198649292402792810e+02 3.210456515731279126e+01
2.199059693376390783e+02 3.219575251298169150e+01
2.199466291415003525e+02 3.228711007301455282e+01
2.199869079459980128e+02 3.237863625141957158e+01
2.200268050518812117e+02 3.247032945927782066e+01
2.200663197665255097e+02 3.256218810477063386e+01
2.201054514039448691e+02 3.265421059320725305e+01
2.201441992848035909e+02 3.274639532705269573e+01
2.201825627364280535e+02 3.283874070595521744e+01
2.202205410928184506e+02 3.293124512677430715e+01
2.202581336946603585e+02 3.302390698360842691e+01
2.202953398893361054e+02 3.311672466782292190e+01
2.203321590309362250e+02 3.320969656807790216e+01
2.203685904802705124e+02 3.330282107035627348e+01
2.204046336048792796e+02 3.339609655799171151e+01
2.204402877790441835e+02 3.348952141169676366e+01
2.204755523837992541e+02 3.358309400959092272e+01
2.205104268069414388e+02 3.367681272722881403e+01
2.205449104430414309e+02 3.377067593762838271e+01
2.205790026934541288e+02 3.386468201129915911e+01
2.206127029663288113e+02 3.395882931627045309e+01
2.206460106766198237e+02 3.405311621811987521e+01
2.206789252460962985e+02 3.414754108000154531e+01
2.207114461033525572e+02 3.424210226267449286e+01
2.207435726838177743e+02 3.433679812453132740e+01
2.207753044297658676e+02 3.443162702162644706e+01
2.208066407903252752e+02 3.452658730770479423e+01
2.208375812214883638e+02 3.462167733423036964e+01
2.208681251861209489e+02 3.471689545041479619e+01
2.208982721539716181e+02 3.481224000324612433e+01
2.209280216016809675e+02 3.490770933751730354e+01
2.209573730127905549e+02 3.500330179585511559e+01
2.209863258777520514e+02 3.509901571874888049e+01
2.210148796939359386e+02 3.519484944457924058e+01
2.210430339656403191e+02 3.529080130964702278e+01
2.210707882040995287e+02 3.538686964820215053e+01
2.210981419274925202e+02 3.548305279247252031e+01
2.211250946609513051e+02 3.557934907269292779e+01
2.211516459365692526e+02 3.567575681713419300e+01
2.211777952934090763e+02 3.577227435213202966e+01
2.212035422775109055e+02 3.586890000211612062e+01
2.212288864419002437e+02 3.596563208963934954e+01
2.212538273465955854e+02 3.606246893540667742e+01
2.212783645586161470e+02 3.615940885830458740e+01
2.213024976519893698e+02 3.625645017542998971e+01
2.213262262077582250e+02 3.635359120211961681e+01
2.213495498139886877e+02 3.645083025197921955e+01
2.213724680657766726e+02 3.654816563691283449e+01
2.213949805652551674e+02 3.664559566715208661e+01
2.214170869216011965e+02 3.674311865128554189e+01
2.214387867510424712e+02 3.684073289628805981e+01
2.214600796768640976e+02 3.693843670755018849e+01
2.214809653294152554e+02 3.703622838890757407e+01
2.215014433461153374e+02 3.713410624267044824e+01
2.215215133714605429e+02 3.723206856965297362e+01
2.215411750570298182e+02 3.733011366920298002e+01
2.215604280614910522e+02 3.742823983923117481e+01
2.215792720506069031e+02 3.752644537624102838e+01
2.215977066972407101e+02 3.762472857535807691e+01
2.216157316813620355e+02 3.772308773035960172e+01
2.216333466900523490e+02 3.782152113370437974e+01
2.216505514175103713e+02 3.792002707656209992e+01
2.216673455650573885e+02 3.801860384884319899e+01
2.216837288411425391e+02 3.811724973922850523e+01
2.216997009613477303e+02 3.821596303519891791e+01
2.217152616483926977e+02 3.831474202306516474e+01
2.217304106321397512e+02 3.841358498799754528e+01
2.217451476495984366e+02 3.851249021405569550e+01
2.217594724449302248e+02 3.861145598421838088e+01
2.217733847694528038e+02 3.871048058041331785e+01
2.217868843816444837e+02 3.880956228354697402e+01
2.217999710471483752e+02 3.890869937353443220e+01
2.218126445387765102e+02 3.900789012932924749e+01
2.218249046365136223e+02 3.910713282895327580e+01
2.218367511275211541e+02 3.920642574952669435e+01
2.218481838061408098e+02 3.930576716729780884e+01
2.218592024738982786e+02 3.940515535767291766e+01
2.218698069395065318e+02 3.950458859524647437e+01
2.218799970188691475e+02 3.960406515383076709e+01
2.218897725350836936e+02 3.970358330648610945e+01
2.218991333184445125e+02 3.980314132555068340e+01
2.219080792064459615e+02 3.990273748267061649e+01
2.219166100437849707e+02 4.000237004882990988e+01
2.219247256823639418e+02 4.010203729438052989e+01
2.219324259812932496e+02 4.020173748907237155e+01
2.219397108068936006e+02 4.030146890208334298e+01
2.219465800326984777e+02 4.040122980204937164e+01
2.219530335394562712e+02 4.050101845709451709e+01
2.219590712151323828e+02 4.060083313486097722e+01
2.219646929549111576e+02 4.070067210253920820e+01
2.219698986611976466e+02 4.080053362689792351e+01
2.219746882436194539e+02 4.090041597431435605e+01
2.219790616190281014e+02 4.100031741080417902e+01
2.219830187115006197e+02 4.110023620205163297e+01
2.219865594523408561e+02 4.120017061343979492e+01
2.219896837800805827e+02 4.130011891008043534e+01
2.219923916404806050e+02 4.140007935684437257e+01
2.219946829865317852e+02 4.150005021839145058e+01
2.219965577784556956e+02 4.160002975920070867e+01
2.219980159837054998e+02 4.170001624360057946e+01
2.219990575769663224e+02 4.180000793579883123e+01
2.219996825401558453e+02 4.190000309991292227e+01
2.219998908624245075e+02 4.199999999999999289e+01
