2.173639333714532142e+02 1.160000000000000000e+02
2.173637570600717766e+02 1.161000086869514547e+02
2.173632281281193741e+02 1.162000161305866470e+02
2.173623465821717673e+02 1.163000210876047760e+02
2.173611124331883389e+02 1.164000223147359776e+02
2.173595256965122076e+02 1.165000185687567011e+02
2.173575863918697735e+02 1.166000086065052699e+02
2.173552945433706327e+02 1.166999911848972715e+02
2.173526501795072363e+02 1.167999650609410480e+02
2.173496533331545209e+02 1.168999289917530859e+02
2.173463040415695673e+02 1.169998817345735631e+02
2.173426023463910326e+02 1.170998220467817106e+02
2.173385482936386666e+02 1.171997486859113167e+02
2.173341419337128286e+02 1.172996604096661457e+02
2.173293833213937205e+02 1.173995559759353853e+02
2.173242725158408177e+02 1.174994341428091218e+02
2.173188095805920739e+02 1.175992936685937167e+02
2.173129945835631531e+02 1.176991333118273104e+02
2.173068275970465777e+02 1.177989518312951986e+02
2.173003086977108183e+02 1.178987479860453078e+02
2.172934379665993845e+02 1.179985205354035855e+02
2.172862154891297735e+02 1.180982682389894762e+02
2.172786413550924465e+02 1.181979898567312688e+02
2.172707156586496069e+02 1.182976841488815865e+02
2.172624384983342054e+02 1.183973498760327487e+02
2.172538099770485758e+02 1.184969857991322044e+02
2.172448302020632127e+02 1.185965906794979219e+02
2.172354992850154076e+02 1.186961632788338079e+02
2.172258173419079128e+02 1.187957023592450696e+02
2.172157844931074067e+02 1.188952066832536474e+02
2.172054008633431579e+02 1.189946750138135627e+02
2.171946665817052349e+02 1.190941061143262942e+02
2.171835817816431700e+02 1.191934987486562108e+02
2.171721466009640835e+02 1.192928516811458763e+02
2.171603611818310924e+02 1.193921636766313981e+02
2.171482256707615193e+02 1.194914335004578589e+02
2.171357402186250170e+02 1.195906599184946089e+02
2.171229049806417777e+02 1.196898416971506265e+02
2.171097201163805153e+02 1.197889776033898244e+02
2.170961857897565892e+02 1.198880664047464535e+02
2.170823021690298162e+02 1.199871068693403373e+02
2.170680694268025377e+02 1.200860977658922479e+02
2.170534877400174025e+02 1.201850378637391543e+02
2.170385572899551221e+02 1.202839259328496126e+02
2.170232782622323100e+02 1.203827607438389720e+02
2.170076508467990664e+02 1.204815410679846934e+02
2.169916752379367324e+02 1.205802656772416270e+02
2.169753516342553894e+02 1.206789333442572740e+02
2.169586802386914144e+02 1.207775428423870494e+02
2.169416612585050075e+02 1.208760929457095301e+02
2.169242949052775202e+02 1.209745824290416891e+02
2.169065813949088692e+02 1.210730100679541295e+02
2.168885209476148930e+02 1.211713746387863040e+02
2.168701137879245948e+02 1.212696749186617637e+02
2.168513601446772725e+02 1.213679096855032924e+02
2.168322602510197612e+02 1.214660777180481546e+02
2.168128143444035629e+02 1.215641777958632588e+02
2.167930226665817202e+02 1.216622086993603347e+02
2.167728854636060873e+02 1.217601692098110959e+02
2.167524029858239771e+02 1.218580581093623891e+02
2.167315754878752614e+02 1.219558741810513141e+02
2.167104032286891311e+02 1.220536162088204009e+02
2.166888864714808278e+02 1.221512829775326736e+02
2.166670254837484890e+02 1.222488732729867991e+02
2.166448205372697089e+02 1.223463858819321644e+02
2.166222719080982415e+02 1.224438195920839547e+02
2.165993798765604481e+02 1.225411731921382454e+02
2.165761447272520002e+02 1.226384454717870227e+02
2.165525667490341846e+02 1.227356352217332898e+02
2.165286462350303509e+02 1.228327412337060309e+02
2.165043834826223588e+02 1.229297623004752893e+02
2.164797787934466839e+02 1.230266972158671450e+02
2.164548324733909226e+02 1.231235447747787219e+02
2.164295448325897269e+02 1.232203037731931659e+02
2.164039161854211670e+02 1.233169730081946227e+02
2.163779468505027239e+02 1.234135512779831743e+02
2.163516371506872815e+02 1.235100373818897879e+02
2.163249874130591763e+02 1.236064301203912379e+02
2.162979979689301899e+02 1.237027282951250697e+02
2.162706691538353425e+02 1.237989307089043791e+02
2.162430013075286581e+02 1.238950361657328472e+02
2.162149947739791287e+02 1.239910434708194629e+02
2.161866499013662803e+02 1.240869514305935013e+02
2.161579670420759101e+02 1.241827588527192745e+02
2.161289465526957088e+02 1.242784645461109960e+02
2.160995887940107991e+02 1.243740673209475887e+02
2.160698941309992165e+02 1.244695659886874353e+02
2.160398629328275319e+02 1.245649593620832292e+02
2.160094955728460491e+02 1.246602462551966681e+02
2.159787924285842848e+02 1.247554254834132195e+02
2.159477538817462801e+02 1.248504958634568567e+02
2.159163803182057961e+02 1.249454562134047535e+02
2.158846721280015686e+02 1.250403053527020205e+02
2.158526297053324754e+02 1.251350421021762997e+02
2.158202534485525348e+02 1.252296652840524871e+02
2.157875437601660451e+02 1.253241737219673979e+02
2.157545010468225541e+02 1.254185662409843047e+02
2.157211257193118001e+02 1.255128416676076029e+02
2.156874181925586242e+02 1.256069988297974334e+02
2.156533788856177694e+02 1.257010365569841497e+02
2.156190082216687074e+02 1.257949536800829691e+02
2.155843066280104097e+02 1.258887490315084534e+02
2.155492745360559184e+02 1.259824214451890469e+02
2.155139123813271169e+02 1.260759697565815713e+02
2.154782206034492162e+02 1.261693928026856923e+02
2.154421996461453546e+02 1.262626894220583722e+02
2.154058499572310268e+02 1.263558584548283221e+02
2.153691719886086275e+02 1.264488987427104547e+02
2.153321661962616247e+02 1.265418091290202227e+02
2.152948330402491308e+02 1.266345884586880004e+02
2.152571729847000199e+02 1.267272355782735218e+02
2.152191864978071862e+02 1.268197493359801342e+02
2.151808740518218031e+02 1.269121285816691653e+02
2.151422361230473541e+02 1.270043721668741910e+02
2.151032731918337504e+02 1.270964789448153596e+02
2.150639857425713899e+02 1.271884477704135605e+02
2.150243742636851039e+02 1.272802775003047913e+02
2.149844392476280177e+02 1.273719669928542544e+02
2.149441811908755824e+02 1.274635151081705970e+02
2.149036005939192648e+02 1.275549207081200933e+02
2.148626979612604373e+02 1.276461826563407698e+02
2.148214738014039824e+02 1.277372998182565453e+02
2.147799286268520689e+02 1.278282710610913426e+02
2.147380629540977282e+02 1.279190952538831567e+02
2.146958773036184596e+02 1.280097712674981096e+02
2.146533721998697786e+02 1.281002979746445192e+02
2.146105481712786229e+02 1.281906742498868539e+02
2.145674057502368726e+02 1.282808989696598303e+02
2.145239454730946704e+02 1.283709710122822685e+02
2.144801678801537435e+02 1.284608892579711039e+02
2.144360735156607518e+02 1.285506525888552574e+02
2.143916629278004962e+02 1.286402598889895899e+02
2.143469366686890965e+02 1.287297100443687441e+02
2.143018952943670286e+02 1.288190019429409858e+02
2.142565393647924452e+02 1.289081344746221021e+02
2.142108694438339853e+02 1.289971065313090435e+02
2.141648860992638674e+02 1.290859170068938511e+02
2.141185899027508412e+02 1.291745647972774123e+02
2.140719814298530537e+02 1.292630488003830180e+02
2.140250612600108866e+02 1.293513679161702328e+02
2.139778299765397662e+02 1.294395210466485651e+02
2.139302881666228870e+02 1.295275070958909396e+02
2.138824364213039928e+02 1.296153249700475953e+02
2.138342753354799299e+02 1.297029735773594439e+02
2.137858055078932864e+02 1.297904518281717117e+02
2.137370275411249452e+02 1.298777586349476110e+02
2.136879420415866662e+02 1.299648929122816980e+02
2.136385496195133840e+02 1.300518535769134303e+02
2.135888508889557897e+02 1.301386395477406381e+02
2.135388464677726290e+02 1.302252497458329685e+02
2.134885369776229425e+02 1.303116830944453000e+02
2.134379230439585342e+02 1.303979385190310438e+02
2.133870052960159569e+02 1.304840149472557016e+02
2.133357843668088947e+02 1.305699113090099956e+02
2.132842608931201767e+02 1.306556265364232274e+02
2.132324355154938189e+02 1.307411595638766073e+02
2.131803088782272653e+02 1.308265093280165274e+02
2.131278816293631735e+02 1.309116747677676358e+02
2.130751544206813719e+02 1.309966548243461091e+02
2.130221279076909298e+02 1.310814484412729257e+02
2.129688027496218297e+02 1.311660545643868261e+02
2.129151796094168390e+02 1.312504721418574718e+02
2.128612591537232674e+02 1.313347001241985765e+02
2.128070420528846398e+02 1.314187374642808948e+02
2.127525289809324818e+02 1.315025831173452957e+02
2.126977206155777935e+02 1.315862360410156953e+02
2.126426176382026938e+02 1.316696951953120163e+02
2.125872207338519502e+02 1.317529595426631488e+02
2.125315305912244526e+02 1.318360280479198821e+02
2.124755479026646867e+02 1.319188996783676657e+02
2.124192733641540087e+02 1.320015734037395418e+02
2.123627076753021470e+02 1.320840481962289630e+02
2.123058515393384198e+02 1.321663230305024683e+02
2.122487056631030384e+02 1.322483968837125303e+02
2.121912707570382111e+02 1.323302687355102023e+02
2.121335475351794457e+02 1.324119375680579083e+02
2.120755367151466544e+02 1.324934023660419200e+02
2.120172390181350579e+02 1.325746621166851753e+02
2.119586551689065175e+02 1.326557158097597267e+02
2.118997858957802407e+02 1.327365624375993605e+02
2.118406319306239141e+02 1.328172009951121311e+02
2.117811940088445226e+02 1.328976304797928378e+02
2.117214728693792267e+02 1.329778498917354739e+02
2.116614692546861249e+02 1.330578582336456748e+02
2.116011839107351307e+02 1.331376545108531388e+02
2.115406175869986498e+02 1.332172377313239338e+02
2.114797710364422016e+02 1.332966069056729168e+02
2.114186450155151249e+02 1.333757610471759278e+02
2.113572402841411702e+02 1.334546991717821527e+02
2.112955576057090354e+02 1.335334202981263161e+02
2.112335977470628450e+02 1.336119234475408462e+02
2.111713614784927131e+02 1.336902076440681526e+02
2.111088495737250526e+02 1.337682719144725638e+02
2.110460628099130531e+02 1.338461152882526903e+02
2.109830019676269046e+02 1.339237367976532482e+02
2.109196678308442472e+02 1.340011354776772237e+02
2.108560611869402805e+02 1.340783103660978099e+02
2.107921828266780722e+02 1.341552605034704584e+02
2.107280335441986949e+02 1.342319849331446733e+02
2.106636141370112512e+02 1.343084827012760343e+02
2.105989254059832092e+02 1.343847528568379346e+02
2.105339681553301716e+02 1.344607944516335181e+02
2.104687431926060981e+02 1.345366065403074174e+02
2.104032513286930453e+02 1.346121881803574354e+02
2.103374933777913043e+02 1.346875384321464253e+02
2.102714701574091691e+02 1.347626563589138016e+02
2.102051824883527615e+02 1.348375410267873065e+02
2.101386311947158561e+02 1.349121915047945492e+02
2.100718171038696482e+02 1.349866068648746307e+02
2.100047410464523807e+02 1.350607861818896538e+02
2.099374038563591967e+02 1.351347285336362347e+02
2.098698063707315953e+02 1.352084330008568998e+02
2.098019494299471148e+02 1.352818986672516530e+02
2.097338338776087880e+02 1.353551246194892599e+02
2.096654605605348820e+02 1.354281099472186440e+02
2.095968303287480126e+02 1.355008537430801425e+02
2.095279440354649978e+02 1.355733551027169312e+02
2.094588025370858588e+02 1.356456131247860810e+02
2.093894066931834459e+02 1.357176269109698978e+02
2.093197573664926097e+02 1.357893955659870358e+02
2.092498554228995431e+02 1.358609181976036666e+02
2.091797017314309528e+02 1.359321939166445077e+02
2.091092971642433724e+02 1.360032218370039345e+02
2.090386425966121919e+02 1.360740010756569802e+02
2.089677389069207720e+02 1.361445307526703061e+02
2.088965869766497292e+02 1.362148099912131443e+02
2.088251876903656807e+02 1.362848379175681544e+02
2.087535419357104729e+02 1.363546136611424231e+02
2.086816506033900396e+02 1.364241363544781223e+02
2.086095145871633463e+02 1.364934051332633658e+02
2.085371347838313341e+02 1.365624191363430100e+02
2.084645120932256930e+02 1.366311775057292550e+02
2.083916474181976923e+02 1.366996793866123596e+02
2.083185416646070394e+02 1.367679239273712710e+02
2.082451957413104253e+02 1.368359102795842546e+02
2.081716105601504978e+02 1.369036375980393245e+02
2.080977870359442647e+02 1.369711050407449022e+02
2.080237260864719246e+02 1.370383117689401615e+02
2.079494286324652421e+02 1.371052569471054596e+02
2.078748955975963781e+02 1.371719397429728815e+02
2.078001279084661519e+02 1.372383593275363296e+02
2.077251264945926721e+02 1.373045148750620967e+02
2.076498922883996556e+02 1.373704055630988989e+02
2.075744262252050305e+02 1.374360305724883062e+02
2.074987292432090840e+02 1.375013890873747755e+02
2.074228022834829801e+02 1.375664802952158254e+02
2.073466462899569365e+02 1.376313033867921831e+02
2.072702622094085427e+02 1.376958575562178453e+02
2.071936509914510509e+02 1.377601420009500259e+02
2.071168135885214099e+02 1.378241559217992176e+02
2.070397509558685840e+02 1.378878985229390253e+02
2.069624640515415592e+02 1.379513690119161993e+02
2.068849538363775196e+02 1.380145665996603839e+02
2.068072212739898816e+02 1.380774905004939228e+02
2.067292673307562723e+02 1.381401399321416932e+02
2.066510929758065913e+02 1.382025141157407973e+02
2.065726991810107904e+02 1.382646122758502258e+02
2.064940869209670780e+02 1.383264336404604933e+02
2.064152571729895556e+02 1.383879774410033292e+02
2.063362109170961389e+02 1.384492429123610862e+02
2.062569491359964218e+02 1.385102292928763745e+02
2.061774728150793976e+02 1.385709358243614986e+02
2.060977829424012953e+02 1.386313617521078356e+02
2.060178805086731586e+02 1.386915063248952151e+02
2.059377665072486820e+02 1.387513687950013832e+02
2.058574419341116766e+02 1.388109484182111828e+02
2.057769077878639621e+02 1.388702444538257623e+02
2.056961650697126345e+02 1.389292561646719264e+02
2.056152147834578443e+02 1.389879828171112308e+02
2.055340579354802912e+02 1.390464236810490775e+02
2.054526955347285195e+02 1.391045780299438093e+02
2.053711285927067252e+02 1.391624451408157483e+02
2.052893581234617670e+02 1.392200242942561772e+02
2.052073851435709457e+02 1.392773147744363769e+02
2.051252106721291000e+02 1.393343158691162671e+02
2.050428357307360159e+02 1.393910268696536150e+02
2.049602613434838077e+02 1.394474470710125331e+02
2.048774885369440995e+02 1.395035757717724039e+02
2.047945183401551787e+02 1.395594122741366334e+02
2.047113517846094624e+02 1.396149558839411498e+02
2.046279899042404224e+02 1.396702059106632419e+02
2.045444337354098252e+02 1.397251616674300294e+02
2.044606843168948558e+02 1.397798224710269608e+02
2.043767426898752433e+02 1.398341876419064533e+02
2.042926098979201868e+02 1.398882565041961925e+02
2.042082869869755370e+02 1.399420283857076015e+02
2.041237750053506943e+02 1.399955026179442257e+02
2.040390750037055341e+02 1.400486785361099749e+02
2.039541880350375607e+02 1.401015554791174793e+02
2.038691151546685205e+02 1.401541327895961615e+02
2.037838574202315272e+02 1.402064098139005921e+02
2.036984158916577599e+02 1.402583859021184765e+02
2.036127916311633328e+02 1.403100604080788116e+02
2.035269857032361926e+02 1.403614326893598161e+02
2.034409991746226467e+02 1.404125021072970867e+02
2.033548331143144026e+02 1.404632680269914147e+02
2.032684885935349826e+02 1.405137298173166585e+02
2.031819666857266213e+02 1.405638868509277017e+02
2.030952684665368224e+02 1.406137385042680989e+02
2.030083950138050000e+02 1.406632841575780617e+02
2.029213474075490922e+02 1.407125231949018769e+02
2.028341267299521746e+02 1.407614550040957795e+02
2.027467340653488748e+02 1.408100789768354844e+02
2.026591705002120136e+02 1.408583945086237463e+02
2.025714371231391056e+02 1.409064009987978636e+02
2.024835350248387158e+02 1.409540978505372095e+02
2.023954652981169602e+02 1.410014844708705652e+02
2.023072290378640332e+02 1.410485602706835380e+02
2.022188273410403667e+02 1.410953246647259220e+02
2.021302613066631579e+02 1.411417770716189182e+02
2.020415320357926419e+02 1.411879169138623240e+02
2.019526406315185056e+02 1.412337436178418386e+02
2.018635881989459619e+02 1.412792566138360826e+02
2.017743758451822771e+02 1.413244553360237319e+02
2.016850046793227307e+02 1.413693392224905665e+02
2.015954758124371153e+02 1.414139077152363484e+02
2.015057903575556395e+02 1.414581602601819270e+02
2.014159494296553135e+02 1.415020963071760036e+02
2.013259541456459658e+02 1.415457153100020093e+02
2.012358056243564306e+02 1.415890167263848980e+02
2.011455049865205069e+02 1.416320000179978820e+02
2.010550533547632597e+02 1.416746646504691114e+02
2.009644518535868087e+02 1.417170100933884100e+02
2.008737016093565160e+02 1.417590358203136702e+02
2.007828037502868881e+02 1.418007413087776172e+02
2.006917594064276216e+02 1.418421260402941471e+02
2.006005697096495624e+02 1.418831895003648924e+02
2.005092357936305234e+02 1.419239311784854749e+02
2.004177587938413012e+02 1.419643505681520423e+02
2.003261398475314934e+02 1.420044471668673793e+02
2.002343800937154299e+02 1.420442204761472738e+02
2.001424806731579338e+02 1.420836700015266274e+02
2.000504427283602240e+02 1.421227952525656804e+02
1.999582674035456193e+02 1.421615957428561217e+02
1.998659558446453559e+02 1.422000709900270010e+02
1.997735091992843763e+02 1.422382205157509247e+02
1.996809286167670336e+02 1.422760438457497685e+02
1.995882152480627383e+02 1.423135405098008448e+02
1.994953702457917473e+02 1.423507100417424454e+02
1.994023947642108396e+02 1.423875519794799516e+02
1.993092899591988498e+02 1.424240658649913200e+02
1.992160569882424284e+02 1.424602512443329090e+02
1.991226970104215468e+02 1.424961076676450773e+02
1.990292111863951732e+02 1.425316346891578405e+02
1.989356006783868054e+02 1.425668318671962993e+02
1.988418666501700045e+02 1.426016987641862670e+02
1.987480102670539566e+02 1.426362349466595560e+02
1.986540326958689491e+02 1.426704399852595486e+02
1.985599351049519328e+02 1.427043134547463126e+02
1.984657186641319413e+02 1.427378549340021436e+02
1.983713845447155109e+02 1.427710640060365392e+02
1.982769339194722704e+02 1.428039402579915986e+02
1.981823679626201056e+02 1.428364832811470535e+02
1.980876878498108908e+02 1.428686926709253271e+02
1.979928947581155683e+02 1.429005680268966785e+02
1.978979898660096808e+02 1.429321089527839774e+02
1.978029743533587066e+02 1.429633150564678488e+02
1.977078494014033367e+02 1.429941859499914756e+02
1.976126161927448379e+02 1.430247212495653173e+02
1.975172759113303300e+02 1.430549205755719981e+02
1.974218297424380637e+02 1.430847835525710536e+02
1.973262788726626979e+02 1.431143098093034212e+02
1.972306244899005492e+02 1.431434989786963001e+02
1.971348677833347551e+02 1.431723506978675005e+02
1.970390099434206661e+02 1.432008646081300469e+02
1.969430521618708383e+02 1.432290403549966697e+02
1.968469956316403398e+02 1.432568775881841532e+02
1.967508415469118859e+02 1.432843759616177124e+02
1.966545911030810316e+02 1.433115351334352852e+02
1.965582454967411934e+02 1.433383547659918520e+02
1.964618059256689548e+02 1.433648345258634720e+02
1.963652735888090035e+02 1.433909740838516029e+02
1.962686496862593515e+02 1.434167731149871088e+02
1.961719354192563003e+02 1.434422312985342955e+02
1.960751319901596617e+02 1.434673483179948903e+02
1.959782406024376087e+02 1.434921238611121055e+02
1.958812624606518966e+02 1.435165576198742770e+02
1.957841987704427993e+02 1.435406492905189282e+02
1.956870507385141309e+02 1.435643985735363799e+02
1.955898195726182678e+02 1.435878051736736438e+02
1.954925064815410565e+02 1.436108687999379185e+02
1.953951126750869207e+02 1.436335891656002559e+02
1.952976393640636843e+02 1.436559659881992275e+02
1.952000877602676212e+02 1.436779989895443350e+02
1.951024590764683353e+02 1.436996878957194497e+02
1.950047545263936684e+02 1.437210324370863361e+02
1.949069753247146366e+02 1.437420323482878644e+02
1.948091226870303956e+02 1.437626873682514201e+02
1.947111978298530062e+02 1.437829972401920600e+02
1.946132019705923994e+02 1.438029617116158079e+02
1.945151363275411711e+02 1.438225805343227250e+02
1.944170021198594895e+02 1.438418534644099225e+02
1.943188005675599470e+02 1.438607802622748011e+02
1.942205328914923541e+02 1.438793606926178370e+02
1.941222003133285909e+02 1.438975945244455374e+02
1.940238040555473731e+02 1.439154815310734534e+02
1.939253453414190744e+02 1.439330214901288230e+02
1.938268253949906352e+02 1.439502141835534417e+02
1.937282454410701291e+02 1.439670593976062776e+02
1.936296067052116712e+02 1.439835569228662848e+02
1.935309104137002123e+02 1.439997065542348196e+02
1.934321577935361631e+02 1.440155080909383969e+02
1.933333500724203020e+02 1.440309613365309360e+02
1.932344884787383137e+02 1.440460660988964605e+02
1.931355742415457826e+02 1.440608221902513151e+02
1.930366085905526177e+02 1.440752294271465246e+02
1.929375927561079607e+02 1.440892876304701531e+02
1.928385279691848950e+02 1.441029966254494639e+02
1.927394154613649846e+02 1.441163562416530510e+02
1.926402564648231532e+02 1.441293663129931133e+02
1.925410522123122234e+02 1.441420266777273298e+02
1.924418039371476539e+02 1.441543371784610201e+02
1.923425128731921916e+02 1.441662976621490202e+02
1.922431802548405813e+02 1.441779079800976433e+02
1.921438073170041037e+02 1.441891679879663855e+02
1.920443952950953417e+02 1.442000775457699717e+02
1.919449454250127758e+02 1.442106365178798058e+02
1.918454589431253794e+02 1.442208447730259309e+02
1.917459370862573564e+02 1.442307021842984796e+02
1.916463810916725947e+02 1.442402086291492367e+02
1.915467921970595171e+02 1.442493639893933732e+02
1.914471716405154496e+02 1.442581681512106400e+02
1.913475206605313588e+02 1.442666210051469875e+02
1.912478404959764759e+02 1.442747224461158169e+02
1.911481323860828923e+02 1.442824723733994006e+02
1.910483975704299837e+02 1.442898706906499342e+02
1.909486372889292625e+02 1.442969173058909860e+02
1.908488527818088016e+02 1.443036121315184062e+02
1.907490452895978024e+02 1.443099550843015777e+02
1.906492160531112745e+02 1.443159460853844394e+02
1.905493663134345468e+02 1.443215850602862815e+02
1.904494973119078054e+02 1.443268719389029968e+02
1.903496102901107179e+02 1.443318066555075916e+02
1.902497064898470285e+02 1.443363891487513229e+02
1.901497871531290116e+02 1.443406193616642383e+02
1.900498535221621239e+02 1.443444972416559438e+02
1.899499068393295147e+02 1.443480227405163703e+02
1.898499483471765927e+02 1.443511958144161724e+02
1.897499792883956218e+02 1.443540164239074670e+02
1.896500009058101739e+02 1.443564845339242311e+02
1.895500144423597817e+02 1.443586001137826429e+02
1.894500211410843917e+02 1.443603631371817073e+02
1.893500222451089883e+02 1.443617735822033410e+02
1.892500189976281320e+02 1.443628314313127703e+02
1.891500126418904131e+02 1.443635366713587018e+02
1.890500044211831607e+02 1.443638892935736067e+02
1.889499955788168108e+02 1.443638892935736067e+02
1.888499873581095585e+02 1.443635366713587018e+02
1.887499810023718680e+02 1.443628314313127703e+02
1.886499777548910117e+02 1.443617735822033410e+02
1.885499788589156083e+02 1.443603631371817073e+02
1.884499855576402183e+02 1.443586001137826429e+02
1.883499990941898261e+02 1.443564845339242311e+02
1.882500207116043782e+02 1.443540164239074670e+02
1.881500516528234073e+02 1.443511958144161724e+02
1.880500931606704853e+02 1.443480227405163703e+02
1.879501464778378761e+02 1.443444972416559438e+02
1.878502128468709884e+02 1.443406193616642383e+02
1.877502935101529715e+02 1.443363891487513229e+02
1.876503897098892821e+02 1.443318066555075916e+02
1.875505026880922230e+02 1.443268719389029968e+02
1.874506336865654532e+02 1.443215850602862815e+02
1.873507839468887255e+02 1.443159460853844394e+02
1.872509547104021976e+02 1.443099550843015777e+02
1.871511472181911984e+02 1.443036121315184062e+02
1.870513627110707375e+02 1.442969173058909860e+02
1.869516024295700163e+02 1.442898706906499342e+02
1.868518676139171362e+02 1.442824723733994006e+02
1.867521595040234956e+02 1.442747224461158169e+02
1.866524793394686412e+02 1.442666210051469875e+02
1.865528283594845504e+02 1.442581681512106400e+02
1.864532078029404829e+02 1.442493639893933732e+02
1.863536189083273769e+02 1.442402086291492367e+02
1.862540629137426436e+02 1.442307021842984796e+02
1.861545410568746206e+02 1.442208447730259309e+02
1.860550545749872526e+02 1.442106365178798058e+02
1.859556047049046583e+02 1.442000775457699717e+02
1.858561926829959248e+02 1.441891679879663855e+02
1.857568197451594187e+02 1.441779079800976433e+02
1.856574871268078084e+02 1.441662976621490202e+02
1.855581960628523461e+02 1.441543371784610201e+02
1.854589477876877766e+02 1.441420266777273298e+02
1.853597435351768468e+02 1.441293663129931133e+02
1.852605845386350154e+02 1.441163562416530510e+02
1.851614720308151334e+02 1.441029966254494639e+02
1.850624072438920393e+02 1.440892876304701531e+02
1.849633914094474108e+02 1.440752294271465246e+02
1.848644257584542459e+02 1.440608221902513151e+02
1.847655115212616863e+02 1.440460660988964605e+02
1.846666499275796980e+02 1.440309613365309360e+02
1.845678422064638369e+02 1.440155080909383969e+02
1.844690895862997877e+02 1.439997065542348196e+02
1.843703932947883288e+02 1.439835569228662848e+02
1.842717545589298709e+02 1.439670593976062776e+02
1.841731746050093648e+02 1.439502141835534417e+02
1.840746546585809256e+02 1.439330214901288230e+02
1.839761959444526553e+02 1.439154815310734534e+02
1.838777996866714091e+02 1.438975945244455374e+02
1.837794671085076459e+02 1.438793606926178370e+02
1.836811994324400530e+02 1.438607802622748011e+02
1.835829978801405105e+02 1.438418534644099225e+02
1.834848636724588289e+02 1.438225805343227250e+02
1.833867980294076006e+02 1.438029617116158079e+02
1.832888021701469938e+02 1.437829972401920600e+02
1.831908773129696044e+02 1.437626873682514201e+02
1.830930246752853634e+02 1.437420323482878644e+02
1.829952454736063601e+02 1.437210324370863361e+02
1.828975409235316647e+02 1.436996878957194497e+02
1.827999122397323788e+02 1.436779989895443350e+02
1.827023606359363157e+02 1.436559659881992275e+02
1.826048873249130793e+02 1.436335891656002559e+02
1.825074935184589435e+02 1.436108687999379185e+02
1.824101804273817322e+02 1.435878051736736438e+02
1.823129492614858691e+02 1.435643985735363799e+02
1.822158012295572007e+02 1.435406492905189282e+02
1.821187375393481034e+02 1.435165576198742770e+02
1.820217593975623913e+02 1.434921238611121055e+02
1.819248680098403668e+02 1.434673483179948903e+02
1.818280645807436997e+02 1.434422312985342955e+02
1.817313503137406485e+02 1.434167731149871088e+02
1.816347264111909965e+02 1.433909740838516029e+02
1.815381940743310452e+02 1.433648345258634720e+02
1.814417545032588066e+02 1.433383547659918520e+02
1.813454088969189968e+02 1.433115351334353136e+02
1.812491584530881141e+02 1.432843759616177124e+02
1.811530043683596602e+02 1.432568775881841532e+02
1.810569478381291617e+02 1.432290403549966697e+02
1.809609900565793339e+02 1.432008646081300469e+02
1.808651322166652449e+02 1.431723506978675005e+02
1.807693755100994792e+02 1.431434989786963001e+02
1.806737211273373021e+02 1.431143098093034496e+02
1.805781702575619363e+02 1.430847835525710536e+02
1.804827240886696700e+02 1.430549205755719981e+02
1.803873838072551621e+02 1.430247212495653173e+02
1.802921505985966348e+02 1.429941859499914756e+02
1.801970256466412934e+02 1.429633150564678772e+02
1.801020101339903192e+02 1.429321089527839774e+02
1.800071052418844317e+02 1.429005680268966785e+02
1.799123121501891092e+02 1.428686926709253271e+02
1.798176320373798944e+02 1.428364832811470535e+02
1.797230660805277580e+02 1.428039402579915986e+02
1.796286154552844891e+02 1.427710640060365392e+02
1.795342813358680587e+02 1.427378549340021436e+02
1.794400648950480672e+02 1.427043134547463126e+02
1.793459673041310509e+02 1.426704399852595486e+02
1.792519897329460434e+02 1.426362349466595560e+02
1.791581333498299955e+02 1.426016987641862670e+02
1.790643993216131946e+02 1.425668318671962993e+02
1.789707888136048268e+02 1.425316346891578405e+02
1.788773029895784532e+02 1.424961076676450773e+02
1.787839430117575716e+02 1.424602512443329090e+02
1.786907100408011502e+02 1.424240658649913200e+02
1.785976052357891604e+02 1.423875519794799516e+02
1.785046297542082527e+02 1.423507100417424738e+02
1.784117847519372617e+02 1.423135405098008448e+02
1.783190713832329664e+02 1.422760438457497685e+02
1.782264908007155952e+02 1.422382205157509247e+02
1.781340441553546441e+02 1.422000709900270010e+02
1.780417325964543807e+02 1.421615957428561217e+02
1.779495572716397760e+02 1.421227952525656804e+02
1.778575193268420662e+02 1.420836700015266274e+02
1.777656199062845701e+02 1.420442204761472738e+02
1.776738601524685066e+02 1.420044471668673793e+02
1.775822412061587272e+02 1.419643505681520423e+02
1.774907642063694766e+02 1.419239311784854749e+02
1.773994302903504376e+02 1.418831895003648924e+02
1.773082405935723784e+02 1.418421260402941471e+02
1.772171962497131119e+02 1.418007413087776172e+02
1.771262983906434840e+02 1.417590358203136702e+02
1.770355481464131913e+02 1.417170100933884100e+02
1.769449466452367403e+02 1.416746646504691398e+02
1.768544950134794931e+02 1.416320000179978820e+02
1.767641943756435978e+02 1.415890167263848980e+02
1.766740458543540342e+02 1.415457153100020093e+02
1.765840505703446865e+02 1.415020963071760036e+02
1.764942096424443605e+02 1.414581602601819270e+02
1.764045241875628847e+02 1.414139077152363484e+02
1.763149953206772409e+02 1.413693392224905665e+02
1.762256241548177229e+02 1.413244553360237319e+02
1.761364118010540381e+02 1.412792566138360826e+02
1.760473593684814944e+02 1.412337436178418386e+02
1.759584679642073581e+02 1.411879169138623240e+02
1.758697386933368705e+02 1.411417770716189182e+02
1.757811726589596617e+02 1.410953246647259220e+02
1.756927709621359668e+02 1.410485602706835380e+02
1.756045347018830398e+02 1.410014844708705652e+02
1.755164649751613126e+02 1.409540978505372095e+02
1.754285628768608944e+02 1.409064009987978636e+02
1.753408294997879864e+02 1.408583945086237463e+02
1.752532659346511537e+02 1.408100789768355128e+02
1.751658732700478254e+02 1.407614550040958079e+02
1.750786525924509078e+02 1.407125231949018769e+02
1.749916049861950285e+02 1.406632841575780617e+02
1.749047315334632060e+02 1.406137385042680989e+02
1.748180333142734071e+02 1.405638868509277017e+02
1.747315114064650459e+02 1.405137298173166585e+02
1.746451668856855974e+02 1.404632680269914147e+02
1.745590008253773533e+02 1.404125021072971151e+02
1.744730142967638074e+02 1.403614326893598161e+02
1.743872083688366672e+02 1.403100604080788116e+02
1.743015841083422401e+02 1.402583859021184765e+02
1.742161425797684728e+02 1.402064098139005921e+02
1.741308848453314795e+02 1.401541327895961615e+02
1.740458119649624393e+02 1.401015554791174509e+02
1.739609249962944659e+02 1.400486785361099749e+02
1.738762249946493341e+02 1.399955026179442257e+02
1.737917130130244630e+02 1.399420283857076015e+02
1.737073901020798132e+02 1.398882565041961925e+02
1.736232573101247851e+02 1.398341876419064533e+02
1.735393156831051442e+02 1.397798224710269608e+02
1.734555662645902032e+02 1.397251616674300294e+02
1.733720100957596060e+02 1.396702059106632419e+02
1.732886482153905376e+02 1.396149558839411498e+02
1.732054816598448213e+02 1.395594122741366334e+02
1.731225114630559290e+02 1.395035757717724039e+02
1.730397386565161923e+02 1.394474470710125331e+02
1.729571642692639841e+02 1.393910268696536150e+02
1.728747893278709284e+02 1.393343158691162955e+02
1.727926148564290543e+02 1.392773147744363769e+02
1.727106418765382330e+02 1.392200242942562056e+02
1.726288714072932748e+02 1.391624451408157483e+02
1.725473044652714805e+02 1.391045780299438093e+02
1.724659420645197088e+02 1.390464236810490775e+02
1.723847852165421557e+02 1.389879828171112308e+02
1.723038349302873655e+02 1.389292561646719264e+02
1.722230922121360379e+02 1.388702444538257623e+02
1.721425580658883234e+02 1.388109484182111828e+02
1.720622334927513464e+02 1.387513687950013832e+02
1.719821194913268414e+02 1.386915063248952151e+02
1.719022170575987047e+02 1.386313617521078356e+02
1.718225271849206024e+02 1.385709358243615270e+02
1.717430508640035782e+02 1.385102292928763745e+02
1.716637890829038611e+02 1.384492429123610862e+02
1.715847428270104444e+02 1.383879774410033292e+02
1.715059130790329220e+02 1.383264336404604933e+02
1.714273008189892096e+02 1.382646122758502258e+02
1.713489070241934371e+02 1.382025141157407973e+02
1.712707326692437277e+02 1.381401399321416932e+02
1.711927787260101184e+02 1.380774905004939228e+02
1.711150461636224804e+02 1.380145665996603839e+02
1.710375359484584408e+02 1.379513690119161993e+02
1.709602490441314444e+02 1.378878985229390253e+02
1.708831864114785901e+02 1.378241559217992176e+02
1.708063490085489491e+02 1.377601420009500259e+02
1.707297377905914288e+02 1.376958575562178453e+02
1.706533537100430635e+02 1.376313033867921831e+02
1.705771977165170483e+02 1.375664802952158254e+02
1.705012707567909160e+02 1.375013890873747755e+02
1.704255737747949695e+02 1.374360305724883062e+02
1.703501077116003444e+02 1.373704055630989274e+02
1.702748735054073279e+02 1.373045148750620967e+02
1.701998720915338481e+02 1.372383593275363296e+02
1.701251044024036219e+02 1.371719397429728815e+02
1.700505713675347579e+02 1.371052569471054596e+02
1.699762739135280754e+02 1.370383117689401615e+02
1.699022129640557353e+02 1.369711050407449306e+02
1.698283894398495022e+02 1.369036375980393245e+02
1.697548042586895747e+02 1.368359102795842546e+02
1.696814583353929891e+02 1.367679239273712710e+02
1.696083525818023077e+02 1.366996793866123596e+02
1.695354879067743070e+02 1.366311775057292550e+02
1.694628652161686659e+02 1.365624191363430100e+02
1.693904854128366537e+02 1.364934051332633658e+02
1.693183493966099604e+02 1.364241363544781223e+02
1.692464580642895271e+02 1.363546136611424231e+02
1.691748123096343193e+02 1.362848379175681544e+02
1.691034130233502708e+02 1.362148099912131158e+02
1.690322610930792280e+02 1.361445307526703061e+02
1.689613574033878365e+02 1.360740010756569802e+02
1.688907028357566276e+02 1.360032218370039345e+02
1.688202982685690472e+02 1.359321939166445077e+02
1.687501445771004569e+02 1.358609181976036666e+02
1.686802426335073903e+02 1.357893955659870358e+02
1.686105933068165541e+02 1.357176269109698978e+02
1.685411974629141412e+02 1.356456131247860810e+02
1.684720559645350022e+02 1.355733551027169312e+02
1.684031696712519874e+02 1.355008537430801425e+02
1.683345394394651464e+02 1.354281099472186440e+02
1.682661661223912120e+02 1.353551246194892599e+02
1.681980505700528852e+02 1.352818986672516530e+02
1.681301936292684047e+02 1.352084330008568998e+02
1.680625961436408033e+02 1.351347285336362347e+02
1.679952589535476193e+02 1.350607861818896822e+02
1.679281828961303802e+02 1.349866068648746591e+02
1.678613688052841439e+02 1.349121915047945492e+02
1.677948175116472385e+02 1.348375410267873065e+02
1.677285298425908309e+02 1.347626563589138016e+02
1.676625066222086957e+02 1.346875384321464253e+02
1.675967486713069547e+02 1.346121881803574354e+02
1.675312568073939019e+02 1.345366065403074174e+02
1.674660318446698284e+02 1.344607944516335465e+02
1.674010745940167908e+02 1.343847528568379346e+02
1.673363858629887488e+02 1.343084827012760343e+02
1.672719664558013335e+02 1.342319849331446733e+02
1.672078171733219278e+02 1.341552605034704584e+02
1.671439388130597195e+02 1.340783103660978099e+02
1.670803321691557528e+02 1.340011354776772237e+02
1.670169980323730954e+02 1.339237367976532482e+02
1.669539371900869469e+02 1.338461152882526903e+02
1.668911504262749474e+02 1.337682719144725922e+02
1.668286385215072869e+02 1.336902076440681526e+02
1.667664022529371550e+02 1.336119234475408746e+02
1.667044423942909646e+02 1.335334202981263161e+02
1.666427597158588298e+02 1.334546991717821527e+02
1.665813549844848751e+02 1.333757610471759278e+02
1.665202289635577984e+02 1.332966069056729168e+02
1.664593824130013502e+02 1.332172377313239338e+02
1.663988160892648409e+02 1.331376545108531104e+02
1.663385307453138751e+02 1.330578582336456748e+02
1.662785271306207733e+02 1.329778498917354739e+02
1.662188059911554774e+02 1.328976304797928378e+02
1.661593680693760859e+02 1.328172009951121311e+02
1.661002141042197593e+02 1.327365624375993605e+02
1.660413448310934825e+02 1.326557158097597267e+02
1.659827609818649421e+02 1.325746621166851753e+02
1.659244632848533456e+02 1.324934023660419200e+02
1.658664524648205543e+02 1.324119375680579083e+02
1.658087292429617889e+02 1.323302687355102023e+02
1.657512943368969616e+02 1.322483968837125303e+02
1.656941484606615802e+02 1.321663230305024683e+02
1.656372923246978530e+02 1.320840481962289630e+02
1.655807266358460197e+02 1.320015734037395418e+02
1.655244520973353133e+02 1.319188996783676657e+02
1.654684694087755474e+02 1.318360280479198821e+02
1.654127792661480498e+02 1.317529595426631488e+02
1.653573823617973062e+02 1.316696951953120163e+02
1.653022793844222065e+02 1.315862360410156953e+02
1.652474710190675182e+02 1.315025831173453241e+02
1.651929579471153602e+02 1.314187374642808948e+02
1.651387408462767326e+02 1.313347001241985765e+02
1.650848203905831610e+02 1.312504721418574718e+02
1.650311972503781703e+02 1.311660545643868261e+02
1.649778720923090702e+02 1.310814484412729257e+02
1.649248455793186281e+02 1.309966548243461091e+02
1.648721183706368549e+02 1.309116747677676358e+02
1.648196911217727347e+02 1.308265093280165274e+02
1.647675644845061811e+02 1.307411595638766073e+02
1.647157391068798518e+02 1.306556265364232274e+02
1.646642156331911053e+02 1.305699113090099956e+02
1.646129947039840431e+02 1.304840149472557016e+02
1.645620769560414658e+02 1.303979385190310722e+02
1.645114630223770575e+02 1.303116830944452715e+02
1.644611535322273994e+02 1.302252497458329685e+02
1.644111491110442103e+02 1.301386395477406381e+02
1.643614503804866160e+02 1.300518535769134303e+02
1.643120579584133338e+02 1.299648929122816980e+02
1.642629724588750548e+02 1.298777586349476394e+02
1.642141944921067136e+02 1.297904518281717117e+02
1.641657246645200701e+02 1.297029735773594439e+02
1.641175635786960072e+02 1.296153249700475953e+02
1.640697118333771130e+02 1.295275070958909680e+02
1.640221700234602338e+02 1.294395210466485651e+02
1.639749387399891134e+02 1.293513679161702328e+02
1.639280185701469463e+02 1.292630488003830180e+02
1.638814100972491588e+02 1.291745647972773838e+02
1.638351139007361326e+02 1.290859170068938511e+02
1.637891305561660147e+02 1.289971065313090435e+02
1.637434606352075548e+02 1.289081344746220736e+02
1.636981047056329714e+02 1.288190019429409858e+02
1.636530633313109320e+02 1.287297100443687441e+02
1.636083370721995038e+02 1.286402598889895899e+02
1.635639264843392482e+02 1.285506525888552574e+02
1.635198321198462565e+02 1.284608892579711039e+02
1.634760545269053296e+02 1.283709710122822685e+02
1.634325942497631274e+02 1.282808989696598303e+02
1.633894518287213771e+02 1.281906742498868539e+02
1.633466278001302214e+02 1.281002979746445192e+02
1.633041226963815404e+02 1.280097712674981096e+02
1.632619370459022718e+02 1.279190952538831567e+02
1.632200713731479311e+02 1.278282710610913568e+02
1.631785261985960176e+02 1.277372998182565595e+02
1.631373020387395627e+02 1.276461826563407840e+02
1.630963994060807352e+02 1.275549207081200933e+02
1.630558188091244176e+02 1.274635151081705970e+02
1.630155607523719823e+02 1.273719669928542544e+02
1.629756257363148961e+02 1.272802775003048055e+02
1.629360142574285817e+02 1.271884477704135605e+02
1.628967268081662496e+02 1.270964789448153596e+02
1.628577638769526459e+02 1.270043721668742052e+02
1.628191259481781969e+02 1.269121285816691653e+02
1.627808135021928138e+02 1.268197493359801342e+02
1.627428270152999801e+02 1.267272355782735360e+02
1.627051669597508692e+02 1.266345884586880146e+02
1.626678338037383753e+02 1.265418091290202227e+02
1.626308280113913725e+02 1.264488987427104689e+02
1.625941500427689732e+02 1.263558584548283363e+02
1.625578003538546454e+02 1.262626894220583722e+02
1.625217793965507838e+02 1.261693928026856923e+02
1.624860876186728831e+02 1.260759697565815856e+02
1.624507254639440816e+02 1.259824214451890612e+02
1.624156933719895903e+02 1.258887490315084676e+02
1.623809917783312926e+02 1.257949536800829833e+02
1.623466211143822306e+02 1.257010365569841497e+02
1.623125818074414042e+02 1.256069988297974476e+02
1.622788742806881999e+02 1.255128416676076029e+02
1.622454989531774459e+02 1.254185662409842905e+02
1.622124562398339549e+02 1.253241737219673979e+02
1.621797465514474652e+02 1.252296652840524871e+02
1.621473702946675246e+02 1.251350421021762855e+02
1.621153278719984314e+02 1.250403053527020205e+02
1.620836196817942039e+02 1.249454562134047677e+02
1.620522461182537484e+02 1.248504958634568567e+02
1.620212075714157152e+02 1.247554254834132195e+02
1.619905044271539509e+02 1.246602462551966681e+02
1.619601370671724681e+02 1.245649593620832434e+02
1.619301058690007835e+02 1.244695659886874353e+02
1.619004112059892009e+02 1.243740673209475887e+02
1.618710534473042912e+02 1.242784645461110102e+02
1.618420329579240899e+02 1.241827588527192887e+02
1.618133500986337197e+02 1.240869514305935155e+02
1.617850052260208713e+02 1.239910434708194771e+02
1.617569986924713419e+02 1.238950361657328472e+02
1.617293308461646575e+02 1.237989307089043933e+02
1.617020020310698101e+02 1.237027282951250839e+02
1.616750125869408237e+02 1.236064301203912521e+02
1.616483628493127185e+02 1.235100373818897737e+02
1.616220531494972761e+02 1.234135512779831743e+02
1.615960838145788330e+02 1.233169730081946227e+02
1.615704551674102731e+02 1.232203037731931659e+02
1.615451675266090774e+02 1.231235447747787219e+02
1.615202212065533161e+02 1.230266972158671450e+02
1.614956165173776412e+02 1.229297623004752893e+02
1.614713537649696491e+02 1.228327412337060309e+02
1.614474332509658154e+02 1.227356352217332898e+02
1.614238552727479998e+02 1.226384454717870227e+02
1.614006201234395519e+02 1.225411731921382454e+02
1.613777280919017585e+02 1.224438195920839689e+02
1.613551794627302911e+02 1.223463858819321644e+02
1.613329745162515110e+02 1.222488732729867991e+02
1.613111135285191722e+02 1.221512829775326878e+02
1.612895967713108689e+02 1.220536162088204009e+02
1.612684245121247386e+02 1.219558741810513283e+02
1.612475970141760229e+02 1.218580581093624033e+02
1.612271145363939127e+02 1.217601692098111101e+02
1.612069773334182798e+02 1.216622086993603489e+02
1.611871856555964371e+02 1.215641777958632730e+02
1.611677397489802388e+02 1.214660777180481546e+02
1.611486398553227275e+02 1.213679096855032782e+02
1.611298862120754052e+02 1.212696749186617637e+02
1.611114790523851070e+02 1.211713746387863182e+02
1.610934186050911308e+02 1.210730100679541295e+02
1.610757050947224798e+02 1.209745824290416891e+02
1.610583387414949925e+02 1.208760929457095443e+02
1.610413197613085856e+02 1.207775428423870494e+02
1.610246483657446106e+02 1.206789333442572740e+02
1.610083247620632676e+02 1.205802656772416412e+02
1.609923491532009336e+02 1.204815410679846934e+02
1.609767217377676900e+02 1.203827607438389720e+02
1.609614427100448779e+02 1.202839259328496269e+02
1.609465122599825975e+02 1.201850378637391543e+02
1.609319305731974623e+02 1.200860977658922479e+02
1.609176978309701838e+02 1.199871068693403515e+02
1.609038142102434108e+02 1.198880664047464535e+02
1.608902798836194847e+02 1.197889776033898386e+02
1.608770950193582223e+02 1.196898416971506265e+02
1.608642597813749830e+02 1.195906599184946089e+02
1.608517743292384807e+02 1.194914335004578589e+02
1.608396388181689076e+02 1.193921636766314123e+02
1.608278533990359165e+02 1.192928516811458763e+02
1.608164182183568300e+02 1.191934987486562108e+02
1.608053334182947651e+02 1.190941061143262942e+02
1.607945991366568421e+02 1.189946750138135627e+02
1.607842155068925933e+02 1.188952066832536474e+02
1.607741826580920872e+02 1.187957023592450696e+02
1.607645007149845924e+02 1.186961632788338221e+02
1.607551697979367873e+02 1.185965906794979219e+02
1.607461900229514242e+02 1.184969857991322044e+02
1.607375615016657946e+02 1.183973498760327629e+02
1.607292843413503931e+02 1.182976841488815865e+02
1.607213586449075535e+02 1.181979898567312830e+02
1.607137845108702265e+02 1.180982682389894904e+02
1.607065620334006155e+02 1.179985205354035855e+02
1.606996913022891817e+02 1.178987479860453078e+02
1.606931724029534223e+02 1.177989518312952129e+02
1.606870054164368469e+02 1.176991333118273104e+02
1.606811904194079261e+02 1.175992936685937309e+02
1.606757274841591823e+02 1.174994341428091360e+02
1.606706166786062795e+02 1.173995559759353853e+02
1.606658580662871714e+02 1.172996604096661457e+02
1.606614517063613334e+02 1.171997486859113309e+02
1.606573976536089674e+02 1.170998220467817106e+02
1.606536959584304327e+02 1.169998817345735631e+02
1.606503466668454791e+02 1.168999289917530859e+02
1.606473498204927637e+02 1.167999650609410480e+02
1.606447054566293673e+02 1.166999911848972715e+02
1.606424136081302265e+02 1.166000086065052699e+02
1.606404743034877924e+02 1.165000185687567011e+02
1.606388875668116611e+02 1.164000223147359634e+02
1.606376534178282327e+02 1.163000210876047902e+02
1.606367718718806259e+02 1.162000161305866612e+02
1.606362429399282234e+02 1.161000086869514547e+02
1.606360666285467858e+02 1.160000000000000000e+02
1.606362429399282234e+02 1.158999913130485453e+02
1.606367718718806259e+02 1.157999838694133530e+02
1.606376534178282327e+02 1.156999789123952098e+02
1.606388875668116611e+02 1.155999776852640366e+02
1.606404743034877924e+02 1.154999814312432989e+02
1.606424136081302265e+02 1.153999913934947301e+02
1.606447054566293673e+02 1.153000088151027285e+02
1.606473498204927637e+02 1.152000349390589520e+02
1.606503466668454791e+02 1.151000710082468999e+02
1.606536959584304327e+02 1.150001182654264511e+02
1.606573976536089674e+02 1.149001779532182894e+02
1.606614517063613334e+02 1.148002513140886975e+02
1.606658580662871714e+02 1.147003395903338543e+02
1.606706166786062795e+02 1.146004440240646147e+02
1.606757274841591823e+02 1.145005658571908782e+02
1.606811904194079261e+02 1.144007063314062975e+02
1.606870054164368469e+02 1.143008666881726896e+02
1.606931724029534223e+02 1.142010481687048156e+02
1.606996913022891817e+02 1.141012520139546922e+02
1.607065620334006155e+02 1.140014794645964145e+02
1.607137845108702265e+02 1.139017317610105238e+02
1.607213586449075535e+02 1.138020101432687170e+02
1.607292843413503931e+02 1.137023158511184135e+02
1.607375615016657946e+02 1.136026501239672513e+02
1.607461900229514242e+02 1.135030142008677956e+02
1.607551697979367873e+02 1.134034093205020639e+02
1.607645007149845924e+02 1.133038367211661921e+02
1.607741826580920872e+02 1.132042976407549162e+02
1.607842155068925933e+02 1.131047933167463668e+02
1.607945991366568421e+02 1.130053249861864515e+02
1.608053334182947651e+02 1.129058938856737058e+02
1.608164182183568300e+02 1.128065012513437750e+02
1.608278533990359165e+02 1.127071483188541379e+02
1.608396388181689076e+02 1.126078363233686019e+02
1.608517743292384807e+02 1.125085664995421553e+02
1.608642597813749830e+02 1.124093400815053911e+02
1.608770950193582223e+02 1.123101583028493877e+02
1.608902798836194847e+02 1.122110223966101756e+02
1.609038142102434108e+02 1.121119335952535465e+02
1.609176978309701838e+02 1.120128931306596485e+02
1.609319305731974339e+02 1.119139022341077663e+02
1.609465122599825690e+02 1.118149621362608457e+02
1.609614427100448779e+02 1.117160740671504016e+02
1.609767217377676900e+02 1.116172392561610280e+02
1.609923491532009336e+02 1.115184589320153066e+02
1.610083247620632676e+02 1.114197343227583730e+02
1.610246483657446106e+02 1.113210666557427118e+02
1.610413197613085856e+02 1.112224571576129506e+02
1.610583387414949925e+02 1.111239070542904699e+02
1.610757050947224798e+02 1.110254175709583109e+02
1.610934186050911308e+02 1.109269899320458705e+02
1.611114790523851070e+02 1.108286253612136960e+02
1.611298862120754052e+02 1.107303250813382363e+02
1.611486398553227275e+02 1.106320903144967218e+02
1.611677397489802388e+02 1.105339222819518596e+02
1.611871856555964371e+02 1.104358222041367554e+02
1.612069773334182798e+02 1.103377913006396653e+02
1.612271145363939127e+02 1.102398307901889041e+02
1.612475970141760229e+02 1.101419418906376109e+02
1.612684245121247386e+02 1.100441258189487002e+02
1.612895967713108689e+02 1.099463837911795991e+02
1.613111135285191722e+02 1.098487170224673406e+02
1.613329745162515110e+02 1.097511267270132009e+02
1.613551794627302627e+02 1.096536141180678499e+02
1.613777280919017585e+02 1.095561804079160453e+02
1.614006201234395519e+02 1.094588268078617546e+02
1.614238552727479998e+02 1.093615545282129773e+02
1.614474332509658154e+02 1.092643647782667102e+02
1.614713537649696491e+02 1.091672587662939833e+02
1.614956165173776412e+02 1.090702376995247107e+02
1.615202212065532876e+02 1.089733027841328550e+02
1.615451675266090774e+02 1.088764552252212781e+02
1.615704551674102731e+02 1.087796962268068484e+02
1.615960838145788330e+02 1.086830269918053773e+02
1.616220531494972761e+02 1.085864487220168400e+02
1.616483628493127185e+02 1.084899626181102121e+02
1.616750125869408237e+02 1.083935698796087763e+02
1.617020020310698101e+02 1.082972717048749303e+02
1.617293308461646575e+02 1.082010692910956209e+02
1.617569986924713419e+02 1.081049638342671528e+02
1.617850052260208713e+02 1.080089565291805371e+02
1.618133500986337197e+02 1.079130485694064987e+02
1.618420329579240615e+02 1.078172411472807397e+02
1.618710534473042912e+02 1.077215354538889898e+02
1.619004112059892009e+02 1.076259326790524256e+02
1.619301058690007551e+02 1.075304340113125647e+02
1.619601370671724681e+02 1.074350406379167708e+02
1.619905044271539509e+02 1.073397537448033319e+02
1.620212075714157436e+02 1.072445745165867805e+02
1.620522461182537484e+02 1.071495041365431433e+02
1.620836196817942323e+02 1.070545437865952323e+02
1.621153278719984314e+02 1.069596946472979937e+02
1.621473702946675246e+02 1.068649578978237003e+02
1.621797465514474652e+02 1.067703347159475129e+02
1.622124562398339549e+02 1.066758262780326021e+02
1.622454989531774459e+02 1.065814337590157095e+02
1.622788742806881999e+02 1.064871583323923829e+02
1.623125818074413758e+02 1.063930011702025809e+02
1.623466211143822306e+02 1.062989634430158503e+02
1.623809917783312926e+02 1.062050463199170451e+02
1.624156933719895903e+02 1.061112509684915466e+02
1.624507254639440816e+02 1.060175785548109673e+02
1.624860876186728831e+02 1.059240302434184144e+02
1.625217793965507838e+02 1.058306071973143219e+02
1.625578003538546454e+02 1.057373105779416420e+02
1.625941500427689448e+02 1.056441415451716779e+02
1.626308280113913725e+02 1.055511012572895453e+02
1.626678338037383469e+02 1.054581908709798057e+02
1.627051669597508692e+02 1.053654115413119996e+02
1.627428270152999801e+02 1.052727644217264640e+02
1.627808135021928138e+02 1.051802506640198658e+02
1.628191259481781969e+02 1.050878714183308347e+02
1.628577638769526459e+02 1.049956278331258090e+02
1.628967268081662496e+02 1.049035210551846404e+02
1.629360142574285817e+02 1.048115522295864395e+02
1.629756257363148961e+02 1.047197224996951945e+02
1.630155607523719823e+02 1.046280330071457456e+02
1.630558188091244176e+02 1.045364848918294030e+02
1.630963994060807067e+02 1.044450792918799067e+02
1.631373020387395627e+02 1.043538173436592302e+02
1.631785261985960176e+02 1.042627001817434689e+02
1.632200713731479311e+02 1.041717289389086432e+02
1.632619370459022718e+02 1.040809047461168575e+02
1.633041226963815404e+02 1.039902287325018904e+02
1.633466278001302214e+02 1.038997020253554950e+02
1.633894518287213771e+02 1.038093257501131461e+02
1.634325942497631274e+02 1.037191010303401697e+02
1.634760545269053296e+02 1.036290289877177315e+02
1.635198321198462565e+02 1.035391107420289103e+02
1.635639264843392482e+02 1.034493474111447568e+02
1.636083370721995038e+02 1.033597401110104101e+02
1.636530633313109035e+02 1.032702899556312701e+02
1.636981047056329714e+02 1.031809980570590000e+02
1.637434606352075548e+02 1.030918655253779264e+02
1.637891305561660147e+02 1.030028934686909565e+02
1.638351139007361326e+02 1.029140829931061489e+02
1.638814100972491588e+02 1.028254352027226020e+02
1.639280185701469463e+02 1.027369511996169962e+02
1.639749387399891134e+02 1.026486320838297530e+02
1.640221700234602338e+02 1.025604789533514491e+02
1.640697118333771130e+02 1.024724929041090462e+02
1.641175635786959788e+02 1.023846750299524047e+02
1.641657246645200701e+02 1.022970264226405703e+02
1.642141944921067136e+02 1.022095481718282883e+02
1.642629724588750548e+02 1.021222413650523748e+02
1.643120579584133338e+02 1.020351070877183162e+02
1.643614503804866160e+02 1.019481464230865697e+02
1.644111491110442103e+02 1.018613604522593619e+02
1.644611535322273710e+02 1.017747502541670315e+02
1.645114630223770291e+02 1.016883169055547285e+02
1.645620769560414658e+02 1.016020614809689420e+02
1.646129947039840147e+02 1.015159850527443126e+02
1.646642156331910769e+02 1.014300886909900186e+02
1.647157391068798518e+02 1.013443734635767726e+02
1.647675644845061811e+02 1.012588404361233927e+02
1.648196911217727347e+02 1.011734906719834726e+02
1.648721183706368265e+02 1.010883252322323784e+02
1.649248455793186281e+02 1.010033451756538767e+02
1.649778720923090418e+02 1.009185515587270743e+02
1.650311972503781703e+02 1.008339454356131739e+02
1.650848203905831610e+02 1.007495278581425424e+02
1.651387408462767326e+02 1.006652998758014235e+02
1.651929579471153602e+02 1.005812625357191052e+02
1.652474710190675182e+02 1.004974168826546901e+02
1.653022793844221781e+02 1.004137639589843189e+02
1.653573823617973062e+02 1.003303048046879979e+02
1.654127792661480498e+02 1.002470404573368654e+02
1.654684694087755474e+02 1.001639719520801322e+02
1.655244520973353133e+02 1.000811003216323485e+02
1.655807266358460197e+02 9.999842659626044394e+01
1.656372923246978530e+02 9.991595180377105123e+01
1.656941484606615802e+02 9.983367696949753167e+01
1.657512943368969616e+02 9.975160311628748389e+01
1.658087292429617889e+02 9.966973126448979770e+01
1.658664524648205543e+02 9.958806243194210595e+01
1.659244632848533456e+02 9.950659763395808000e+01
1.659827609818649421e+02 9.942533788331482469e+01
1.660413448310934825e+02 9.934428419024028756e+01
1.661002141042197593e+02 9.926343756240063954e+01
1.661593680693760575e+02 9.918279900488786893e+01
1.662188059911554774e+02 9.910236952020716217e+01
1.662785271306207733e+02 9.902215010826452612e+01
1.663385307453138751e+02 9.894214176635432523e+01
1.663988160892648409e+02 9.886234548914688958e+01
1.664593824130013218e+02 9.878276226867606624e+01
1.665202289635577699e+02 9.870339309432709740e+01
1.665813549844848751e+02 9.862423895282407216e+01
1.666427597158588298e+02 9.854530082821784731e+01
1.667044423942909646e+02 9.846657970187368392e+01
1.667664022529371550e+02 9.838807655245915385e+01
1.668286385215072869e+02 9.830979235593186161e+01
1.668911504262749474e+02 9.823172808552743618e+01
1.669539371900869469e+02 9.815388471174730967e+01
1.670169980323730954e+02 9.807626320234675177e+01
1.670803321691557528e+02 9.799886452232277634e+01
1.671439388130597195e+02 9.792168963390217584e+01
1.672078171733218994e+02 9.784473949652954161e+01
1.672719664558013051e+02 9.776801506685532672e+01
1.673363858629887488e+02 9.769151729872396572e+01
1.674010745940167908e+02 9.761524714316206541e+01
1.674660318446698284e+02 9.753920554836646772e+01
1.675312568073939303e+02 9.746339345969258261e+01
1.675967486713069547e+02 9.738781181964256461e+01
1.676625066222086957e+02 9.731246156785357471e+01
1.677285298425908309e+02 9.723734364108619843e+01
1.677948175116472385e+02 9.716245897321269354e+01
1.678613688052841439e+02 9.708780849520545075e+01
1.679281828961303802e+02 9.701339313512535512e+01
1.679952589535475909e+02 9.693921381811034621e+01
1.680625961436408033e+02 9.686527146636377950e+01
1.681301936292683763e+02 9.679156699914311446e+01
1.681980505700528852e+02 9.671810133274834698e+01
1.682661661223911835e+02 9.664487538051074011e+01
1.683345394394651180e+02 9.657189005278135596e+01
1.684031696712519590e+02 9.649914625691985748e+01
1.684720559645350022e+02 9.642664489728308297e+01
1.685411974629141127e+02 9.635438687521393319e+01
1.686105933068165541e+02 9.628237308903011638e+01
1.686802426335073903e+02 9.621060443401296425e+01
1.687501445771004569e+02 9.613908180239634760e+01
1.688202982685690472e+02 9.606780608335549232e+01
1.688907028357566276e+02 9.599677816299606548e+01
1.689613574033878081e+02 9.592599892434301978e+01
1.690322610930791996e+02 9.585546924732969387e+01
1.691034130233502708e+02 9.578519000878686995e+01
1.691748123096343193e+02 9.571516208243184565e+01
1.692464580642895271e+02 9.564538633885757690e+01
1.693183493966099604e+02 9.557586364552189195e+01
1.693904854128366537e+02 9.550659486673663423e+01
1.694628652161686659e+02 9.543758086365699000e+01
1.695354879067743070e+02 9.536882249427074498e+01
1.696083525818023077e+02 9.530032061338765459e+01
1.696814583353929891e+02 9.523207607262872898e+01
1.697548042586895463e+02 9.516408972041575964e+01
1.698283894398495022e+02 9.509636240196067547e+01
1.699022129640557068e+02 9.502889495925509777e+01
1.699762739135280754e+02 9.496168823105985268e+01
1.700505713675347295e+02 9.489474305289454037e+01
1.701251044024036219e+02 9.482806025702713271e+01
1.701998720915338481e+02 9.476164067246367040e+01
1.702748735054073279e+02 9.469548512493791748e+01
1.703501077116003444e+02 9.462959443690110106e+01
1.704255737747949695e+02 9.456396942751169377e+01
1.705012707567909160e+02 9.449861091262522450e+01
1.705771977165170199e+02 9.443351970478417456e+01
1.706533537100430635e+02 9.436869661320780267e+01
1.707297377905914288e+02 9.430414244378215471e+01
1.708063490085489491e+02 9.423985799904997407e+01
1.708831864114785617e+02 9.417584407820081083e+01
1.709602490441314444e+02 9.411210147706096052e+01
1.710375359484584408e+02 9.404863098808380073e+01
1.711150461636224804e+02 9.398543340033961613e+01
1.711927787260100899e+02 9.392250949950607719e+01
1.712707326692436993e+02 9.385986006785830682e+01
1.713489070241934087e+02 9.379748588425921696e+01
1.714273008189891812e+02 9.373538772414978837e+01
1.715059130790328936e+02 9.367356635953950672e+01
1.715847428270104444e+02 9.361202255899667080e+01
1.716637890829038611e+02 9.355075708763891384e+01
1.717430508640035782e+02 9.348977070712362547e+01
1.718225271849206024e+02 9.342906417563850141e+01
1.719022170575986763e+02 9.336863824789219279e+01
1.719821194913268414e+02 9.330849367510477066e+01
1.720622334927513464e+02 9.324863120499861679e+01
1.721425580658883234e+02 9.318905158178883141e+01
1.722230922121360379e+02 9.312975554617425189e+01
1.723038349302873655e+02 9.307074383532807360e+01
1.723847852165421273e+02 9.301201718288876918e+01
1.724659420645197372e+02 9.295357631895092254e+01
1.725473044652714520e+02 9.289542197005620494e+01
1.726288714072933033e+02 9.283755485918426587e+01
1.727106418765382330e+02 9.277997570574382280e+01
1.727926148564290543e+02 9.272268522556363735e+01
1.728747893278709000e+02 9.266568413088373291e+01
1.729571642692639557e+02 9.260897313034638501e+01
1.730397386565161923e+02 9.255255292898748110e+01
1.731225114630559290e+02 9.249642422822759613e+01
1.732054816598447928e+02 9.244058772586339501e+01
1.732886482153905376e+02 9.238504411605885025e+01
1.733720100957595776e+02 9.232979408933675813e+01
1.734555662645901748e+02 9.227483833256998480e+01
1.735393156831051442e+02 9.222017752897303922e+01
1.736232573101247567e+02 9.216581235809354666e+01
1.737073901020798132e+02 9.211174349580380749e+01
1.737917130130244630e+02 9.205797161429241271e+01
1.738762249946493341e+02 9.200449738205577432e+01
1.739609249962944375e+02 9.195132146389002514e+01
1.740458119649624393e+02 9.189844452088253490e+01
1.741308848453314795e+02 9.184586721040383850e+01
1.742161425797684728e+02 9.179359018609940790e+01
1.743015841083422401e+02 9.174161409788152355e+01
1.743872083688366672e+02 9.168993959192120258e+01
1.744730142967638074e+02 9.163856731064018390e+01
1.745590008253773249e+02 9.158749789270289909e+01
1.746451668856855974e+02 9.153673197300858533e+01
1.747315114064650174e+02 9.148627018268334155e+01
1.748180333142733787e+02 9.143611314907231247e+01
1.749047315334631776e+02 9.138626149573188684e+01
1.749916049861950000e+02 9.133671584242193831e+01
1.750786525924508794e+02 9.128747680509812312e+01
1.751658732700478254e+02 9.123854499590420630e+01
1.752532659346511252e+02 9.118992102316450143e+01
1.753408294997879580e+02 9.114160549137625367e+01
1.754285628768608944e+02 9.109359900120213638e+01
1.755164649751612842e+02 9.104590214946279048e+01
1.756045347018830114e+02 9.099851552912944896e+01
1.756927709621359668e+02 9.095143972931646204e+01
1.757811726589596333e+02 9.090467533527406374e+01
1.758697386933368705e+02 9.085822292838108183e+01
1.759584679642073297e+02 9.081208308613767599e+01
1.760473593684814944e+02 9.076625638215816139e+01
1.761364118010540096e+02 9.072074338616391742e+01
1.762256241548177229e+02 9.067554466397626811e+01
1.763149953206772693e+02 9.063066077750944771e+01
1.764045241875629131e+02 9.058609228476365161e+01
1.764942096424443605e+02 9.054183973981807299e+01
1.765840505703446865e+02 9.049790369282399638e+01
1.766740458543540058e+02 9.045428468999800486e+01
1.767641943756435694e+02 9.041098327361511622e+01
1.768544950134794931e+02 9.036799998200213224e+01
1.769449466452367403e+02 9.032533534953087440e+01
1.770355481464131913e+02 9.028298990661160417e+01
1.771262983906434840e+02 9.024096417968632977e+01
1.772171962497131119e+02 9.019925869122241124e+01
1.773082405935723500e+02 9.015787395970585294e+01
1.773994302903504376e+02 9.011681049963512180e+01
1.774907642063694766e+02 9.007606882151451089e+01
1.775822412061587272e+02 9.003564943184794345e+01
1.776738601524685066e+02 8.999555283313262066e+01
1.777656199062845701e+02 8.995577952385274045e+01
1.778575193268420378e+02 8.991632999847340102e+01
1.779495572716397476e+02 8.987720474743431964e+01
1.780417325964543807e+02 8.983840425714387834e+01
1.781340441553546441e+02 8.979992900997298477e+01
1.782264908007155952e+02 8.976177948424908948e+01
1.783190713832329664e+02 8.972395615425021731e+01
1.784117847519372617e+02 8.968645949019916941e+01
1.785046297542082243e+02 8.964928995825754043e+01
1.785976052357891604e+02 8.961244802052004843e+01
1.786907100408011502e+02 8.957593413500867996e+01
1.787839430117575716e+02 8.953974875566710523e+01
1.788773029895784532e+02 8.950389233235492270e+01
1.789707888136047984e+02 8.946836531084217370e+01
1.790643993216131946e+02 8.943316813280370070e+01
1.791581333498299955e+02 8.939830123581373300e+01
1.792519897329460434e+02 8.936376505334042974e+01
1.793459673041310225e+02 8.932956001474046559e+01
1.794400648950480672e+02 8.929568654525368743e+01
1.795342813358680587e+02 8.926214506599787057e+01
1.796286154552844607e+02 8.922893599396347497e+01
1.797230660805277296e+02 8.919605974200840137e+01
1.798176320373798944e+02 8.916351671885294650e+01
1.799123121501891092e+02 8.913130732907465870e+01
1.800071052418844317e+02 8.909943197310333574e+01
1.801020101339903192e+02 8.906789104721602257e+01
1.801970256466412650e+02 8.903668494353215124e+01
1.802921505985966348e+02 8.900581405000852442e+01
1.803873838072551337e+02 8.897527875043468271e+01
1.804827240886696700e+02 8.894507942442798765e+01
1.805781702575619079e+02 8.891521644742894637e+01
1.806737211273373021e+02 8.888569019069656463e+01
1.807693755100994508e+02 8.885650102130369987e+01
1.808651322166652449e+02 8.882764930213251375e+01
1.809609900565793339e+02 8.879913539186995308e+01
1.810569478381291617e+02 8.877095964500333025e+01
1.811530043683596602e+02 8.874312241181586103e+01
1.812491584530881141e+02 8.871562403838228761e+01
1.813454088969189684e+02 8.868846486656471484e+01
1.814417545032588066e+02 8.866164523400814801e+01
1.815381940743310452e+02 8.863516547413652802e+01
1.816347264111909965e+02 8.860902591614839707e+01
1.817313503137406769e+02 8.858322688501289122e+01
1.818280645807436997e+02 8.855776870146571866e+01
1.819248680098403668e+02 8.853265168200509549e+01
1.820217593975623913e+02 8.850787613888790872e+01
1.821187375393481034e+02 8.848344238012572305e+01
1.822158012295572007e+02 8.845935070948108603e+01
1.823129492614858691e+02 8.843560142646360589e+01
1.824101804273817322e+02 8.841219482632634197e+01
1.825074935184589435e+02 8.838913120006208146e+01
1.826048873249130793e+02 8.836641083439974409e+01
1.827023606359362873e+02 8.834403401180075832e+01
1.827999122397323788e+02 8.832200101045566498e+01
1.828975409235316647e+02 8.830031210428053612e+01
1.829952454736063316e+02 8.827896756291366387e+01
1.830930246752853634e+02 8.825796765171213565e+01
1.831908773129695760e+02 8.823731263174859407e+01
1.832888021701469654e+02 8.821700275980794004e+01
1.833867980294076006e+02 8.819703828838417792e+01
1.834848636724588289e+02 8.817741946567727496e+01
1.835829978801404820e+02 8.815814653559006331e+01
1.836811994324400530e+02 8.813921973772519891e+01
1.837794671085076459e+02 8.812063930738216300e+01
1.838777996866714091e+02 8.810240547555444834e+01
1.839761959444526269e+02 8.808451846892653236e+01
1.840746546585809256e+02 8.806697850987117704e+01
1.841731746050093648e+02 8.804978581644657254e+01
1.842717545589298709e+02 8.803294060239372243e+01
1.843703932947883288e+02 8.801644307713372939e+01
1.844690895862997877e+02 8.800029344576518042e+01
1.845678422064638369e+02 8.798449190906161732e+01
1.846666499275796980e+02 8.796903866346904977e+01
1.847655115212616863e+02 8.795393390110352527e+01
1.848644257584542174e+02 8.793917780974868492e+01
1.849633914094474108e+02 8.792477057285347541e+01
1.850624072438920109e+02 8.791071236952984691e+01
1.851614720308151050e+02 8.789700337455055035e+01
1.852605845386350154e+02 8.788364375834694897e+01
1.853597435351768468e+02 8.787063368700690091e+01
1.854589477876877766e+02 8.785797332227267020e+01
1.855581960628523461e+02 8.784566282153897987e+01
1.856574871268077800e+02 8.783370233785096559e+01
1.857568197451594187e+02 8.782209201990237091e+01
1.858561926829958963e+02 8.781083201203361455e+01
1.859556047049046583e+02 8.779992245423004249e+01
1.860550545749872526e+02 8.778936348212018004e+01
1.861545410568746206e+02 8.777915522697405493e+01
1.862540629137426436e+02 8.776929781570153466e+01
1.863536189083273769e+02 8.775979137085076331e+01
1.864532078029404829e+02 8.775063601060664098e+01
1.865528283594845504e+02 8.774183184878937425e+01
1.866524793394686412e+02 8.773337899485302671e+01
1.867521595040234956e+02 8.772527755388418313e+01
1.868518676139171077e+02 8.771752762660061364e+01
1.869516024295699879e+02 8.771012930935006580e+01
1.870513627110707091e+02 8.770308269410902824e+01
1.871511472181911984e+02 8.769638786848159384e+01
1.872509547104021976e+02 8.769004491569840809e+01
1.873507839468886971e+02 8.768405391461557485e+01
1.874506336865654532e+02 8.767841493971370426e+01
1.875505026880921946e+02 8.767312806109700318e+01
1.876503897098892537e+02 8.766819334449239420e+01
1.877502935101529715e+02 8.766361085124867714e+01
1.878502128468709884e+02 8.765938063833577587e+01
1.879501464778379045e+02 8.765550275834405625e+01
1.880500931606704853e+02 8.765197725948362972e+01
1.881500516528234073e+02 8.764880418558382758e+01
1.882500207116043498e+02 8.764598357609251877e+01
1.883499990941898261e+02 8.764351546607576893e+01
1.884499855576402183e+02 8.764139988621734290e+01
1.885499788589156367e+02 8.763963686281829268e+01
1.886499777548910117e+02 8.763822641779667322e+01
1.887499810023718680e+02 8.763716856868724392e+01
1.888499873581095585e+02 8.763646332864128397e+01
1.889499955788168108e+02 8.763611070642639334e+01
1.890500044211831607e+02 8.763611070642639334e+01
1.891500126418904415e+02 8.763646332864128397e+01
1.892500189976281035e+02 8.763716856868724392e+01
1.893500222451089883e+02 8.763822641779667322e+01
1.894500211410843633e+02 8.763963686281829268e+01
1.895500144423597533e+02 8.764139988621734290e+01
1.896500009058101739e+02 8.764351546607576893e+01
1.897499792883956218e+02 8.764598357609251877e+01
1.898499483471765927e+02 8.764880418558382758e+01
1.899499068393295147e+02 8.765197725948362972e+01
1.900498535221620955e+02 8.765550275834405625e+01
1.901497871531290116e+02 8.765938063833577587e+01
1.902497064898470285e+02 8.766361085124867714e+01
1.903496102901107179e+02 8.766819334449239420e+01
1.904494973119078054e+02 8.767312806109700318e+01
1.905493663134345468e+02 8.767841493971370426e+01
1.906492160531112745e+02 8.768405391461557485e+01
1.907490452895978024e+02 8.769004491569840809e+01
1.908488527818088016e+02 8.769638786848159384e+01
1.909486372889292625e+02 8.770308269410902824e+01
1.910483975704299837e+02 8.771012930935006580e+01
1.911481323860828638e+02 8.771752762660061364e+01
1.912478404959764759e+02 8.772527755388418313e+01
1.913475206605313303e+02 8.773337899485302671e+01
1.914471716405154211e+02 8.774183184878937425e+01
1.915467921970595171e+02 8.775063601060664098e+01
1.916463810916726231e+02 8.775979137085076331e+01
1.917459370862573280e+02 8.776929781570153466e+01
1.918454589431253794e+02 8.777915522697405493e+01
1.919449454250127474e+02 8.778936348212018004e+01
1.920443952950953133e+02 8.779992245423004249e+01
1.921438073170040752e+02 8.781083201203361455e+01
1.922431802548405813e+02 8.782209201990237091e+01
1.923425128731921916e+02 8.783370233785096559e+01
1.924418039371476254e+02 8.784566282153897987e+01
1.925410522123122234e+02 8.785797332227267020e+01
1.926402564648231248e+02 8.787063368700690091e+01
1.927394154613649846e+02 8.788364375834694897e+01
1.928385279691848950e+02 8.789700337455055035e+01
1.929375927561079607e+02 8.791071236952984691e+01
1.930366085905525892e+02 8.792477057285346120e+01
1.931355742415457826e+02 8.793917780974868492e+01
1.932344884787383137e+02 8.795393390110352527e+01
1.933333500724202736e+02 8.796903866346904977e+01
1.934321577935361631e+02 8.798449190906161732e+01
1.935309104137002123e+02 8.800029344576518042e+01
1.936296067052116712e+02 8.801644307713372939e+01
1.937282454410701291e+02 8.803294060239372243e+01
1.938268253949906068e+02 8.804978581644657254e+01
1.939253453414190744e+02 8.806697850987116283e+01
1.940238040555473447e+02 8.808451846892653236e+01
1.941222003133285909e+02 8.810240547555444834e+01
1.942205328914923541e+02 8.812063930738216300e+01
1.943188005675599470e+02 8.813921973772518470e+01
1.944170021198594895e+02 8.815814653559006331e+01
1.945151363275411427e+02 8.817741946567727496e+01
1.946132019705923994e+02 8.819703828838417792e+01
1.947111978298530346e+02 8.821700275980794004e+01
1.948091226870304240e+02 8.823731263174859407e+01
1.949069753247146366e+02 8.825796765171213565e+01
1.950047545263936399e+02 8.827896756291366387e+01
1.951024590764683069e+02 8.830031210428053612e+01
1.952000877602676212e+02 8.832200101045566498e+01
1.952976393640636843e+02 8.834403401180075832e+01
1.953951126750869207e+02 8.836641083439974409e+01
1.954925064815410565e+02 8.838913120006208146e+01
1.955898195726182678e+02 8.841219482632634197e+01
1.956870507385141025e+02 8.843560142646359168e+01
1.957841987704427993e+02 8.845935070948107182e+01
1.958812624606518966e+02 8.848344238012572305e+01
1.959782406024376087e+02 8.850787613888790872e+01
1.960751319901596332e+02 8.853265168200509549e+01
1.961719354192563003e+02 8.855776870146571866e+01
1.962686496862593231e+02 8.858322688501289122e+01
1.963652735888090035e+02 8.860902591614839707e+01
1.964618059256689548e+02 8.863516547413652802e+01
1.965582454967411934e+02 8.866164523400814801e+01
1.966545911030810316e+02 8.868846486656471484e+01
1.967508415469118859e+02 8.871562403838228761e+01
1.968469956316403398e+02 8.874312241181584682e+01
1.969430521618708099e+02 8.877095964500333025e+01
1.970390099434206661e+02 8.879913539186995308e+01
1.971348677833347551e+02 8.882764930213249954e+01
1.972306244899005492e+02 8.885650102130369987e+01
1.973262788726626979e+02 8.888569019069656463e+01
1.974218297424380637e+02 8.891521644742894637e+01
1.975172759113303300e+02 8.894507942442798765e+01
1.976126161927448379e+02 8.897527875043468271e+01
1.977078494014033367e+02 8.900581405000852442e+01
1.978029743533587066e+02 8.903668494353213703e+01
1.978979898660096808e+02 8.906789104721602257e+01
1.979928947581155683e+02 8.909943197310333574e+01
1.980876878498108624e+02 8.913130732907464449e+01
1.981823679626201056e+02 8.916351671885294650e+01
1.982769339194722420e+02 8.919605974200840137e+01
1.983713845447155109e+02 8.922893599396346076e+01
1.984657186641319129e+02 8.926214506599785636e+01
1.985599351049519328e+02 8.929568654525368743e+01
1.986540326958689491e+02 8.932956001474046559e+01
1.987480102670539281e+02 8.936376505334042974e+01
1.988418666501700045e+02 8.939830123581373300e+01
1.989356006783868054e+02 8.943316813280370070e+01
1.990292111863951732e+02 8.946836531084215949e+01
1.991226970104215468e+02 8.950389233235492270e+01
1.992160569882424284e+02 8.953974875566709102e+01
1.993092899591988498e+02 8.957593413500867996e+01
1.994023947642108396e+02 8.961244802052003422e+01
1.994953702457917473e+02 8.964928995825754043e+01
1.995882152480627383e+02 8.968645949019916941e+01
1.996809286167670336e+02 8.972395615425021731e+01
1.997735091992843763e+02 8.976177948424907527e+01
1.998659558446453559e+02 8.979992900997298477e+01
1.999582674035456193e+02 8.983840425714387834e+01
2.000504427283602240e+02 8.987720474743431964e+01
2.001424806731579622e+02 8.991632999847338681e+01
2.002343800937154015e+02 8.995577952385272624e+01
2.003261398475314934e+02 8.999555283313262066e+01
2.004177587938412728e+02 9.003564943184794345e+01
2.005092357936305234e+02 9.007606882151451089e+01
2.006005697096495624e+02 9.011681049963512180e+01
2.006917594064276500e+02 9.015787395970585294e+01
2.007828037502868881e+02 9.019925869122239703e+01
2.008737016093564876e+02 9.024096417968632977e+01
2.009644518535868087e+02 9.028298990661160417e+01
2.010550533547632597e+02 9.032533534953087440e+01
2.011455049865205069e+02 9.036799998200211803e+01
2.012358056243564306e+02 9.041098327361511622e+01
2.013259541456459658e+02 9.045428468999800486e+01
2.014159494296553135e+02 9.049790369282399638e+01
2.015057903575556395e+02 9.054183973981807299e+01
2.015954758124370869e+02 9.058609228476365161e+01
2.016850046793227307e+02 9.063066077750943350e+01
2.017743758451822771e+02 9.067554466397625390e+01
2.018635881989459904e+02 9.072074338616391742e+01
2.019526406315184772e+02 9.076625638215816139e+01
2.020415320357926419e+02 9.081208308613767599e+01
2.021302613066631295e+02 9.085822292838108183e+01
2.022188273410403383e+02 9.090467533527406374e+01
2.023072290378640332e+02 9.095143972931646204e+01
2.023954652981169886e+02 9.099851552912944896e+01
2.024835350248386874e+02 9.104590214946279048e+01
2.025714371231391056e+02 9.109359900120213638e+01
2.026591705002120136e+02 9.114160549137625367e+01
2.027467340653488463e+02 9.118992102316450143e+01
2.028341267299521746e+02 9.123854499590420630e+01
2.029213474075490922e+02 9.128747680509812312e+01
2.030083950138050000e+02 9.133671584242193831e+01
2.030952684665367940e+02 9.138626149573188684e+01
2.031819666857266213e+02 9.143611314907231247e+01
2.032684885935349541e+02 9.148627018268332733e+01
2.033548331143144026e+02 9.153673197300858533e+01
2.034409991746226467e+02 9.158749789270289909e+01
2.035269857032361926e+02 9.163856731064018390e+01
2.036127916311633328e+02 9.168993959192118837e+01
2.036984158916577599e+02 9.174161409788152355e+01
2.037838574202314987e+02 9.179359018609939369e+01
2.038691151546685205e+02 9.184586721040383850e+01
2.039541880350375607e+02 9.189844452088253490e+01
2.040390750037055625e+02 9.195132146389002514e+01
2.041237750053506659e+02 9.200449738205577432e+01
2.042082869869755370e+02 9.205797161429239850e+01
2.042926098979201583e+02 9.211174349580380749e+01
2.043767426898752149e+02 9.216581235809354666e+01
2.044606843168948558e+02 9.222017752897302501e+01
2.045444337354098252e+02 9.227483833256997059e+01
2.046279899042404224e+02 9.232979408933675813e+01
2.047113517846094624e+02 9.238504411605885025e+01
2.047945183401551787e+02 9.244058772586338080e+01
2.048774885369440710e+02 9.249642422822758192e+01
2.049602613434838077e+02 9.255255292898746688e+01
2.050428357307360159e+02 9.260897313034638501e+01
2.051252106721291000e+02 9.266568413088373291e+01
2.052073851435709457e+02 9.272268522556362313e+01
2.052893581234617670e+02 9.277997570574380859e+01
2.053711285927066967e+02 9.283755485918425165e+01
2.054526955347285195e+02 9.289542197005620494e+01
2.055340579354802628e+02 9.295357631895092254e+01
2.056152147834578727e+02 9.301201718288876918e+01
2.056961650697126061e+02 9.307074383532807360e+01
2.057769077878639621e+02 9.312975554617425189e+01
2.058574419341116766e+02 9.318905158178881720e+01
2.059377665072486536e+02 9.324863120499860258e+01
2.060178805086731302e+02 9.330849367510475645e+01
2.060977829424012953e+02 9.336863824789217858e+01
2.061774728150793976e+02 9.342906417563848720e+01
2.062569491359964218e+02 9.348977070712361126e+01
2.063362109170961389e+02 9.355075708763891384e+01
2.064152571729895556e+02 9.361202255899667080e+01
2.064940869209670780e+02 9.367356635953950672e+01
2.065726991810107904e+02 9.373538772414978837e+01
2.066510929758065913e+02 9.379748588425920275e+01
2.067292673307562723e+02 9.385986006785829261e+01
2.068072212739898816e+02 9.392250949950607719e+01
2.068849538363775196e+02 9.398543340033960192e+01
2.069624640515415308e+02 9.404863098808378652e+01
2.070397509558685556e+02 9.411210147706096052e+01
2.071168135885214099e+02 9.417584407820079662e+01
2.071936509914510509e+02 9.423985799904995986e+01
2.072702622094085712e+02 9.430414244378215471e+01
2.073466462899569080e+02 9.436869661320780267e+01
2.074228022834829517e+02 9.443351970478417456e+01
2.074987292432090555e+02 9.449861091262521029e+01
2.075744262252050305e+02 9.456396942751169377e+01
2.076498922883996556e+02 9.462959443690108685e+01
2.077251264945926721e+02 9.469548512493790327e+01
2.078001279084661519e+02 9.476164067246365619e+01
2.078748955975963781e+02 9.482806025702711850e+01
2.079494286324652421e+02 9.489474305289452616e+01
2.080237260864719246e+02 9.496168823105985268e+01
2.080977870359442932e+02 9.502889495925509777e+01
2.081716105601504978e+02 9.509636240196066126e+01
2.082451957413104253e+02 9.516408972041575964e+01
2.083185416646070109e+02 9.523207607262871477e+01
2.083916474181976923e+02 9.530032061338764038e+01
2.084645120932256646e+02 9.536882249427074498e+01
2.085371347838313341e+02 9.543758086365699000e+01
2.086095145871633463e+02 9.550659486673662002e+01
2.086816506033900396e+02 9.557586364552187774e+01
2.087535419357104445e+02 9.564538633885756269e+01
2.088251876903656807e+02 9.571516208243183144e+01
2.088965869766497008e+02 9.578519000878685574e+01
2.089677389069208004e+02 9.585546924732969387e+01
2.090386425966121635e+02 9.592599892434301978e+01
2.091092971642433724e+02 9.599677816299606548e+01
2.091797017314309528e+02 9.606780608335549232e+01
2.092498554228995147e+02 9.613908180239633339e+01
2.093197573664925812e+02 9.621060443401295004e+01
2.093894066931834459e+02 9.628237308903010216e+01
2.094588025370858873e+02 9.635438687521394741e+01
2.095279440354649978e+02 9.642664489728306876e+01
2.095968303287480410e+02 9.649914625691985748e+01
2.096654605605348536e+02 9.657189005278135596e+01
2.097338338776087880e+02 9.664487538051074011e+01
2.098019494299470864e+02 9.671810133274833277e+01
2.098698063707316237e+02 9.679156699914311446e+01
2.099374038563591967e+02 9.686527146636376528e+01
2.100047410464523807e+02 9.693921381811034621e+01
2.100718171038696198e+02 9.701339313512534090e+01
2.101386311947158561e+02 9.708780849520545075e+01
2.102051824883527615e+02 9.716245897321267933e+01
2.102714701574091691e+02 9.723734364108619843e+01
2.103374933777913043e+02 9.731246156785357471e+01
2.104032513286930453e+02 9.738781181964256461e+01
2.104687431926060697e+02 9.746339345969258261e+01
2.105339681553301716e+02 9.753920554836645351e+01
2.105989254059831808e+02 9.761524714316203699e+01
2.106636141370112512e+02 9.769151729872395151e+01
2.107280335441986665e+02 9.776801506685531251e+01
2.107921828266780722e+02 9.784473949652954161e+01
2.108560611869402805e+02 9.792168963390216163e+01
2.109196678308442472e+02 9.799886452232277634e+01
2.109830019676269046e+02 9.807626320234675177e+01
2.110460628099130247e+02 9.815388471174728124e+01
2.111088495737250810e+02 9.823172808552743618e+01
2.111713614784927131e+02 9.830979235593184740e+01
2.112335977470628450e+02 9.838807655245913963e+01
2.112955576057090070e+02 9.846657970187366971e+01
2.113572402841411702e+02 9.854530082821784731e+01
2.114186450155151249e+02 9.862423895282405795e+01
2.114797710364422301e+02 9.870339309432709740e+01
2.115406175869986498e+02 9.878276226867606624e+01
2.116011839107351307e+02 9.886234548914687537e+01
2.116614692546861249e+02 9.894214176635432523e+01
2.117214728693791983e+02 9.902215010826452612e+01
2.117811940088445226e+02 9.910236952020713375e+01
2.118406319306239141e+02 9.918279900488785472e+01
2.118997858957802407e+02 9.926343756240063954e+01
2.119586551689065175e+02 9.934428419024028756e+01
2.120172390181350579e+02 9.942533788331482469e+01
2.120755367151466260e+02 9.950659763395808000e+01
2.121335475351794457e+02 9.958806243194209173e+01
2.121912707570382111e+02 9.966973126448976927e+01
2.122487056631030384e+02 9.975160311628749810e+01
2.123058515393384198e+02 9.983367696949753167e+01
2.123627076753021470e+02 9.991595180377103702e+01
2.124192733641539803e+02 9.999842659626044394e+01
2.124755479026646867e+02 1.000811003216323343e+02
2.125315305912244526e+02 1.001639719520801179e+02
2.125872207338519502e+02 1.002470404573368370e+02
2.126426176382026938e+02 1.003303048046879837e+02
2.126977206155777935e+02 1.004137639589843047e+02
2.127525289809324818e+02 1.004974168826546901e+02
2.128070420528846398e+02 1.005812625357190910e+02
2.128612591537232390e+02 1.006652998758014093e+02
2.129151796094168390e+02 1.007495278581425282e+02
2.129688027496218297e+02 1.008339454356131739e+02
2.130221279076909298e+02 1.009185515587270601e+02
2.130751544206813719e+02 1.010033451756538625e+02
2.131278816293631451e+02 1.010883252322323784e+02
2.131803088782272653e+02 1.011734906719834441e+02
2.132324355154938189e+02 1.012588404361233643e+02
2.132842608931201482e+02 1.013443734635767726e+02
2.133357843668088947e+02 1.014300886909900186e+02
2.133870052960159569e+02 1.015159850527442984e+02
2.134379230439585342e+02 1.016020614809689420e+02
2.134885369776229425e+02 1.016883169055547143e+02
2.135388464677726006e+02 1.017747502541670173e+02
2.135888508889557897e+02 1.018613604522593477e+02
2.136385496195133840e+02 1.019481464230865697e+02
2.136879420415866662e+02 1.020351070877183020e+02
2.137370275411249452e+02 1.021222413650523748e+02
2.137858055078932864e+02 1.022095481718282741e+02
2.138342753354799299e+02 1.022970264226405561e+02
2.138824364213039928e+02 1.023846750299523904e+02
2.139302881666228870e+02 1.024724929041090462e+02
2.139778299765397662e+02 1.025604789533514491e+02
2.140250612600108866e+02 1.026486320838297530e+02
2.140719814298530537e+02 1.027369511996169820e+02
2.141185899027508412e+02 1.028254352027225735e+02
2.141648860992638674e+02 1.029140829931061347e+02
2.142108694438339853e+02 1.030028934686909565e+02
2.142565393647924452e+02 1.030918655253779121e+02
2.143018952943670286e+02 1.031809980570589858e+02
2.143469366686890680e+02 1.032702899556312559e+02
2.143916629278004962e+02 1.033597401110103959e+02
2.144360735156607518e+02 1.034493474111447284e+02
2.144801678801537435e+02 1.035391107420288961e+02
2.145239454730946704e+02 1.036290289877177173e+02
2.145674057502368726e+02 1.037191010303401697e+02
2.146105481712786229e+02 1.038093257501131319e+02
2.146533721998697786e+02 1.038997020253554950e+02
2.146958773036184596e+02 1.039902287325018762e+02
2.147380629540977282e+02 1.040809047461168291e+02
2.147799286268520689e+02 1.041717289389086432e+02
2.148214738014039824e+02 1.042627001817434547e+02
2.148626979612604373e+02 1.043538173436592160e+02
2.149036005939192648e+02 1.044450792918798925e+02
2.149441811908755540e+02 1.045364848918293745e+02
2.149844392476280177e+02 1.046280330071457314e+02
2.150243742636851039e+02 1.047197224996951945e+02
2.150639857425713899e+02 1.048115522295864395e+02
2.151032731918337504e+02 1.049035210551846262e+02
2.151422361230473541e+02 1.049956278331257948e+02
2.151808740518218031e+02 1.050878714183308063e+02
2.152191864978071862e+02 1.051802506640198374e+02
2.152571729847000199e+02 1.052727644217264640e+02
2.152948330402491308e+02 1.053654115413119996e+02
2.153321661962616247e+02 1.054581908709797915e+02
2.153691719886086275e+02 1.055511012572895311e+02
2.154058499572310268e+02 1.056441415451716637e+02
2.154421996461453261e+02 1.057373105779416136e+02
2.154782206034492162e+02 1.058306071973142934e+02
2.155139123813271169e+02 1.059240302434184287e+02
2.155492745360559184e+02 1.060175785548109531e+02
2.155843066280104097e+02 1.061112509684915324e+02
2.156190082216687074e+02 1.062050463199170309e+02
2.156533788856177694e+02 1.062989634430158361e+02
2.156874181925585958e+02 1.063930011702025524e+02
2.157211257193118001e+02 1.064871583323923829e+02
2.157545010468225541e+02 1.065814337590157095e+02
2.157875437601660451e+02 1.066758262780325879e+02
2.158202534485525348e+02 1.067703347159474987e+02
2.158526297053324754e+02 1.068649578978236860e+02
2.158846721280015686e+02 1.069596946472979653e+02
2.159163803182057961e+02 1.070545437865952323e+02
2.159477538817462801e+02 1.071495041365431433e+02
2.159787924285842564e+02 1.072445745165867663e+02
2.160094955728460491e+02 1.073397537448033177e+02
2.160398629328275319e+02 1.074350406379167424e+02
2.160698941309992165e+02 1.075304340113125363e+02
2.160995887940107991e+02 1.076259326790523971e+02
2.161289465526957088e+02 1.077215354538889898e+02
2.161579670420759385e+02 1.078172411472807255e+02
2.161866499013662803e+02 1.079130485694064845e+02
2.162149947739791287e+02 1.080089565291805229e+02
2.162430013075286581e+02 1.081049638342671386e+02
2.162706691538353425e+02 1.082010692910956067e+02
2.162979979689301899e+02 1.082972717048749303e+02
2.163249874130591763e+02 1.083935698796087621e+02
2.163516371506872531e+02 1.084899626181102121e+02
2.163779468505027239e+02 1.085864487220168257e+02
2.164039161854211670e+02 1.086830269918053489e+02
2.164295448325897269e+02 1.087796962268068199e+02
2.164548324733909226e+02 1.088764552252212781e+02
2.164797787934467124e+02 1.089733027841328692e+02
2.165043834826223588e+02 1.090702376995246965e+02
2.165286462350303509e+02 1.091672587662939691e+02
2.165525667490341561e+02 1.092643647782666960e+02
2.165761447272520002e+02 1.093615545282129631e+02
2.165993798765604481e+02 1.094588268078617546e+02
2.166222719080982415e+02 1.095561804079160453e+02
2.166448205372697089e+02 1.096536141180678499e+02
2.166670254837484890e+02 1.097511267270131867e+02
2.166888864714808278e+02 1.098487170224673264e+02
2.167104032286891311e+02 1.099463837911795849e+02
2.167315754878752614e+02 1.100441258189486717e+02
2.167524029858239771e+02 1.101419418906376109e+02
2.167728854636060873e+02 1.102398307901889041e+02
2.167930226665817202e+02 1.103377913006396511e+02
2.168128143444035629e+02 1.104358222041367412e+02
2.168322602510197612e+02 1.105339222819518312e+02
2.168513601446772725e+02 1.106320903144967076e+02
2.168701137879245948e+02 1.107303250813382363e+02
2.168885209476149214e+02 1.108286253612136960e+02
2.169065813949088692e+02 1.109269899320458563e+02
2.169242949052775202e+02 1.110254175709582967e+02
2.169416612585050075e+02 1.111239070542904415e+02
2.169586802386914144e+02 1.112224571576129222e+02
2.169753516342553894e+02 1.113210666557427118e+02
2.169916752379367324e+02 1.114197343227583730e+02
2.170076508467990664e+02 1.115184589320152924e+02
2.170232782622323100e+02 1.116172392561610138e+02
2.170385572899551221e+02 1.117160740671503874e+02
2.170534877400174025e+02 1.118149621362608315e+02
2.170680694268025377e+02 1.119139022341077521e+02
2.170823021690298162e+02 1.120128931306596627e+02
2.170961857897565892e+02 1.121119335952535465e+02
2.171097201163805153e+02 1.122110223966101614e+02
2.171229049806417777e+02 1.123101583028493735e+02
2.171357402186250170e+02 1.124093400815053769e+02
2.171482256707615193e+02 1.125085664995421268e+02
2.171603611818310924e+02 1.126078363233686019e+02
2.171721466009640835e+02 1.127071483188541379e+02
2.171835817816431700e+02 1.128065012513437750e+02
2.171946665817052349e+02 1.129058938856736916e+02
2.172054008633431579e+02 1.130053249861864231e+02
2.172157844931074067e+02 1.131047933167463384e+02
2.172258173419079128e+02 1.132042976407549162e+02
2.172354992850154076e+02 1.133038367211661921e+02
2.172448302020632127e+02 1.134034093205020639e+02
2.172538099770485758e+02 1.135030142008677814e+02
2.172624384983342054e+02 1.136026501239672228e+02
2.172707156586496069e+02 1.137023158511183993e+02
2.172786413550924465e+02 1.138020101432687170e+02
2.172862154891297735e+02 1.139017317610105238e+02
2.172934379665993845e+02 1.140014794645964145e+02
2.173003086977108183e+02 1.141012520139546922e+02
2.173068275970465777e+02 1.142010481687048014e+02
2.173129945835631531e+02 1.143008666881726754e+02
2.173188095805920739e+02 1.144007063314062691e+02
2.173242725158408177e+02 1.145005658571908782e+02
2.173293833213937205e+02 1.146004440240646147e+02
2.173341419337128286e+02 1.147003395903338543e+02
2.173385482936386666e+02 1.148002513140886833e+02
2.173426023463910326e+02 1.149001779532182752e+02
2.173463040415695673e+02 1.150001182654264227e+02
2.173496533331545209e+02 1.151000710082468999e+02
2.173526501795072363e+02 1.152000349390589662e+02
2.173552945433706327e+02 1.153000088151027143e+02
2.173575863918697735e+02 1.153999913934947301e+02
2.173595256965122076e+02 1.154999814312432846e+02
2.173611124331883389e+02 1.155999776852640082e+02
2.173623465821717673e+02 1.156999789123952098e+02
2.173632281281193741e+02 1.157999838694133530e+02
2.173637570600717766e+02 1.158999913130485311e+02
2.173639333714532142e+02 1.160000000000000000e+02
