7.673844541336124792e+01 1.216013970351025364e+02
7.683424391287729804e+01 1.215727152030398486e+02
7.693004241239334817e+01 1.215440333709771608e+02
7.702584091190939830e+01 1.215153515389144729e+02
7.712163941142544843e+01 1.214866697068517851e+02
7.721743791094149856e+01 1.214579878747890973e+02
7.731323641045754869e+01 1.214293060427264095e+02
7.740903490997359881e+01 1.214006242106637217e+02
7.750483340948964894e+01 1.213719423786010339e+02
7.760063190900569907e+01 1.213432605465383460e+02
7.769643040852174920e+01 1.213145787144756582e+02
7.779222890803779933e+01 1.212858968824129704e+02
7.788802740755384946e+01 1.212572150503502826e+02
7.798382590706989959e+01 1.212285332182875948e+02
7.807962440658594971e+01 1.211998513862249069e+02
7.817542290610199984e+01 1.211711695541622191e+02
7.827122140561804997e+01 1.211424877220995313e+02
7.836701990513410010e+01 1.211138058900368435e+02
7.846281840465015023e+01 1.210851240579741557e+02
7.855861690416620036e+01 1.210564422259114679e+02
7.865441540368225048e+01 1.210277603938487800e+02
7.875021390319830061e+01 1.209990785617860922e+02
7.884601240271435074e+01 1.209703967297234044e+02
7.894181090223040087e+01 1.209417148976607166e+02
7.903760940174645100e+01 1.209130330655980288e+02
7.913340790126250113e+01 1.208843512335353410e+02
7.922920640077855126e+01 1.208556694014726531e+02
7.932500490029460138e+01 1.208269875694099653e+02
7.942080339981065151e+01 1.207983057373472775e+02
7.951660189932670164e+01 1.207696239052845897e+02
7.961240039884275177e+01 1.207409420732219019e+02
7.970819889835880190e+01 1.207122602411592140e+02
7.980399739787485203e+01 1.206835784090965262e+02
7.989979589739090216e+01 1.206548965770338384e+02
7.999559439690695228e+01 1.206262147449711506e+02
8.009139289642300241e+01 1.205975329129084628e+02
8.018719139593905254e+01 1.205688510808457750e+02
8.028298989545510267e+01 1.205401692487830871e+02
8.037878839497115280e+01 1.205114874167203993e+02
8.047458689448720293e+01 1.204828055846577115e+02
8.057038539400325305e+01 1.204541237525950237e+02
8.066618389351930318e+01 1.204254419205323359e+02
8.076198239303535331e+01 1.203967600884696481e+02
8.085778089255140344e+01 1.203680782564069602e+02
8.095357939206745357e+01 1.203393964243442724e+02
8.104937789158350370e+01 1.203107145922815846e+02
8.114517639109955383e+01 1.202820327602188968e+02
8.124097489061560395e+01 1.202533509281562090e+02
8.133677339013165408e+01 1.202246690960935211e+02
8.143257188964770421e+01 1.201959872640308333e+02
8.152837038916375434e+01 1.201673054319681455e+02
8.162416888867980447e+01 1.201386235999054577e+02
8.171996738819585460e+01 1.201099417678427699e+02
8.181576588771190472e+01 1.200812599357800821e+02
8.191156438722795485e+01 1.200525781037173942e+02
8.200736288674400498e+01 1.200238962716547064e+02
8.210316138626005511e+01 1.199952144395920186e+02
8.219895988577610524e+01 1.199665326075293308e+02
8.229475838529215537e+01 1.199378507754666430e+02
8.239055688480820550e+01 1.199091689434039552e+02
8.248635538432425562e+01 1.198804871113412673e+02
8.258215388384030575e+01 1.198518052792785795e+02
8.267795238335635588e+01 1.198231234472158917e+02
8.277375088287240601e+01 1.197944416151532039e+02
8.286954938238845614e+01 1.197657597830905161e+02
8.296534788190450627e+01 1.197370779510278282e+02
8.306114638142055639e+01 1.197083961189651404e+02
8.315694488093660652e+01 1.196797142869024526e+02
8.325274338045265665e+01 1.196510324548397648e+02
8.334854187996870678e+01 1.196223506227770770e+02
8.344434037948475691e+01 1.195936687907143892e+02
8.354013887900080704e+01 1.195649869586517013e+02
8.363593737851685717e+01 1.195363051265890135e+02
8.373173587803290729e+01 1.195076232945263257e+02
8.382753437754895742e+01 1.194789414624636379e+02
8.392333287706500755e+01 1.194502596304009501e+02
8.401913137658105768e+01 1.194215777983382623e+02
8.411492987609710781e+01 1.193928959662755744e+02
8.421072837561315794e+01 1.193642141342128866e+02
8.430652687512920807e+01 1.193355323021501988e+02
8.440232537464525819e+01 1.193068504700875110e+02
8.449812387416130832e+01 1.192781686380248232e+02
8.459392237367735845e+01 1.192494868059621353e+02
8.468972087319340858e+01 1.192208049738994475e+02
8.478551937270945871e+01 1.191921231418367597e+02
8.488131787222550884e+01 1.191634413097740719e+02
8.497711637174155896e+01 1.191347594777113841e+02
8.507291487125760909e+01 1.191060776456486963e+02
8.516871337077365922e+01 1.190773958135860084e+02
8.526451187028970935e+01 1.190487139815233206e+02
8.536031036980575948e+01 1.190200321494606328e+02
8.545610886932180961e+01 1.189913503173979450e+02
8.555190736883785974e+01 1.189626684853352572e+02
8.564770586835390986e+01 1.189339866532725694e+02
8.574350436786995999e+01 1.189053048212098815e+02
8.583930286738601012e+01 1.188766229891471937e+02
8.593510136690206025e+01 1.188479411570845059e+02
8.603089986641811038e+01 1.188192593250218181e+02
8.612669836593416051e+01 1.187905774929591303e+02
8.622249686545021063e+01 1.187618956608964425e+02
8.631829536496626076e+01 1.187332138288337546e+02
8.641409386448231089e+01 1.187045319967710668e+02
8.650989236399836102e+01 1.186758501647083790e+02
8.660569086351441115e+01 1.186471683326456912e+02
8.670148936303046128e+01 1.186184865005830034e+02
8.679728786254651141e+01 1.185898046685203155e+02
8.689308636206256153e+01 1.185611228364576277e+02
8.698888486157861166e+01 1.185324410043949399e+02
8.708468336109466179e+01 1.185037591723322521e+02
8.718048186061071192e+01 1.184750773402695643e+02
8.727628036012676205e+01 1.184463955082068765e+02
8.737207885964281218e+01 1.184177136761441886e+02
8.746787735915886230e+01 1.183890318440815008e+02
8.756367585867491243e+01 1.183603500120188130e+02
8.765947435819096256e+01 1.183316681799561252e+02
8.775527285770701269e+01 1.183029863478934374e+02
8.785107135722306282e+01 1.182743045158307496e+02
8.794686985673911295e+01 1.182456226837680617e+02
8.804266835625516308e+01 1.182169408517053739e+02
8.813846685577121320e+01 1.181882590196426861e+02
8.823426535528726333e+01 1.181595771875799983e+02
8.833006385480331346e+01 1.181308953555173105e+02
8.842586235431936359e+01 1.181022135234546226e+02
8.852166085383541372e+01 1.180735316913919348e+02
8.861745935335146385e+01 1.180448498593292470e+02
8.871325785286751398e+01 1.180161680272665592e+02
8.880905635238356410e+01 1.179874861952038714e+02
8.890485485189961423e+01 1.179588043631411836e+02
8.900065335141566436e+01 1.179301225310784957e+02
8.909645185093171449e+01 1.179014406990158079e+02
8.919225035044776462e+01 1.178727588669531201e+02
8.928804884996381475e+01 1.178440770348904323e+02
8.938384734947986487e+01 1.178153952028277445e+02
8.947964584899591500e+01 1.177867133707650567e+02
8.957544434851196513e+01 1.177580315387023688e+02
8.967124284802801526e+01 1.177293497066396810e+02
8.976704134754406539e+01 1.177006678745769932e+02
8.986283984706011552e+01 1.176719860425143054e+02
8.995863834657616565e+01 1.176433042104516176e+02
9.005443684609221577e+01 1.176146223783889297e+02
9.015023534560826590e+01 1.175859405463262419e+02
9.024603384512431603e+01 1.175572587142635541e+02
9.034183234464036616e+01 1.175285768822008663e+02
9.043763084415641629e+01 1.174998950501381785e+02
9.053342934367246642e+01 1.174712132180754907e+02
9.062922784318851654e+01 1.174425313860128028e+02
9.072502634270456667e+01 1.174138495539501150e+02
9.082082484222061680e+01 1.173851677218874272e+02
9.091662334173666693e+01 1.173564858898247394e+02
9.101242184125271706e+01 1.173278040577620516e+02
9.110822034076876719e+01 1.172991222256993638e+02
9.120401884028481732e+01 1.172704403936366759e+02
9.129981733980086744e+01 1.172417585615739881e+02
9.139561583931691757e+01 1.172130767295113003e+02
9.149141433883296770e+01 1.171843948974486125e+02
9.158721283834901783e+01 1.171557130653859247e+02
9.168301133786506796e+01 1.171270312333232368e+02
9.177880983738111809e+01 1.170983494012605490e+02
9.187460833689716821e+01 1.170696675691978612e+02
9.197040683641321834e+01 1.170409857371351734e+02
9.206620533592926847e+01 1.170123039050724856e+02
9.216200383544531860e+01 1.169836220730097978e+02
9.225780233496136873e+01 1.169549402409471099e+02
9.235360083447741886e+01 1.169262584088844221e+02
9.244939933399346899e+01 1.168975765768217343e+02
9.254519783350951911e+01 1.168688947447590465e+02
9.264099633302556924e+01 1.168402129126963587e+02
9.273679483254161937e+01 1.168115310806336709e+02
9.283259333205766950e+01 1.167828492485709830e+02
9.292839183157371963e+01 1.167541674165082952e+02
9.302419033108976976e+01 1.167254855844456074e+02
9.311998883060581989e+01 1.166968037523829196e+02
9.321578733012187001e+01 1.166681219203202318e+02
9.331158582963792014e+01 1.166394400882575439e+02
9.340738432915397027e+01 1.166107582561948561e+02
9.350318282867002040e+01 1.165820764241321683e+02
9.359898132818607053e+01 1.165533945920694805e+02
9.369477982770212066e+01 1.165247127600067927e+02
9.379057832721817078e+01 1.164960309279441049e+02
9.388637682673422091e+01 1.164673490958814170e+02
9.398217532625027104e+01 1.164386672638187292e+02
9.407797382576632117e+01 1.164099854317560414e+02
9.417377232528237130e+01 1.163813035996933536e+02
9.426957082479842143e+01 1.163526217676306658e+02
9.436536932431447156e+01 1.163239399355679780e+02
9.446116782383052168e+01 1.162952581035052901e+02
9.455696632334657181e+01 1.162665762714426023e+02
9.465276482286262194e+01 1.162378944393799145e+02
9.474856332237867207e+01 1.162092126073172267e+02
9.484436182189472220e+01 1.161805307752545389e+02
9.494016032141077233e+01 1.161518489431918510e+02
9.503595882092682245e+01 1.161231671111291632e+02
9.513175732044287258e+01 1.160944852790664754e+02
9.522755581995892271e+01 1.160658034470037876e+02
9.532335431947497284e+01 1.160371216149410998e+02
9.541915281899102297e+01 1.160084397828784120e+02
9.551495131850707310e+01 1.159797579508157241e+02
9.561074981802312323e+01 1.159510761187530363e+02
9.570654831753917335e+01 1.159223942866903485e+02
9.580234681705522348e+01 1.158937124546276607e+02
9.589814531657127361e+01 1.158650306225649729e+02
9.599394381608732374e+01 1.158363487905022851e+02
9.608974231560337387e+01 1.158076669584395972e+02
9.618554081511942400e+01 1.157789851263769094e+02
9.628133931463547412e+01 1.157503032943142216e+02
9.637713781415152425e+01 1.157216214622515338e+02
9.647293631366757438e+01 1.156929396301888460e+02
9.656873481318362451e+01 1.156642577981261581e+02
9.666453331269967464e+01 1.156355759660634703e+02
9.676033181221572477e+01 1.156068941340007825e+02
9.685613031173177490e+01 1.155782123019380947e+02
9.695192881124782502e+01 1.155495304698754069e+02
9.704772731076387515e+01 1.155208486378127191e+02
9.714352581027992528e+01 1.154921668057500312e+02
9.723932430979597541e+01 1.154634849736873434e+02
9.733512280931202554e+01 1.154348031416246556e+02
9.743092130882807567e+01 1.154061213095619678e+02
9.752671980834412579e+01 1.153774394774992800e+02
9.762251830786017592e+01 1.153487576454365922e+02
9.771831680737622605e+01 1.153200758133739043e+02
9.781411530689227618e+01 1.152913939813112165e+02
9.790991380640832631e+01 1.152627121492485287e+02
9.800571230592437644e+01 1.152340303171858409e+02
9.810151080544042657e+01 1.152053484851231531e+02
9.819730930495647669e+01 1.151766666530604653e+02
9.829310780447252682e+01 1.151479848209977774e+02
9.838890630398857695e+01 1.151193029889350896e+02
9.848470480350462708e+01 1.150906211568724018e+02
9.858050330302067721e+01 1.150619393248097140e+02
9.867630180253672734e+01 1.150332574927470262e+02
9.877210030205277747e+01 1.150045756606843383e+02
9.886789880156882759e+01 1.149758938286216505e+02
9.896369730108487772e+01 1.149472119965589627e+02
9.905949580060092785e+01 1.149185301644962749e+02
9.915529430011697798e+01 1.148898483324335871e+02
9.925109279963302811e+01 1.148611665003708993e+02
9.934689129914907824e+01 1.148324846683082114e+02
9.944268979866512836e+01 1.148038028362455236e+02
9.953848829818117849e+01 1.147751210041828358e+02
9.963428679769722862e+01 1.147464391721201480e+02
9.973008529721327875e+01 1.147177573400574602e+02
9.982588379672932888e+01 1.146890755079947724e+02
9.992168229624537901e+01 1.146603936759320845e+02
1.000174807957614291e+02 1.146317118438693967e+02
1.001132792952774793e+02 1.146030300118067089e+02
1.002090777947935294e+02 1.145743481797440211e+02
1.003048762943095795e+02 1.145456663476813333e+02
1.004006747938256296e+02 1.145169845156186454e+02
1.004964732933416798e+02 1.144883026835559576e+02
1.005922717928577299e+02 1.144596208514932698e+02
1.006880702923737800e+02 1.144309390194305820e+02
1.007838687918898302e+02 1.144022571873678942e+02
1.008796672914058803e+02 1.143735753553052064e+02
1.009754657909219304e+02 1.143448935232425185e+02
1.010712642904379805e+02 1.143162116911798307e+02
1.011670627899540307e+02 1.142875298591171429e+02
1.012628612894700808e+02 1.142588480270544551e+02
1.013586597889861309e+02 1.142301661949917673e+02
1.014544582885021811e+02 1.142014843629290795e+02
1.015502567880182312e+02 1.141728025308663916e+02
1.016460552875342813e+02 1.141441206988037038e+02
1.017418537870503314e+02 1.141154388667410160e+02
1.018376522865663816e+02 1.140867570346783282e+02
1.019334507860824317e+02 1.140580752026156404e+02
1.020292492855984818e+02 1.140293933705529525e+02
1.021250477851145320e+02 1.140007115384902647e+02
1.022208462846305821e+02 1.139720297064275769e+02
1.023166447841466322e+02 1.139433478743648891e+02
1.024124432836626823e+02 1.139146660423022013e+02
1.025082417831787325e+02 1.138859842102395135e+02
1.026040402826947826e+02 1.138573023781768256e+02
1.026998387822108327e+02 1.138286205461141378e+02
1.027956372817268829e+02 1.137999387140514500e+02
1.028914357812429330e+02 1.137712568819887622e+02
1.029872342807589831e+02 1.137425750499260744e+02
1.030830327802750332e+02 1.137138932178633866e+02
1.031788312797910834e+02 1.136852113858006987e+02
1.032746297793071335e+02 1.136565295537380109e+02
1.033704282788231836e+02 1.136278477216753231e+02
1.034662267783392338e+02 1.135991658896126353e+02
1.035620252778552839e+02 1.135704840575499475e+02
1.036578237773713340e+02 1.135418022254872596e+02
1.037536222768873841e+02 1.135131203934245718e+02
1.038494207764034343e+02 1.134844385613618840e+02
1.039452192759194844e+02 1.134557567292991962e+02
1.040410177754355345e+02 1.134270748972365084e+02
1.041368162749515847e+02 1.133983930651738206e+02
1.042326147744676348e+02 1.133697112331111327e+02
1.043284132739836849e+02 1.133410294010484449e+02
1.044242117734997350e+02 1.133123475689857571e+02
1.045425908282187635e+02 1.132769051749568803e+02
1.045712726602814513e+02 1.133727036744729304e+02
1.045999544923441391e+02 1.134685021739889805e+02
1.046286363244068269e+02 1.135643006735050307e+02
1.046573181564695147e+02 1.136600991730210808e+02
1.046859999885322026e+02 1.137558976725371309e+02
1.047146818205948904e+02 1.138516961720531810e+02
1.047433636526575782e+02 1.139474946715692312e+02
1.047720454847202660e+02 1.140432931710852813e+02
1.048007273167829538e+02 1.141390916706013314e+02
1.048294091488456417e+02 1.142348901701173816e+02
1.048580909809083295e+02 1.143306886696334317e+02
1.048867728129710173e+02 1.144264871691494818e+02
1.049154546450337051e+02 1.145222856686655319e+02
1.049441364770963929e+02 1.146180841681815821e+02
1.049728183091590807e+02 1.147138826676976322e+02
1.050015001412217686e+02 1.148096811672136823e+02
1.050301819732844564e+02 1.149054796667297325e+02
1.050588638053471442e+02 1.150012781662457826e+02
1.050875456374098320e+02 1.150970766657618327e+02
1.051162274694725198e+02 1.151928751652778828e+02
1.051449093015352076e+02 1.152886736647939330e+02
1.051735911335978955e+02 1.153844721643099831e+02
1.052022729656605833e+02 1.154802706638260332e+02
1.052309547977232711e+02 1.155760691633420834e+02
1.052596366297859589e+02 1.156718676628581335e+02
1.052883184618486467e+02 1.157676661623741836e+02
1.053170002939113346e+02 1.158634646618902337e+02
1.053456821259740224e+02 1.159592631614062839e+02
1.053743639580367102e+02 1.160550616609223340e+02
1.054030457900993980e+02 1.161508601604383841e+02
1.054317276221620858e+02 1.162466586599544343e+02
1.054604094542247736e+02 1.163424571594704844e+02
1.054890912862874615e+02 1.164382556589865345e+02
1.055177731183501493e+02 1.165340541585025846e+02
1.055464549504128371e+02 1.166298526580186348e+02
1.055751367824755249e+02 1.167256511575346849e+02
1.056038186145382127e+02 1.168214496570507350e+02
1.056325004466009005e+02 1.169172481565667852e+02
1.056611822786635884e+02 1.170130466560828353e+02
1.056898641107262762e+02 1.171088451555988854e+02
1.057185459427889640e+02 1.172046436551149355e+02
1.057472277748516518e+02 1.173004421546309857e+02
1.057759096069143396e+02 1.173962406541470358e+02
1.058045914389770275e+02 1.174920391536630859e+02
1.058332732710397153e+02 1.175878376531791361e+02
1.058619551031024031e+02 1.176836361526951862e+02
1.058906369351650909e+02 1.177794346522112363e+02
1.059193187672277787e+02 1.178752331517272864e+02
1.059480005992904665e+02 1.179710316512433366e+02
1.059766824313531544e+02 1.180668301507593867e+02
1.060053642634158422e+02 1.181626286502754368e+02
1.060340460954785300e+02 1.182584271497914870e+02
1.060627279275412178e+02 1.183542256493075371e+02
1.060914097596039056e+02 1.184500241488235872e+02
1.061200915916665934e+02 1.185458226483396373e+02
1.061487734237292813e+02 1.186416211478556875e+02
1.061774552557919691e+02 1.187374196473717376e+02
1.062061370878546569e+02 1.188332181468877877e+02
1.062348189199173447e+02 1.189290166464038379e+02
1.062635007519800325e+02 1.190248151459198880e+02
1.062921825840427204e+02 1.191206136454359381e+02
1.063208644161054082e+02 1.192164121449519882e+02
1.063495462481680960e+02 1.193122106444680384e+02
1.063782280802307838e+02 1.194080091439840885e+02
1.064069099122934716e+02 1.195038076435001386e+02
1.064355917443561594e+02 1.195996061430161888e+02
1.064642735764188473e+02 1.196954046425322389e+02
1.064929554084815351e+02 1.197912031420482890e+02
1.065216372405442229e+02 1.198870016415643391e+02
1.065503190726069107e+02 1.199828001410803893e+02
1.065790009046695985e+02 1.200785986405964394e+02
1.066076827367322863e+02 1.201743971401124895e+02
1.066363645687949742e+02 1.202701956396285397e+02
1.066650464008576620e+02 1.203659941391445898e+02
1.066937282329203498e+02 1.204617926386606399e+02
1.067224100649830376e+02 1.205575911381766900e+02
1.067510918970457254e+02 1.206533896376927402e+02
1.067797737291084132e+02 1.207491881372087903e+02
1.068084555611711011e+02 1.208449866367248404e+02
1.068371373932337889e+02 1.209407851362408906e+02
1.068658192252964767e+02 1.210365836357569407e+02
1.068945010573591645e+02 1.211323821352729908e+02
1.069231828894218523e+02 1.212281806347890409e+02
1.069518647214845402e+02 1.213239791343050911e+02
1.069805465535472280e+02 1.214197776338211412e+02
1.070092283856099158e+02 1.215155761333371913e+02
1.070379102176726036e+02 1.216113746328532415e+02
1.070665920497352914e+02 1.217071731323692916e+02
1.070952738817979792e+02 1.218029716318853417e+02
1.071239557138606671e+02 1.218987701314013918e+02
1.071526375459233549e+02 1.219945686309174420e+02
1.071813193779860427e+02 1.220903671304334921e+02
1.072100012100487305e+02 1.221861656299495422e+02
1.072386830421114183e+02 1.222819641294655924e+02
1.072673648741741061e+02 1.223777626289816425e+02
1.072960467062367940e+02 1.224735611284976926e+02
1.073247285382994818e+02 1.225693596280137427e+02
1.073534103703621696e+02 1.226651581275297929e+02
1.073820922024248574e+02 1.227609566270458430e+02
1.074107740344875452e+02 1.228567551265618931e+02
1.074394558665502331e+02 1.229525536260779432e+02
1.074681376986129209e+02 1.230483521255939934e+02
1.074968195306756087e+02 1.231441506251100435e+02
1.075255013627382965e+02 1.232399491246260936e+02
1.075541831948009843e+02 1.233357476241421438e+02
1.075828650268636721e+02 1.234315461236581939e+02
1.076115468589263600e+02 1.235273446231742440e+02
1.076402286909890478e+02 1.236231431226902941e+02
1.076689105230517356e+02 1.237189416222063443e+02
1.076975923551144234e+02 1.238147401217223944e+02
1.077262741871771112e+02 1.239105386212384445e+02
1.077549560192397990e+02 1.240063371207544947e+02
1.077836378513024869e+02 1.241021356202705448e+02
1.078123196833651747e+02 1.241979341197865949e+02
1.078410015154278625e+02 1.242937326193026450e+02
1.078696833474905503e+02 1.243895311188186952e+02
1.078983651795532381e+02 1.244853296183347453e+02
1.079270470116159260e+02 1.245811281178507954e+02
1.079557288436786138e+02 1.246769266173668456e+02
1.079844106757413016e+02 1.247727251168828957e+02
1.080130925078039894e+02 1.248685236163989458e+02
1.080417743398666772e+02 1.249643221159149959e+02
1.080704561719293650e+02 1.250601206154310461e+02
1.080991380039920529e+02 1.251559191149470962e+02
1.081278198360547407e+02 1.252517176144631463e+02
1.081565016681174285e+02 1.253475161139791965e+02
1.081851835001801163e+02 1.254433146134952466e+02
1.082138653322428041e+02 1.255391131130112967e+02
1.082425471643054919e+02 1.256349116125273468e+02
1.082712289963681798e+02 1.257307101120433970e+02
1.082999108284308676e+02 1.258265086115594471e+02
1.083285926604935554e+02 1.259223071110754972e+02
1.083572744925562432e+02 1.260181056105915474e+02
1.083859563246189310e+02 1.261139041101075975e+02
1.084146381566816189e+02 1.262097026096236476e+02
1.084433199887443067e+02 1.263055011091396977e+02
1.084720018208069945e+02 1.264012996086557479e+02
1.085006836528696823e+02 1.264970981081717980e+02
1.085293654849323701e+02 1.265928966076878481e+02
1.085580473169950579e+02 1.266886951072038983e+02
1.085867291490577458e+02 1.267844936067199484e+02
1.086154109811204336e+02 1.268802921062359985e+02
1.086440928131831214e+02 1.269760906057520486e+02
1.086727746452458092e+02 1.270718891052680988e+02
1.087014564773084970e+02 1.271676876047841489e+02
1.087301383093711848e+02 1.272634861043001990e+02
1.087588201414338727e+02 1.273592846038162492e+02
1.087875019734965605e+02 1.274550831033322993e+02
1.088161838055592483e+02 1.275508816028483494e+02
1.088448656376219361e+02 1.276466801023643995e+02
1.088735474696846239e+02 1.277424786018804497e+02
1.089022293017473118e+02 1.278382771013964998e+02
1.089309111338099996e+02 1.279340756009125499e+02
1.089595929658726874e+02 1.280298741004286001e+02
1.089882747979353752e+02 1.281256725999446644e+02
1.090169566299980630e+02 1.282214710994607287e+02
1.090456384620607508e+02 1.283172695989767931e+02
1.090743202941234387e+02 1.284130680984928574e+02
1.091030021261861265e+02 1.285088665980089218e+02
1.091316839582488143e+02 1.286046650975249861e+02
1.091603657903115021e+02 1.287004635970410504e+02
1.091890476223741899e+02 1.287962620965571148e+02
1.092177294544368777e+02 1.288920605960731791e+02
1.092464112864995656e+02 1.289878590955892435e+02
1.092750931185622534e+02 1.290836575951053078e+02
1.093037749506249412e+02 1.291794560946213721e+02
1.093324567826876290e+02 1.292752545941374365e+02
1.093611386147503168e+02 1.293710530936535008e+02
1.093898204468130047e+02 1.294668515931695651e+02
1.094185022788756925e+02 1.295626500926856295e+02
1.094471841109383803e+02 1.296584485922016938e+02
1.094758659430010681e+02 1.297542470917177582e+02
1.095045477750637559e+02 1.298500455912338225e+02
1.095332296071264437e+02 1.299458440907498868e+02
1.095619114391891316e+02 1.300416425902659512e+02
1.095905932712518194e+02 1.301374410897820155e+02
1.096192751033145072e+02 1.302332395892980799e+02
1.096479569353771950e+02 1.303290380888141442e+02
1.096766387674398828e+02 1.304248365883302085e+02
1.097053205995025706e+02 1.305206350878462729e+02
1.097340024315652585e+02 1.306164335873623372e+02
1.097626842636279463e+02 1.307122320868784016e+02
1.097913660956906341e+02 1.308080305863944659e+02
1.098200479277533219e+02 1.309038290859105302e+02
1.098487297598160097e+02 1.309996275854265946e+02
1.098774115918786975e+02 1.310954260849426589e+02
1.099060934239413854e+02 1.311912245844587233e+02
1.099347752560040732e+02 1.312870230839747876e+02
1.099634570880667610e+02 1.313828215834908519e+02
1.099921389201294488e+02 1.314786200830069163e+02
1.100208207521921366e+02 1.315744185825229806e+02
1.100495025842548245e+02 1.316702170820390450e+02
1.100781844163175123e+02 1.317660155815551093e+02
1.101068662483802001e+02 1.318618140810711736e+02
1.101355480804428879e+02 1.319576125805872380e+02
1.101642299125055757e+02 1.320534110801033023e+02
1.101929117445682635e+02 1.321492095796193667e+02
1.102215935766309514e+02 1.322450080791354310e+02
1.102502754086936392e+02 1.323408065786514953e+02
1.102789572407563270e+02 1.324366050781675597e+02
1.103076390728190148e+02 1.325324035776836240e+02
1.103363209048817026e+02 1.326282020771996883e+02
1.103650027369443904e+02 1.327240005767157527e+02
1.103936845690070783e+02 1.328197990762318170e+02
1.104223664010697661e+02 1.329155975757478814e+02
1.104510482331324539e+02 1.330113960752639457e+02
1.104797300651951417e+02 1.331071945747800100e+02
1.105084118972578295e+02 1.332029930742960744e+02
1.105370937293205174e+02 1.332987915738121387e+02
1.105657755613832052e+02 1.333945900733282031e+02
1.105944573934458930e+02 1.334903885728442674e+02
1.106231392255085808e+02 1.335861870723603317e+02
1.106518210575712686e+02 1.336819855718763961e+02
1.106805028896339564e+02 1.337777840713924604e+02
1.107091847216966443e+02 1.338735825709085248e+02
1.107378665537593321e+02 1.339693810704245891e+02
1.107665483858220199e+02 1.340651795699406534e+02
1.107952302178847077e+02 1.341609780694567178e+02
1.108239120499473955e+02 1.342567765689727821e+02
1.108525938820100833e+02 1.343525750684888465e+02
1.108812757140727712e+02 1.344483735680049108e+02
1.109099575461354590e+02 1.345441720675209751e+02
1.109386393781981468e+02 1.346399705670370395e+02
1.109673212102608346e+02 1.347357690665531038e+02
1.109960030423235224e+02 1.348315675660691682e+02
1.110246848743862103e+02 1.349273660655852325e+02
1.110533667064488981e+02 1.350231645651012968e+02
1.110820485385115859e+02 1.351189630646173612e+02
1.111107303705742737e+02 1.352147615641334255e+02
1.111394122026369615e+02 1.353105600636494898e+02
1.111680940346996493e+02 1.354063585631655542e+02
1.111967758667623372e+02 1.355021570626816185e+02
1.112254576988250250e+02 1.355979555621976829e+02
1.112541395308877128e+02 1.356937540617137472e+02
1.112828213629504006e+02 1.357895525612298115e+02
1.113115031950130884e+02 1.358853510607458759e+02
1.113401850270757762e+02 1.359811495602619402e+02
1.113688668591384641e+02 1.360769480597780046e+02
1.113975486912011519e+02 1.361727465592940689e+02
1.114262305232638397e+02 1.362685450588101332e+02
1.114549123553265275e+02 1.363643435583261976e+02
1.114835941873892153e+02 1.364601420578422619e+02
1.115122760194519032e+02 1.365559405573583263e+02
1.115409578515145910e+02 1.366517390568743906e+02
1.115696396835772788e+02 1.367475375563904549e+02
1.115983215156399666e+02 1.368433360559065193e+02
1.116270033477026544e+02 1.369391345554225836e+02
1.116556851797653422e+02 1.370349330549386480e+02
1.116843670118280301e+02 1.371307315544547123e+02
1.117130488438907179e+02 1.372265300539707766e+02
1.117417306759534057e+02 1.373223285534868410e+02
1.117704125080160935e+02 1.374181270530029053e+02
1.117990943400787813e+02 1.375139255525189697e+02
1.118277761721414691e+02 1.376097240520350340e+02
1.118564580042041570e+02 1.377055225515510983e+02
1.118851398362668448e+02 1.378013210510671627e+02
1.119138216683295326e+02 1.378971195505832270e+02
1.119425035003922204e+02 1.379929180500992913e+02
1.119711853324549082e+02 1.380887165496153557e+02
1.119998671645175961e+02 1.381845150491314200e+02
1.120285489965802839e+02 1.382803135486474844e+02
1.120572308286429717e+02 1.383761120481635487e+02
1.120859126607056595e+02 1.384719105476796130e+02
1.121145944927683473e+02 1.385677090471956774e+02
1.121432763248310351e+02 1.386635075467117417e+02
1.121719581568937230e+02 1.387593060462278061e+02
1.122006399889564108e+02 1.388551045457438704e+02
1.122293218210190986e+02 1.389509030452599347e+02
1.122580036530817864e+02 1.390467015447759991e+02
1.122866854851444742e+02 1.391425000442920634e+02
1.123153673172071620e+02 1.392382985438081278e+02
1.123440491492698499e+02 1.393340970433241921e+02
1.123727309813325377e+02 1.394298955428402564e+02
1.124014128133952255e+02 1.395256940423563208e+02
1.124300946454579133e+02 1.396214925418723851e+02
1.124587764775206011e+02 1.397172910413884495e+02
1.124874583095832890e+02 1.398130895409045138e+02
1.125161401416459768e+02 1.399088880404205781e+02
1.125448219737086646e+02 1.400046865399366425e+02
1.125735038057713524e+02 1.401004850394527068e+02
1.126021856378340402e+02 1.401962835389687712e+02
1.126308674698967280e+02 1.402920820384848355e+02
1.126595493019594159e+02 1.403878805380008998e+02
1.126882311340221037e+02 1.404836790375169642e+02
1.127169129660847915e+02 1.405794775370330285e+02
1.127455947981474793e+02 1.406752760365490929e+02
1.127742766302101671e+02 1.407710745360651572e+02
1.128029584622728549e+02 1.408668730355812215e+02
1.128316402943355428e+02 1.409626715350972859e+02
1.128603221263982306e+02 1.410584700346133502e+02
1.128890039584609184e+02 1.411542685341294145e+02
1.129176857905236062e+02 1.412500670336454789e+02
1.129463676225862940e+02 1.413458655331615432e+02
1.129750494546489819e+02 1.414416640326776076e+02
1.130037312867116697e+02 1.415374625321936719e+02
1.130324131187743575e+02 1.416332610317097362e+02
1.130610949508370453e+02 1.417290595312258006e+02
1.130897767828997331e+02 1.418248580307418649e+02
1.131184586149624209e+02 1.419206565302579293e+02
1.131471404470251088e+02 1.420164550297739936e+02
1.131758222790877966e+02 1.421122535292900579e+02
1.132045041111504844e+02 1.422080520288061223e+02
1.132615545866387521e+02 1.423986029648974636e+02
1.131657560871227020e+02 1.424272847969601514e+02
1.130699575876066518e+02 1.424559666290228392e+02
1.129741590880906017e+02 1.424846484610855271e+02
1.128783605885745516e+02 1.425133302931482149e+02
1.127825620890585014e+02 1.425420121252109027e+02
1.126867635895424513e+02 1.425706939572735905e+02
1.125909650900264012e+02 1.425993757893362783e+02
1.124951665905103511e+02 1.426280576213989661e+02
1.123993680909943009e+02 1.426567394534616540e+02
1.123035695914782508e+02 1.426854212855243418e+02
1.122077710919622007e+02 1.427141031175870296e+02
1.121119725924461505e+02 1.427427849496497174e+02
1.120161740929301004e+02 1.427714667817124052e+02
1.119203755934140503e+02 1.428001486137750931e+02
1.118245770938980002e+02 1.428288304458377809e+02
1.117287785943819500e+02 1.428575122779004687e+02
1.116329800948658999e+02 1.428861941099631565e+02
1.115371815953498498e+02 1.429148759420258443e+02
1.114413830958337996e+02 1.429435577740885321e+02
1.113455845963177495e+02 1.429722396061512200e+02
1.112497860968016994e+02 1.430009214382139078e+02
1.111539875972856493e+02 1.430296032702765956e+02
1.110581890977695991e+02 1.430582851023392834e+02
1.109623905982535490e+02 1.430869669344019712e+02
1.108665920987374989e+02 1.431156487664646590e+02
1.107707935992214487e+02 1.431443305985273469e+02
1.106749950997053986e+02 1.431730124305900347e+02
1.105791966001893485e+02 1.432016942626527225e+02
1.104833981006732984e+02 1.432303760947154103e+02
1.103875996011572482e+02 1.432590579267780981e+02
1.102918011016411981e+02 1.432877397588407860e+02
1.101960026021251480e+02 1.433164215909034738e+02
1.101002041026090978e+02 1.433451034229661616e+02
1.100044056030930477e+02 1.433737852550288494e+02
1.099086071035769976e+02 1.434024670870915372e+02
1.098128086040609475e+02 1.434311489191542250e+02
1.097170101045448973e+02 1.434598307512169129e+02
1.096212116050288472e+02 1.434885125832796007e+02
1.095254131055127971e+02 1.435171944153422885e+02
1.094296146059967469e+02 1.435458762474049763e+02
1.093338161064806968e+02 1.435745580794676641e+02
1.092380176069646467e+02 1.436032399115303519e+02
1.091422191074485966e+02 1.436319217435930398e+02
1.090464206079325464e+02 1.436606035756557276e+02
1.089506221084164963e+02 1.436892854077184154e+02
1.088548236089004462e+02 1.437179672397811032e+02
1.087590251093843960e+02 1.437466490718437910e+02
1.086632266098683459e+02 1.437753309039064789e+02
1.085674281103522958e+02 1.438040127359691667e+02
1.084716296108362457e+02 1.438326945680318545e+02
1.083758311113201955e+02 1.438613764000945423e+02
1.082800326118041454e+02 1.438900582321572301e+02
1.081842341122880953e+02 1.439187400642199179e+02
1.080884356127720451e+02 1.439474218962826058e+02
1.079926371132559950e+02 1.439761037283452936e+02
1.078968386137399449e+02 1.440047855604079814e+02
1.078010401142238948e+02 1.440334673924706692e+02
1.077052416147078446e+02 1.440621492245333570e+02
1.076094431151917945e+02 1.440908310565960448e+02
1.075136446156757444e+02 1.441195128886587327e+02
1.074178461161596942e+02 1.441481947207214205e+02
1.073220476166436441e+02 1.441768765527841083e+02
1.072262491171275940e+02 1.442055583848467961e+02
1.071304506176115439e+02 1.442342402169094839e+02
1.070346521180954937e+02 1.442629220489721718e+02
1.069388536185794436e+02 1.442916038810348596e+02
1.068430551190633935e+02 1.443202857130975474e+02
1.067472566195473433e+02 1.443489675451602352e+02
1.066514581200312932e+02 1.443776493772229230e+02
1.065556596205152431e+02 1.444063312092856108e+02
1.064598611209991930e+02 1.444350130413482987e+02
1.063640626214831428e+02 1.444636948734109865e+02
1.062682641219670927e+02 1.444923767054736743e+02
1.061724656224510426e+02 1.445210585375363621e+02
1.060766671229349924e+02 1.445497403695990499e+02
1.059808686234189423e+02 1.445784222016617377e+02
1.058850701239028922e+02 1.446071040337244256e+02
1.057892716243868421e+02 1.446357858657871134e+02
1.056934731248707919e+02 1.446644676978498012e+02
1.055976746253547418e+02 1.446931495299124890e+02
1.055018761258386917e+02 1.447218313619751768e+02
1.054060776263226415e+02 1.447505131940378647e+02
1.053102791268065914e+02 1.447791950261005525e+02
1.052144806272905413e+02 1.448078768581632403e+02
1.051186821277744912e+02 1.448365586902259281e+02
1.050228836282584410e+02 1.448652405222886159e+02
1.049270851287423909e+02 1.448939223543513037e+02
1.048312866292263408e+02 1.449226041864139916e+02
1.047354881297102907e+02 1.449512860184766794e+02
1.046396896301942405e+02 1.449799678505393672e+02
1.045438911306781904e+02 1.450086496826020550e+02
1.044480926311621403e+02 1.450373315146647428e+02
1.043522941316460901e+02 1.450660133467274306e+02
1.042564956321300400e+02 1.450946951787901185e+02
1.041606971326139899e+02 1.451233770108528063e+02
1.040648986330979398e+02 1.451520588429154941e+02
1.039691001335818896e+02 1.451807406749781819e+02
1.038733016340658395e+02 1.452094225070408697e+02
1.037775031345497894e+02 1.452381043391035575e+02
1.036817046350337392e+02 1.452667861711662454e+02
1.035859061355176891e+02 1.452954680032289332e+02
1.034901076360016390e+02 1.453241498352916210e+02
1.033943091364855889e+02 1.453528316673543088e+02
1.032985106369695387e+02 1.453815134994169966e+02
1.032027121374534886e+02 1.454101953314796845e+02
1.031069136379374385e+02 1.454388771635423723e+02
1.030111151384213883e+02 1.454675589956050601e+02
1.029153166389053382e+02 1.454962408276677479e+02
1.028195181393892881e+02 1.455249226597304357e+02
1.027237196398732380e+02 1.455536044917931235e+02
1.026279211403571878e+02 1.455822863238558114e+02
1.025321226408411377e+02 1.456109681559184992e+02
1.024363241413250876e+02 1.456396499879811870e+02
1.023405256418090374e+02 1.456683318200438748e+02
1.022447271422929873e+02 1.456970136521065626e+02
1.021489286427769372e+02 1.457256954841692504e+02
1.020531301432608871e+02 1.457543773162319383e+02
1.019573316437448369e+02 1.457830591482946261e+02
1.018615331442287868e+02 1.458117409803573139e+02
1.017657346447127367e+02 1.458404228124200017e+02
1.016699361451966865e+02 1.458691046444826895e+02
1.015741376456806364e+02 1.458977864765453774e+02
1.014783391461645863e+02 1.459264683086080652e+02
1.013825406466485362e+02 1.459551501406707530e+02
1.012867421471324860e+02 1.459838319727334408e+02
1.011909436476164359e+02 1.460125138047961286e+02
1.010951451481003858e+02 1.460411956368588164e+02
1.009993466485843356e+02 1.460698774689215043e+02
1.009035481490682855e+02 1.460985593009841921e+02
1.008077496495522354e+02 1.461272411330468799e+02
1.007119511500361853e+02 1.461559229651095677e+02
1.006161526505201351e+02 1.461846047971722555e+02
1.005203541510040850e+02 1.462132866292349433e+02
1.004245556514880349e+02 1.462419684612976312e+02
1.003287571519719847e+02 1.462706502933603190e+02
1.002329586524559346e+02 1.462993321254230068e+02
1.001371601529398845e+02 1.463280139574856946e+02
1.000413616534238344e+02 1.463566957895483824e+02
9.994556315390778423e+01 1.463853776216110703e+02
9.984976465439173410e+01 1.464140594536737581e+02
9.975396615487568397e+01 1.464427412857364459e+02
9.965816765535963384e+01 1.464714231177991337e+02
9.956236915584358371e+01 1.465001049498618215e+02
9.946657065632753358e+01 1.465287867819245093e+02
9.937077215681148346e+01 1.465574686139871972e+02
9.927497365729543333e+01 1.465861504460498850e+02
9.917917515777938320e+01 1.466148322781125728e+02
9.908337665826333307e+01 1.466435141101752606e+02
9.898757815874728294e+01 1.466721959422379484e+02
9.889177965923123281e+01 1.467008777743006362e+02
9.879598115971518268e+01 1.467295596063633241e+02
9.870018266019913256e+01 1.467582414384260119e+02
9.860438416068308243e+01 1.467869232704886997e+02
9.850858566116703230e+01 1.468156051025513875e+02
9.841278716165098217e+01 1.468442869346140753e+02
9.831698866213493204e+01 1.468729687666767632e+02
9.822119016261888191e+01 1.469016505987394510e+02
9.812539166310283179e+01 1.469303324308021388e+02
9.802959316358678166e+01 1.469590142628648266e+02
9.793379466407073153e+01 1.469876960949275144e+02
9.783799616455468140e+01 1.470163779269902022e+02
9.774219766503863127e+01 1.470450597590528901e+02
9.764639916552258114e+01 1.470737415911155779e+02
9.755060066600653101e+01 1.471024234231782657e+02
9.745480216649048089e+01 1.471311052552409535e+02
9.735900366697443076e+01 1.471597870873036413e+02
9.726320516745838063e+01 1.471884689193663291e+02
9.716740666794233050e+01 1.472171507514290170e+02
9.707160816842628037e+01 1.472458325834917048e+02
9.697580966891023024e+01 1.472745144155543926e+02
9.688001116939418011e+01 1.473031962476170804e+02
9.678421266987812999e+01 1.473318780796797682e+02
9.668841417036207986e+01 1.473605599117424561e+02
9.659261567084602973e+01 1.473892417438051439e+02
9.649681717132997960e+01 1.474179235758678317e+02
9.640101867181392947e+01 1.474466054079305195e+02
9.630522017229787934e+01 1.474752872399932073e+02
9.620942167278182922e+01 1.475039690720558951e+02
9.611362317326577909e+01 1.475326509041185830e+02
9.601782467374972896e+01 1.475613327361812708e+02
9.592202617423367883e+01 1.475900145682439586e+02
9.582622767471762870e+01 1.476186964003066464e+02
9.573042917520157857e+01 1.476473782323693342e+02
9.563463067568552844e+01 1.476760600644320220e+02
9.553883217616947832e+01 1.477047418964947099e+02
9.544303367665342819e+01 1.477334237285573977e+02
9.534723517713737806e+01 1.477621055606200855e+02
9.525143667762132793e+01 1.477907873926827733e+02
9.515563817810527780e+01 1.478194692247454611e+02
9.505983967858922767e+01 1.478481510568081490e+02
9.496404117907317755e+01 1.478768328888708368e+02
9.486824267955712742e+01 1.479055147209335246e+02
9.477244418004107729e+01 1.479341965529962124e+02
9.467664568052502716e+01 1.479628783850589002e+02
9.458084718100897703e+01 1.479915602171215880e+02
9.448504868149292690e+01 1.480202420491842759e+02
9.438925018197687677e+01 1.480489238812469637e+02
9.429345168246082665e+01 1.480776057133096515e+02
9.419765318294477652e+01 1.481062875453723393e+02
9.410185468342872639e+01 1.481349693774350271e+02
9.400605618391267626e+01 1.481636512094977149e+02
9.391025768439662613e+01 1.481923330415604028e+02
9.381445918488057600e+01 1.482210148736230906e+02
9.371866068536452588e+01 1.482496967056857784e+02
9.362286218584847575e+01 1.482783785377484662e+02
9.352706368633242562e+01 1.483070603698111540e+02
9.343126518681637549e+01 1.483357422018738419e+02
9.333546668730032536e+01 1.483644240339365297e+02
9.323966818778427523e+01 1.483931058659992175e+02
9.314386968826822510e+01 1.484217876980619053e+02
9.304807118875217498e+01 1.484504695301245931e+02
9.295227268923612485e+01 1.484791513621872809e+02
9.285647418972007472e+01 1.485078331942499688e+02
9.276067569020402459e+01 1.485365150263126566e+02
9.266487719068797446e+01 1.485651968583753444e+02
9.256907869117192433e+01 1.485938786904380322e+02
9.247328019165587421e+01 1.486225605225007200e+02
9.237748169213982408e+01 1.486512423545634078e+02
9.228168319262377395e+01 1.486799241866260957e+02
9.218588469310772382e+01 1.487086060186887835e+02
9.209008619359167369e+01 1.487372878507514713e+02
9.199428769407562356e+01 1.487659696828141591e+02
9.189848919455957343e+01 1.487946515148768469e+02
9.180269069504352331e+01 1.488233333469395347e+02
9.170689219552747318e+01 1.488520151790022226e+02
9.161109369601142305e+01 1.488806970110649104e+02
9.151529519649537292e+01 1.489093788431275982e+02
9.141949669697932279e+01 1.489380606751902860e+02
9.132369819746327266e+01 1.489667425072529738e+02
9.122789969794722253e+01 1.489954243393156617e+02
9.113210119843117241e+01 1.490241061713783495e+02
9.103630269891512228e+01 1.490527880034410373e+02
9.094050419939907215e+01 1.490814698355037251e+02
9.084470569988302202e+01 1.491101516675664129e+02
9.074890720036697189e+01 1.491388334996291007e+02
9.065310870085092176e+01 1.491675153316917886e+02
9.055731020133487164e+01 1.491961971637544764e+02
9.046151170181882151e+01 1.492248789958171642e+02
9.036571320230277138e+01 1.492535608278798520e+02
9.026991470278672125e+01 1.492822426599425398e+02
9.017411620327067112e+01 1.493109244920052276e+02
9.007831770375462099e+01 1.493396063240679155e+02
8.998251920423857086e+01 1.493682881561306033e+02
8.988672070472252074e+01 1.493969699881932911e+02
8.979092220520647061e+01 1.494256518202559789e+02
8.969512370569042048e+01 1.494543336523186667e+02
8.959932520617437035e+01 1.494830154843813546e+02
8.950352670665832022e+01 1.495116973164440424e+02
8.940772820714227009e+01 1.495403791485067302e+02
8.931192970762621997e+01 1.495690609805694180e+02
8.921613120811016984e+01 1.495977428126321058e+02
8.912033270859411971e+01 1.496264246446947936e+02
8.902453420907806958e+01 1.496551064767574815e+02
8.892873570956201945e+01 1.496837883088201693e+02
8.883293721004596932e+01 1.497124701408828571e+02
8.873713871052991919e+01 1.497411519729455449e+02
8.864134021101386907e+01 1.497698338050082327e+02
8.854554171149781894e+01 1.497985156370709205e+02
8.844974321198176881e+01 1.498271974691336084e+02
8.835394471246571868e+01 1.498558793011962962e+02
8.825814621294966855e+01 1.498845611332589840e+02
8.816234771343361842e+01 1.499132429653216718e+02
8.806654921391756830e+01 1.499419247973843596e+02
8.797075071440151817e+01 1.499706066294470475e+02
8.787495221488546804e+01 1.499992884615097353e+02
8.777915371536941791e+01 1.500279702935724231e+02
8.768335521585336778e+01 1.500566521256351109e+02
8.758755671633731765e+01 1.500853339576977987e+02
8.749175821682126752e+01 1.501140157897604865e+02
8.739595971730521740e+01 1.501426976218231744e+02
8.730016121778916727e+01 1.501713794538858622e+02
8.720436271827311714e+01 1.502000612859485500e+02
8.710856421875706701e+01 1.502287431180112378e+02
8.701276571924101688e+01 1.502574249500739256e+02
8.691696721972496675e+01 1.502861067821366134e+02
8.682116872020891662e+01 1.503147886141993013e+02
8.672537022069286650e+01 1.503434704462619891e+02
8.662957172117681637e+01 1.503721522783246769e+02
8.653377322166076624e+01 1.504008341103873647e+02
8.643797472214471611e+01 1.504295159424500525e+02
8.634217622262866598e+01 1.504581977745127404e+02
8.624637772311261585e+01 1.504868796065754282e+02
8.615057922359656573e+01 1.505155614386381160e+02
8.605478072408051560e+01 1.505442432707008038e+02
8.595898222456446547e+01 1.505729251027634916e+02
8.586318372504841534e+01 1.506016069348261794e+02
8.576738522553236521e+01 1.506302887668888673e+02
8.567158672601631508e+01 1.506589705989515551e+02
8.557578822650026495e+01 1.506876524310142429e+02
8.545740917178123652e+01 1.507230948250431197e+02
8.542872733971854871e+01 1.506272963255270554e+02
8.540004550765586089e+01 1.505314978260109910e+02
8.537136367559317307e+01 1.504356993264949267e+02
8.534268184353048525e+01 1.503399008269788624e+02
8.531400001146779744e+01 1.502441023274627980e+02
8.528531817940510962e+01 1.501483038279467337e+02
8.525663634734242180e+01 1.500525053284306694e+02
8.522795451527973398e+01 1.499567068289146050e+02
8.519927268321704616e+01 1.498609083293985407e+02
8.517059085115435835e+01 1.497651098298824763e+02
8.514190901909167053e+01 1.496693113303664120e+02
8.511322718702898271e+01 1.495735128308503477e+02
8.508454535496629489e+01 1.494777143313342833e+02
8.505586352290360708e+01 1.493819158318182190e+02
8.502718169084091926e+01 1.492861173323021546e+02
8.499849985877823144e+01 1.491903188327860903e+02
8.496981802671554362e+01 1.490945203332700260e+02
8.494113619465285581e+01 1.489987218337539616e+02
8.491245436259016799e+01 1.489029233342378973e+02
8.488377253052748017e+01 1.488071248347218329e+02
8.485509069846479235e+01 1.487113263352057686e+02
8.482640886640210454e+01 1.486155278356897043e+02
8.479772703433941672e+01 1.485197293361736399e+02
8.476904520227672890e+01 1.484239308366575756e+02
8.474036337021404108e+01 1.483281323371415112e+02
8.471168153815135327e+01 1.482323338376254469e+02
8.468299970608866545e+01 1.481365353381093826e+02
8.465431787402597763e+01 1.480407368385933182e+02
8.462563604196328981e+01 1.479449383390772539e+02
8.459695420990060200e+01 1.478491398395611895e+02
8.456827237783791418e+01 1.477533413400451252e+02
8.453959054577522636e+01 1.476575428405290609e+02
8.451090871371253854e+01 1.475617443410129965e+02
8.448222688164985072e+01 1.474659458414969322e+02
8.445354504958716291e+01 1.473701473419808678e+02
8.442486321752447509e+01 1.472743488424648035e+02
8.439618138546178727e+01 1.471785503429487392e+02
8.436749955339909945e+01 1.470827518434326748e+02
8.433881772133641164e+01 1.469869533439166105e+02
8.431013588927372382e+01 1.468911548444005462e+02
8.428145405721103600e+01 1.467953563448844818e+02
8.425277222514834818e+01 1.466995578453684175e+02
8.422409039308566037e+01 1.466037593458523531e+02
8.419540856102297255e+01 1.465079608463362888e+02
8.416672672896028473e+01 1.464121623468202245e+02
8.413804489689759691e+01 1.463163638473041601e+02
8.410936306483490910e+01 1.462205653477880958e+02
8.408068123277222128e+01 1.461247668482720314e+02
8.405199940070953346e+01 1.460289683487559671e+02
8.402331756864684564e+01 1.459331698492399028e+02
8.399463573658415783e+01 1.458373713497238384e+02
8.396595390452147001e+01 1.457415728502077741e+02
8.393727207245878219e+01 1.456457743506917097e+02
8.390859024039609437e+01 1.455499758511756454e+02
8.387990840833340656e+01 1.454541773516595811e+02
8.385122657627071874e+01 1.453583788521435167e+02
8.382254474420803092e+01 1.452625803526274524e+02
8.379386291214534310e+01 1.451667818531113880e+02
8.376518108008265528e+01 1.450709833535953237e+02
8.373649924801996747e+01 1.449751848540792594e+02
8.370781741595727965e+01 1.448793863545631950e+02
8.367913558389459183e+01 1.447835878550471307e+02
8.365045375183190401e+01 1.446877893555310663e+02
8.362177191976921620e+01 1.445919908560150020e+02
8.359309008770652838e+01 1.444961923564989377e+02
8.356440825564384056e+01 1.444003938569828733e+02
8.353572642358115274e+01 1.443045953574668090e+02
8.350704459151846493e+01 1.442087968579507447e+02
8.347836275945577711e+01 1.441129983584346803e+02
8.344968092739308929e+01 1.440171998589186160e+02
8.342099909533040147e+01 1.439214013594025516e+02
8.339231726326771366e+01 1.438256028598864873e+02
8.336363543120502584e+01 1.437298043603704230e+02
8.333495359914233802e+01 1.436340058608543586e+02
8.330627176707965020e+01 1.435382073613382943e+02
8.327758993501696239e+01 1.434424088618222299e+02
8.324890810295427457e+01 1.433466103623061656e+02
8.322022627089158675e+01 1.432508118627901013e+02
8.319154443882889893e+01 1.431550133632740369e+02
8.316286260676621112e+01 1.430592148637579726e+02
8.313418077470352330e+01 1.429634163642419082e+02
8.310549894264083548e+01 1.428676178647258439e+02
8.307681711057814766e+01 1.427718193652097796e+02
8.304813527851545985e+01 1.426760208656937152e+02
8.301945344645277203e+01 1.425802223661776509e+02
8.299077161439008421e+01 1.424844238666615865e+02
8.296208978232739639e+01 1.423886253671455222e+02
8.293340795026470857e+01 1.422928268676294579e+02
8.290472611820202076e+01 1.421970283681133935e+02
8.287604428613933294e+01 1.421012298685973292e+02
8.284736245407664512e+01 1.420054313690812648e+02
8.281868062201395730e+01 1.419096328695652005e+02
8.278999878995126949e+01 1.418138343700491362e+02
8.276131695788858167e+01 1.417180358705330718e+02
8.273263512582589385e+01 1.416222373710170075e+02
8.270395329376320603e+01 1.415264388715009432e+02
8.267527146170051822e+01 1.414306403719848788e+02
8.264658962963783040e+01 1.413348418724688145e+02
8.261790779757514258e+01 1.412390433729527501e+02
8.258922596551245476e+01 1.411432448734366858e+02
8.256054413344976695e+01 1.410474463739206215e+02
8.253186230138707913e+01 1.409516478744045571e+02
8.250318046932439131e+01 1.408558493748884928e+02
8.247449863726170349e+01 1.407600508753724284e+02
8.244581680519901568e+01 1.406642523758563641e+02
8.241713497313632786e+01 1.405684538763402998e+02
8.238845314107364004e+01 1.404726553768242354e+02
8.235977130901095222e+01 1.403768568773081711e+02
8.233108947694826441e+01 1.402810583777921067e+02
8.230240764488557659e+01 1.401852598782760424e+02
8.227372581282288877e+01 1.400894613787599781e+02
8.224504398076020095e+01 1.399936628792439137e+02
8.221636214869751313e+01 1.398978643797278494e+02
8.218768031663482532e+01 1.398020658802117850e+02
8.215899848457213750e+01 1.397062673806957207e+02
8.213031665250944968e+01 1.396104688811796564e+02
8.210163482044676186e+01 1.395146703816635920e+02
8.207295298838407405e+01 1.394188718821475277e+02
8.204427115632138623e+01 1.393230733826314633e+02
8.201558932425869841e+01 1.392272748831153990e+02
8.198690749219601059e+01 1.391314763835993347e+02
8.195822566013332278e+01 1.390356778840832703e+02
8.192954382807063496e+01 1.389398793845672060e+02
8.190086199600794714e+01 1.388440808850511416e+02
8.187218016394525932e+01 1.387482823855350773e+02
8.184349833188257151e+01 1.386524838860190130e+02
8.181481649981988369e+01 1.385566853865029486e+02
8.178613466775719587e+01 1.384608868869868843e+02
8.175745283569450805e+01 1.383650883874708200e+02
8.172877100363182024e+01 1.382692898879547556e+02
8.170008917156913242e+01 1.381734913884386913e+02
8.167140733950644460e+01 1.380776928889226269e+02
8.164272550744375678e+01 1.379818943894065626e+02
8.161404367538106897e+01 1.378860958898904983e+02
8.158536184331838115e+01 1.377902973903744339e+02
8.155668001125569333e+01 1.376944988908583696e+02
8.152799817919300551e+01 1.375987003913423052e+02
8.149931634713031769e+01 1.375029018918262409e+02
8.147063451506762988e+01 1.374071033923101766e+02
8.144195268300494206e+01 1.373113048927941122e+02
8.141327085094225424e+01 1.372155063932780479e+02
8.138458901887956642e+01 1.371197078937619835e+02
8.135590718681687861e+01 1.370239093942459192e+02
8.132722535475419079e+01 1.369281108947298549e+02
8.129854352269150297e+01 1.368323123952137905e+02
8.126986169062881515e+01 1.367365138956977262e+02
8.124117985856612734e+01 1.366407153961816618e+02
8.121249802650343952e+01 1.365449168966655975e+02
8.118381619444075170e+01 1.364491183971495332e+02
8.115513436237806388e+01 1.363533198976334688e+02
8.112645253031537607e+01 1.362575213981174045e+02
8.109777069825268825e+01 1.361617228986013401e+02
8.106908886619000043e+01 1.360659243990852758e+02
8.104040703412731261e+01 1.359701258995692115e+02
8.101172520206462480e+01 1.358743274000531471e+02
8.098304337000193698e+01 1.357785289005370828e+02
8.095436153793924916e+01 1.356827304010210185e+02
8.092567970587656134e+01 1.355869319015049541e+02
8.089699787381387353e+01 1.354911334019888898e+02
8.086831604175118571e+01 1.353953349024728254e+02
8.083963420968849789e+01 1.352995364029567611e+02
8.081095237762581007e+01 1.352037379034406968e+02
8.078227054556312225e+01 1.351079394039246324e+02
8.075358871350043444e+01 1.350121409044085681e+02
8.072490688143774662e+01 1.349163424048925037e+02
8.069622504937505880e+01 1.348205439053764394e+02
8.066754321731237098e+01 1.347247454058603751e+02
8.063886138524968317e+01 1.346289469063443107e+02
8.061017955318699535e+01 1.345331484068282464e+02
8.058149772112430753e+01 1.344373499073121820e+02
8.055281588906161971e+01 1.343415514077961177e+02
8.052413405699893190e+01 1.342457529082800534e+02
8.049545222493624408e+01 1.341499544087639890e+02
8.046677039287355626e+01 1.340541559092479247e+02
8.043808856081086844e+01 1.339583574097318603e+02
8.040940672874818063e+01 1.338625589102157960e+02
8.038072489668549281e+01 1.337667604106997317e+02
8.035204306462280499e+01 1.336709619111836673e+02
8.032336123256011717e+01 1.335751634116676030e+02
8.029467940049742936e+01 1.334793649121515386e+02
8.026599756843474154e+01 1.333835664126354743e+02
8.023731573637205372e+01 1.332877679131194100e+02
8.020863390430936590e+01 1.331919694136033456e+02
8.017995207224667809e+01 1.330961709140872813e+02
8.015127024018399027e+01 1.330003724145712170e+02
8.012258840812130245e+01 1.329045739150551526e+02
8.009390657605861463e+01 1.328087754155390883e+02
8.006522474399592681e+01 1.327129769160230239e+02
8.003654291193323900e+01 1.326171784165069596e+02
8.000786107987055118e+01 1.325213799169908953e+02
7.997917924780786336e+01 1.324255814174748309e+02
7.995049741574517554e+01 1.323297829179587666e+02
7.992181558368248773e+01 1.322339844184427022e+02
7.989313375161979991e+01 1.321381859189266379e+02
7.986445191955711209e+01 1.320423874194105736e+02
7.983577008749442427e+01 1.319465889198945092e+02
7.980708825543173646e+01 1.318507904203784449e+02
7.977840642336904864e+01 1.317549919208623805e+02
7.974972459130636082e+01 1.316591934213463162e+02
7.972104275924367300e+01 1.315633949218302519e+02
7.969236092718098519e+01 1.314675964223141875e+02
7.966367909511829737e+01 1.313717979227981232e+02
7.963499726305560955e+01 1.312759994232820588e+02
7.960631543099292173e+01 1.311802009237659945e+02
7.957763359893023392e+01 1.310844024242499302e+02
7.954895176686754610e+01 1.309886039247338658e+02
7.952026993480485828e+01 1.308928054252178015e+02
7.949158810274217046e+01 1.307970069257017371e+02
7.946290627067948265e+01 1.307012084261856728e+02
7.943422443861679483e+01 1.306054099266696085e+02
7.940554260655410701e+01 1.305096114271535441e+02
7.937686077449141919e+01 1.304138129276374798e+02
7.934817894242873138e+01 1.303180144281214154e+02
7.931949711036604356e+01 1.302222159286053511e+02
7.929081527830335574e+01 1.301264174290892868e+02
7.926213344624066792e+01 1.300306189295732224e+02
7.923345161417798010e+01 1.299348204300571581e+02
7.920476978211529229e+01 1.298390219305410938e+02
7.917608795005260447e+01 1.297432234310250294e+02
7.914740611798991665e+01 1.296474249315089651e+02
7.911872428592722883e+01 1.295516264319929007e+02
7.909004245386454102e+01 1.294558279324768364e+02
7.906136062180185320e+01 1.293600294329607721e+02
7.903267878973916538e+01 1.292642309334447077e+02
7.900399695767647756e+01 1.291684324339286434e+02
7.897531512561378975e+01 1.290726339344125790e+02
7.894663329355110193e+01 1.289768354348965147e+02
7.891795146148841411e+01 1.288810369353804504e+02
7.888926962942572629e+01 1.287852384358643860e+02
7.886058779736303848e+01 1.286894399363483217e+02
7.883190596530035066e+01 1.285936414368322573e+02
7.880322413323766284e+01 1.284978429373161930e+02
7.877454230117497502e+01 1.284020444378001287e+02
7.874586046911228721e+01 1.283062459382840643e+02
7.871717863704959939e+01 1.282104474387680000e+02
7.868849680498691157e+01 1.281146489392519356e+02
7.865981497292422375e+01 1.280188504397358713e+02
7.863113314086153594e+01 1.279230519402198212e+02
7.860245130879884812e+01 1.278272534407037710e+02
7.857376947673616030e+01 1.277314549411877209e+02
7.854508764467347248e+01 1.276356564416716708e+02
7.851640581261078466e+01 1.275398579421556207e+02
7.848772398054809685e+01 1.274440594426395705e+02
7.845904214848540903e+01 1.273482609431235204e+02
7.843036031642272121e+01 1.272524624436074703e+02
7.840167848436003339e+01 1.271566639440914201e+02
7.837299665229734558e+01 1.270608654445753700e+02
7.834431482023465776e+01 1.269650669450593199e+02
7.831563298817196994e+01 1.268692684455432698e+02
7.828695115610928212e+01 1.267734699460272196e+02
7.825826932404659431e+01 1.266776714465111695e+02
7.822958749198390649e+01 1.265818729469951194e+02
7.820090565992121867e+01 1.264860744474790692e+02
7.817222382785853085e+01 1.263902759479630191e+02
7.814354199579584304e+01 1.262944774484469690e+02
7.811486016373315522e+01 1.261986789489309189e+02
7.808617833167046740e+01 1.261028804494148687e+02
7.805749649960777958e+01 1.260070819498988186e+02
7.802881466754509177e+01 1.259112834503827685e+02
7.800013283548240395e+01 1.258154849508667183e+02
7.797145100341971613e+01 1.257196864513506682e+02
7.794276917135702831e+01 1.256238879518346181e+02
7.791408733929434050e+01 1.255280894523185680e+02
7.788540550723165268e+01 1.254322909528025178e+02
7.785672367516896486e+01 1.253364924532864677e+02
7.782804184310627704e+01 1.252406939537704176e+02
7.779936001104358922e+01 1.251448954542543675e+02
7.777067817898090141e+01 1.250490969547383173e+02
7.774199634691821359e+01 1.249532984552222672e+02
7.771331451485552577e+01 1.248574999557062171e+02
7.768463268279283795e+01 1.247617014561901669e+02
7.765595085073015014e+01 1.246659029566741168e+02
7.762726901866746232e+01 1.245701044571580667e+02
7.759858718660477450e+01 1.244743059576420166e+02
7.756990535454208668e+01 1.243785074581259664e+02
7.754122352247939887e+01 1.242827089586099163e+02
7.751254169041671105e+01 1.241869104590938662e+02
7.748385985835402323e+01 1.240911119595778160e+02
7.745517802629133541e+01 1.239953134600617659e+02
7.742649619422864760e+01 1.238995149605457158e+02
7.739781436216595978e+01 1.238037164610296657e+02
7.736913253010327196e+01 1.237079179615136155e+02
7.734045069804058414e+01 1.236121194619975654e+02
7.731176886597789633e+01 1.235163209624815153e+02
7.728308703391520851e+01 1.234205224629654651e+02
7.725440520185252069e+01 1.233247239634494150e+02
7.722572336978983287e+01 1.232289254639333649e+02
7.719704153772714506e+01 1.231331269644173148e+02
7.716835970566445724e+01 1.230373284649012646e+02
7.713967787360176942e+01 1.229415299653852145e+02
7.711099604153908160e+01 1.228457314658691644e+02
7.708231420947639378e+01 1.227499329663531142e+02
7.705363237741370597e+01 1.226541344668370641e+02
7.702495054535101815e+01 1.225583359673210140e+02
7.699626871328833033e+01 1.224625374678049639e+02
7.696758688122564251e+01 1.223667389682889137e+02
7.693890504916295470e+01 1.222709404687728636e+02
7.691022321710026688e+01 1.221751419692568135e+02
7.688154138503757906e+01 1.220793434697407633e+02
7.685285955297489124e+01 1.219835449702247132e+02
7.682417772091220343e+01 1.218877464707086631e+02
7.679549588884951561e+01 1.217919479711926130e+02
7.673844541336124792e+01 1.216013970351025364e+02
