1.254488794294860412e+02 9.982076508568307815e+01
1.253596065762685896e+02 9.977570559524637872e+01
1.252703337230511380e+02 9.973064610480967929e+01
1.251810608698336864e+02 9.968558661437297985e+01
1.250917880166162348e+02 9.964052712393628042e+01
1.250025151633987832e+02 9.959546763349958098e+01
1.249132423101813316e+02 9.955040814306288155e+01
1.248239694569638800e+02 9.950534865262618212e+01
1.247346966037464284e+02 9.946028916218948268e+01
1.246454237505289768e+02 9.941522967175278325e+01
1.245561508973115252e+02 9.937017018131608381e+01
1.244668780440940736e+02 9.932511069087938438e+01
1.243776051908766220e+02 9.928005120044268494e+01
1.242883323376591704e+02 9.923499171000598551e+01
1.241990594844417188e+02 9.918993221956928608e+01
1.241097866312242672e+02 9.914487272913258664e+01
1.240205137780068156e+02 9.909981323869588721e+01
1.239312409247893640e+02 9.905475374825918777e+01
1.238419680715719124e+02 9.900969425782248834e+01
1.237526952183544608e+02 9.896463476738578890e+01
1.236634223651370093e+02 9.891957527694908947e+01
1.235741495119195577e+02 9.887451578651239004e+01
1.234848766587021061e+02 9.882945629607569060e+01
1.233956038054846545e+02 9.878439680563899117e+01
1.233063309522672029e+02 9.873933731520229173e+01
1.232170580990497513e+02 9.869427782476559230e+01
1.231277852458322997e+02 9.864921833432889287e+01
1.230385123926148481e+02 9.860415884389219343e+01
1.229492395393973965e+02 9.855909935345549400e+01
1.228599666861799449e+02 9.851403986301879456e+01
1.227706938329624933e+02 9.846898037258209513e+01
1.226814209797450417e+02 9.842392088214539569e+01
1.225921481265275901e+02 9.837886139170869626e+01
1.225028752733101385e+02 9.833380190127199683e+01
1.224136024200926869e+02 9.828874241083529739e+01
1.223243295668752353e+02 9.824368292039859796e+01
1.222350567136577837e+02 9.819862342996189852e+01
1.221457838604403321e+02 9.815356393952519909e+01
1.220565110072228805e+02 9.810850444908849965e+01
1.219672381540054289e+02 9.806344495865180022e+01
1.218779653007879773e+02 9.801838546821510079e+01
1.217886924475705257e+02 9.797332597777840135e+01
1.216994195943530741e+02 9.792826648734170192e+01
1.216101467411356225e+02 9.788320699690500248e+01
1.215208738879181709e+02 9.783814750646830305e+01
1.214316010347007193e+02 9.779308801603160362e+01
1.213423281814832677e+02 9.774802852559490418e+01
1.212530553282658161e+02 9.770296903515820475e+01
1.211637824750483645e+02 9.765790954472150531e+01
1.210745096218309129e+02 9.761285005428480588e+01
1.209852367686134613e+02 9.756779056384810644e+01
1.208959639153960097e+02 9.752273107341140701e+01
1.208066910621785581e+02 9.747767158297470758e+01
1.207174182089611065e+02 9.743261209253800814e+01
1.206281453557436549e+02 9.738755260210130871e+01
1.205388725025262033e+02 9.734249311166460927e+01
1.204495996493087517e+02 9.729743362122790984e+01
1.203603267960913001e+02 9.725237413079121040e+01
1.202710539428738485e+02 9.720731464035451097e+01
1.201817810896563969e+02 9.716225514991781154e+01
1.200925082364389453e+02 9.711719565948111210e+01
1.200032353832214937e+02 9.707213616904441267e+01
1.199139625300040422e+02 9.702707667860771323e+01
1.198246896767865906e+02 9.698201718817101380e+01
1.197354168235691390e+02 9.693695769773431437e+01
1.196461439703516874e+02 9.689189820729761493e+01
1.195568711171342358e+02 9.684683871686091550e+01
1.194675982639167842e+02 9.680177922642421606e+01
1.193783254106993326e+02 9.675671973598751663e+01
1.192890525574818810e+02 9.671166024555081719e+01
1.191997797042644294e+02 9.666660075511411776e+01
1.191105068510469778e+02 9.662154126467741833e+01
1.190212339978295262e+02 9.657648177424071889e+01
1.189319611446120746e+02 9.653142228380401946e+01
1.188426882913946230e+02 9.648636279336732002e+01
1.187534154381771714e+02 9.644130330293062059e+01
1.186641425849597198e+02 9.639624381249392115e+01
1.185748697317422682e+02 9.635118432205722172e+01
1.184855968785248166e+02 9.630612483162052229e+01
1.183963240253073650e+02 9.626106534118382285e+01
1.183070511720899134e+02 9.621600585074712342e+01
1.182177783188724618e+02 9.617094636031042398e+01
1.181285054656550102e+02 9.612588686987372455e+01
1.180392326124375586e+02 9.608082737943702512e+01
1.179499597592201070e+02 9.603576788900032568e+01
1.178606869060026554e+02 9.599070839856362625e+01
1.177714140527852038e+02 9.594564890812692681e+01
1.176821411995677522e+02 9.590058941769022738e+01
1.175928683463503006e+02 9.585552992725352794e+01
1.175035954931328490e+02 9.581047043681682851e+01
1.174143226399153974e+02 9.576541094638012908e+01
1.173250497866979458e+02 9.572035145594342964e+01
1.172357769334804942e+02 9.567529196550673021e+01
1.171465040802630426e+02 9.563023247507003077e+01
1.170572312270455910e+02 9.558517298463333134e+01
1.169679583738281394e+02 9.554011349419663190e+01
1.168786855206106878e+02 9.549505400375993247e+01
1.167894126673932362e+02 9.544999451332323304e+01
1.167001398141757846e+02 9.540493502288653360e+01
1.166108669609583330e+02 9.535987553244983417e+01
1.165215941077408814e+02 9.531481604201313473e+01
1.164323212545234298e+02 9.526975655157643530e+01
1.163430484013059782e+02 9.522469706113973587e+01
1.162537755480885266e+02 9.517963757070303643e+01
1.161645026948710751e+02 9.513457808026633700e+01
1.160752298416536235e+02 9.508951858982963756e+01
1.159859569884361719e+02 9.504445909939293813e+01
1.158966841352187203e+02 9.499939960895623869e+01
1.158074112820012687e+02 9.495434011851953926e+01
1.157181384287838171e+02 9.490928062808283983e+01
1.156288655755663655e+02 9.486422113764614039e+01
1.155395927223489139e+02 9.481916164720944096e+01
1.154503198691314623e+02 9.477410215677274152e+01
1.153610470159140107e+02 9.472904266633604209e+01
1.152717741626965591e+02 9.468398317589934265e+01
1.151825013094791075e+02 9.463892368546264322e+01
1.150932284562616559e+02 9.459386419502594379e+01
1.150039556030442043e+02 9.454880470458924435e+01
1.149146827498267527e+02 9.450374521415254492e+01
1.148254098966093011e+02 9.445868572371584548e+01
1.147361370433918495e+02 9.441362623327914605e+01
1.146468641901743979e+02 9.436856674284244662e+01
1.145575913369569463e+02 9.432350725240574718e+01
1.144683184837394947e+02 9.427844776196904775e+01
1.143790456305220431e+02 9.423338827153234831e+01
1.142897727773045915e+02 9.418832878109564888e+01
1.142004999240871399e+02 9.414326929065894944e+01
1.141112270708696883e+02 9.409820980022225001e+01
1.140219542176522367e+02 9.405315030978555058e+01
1.139326813644347851e+02 9.400809081934885114e+01
1.138434085112173335e+02 9.396303132891215171e+01
1.137541356579998819e+02 9.391797183847545227e+01
1.136648628047824303e+02 9.387291234803875284e+01
1.135755899515649787e+02 9.382785285760205340e+01
1.134863170983475271e+02 9.378279336716535397e+01
1.133970442451300755e+02 9.373773387672865454e+01
1.133077713919126239e+02 9.369267438629195510e+01
1.132184985386951723e+02 9.364761489585525567e+01
1.131292256854777207e+02 9.360255540541855623e+01
1.130399528322602691e+02 9.355749591498185680e+01
1.129506799790428175e+02 9.351243642454515737e+01
1.128614071258253659e+02 9.346737693410845793e+01
1.127721342726079143e+02 9.342231744367175850e+01
1.126828614193904627e+02 9.337725795323505906e+01
1.125935885661730111e+02 9.333219846279835963e+01
1.125043157129555595e+02 9.328713897236166019e+01
1.124150428597381079e+02 9.324207948192496076e+01
1.123257700065206564e+02 9.319701999148826133e+01
1.122364971533032048e+02 9.315196050105156189e+01
1.121472243000857532e+02 9.310690101061486246e+01
1.120579514468683016e+02 9.306184152017816302e+01
1.119686785936508500e+02 9.301678202974146359e+01
1.118794057404333984e+02 9.297172253930476415e+01
1.117901328872159468e+02 9.292666304886806472e+01
1.117008600339984952e+02 9.288160355843136529e+01
1.116115871807810436e+02 9.283654406799466585e+01
1.115223143275635920e+02 9.279148457755796642e+01
1.114330414743461404e+02 9.274642508712126698e+01
1.113437686211286888e+02 9.270136559668456755e+01
1.112544957679112372e+02 9.265630610624786812e+01
1.111652229146937856e+02 9.261124661581116868e+01
1.110759500614763340e+02 9.256618712537446925e+01
1.109866772082588824e+02 9.252112763493776981e+01
1.108974043550414308e+02 9.247606814450107038e+01
1.108081315018239792e+02 9.243100865406437094e+01
1.107188586486065276e+02 9.238594916362767151e+01
1.106295857953890760e+02 9.234088967319097208e+01
1.105403129421716244e+02 9.229583018275427264e+01
1.104510400889541728e+02 9.225077069231757321e+01
1.103617672357367212e+02 9.220571120188087377e+01
1.102724943825192696e+02 9.216065171144417434e+01
1.101832215293018180e+02 9.211559222100747490e+01
1.100939486760843664e+02 9.207053273057077547e+01
1.100046758228669148e+02 9.202547324013407604e+01
1.099154029696494632e+02 9.198041374969737660e+01
1.098261301164320116e+02 9.193535425926067717e+01
1.097368572632145600e+02 9.189029476882397773e+01
1.096475844099971084e+02 9.184523527838727830e+01
1.095583115567796568e+02 9.180017578795057887e+01
1.094690387035622052e+02 9.175511629751387943e+01
1.093797658503447536e+02 9.171005680707718000e+01
1.092904929971273020e+02 9.166499731664048056e+01
1.092012201439098504e+02 9.161993782620378113e+01
1.091119472906923988e+02 9.157487833576708169e+01
1.090226744374749472e+02 9.152981884533038226e+01
1.089334015842574956e+02 9.148475935489368283e+01
1.088441287310400440e+02 9.143969986445698339e+01
1.087548558778225924e+02 9.139464037402028396e+01
1.086655830246051408e+02 9.134958088358358452e+01
1.085763101713876893e+02 9.130452139314688509e+01
1.084870373181702377e+02 9.125946190271018565e+01
1.083977644649527861e+02 9.121440241227348622e+01
1.083084916117353345e+02 9.116934292183678679e+01
1.082192187585178829e+02 9.112428343140008735e+01
1.081299459053004313e+02 9.107922394096338792e+01
1.080406730520829797e+02 9.103416445052668848e+01
1.079514001988655281e+02 9.098910496008998905e+01
1.078621273456480765e+02 9.094404546965328962e+01
1.077728544924306249e+02 9.089898597921659018e+01
1.076835816392131733e+02 9.085392648877989075e+01
1.075943087859957217e+02 9.080886699834319131e+01
1.075050359327782701e+02 9.076380750790649188e+01
1.074157630795608185e+02 9.071874801746979244e+01
1.073264902263433669e+02 9.067368852703309301e+01
1.072372173731259153e+02 9.062862903659639358e+01
1.071479445199084637e+02 9.058356954615969414e+01
1.070586716666910121e+02 9.053851005572299471e+01
1.069693988134735605e+02 9.049345056528629527e+01
1.068801259602561089e+02 9.044839107484959584e+01
1.067908531070386573e+02 9.040333158441289640e+01
1.067015802538212057e+02 9.035827209397619697e+01
1.066123074006037541e+02 9.031321260353949754e+01
1.065230345473863025e+02 9.026815311310279810e+01
1.064337616941688509e+02 9.022309362266609867e+01
1.063444888409513993e+02 9.017803413222939923e+01
1.062552159877339477e+02 9.013297464179269980e+01
1.061659431345164961e+02 9.008791515135600037e+01
1.060766702812990445e+02 9.004285566091930093e+01
1.059873974280815929e+02 8.999779617048260150e+01
1.058981245748641413e+02 8.995273668004590206e+01
1.058088517216466897e+02 8.990767718960920263e+01
1.057195788684292381e+02 8.986261769917250319e+01
1.056303060152117865e+02 8.981755820873580376e+01
1.055410331619943349e+02 8.977249871829910433e+01
1.054517603087768833e+02 8.972743922786240489e+01
1.053624874555594317e+02 8.968237973742570546e+01
1.052732146023419801e+02 8.963732024698900602e+01
1.051839417491245285e+02 8.959226075655230659e+01
1.050946688959070769e+02 8.954720126611560715e+01
1.050053960426896253e+02 8.950214177567890772e+01
1.049161231894721737e+02 8.945708228524220829e+01
1.048268503362547222e+02 8.941202279480550885e+01
1.047375774830372706e+02 8.936696330436880942e+01
1.046483046298198190e+02 8.932190381393210998e+01
1.045590317766023674e+02 8.927684432349541055e+01
1.044697589233849158e+02 8.923178483305871111e+01
1.043804860701674642e+02 8.918672534262201168e+01
1.042912132169500126e+02 8.914166585218531225e+01
1.042019403637325610e+02 8.909660636174861281e+01
1.041126675105151094e+02 8.905154687131191338e+01
1.040233946572976578e+02 8.900648738087521394e+01
1.039341218040802062e+02 8.896142789043851451e+01
1.038448489508627546e+02 8.891636840000181508e+01
1.037555760976453030e+02 8.887130890956511564e+01
1.036663032444278514e+02 8.882624941912841621e+01
1.035770303912103998e+02 8.878118992869171677e+01
1.034877575379929482e+02 8.873613043825501734e+01
1.033984846847754966e+02 8.869107094781831790e+01
1.033092118315580450e+02 8.864601145738161847e+01
1.032199389783405934e+02 8.860095196694491904e+01
1.031306661251231418e+02 8.855589247650821960e+01
1.030413932719056902e+02 8.851083298607152017e+01
1.029521204186882386e+02 8.846577349563482073e+01
1.028628475654707870e+02 8.842071400519812130e+01
1.027735747122533354e+02 8.837565451476142186e+01
1.026843018590358838e+02 8.833059502432472243e+01
1.025950290058184322e+02 8.828553553388802300e+01
1.025057561526009806e+02 8.824047604345132356e+01
1.024164832993835290e+02 8.819541655301462413e+01
1.023272104461660774e+02 8.815035706257792469e+01
1.022379375929486258e+02 8.810529757214122526e+01
1.021486647397311742e+02 8.806023808170452583e+01
1.020593918865137226e+02 8.801517859126782639e+01
1.019701190332962710e+02 8.797011910083112696e+01
1.018808461800788194e+02 8.792505961039442752e+01
1.017915733268613678e+02 8.788000011995772809e+01
1.017023004736439162e+02 8.783494062952102865e+01
1.016130276204264646e+02 8.778988113908432922e+01
1.015237547672090130e+02 8.774482164864762979e+01
1.014344819139915614e+02 8.769976215821093035e+01
1.013452090607741098e+02 8.765470266777423092e+01
1.012559362075566582e+02 8.760964317733753148e+01
1.011666633543392066e+02 8.756458368690083205e+01
1.010773905011217551e+02 8.751952419646413261e+01
1.009881176479043035e+02 8.747446470602743318e+01
1.008988447946868519e+02 8.742940521559073375e+01
1.008095719414694003e+02 8.738434572515403431e+01
1.007202990882519487e+02 8.733928623471733488e+01
1.006310262350344971e+02 8.729422674428063544e+01
1.005417533818170455e+02 8.724916725384393601e+01
1.004524805285995939e+02 8.720410776340723658e+01
1.003632076753821423e+02 8.715904827297053714e+01
1.002739348221646907e+02 8.711398878253383771e+01
1.001846619689472391e+02 8.706892929209713827e+01
1.000953891157297875e+02 8.702386980166043884e+01
1.000061162625123359e+02 8.697881031122373940e+01
9.991684340929488428e+01 8.693375082078703997e+01
9.982757055607743268e+01 8.688869133035034054e+01
9.973829770285998109e+01 8.684363183991364110e+01
9.964902484964252949e+01 8.679857234947694167e+01
9.955975199642507789e+01 8.675351285904024223e+01
9.947047914320762629e+01 8.670845336860354280e+01
9.938120628999017470e+01 8.666339387816684336e+01
9.929193343677272310e+01 8.661833438773014393e+01
9.920266058355527150e+01 8.657327489729344450e+01
9.911338773033781990e+01 8.652821540685674506e+01
9.902411487712036831e+01 8.648315591642004563e+01
9.893484202390291671e+01 8.643809642598334619e+01
9.884556917068546511e+01 8.639303693554664676e+01
9.875629631746801351e+01 8.634797744510994733e+01
9.866702346425056191e+01 8.630291795467324789e+01
9.857775061103311032e+01 8.625785846423654846e+01
9.848847775781565872e+01 8.621279897379984902e+01
9.839920490459820712e+01 8.616773948336314959e+01
9.830993205138075552e+01 8.612267999292645015e+01
9.822065919816330393e+01 8.607762050248975072e+01
9.813138634494585233e+01 8.603256101205305129e+01
9.804211349172840073e+01 8.598750152161635185e+01
9.795284063851094913e+01 8.594244203117965242e+01
9.786356778529349754e+01 8.589738254074295298e+01
9.777429493207604594e+01 8.585232305030625355e+01
9.768502207885859434e+01 8.580726355986955411e+01
9.759574922564114274e+01 8.576220406943285468e+01
9.750647637242369115e+01 8.571714457899615525e+01
9.741720351920623955e+01 8.567208508855945581e+01
9.732793066598878795e+01 8.562702559812275638e+01
9.723865781277133635e+01 8.558196610768605694e+01
9.714938495955388476e+01 8.553690661724935751e+01
9.706011210633643316e+01 8.549184712681265808e+01
9.697083925311898156e+01 8.544678763637595864e+01
9.688156639990152996e+01 8.540172814593925921e+01
9.679229354668407836e+01 8.535666865550255977e+01
9.670302069346662677e+01 8.531160916506586034e+01
9.661374784024917517e+01 8.526654967462916090e+01
9.652447498703172357e+01 8.522149018419246147e+01
9.643520213381427197e+01 8.517643069375576204e+01
9.634592928059682038e+01 8.513137120331906260e+01
9.625665642737936878e+01 8.508631171288236317e+01
9.616738357416191718e+01 8.504125222244566373e+01
9.607811072094446558e+01 8.499619273200896430e+01
9.598883786772701399e+01 8.495113324157226486e+01
9.589956501450956239e+01 8.490607375113556543e+01
9.581029216129211079e+01 8.486101426069886600e+01
9.572101930807465919e+01 8.481595477026216656e+01
9.563174645485720760e+01 8.477089527982546713e+01
9.554247360163975600e+01 8.472583578938876769e+01
9.545320074842230440e+01 8.468077629895206826e+01
9.536392789520485280e+01 8.463571680851536883e+01
9.527465504198740121e+01 8.459065731807866939e+01
9.518538218876994961e+01 8.454559782764196996e+01
9.509610933555249801e+01 8.450053833720527052e+01
9.500683648233504641e+01 8.445547884676857109e+01
9.491756362911759481e+01 8.441041935633187165e+01
9.482829077590014322e+01 8.436535986589517222e+01
9.473901792268269162e+01 8.432030037545847279e+01
9.464974506946524002e+01 8.427524088502177335e+01
9.456047221624778842e+01 8.423018139458507392e+01
9.447119936303033683e+01 8.418512190414837448e+01
9.438192650981288523e+01 8.414006241371167505e+01
9.429265365659543363e+01 8.409500292327497561e+01
9.420338080337798203e+01 8.404994343283827618e+01
9.411410795016053044e+01 8.400488394240157675e+01
9.402483509694307884e+01 8.395982445196487731e+01
9.393556224372562724e+01 8.391476496152817788e+01
9.384628939050817564e+01 8.386970547109147844e+01
9.375701653729072405e+01 8.382464598065477901e+01
9.366774368407327245e+01 8.377958649021807958e+01
9.357847083085582085e+01 8.373452699978138014e+01
9.348919797763836925e+01 8.368946750934468071e+01
9.339992512442091765e+01 8.364440801890798127e+01
9.331065227120346606e+01 8.359934852847128184e+01
9.322137941798601446e+01 8.355428903803458240e+01
9.313210656476856286e+01 8.350922954759788297e+01
9.304283371155111126e+01 8.346417005716118354e+01
9.295356085833365967e+01 8.341911056672448410e+01
9.286428800511620807e+01 8.337405107628778467e+01
9.277501515189875647e+01 8.332899158585108523e+01
9.268574229868130487e+01 8.328393209541438580e+01
9.259646944546385328e+01 8.323887260497768636e+01
9.250719659224640168e+01 8.319381311454098693e+01
9.241792373902895008e+01 8.314875362410428750e+01
9.232865088581149848e+01 8.310369413366758806e+01
9.223937803259404689e+01 8.305863464323088863e+01
9.215010517937659529e+01 8.301357515279418919e+01
9.206083232615914369e+01 8.296851566235748976e+01
9.197155947294169209e+01 8.292345617192079033e+01
9.188228661972424050e+01 8.287839668148409089e+01
9.179301376650678890e+01 8.283333719104739146e+01
9.170374091328933730e+01 8.278827770061069202e+01
9.161446806007188570e+01 8.274321821017399259e+01
9.152519520685443410e+01 8.269815871973729315e+01
9.143592235363698251e+01 8.265309922930059372e+01
9.134664950041953091e+01 8.260803973886389429e+01
9.125737664720207931e+01 8.256298024842719485e+01
9.116810379398462771e+01 8.251792075799049542e+01
9.107883094076717612e+01 8.247286126755379598e+01
9.098955808754972452e+01 8.242780177711709655e+01
9.090028523433227292e+01 8.238274228668039711e+01
9.081101238111482132e+01 8.233768279624369768e+01
9.072173952789736973e+01 8.229262330580699825e+01
9.063246667467991813e+01 8.224756381537029881e+01
9.054319382146246653e+01 8.220250432493359938e+01
9.045392096824501493e+01 8.215744483449689994e+01
9.036464811502756334e+01 8.211238534406020051e+01
9.027537526181011174e+01 8.206732585362350108e+01
9.018610240859266014e+01 8.202226636318680164e+01
9.009682955537520854e+01 8.197720687275010221e+01
9.000755670215775694e+01 8.193214738231340277e+01
8.991828384894030535e+01 8.188708789187670334e+01
8.982901099572285375e+01 8.184202840144000390e+01
8.973973814250540215e+01 8.179696891100330447e+01
8.965046528928795055e+01 8.175190942056660504e+01
8.956119243607049896e+01 8.170684993012990560e+01
8.947191958285304736e+01 8.166179043969320617e+01
8.938264672963559576e+01 8.161673094925650673e+01
8.929337387641814416e+01 8.157167145881980730e+01
8.920410102320069257e+01 8.152661196838310786e+01
8.911482816998324097e+01 8.148155247794640843e+01
8.902555531676578937e+01 8.143649298750970900e+01
8.893628246354833777e+01 8.139143349707300956e+01
8.884700961033088618e+01 8.134637400663631013e+01
8.875773675711343458e+01 8.130131451619961069e+01
8.866846390389598298e+01 8.125625502576291126e+01
8.857919105067853138e+01 8.121119553532621183e+01
8.848991819746107979e+01 8.116613604488951239e+01
8.840064534424362819e+01 8.112107655445281296e+01
8.831137249102617659e+01 8.107601706401611352e+01
8.822209963780872499e+01 8.103095757357941409e+01
8.813282678459127339e+01 8.098589808314271465e+01
8.804355393137382180e+01 8.094083859270601522e+01
8.795428107815637020e+01 8.089577910226931579e+01
8.786500822493891860e+01 8.085071961183261635e+01
8.777573537172146700e+01 8.080566012139591692e+01
8.768646251850401541e+01 8.076060063095921748e+01
8.759718966528656381e+01 8.071554114052251805e+01
8.750791681206911221e+01 8.067048165008581861e+01
8.741864395885166061e+01 8.062542215964911918e+01
8.732937110563420902e+01 8.058036266921241975e+01
8.724009825241675742e+01 8.053530317877572031e+01
8.715082539919930582e+01 8.049024368833902088e+01
8.702067036135042599e+01 8.042454936501634677e+01
8.707926696690934421e+01 8.034351580519714275e+01
8.713786357246826242e+01 8.026248224537793874e+01
8.719646017802718063e+01 8.018144868555873472e+01
8.725505678358609885e+01 8.010041512573953071e+01
8.731365338914501706e+01 8.001938156592032669e+01
8.737224999470393527e+01 7.993834800610112268e+01
8.743084660026285349e+01 7.985731444628191866e+01
8.748944320582177170e+01 7.977628088646271465e+01
8.754803981138068991e+01 7.969524732664351063e+01
8.760663641693960813e+01 7.961421376682430662e+01
8.766523302249852634e+01 7.953318020700510260e+01
8.772382962805744455e+01 7.945214664718589859e+01
8.778242623361636277e+01 7.937111308736669457e+01
8.784102283917528098e+01 7.929007952754749056e+01
8.789961944473419919e+01 7.920904596772828654e+01
8.795821605029311741e+01 7.912801240790908253e+01
8.801681265585203562e+01 7.904697884808987851e+01
8.807540926141095383e+01 7.896594528827067450e+01
8.813400586696987205e+01 7.888491172845147048e+01
8.819260247252879026e+01 7.880387816863226647e+01
8.825119907808770847e+01 7.872284460881306245e+01
8.830979568364662669e+01 7.864181104899385844e+01
8.836839228920554490e+01 7.856077748917465442e+01
8.842698889476446311e+01 7.847974392935545040e+01
8.848558550032338132e+01 7.839871036953624639e+01
8.854418210588229954e+01 7.831767680971704237e+01
8.860277871144121775e+01 7.823664324989783836e+01
8.866137531700013596e+01 7.815560969007863434e+01
8.871997192255905418e+01 7.807457613025943033e+01
8.877856852811797239e+01 7.799354257044022631e+01
8.883716513367689060e+01 7.791250901062102230e+01
8.889576173923580882e+01 7.783147545080181828e+01
8.895435834479472703e+01 7.775044189098261427e+01
8.901295495035364524e+01 7.766940833116341025e+01
8.907155155591256346e+01 7.758837477134420624e+01
8.913014816147148167e+01 7.750734121152500222e+01
8.918874476703039988e+01 7.742630765170579821e+01
8.924734137258931810e+01 7.734527409188659419e+01
8.930593797814823631e+01 7.726424053206739018e+01
8.936453458370715452e+01 7.718320697224818616e+01
8.942313118926607274e+01 7.710217341242898215e+01
8.948172779482499095e+01 7.702113985260977813e+01
8.954032440038390916e+01 7.694010629279057412e+01
8.959892100594282738e+01 7.685907273297137010e+01
8.965751761150174559e+01 7.677803917315216609e+01
8.971611421706066380e+01 7.669700561333296207e+01
8.977471082261958202e+01 7.661597205351375806e+01
8.983330742817850023e+01 7.653493849369455404e+01
8.989190403373741844e+01 7.645390493387535003e+01
8.995050063929633666e+01 7.637287137405614601e+01
9.000909724485525487e+01 7.629183781423694199e+01
9.006769385041417308e+01 7.621080425441773798e+01
9.012629045597309130e+01 7.612977069459853396e+01
9.018488706153200951e+01 7.604873713477932995e+01
9.024348366709092772e+01 7.596770357496012593e+01
9.030208027264984594e+01 7.588667001514092192e+01
9.036067687820876415e+01 7.580563645532171790e+01
9.041927348376768236e+01 7.572460289550251389e+01
9.047787008932660058e+01 7.564356933568330987e+01
9.053646669488551879e+01 7.556253577586410586e+01
9.059506330044443700e+01 7.548150221604490184e+01
9.065365990600335522e+01 7.540046865622569783e+01
9.071225651156227343e+01 7.531943509640649381e+01
9.077085311712119164e+01 7.523840153658728980e+01
9.082944972268010986e+01 7.515736797676808578e+01
9.088804632823902807e+01 7.507633441694888177e+01
9.094664293379794628e+01 7.499530085712967775e+01
9.100523953935686450e+01 7.491426729731047374e+01
9.106383614491578271e+01 7.483323373749126972e+01
9.112243275047470092e+01 7.475220017767206571e+01
9.118102935603361914e+01 7.467116661785286169e+01
9.123962596159253735e+01 7.459013305803365768e+01
9.129822256715145556e+01 7.450909949821445366e+01
9.135681917271037378e+01 7.442806593839524965e+01
9.141541577826929199e+01 7.434703237857604563e+01
9.147401238382821020e+01 7.426599881875684162e+01
9.153260898938712842e+01 7.418496525893763760e+01
9.159120559494604663e+01 7.410393169911843358e+01
9.164980220050496484e+01 7.402289813929922957e+01
9.170839880606388306e+01 7.394186457948002555e+01
9.176699541162280127e+01 7.386083101966082154e+01
9.182559201718171948e+01 7.377979745984161752e+01
9.188418862274063770e+01 7.369876390002241351e+01
9.194278522829955591e+01 7.361773034020320949e+01
9.200138183385847412e+01 7.353669678038400548e+01
9.205997843941739234e+01 7.345566322056480146e+01
9.211857504497631055e+01 7.337462966074559745e+01
9.217717165053522876e+01 7.329359610092639343e+01
9.223576825609414698e+01 7.321256254110718942e+01
9.229436486165306519e+01 7.313152898128798540e+01
9.235296146721198340e+01 7.305049542146878139e+01
9.241155807277090162e+01 7.296946186164957737e+01
9.247015467832981983e+01 7.288842830183037336e+01
9.252875128388873804e+01 7.280739474201116934e+01
9.258734788944765626e+01 7.272636118219196533e+01
9.264594449500657447e+01 7.264532762237276131e+01
9.270454110056549268e+01 7.256429406255355730e+01
9.276313770612441090e+01 7.248326050273435328e+01
9.282173431168332911e+01 7.240222694291514927e+01
9.288033091724224732e+01 7.232119338309594525e+01
9.293892752280116554e+01 7.224015982327674124e+01
9.299752412836008375e+01 7.215912626345753722e+01
9.305612073391900196e+01 7.207809270363833321e+01
9.311471733947792018e+01 7.199705914381912919e+01
9.317331394503683839e+01 7.191602558399992517e+01
9.323191055059575660e+01 7.183499202418072116e+01
9.329050715615467482e+01 7.175395846436151714e+01
9.334910376171359303e+01 7.167292490454231313e+01
9.340770036727251124e+01 7.159189134472310911e+01
9.346629697283142946e+01 7.151085778490390510e+01
9.352489357839034767e+01 7.142982422508470108e+01
9.358349018394926588e+01 7.134879066526549707e+01
9.364208678950818410e+01 7.126775710544629305e+01
9.370068339506710231e+01 7.118672354562708904e+01
9.375928000062602052e+01 7.110568998580788502e+01
9.381787660618493874e+01 7.102465642598868101e+01
9.387647321174385695e+01 7.094362286616947699e+01
9.393506981730277516e+01 7.086258930635027298e+01
9.399366642286169338e+01 7.078155574653106896e+01
9.405226302842061159e+01 7.070052218671186495e+01
9.411085963397952980e+01 7.061948862689266093e+01
9.416945623953844802e+01 7.053845506707345692e+01
9.422805284509736623e+01 7.045742150725425290e+01
9.428664945065628444e+01 7.037638794743504889e+01
9.434524605621520266e+01 7.029535438761584487e+01
9.440384266177412087e+01 7.021432082779664086e+01
9.446243926733303908e+01 7.013328726797743684e+01
9.452103587289195730e+01 7.005225370815823283e+01
9.457963247845087551e+01 6.997122014833902881e+01
9.463822908400979372e+01 6.989018658851982480e+01
9.469682568956871194e+01 6.980915302870062078e+01
9.475542229512763015e+01 6.972811946888141676e+01
9.481401890068654836e+01 6.964708590906221275e+01
9.487261550624546658e+01 6.956605234924300873e+01
9.493121211180438479e+01 6.948501878942380472e+01
9.498980871736330300e+01 6.940398522960460070e+01
9.504840532292222122e+01 6.932295166978539669e+01
9.510700192848113943e+01 6.924191810996619267e+01
9.516559853404005764e+01 6.916088455014698866e+01
9.522419513959897586e+01 6.907985099032778464e+01
9.528279174515789407e+01 6.899881743050858063e+01
9.534138835071681228e+01 6.891778387068937661e+01
9.539998495627573050e+01 6.883675031087017260e+01
9.545858156183464871e+01 6.875571675105096858e+01
9.551717816739356692e+01 6.867468319123176457e+01
9.557577477295248514e+01 6.859364963141256055e+01
9.563437137851140335e+01 6.851261607159335654e+01
9.569296798407032156e+01 6.843158251177415252e+01
9.575156458962923978e+01 6.835054895195494851e+01
9.581016119518815799e+01 6.826951539213574449e+01
9.586875780074707620e+01 6.818848183231654048e+01
9.592735440630599442e+01 6.810744827249733646e+01
9.598595101186491263e+01 6.802641471267813245e+01
9.604454761742383084e+01 6.794538115285892843e+01
9.610314422298274906e+01 6.786434759303972442e+01
9.616174082854166727e+01 6.778331403322052040e+01
9.622033743410058548e+01 6.770228047340131639e+01
9.627893403965950370e+01 6.762124691358211237e+01
9.633753064521842191e+01 6.754021335376290835e+01
9.639612725077734012e+01 6.745917979394370434e+01
9.645472385633625834e+01 6.737814623412450032e+01
9.651332046189517655e+01 6.729711267430529631e+01
9.657191706745409476e+01 6.721607911448609229e+01
9.663051367301301298e+01 6.713504555466688828e+01
9.668911027857193119e+01 6.705401199484768426e+01
9.674770688413084940e+01 6.697297843502848025e+01
9.680630348968976762e+01 6.689194487520927623e+01
9.686490009524868583e+01 6.681091131539007222e+01
9.692349670080760404e+01 6.672987775557086820e+01
9.698209330636652226e+01 6.664884419575166419e+01
9.704068991192544047e+01 6.656781063593246017e+01
9.709928651748435868e+01 6.648677707611325616e+01
9.715788312304327690e+01 6.640574351629405214e+01
9.721647972860219511e+01 6.632470995647484813e+01
9.727507633416111332e+01 6.624367639665564411e+01
9.733367293972003154e+01 6.616264283683644010e+01
9.739226954527894975e+01 6.608160927701723608e+01
9.745086615083786796e+01 6.600057571719803207e+01
9.750946275639678618e+01 6.591954215737882805e+01
9.756805936195570439e+01 6.583850859755962404e+01
9.762665596751462260e+01 6.575747503774042002e+01
9.768525257307354082e+01 6.567644147792121601e+01
9.774384917863245903e+01 6.559540791810201199e+01
9.780244578419137724e+01 6.551437435828280798e+01
9.786104238975029546e+01 6.543334079846360396e+01
9.791963899530921367e+01 6.535230723864439994e+01
9.797823560086813188e+01 6.527127367882519593e+01
9.803683220642705010e+01 6.519024011900599191e+01
9.809542881198596831e+01 6.510920655918678790e+01
9.815402541754488652e+01 6.502817299936758388e+01
9.821262202310380474e+01 6.494713943954837987e+01
9.827121862866272295e+01 6.486610587972917585e+01
9.832981523422164116e+01 6.478507231990997184e+01
9.838841183978055938e+01 6.470403876009076782e+01
9.844700844533947759e+01 6.462300520027156381e+01
9.850560505089839580e+01 6.454197164045235979e+01
9.856420165645731402e+01 6.446093808063315578e+01
9.862279826201623223e+01 6.437990452081395176e+01
9.868139486757515044e+01 6.429887096099474775e+01
9.873999147313406866e+01 6.421783740117554373e+01
9.879858807869298687e+01 6.413680384135633972e+01
9.885718468425190508e+01 6.405577028153713570e+01
9.891578128981082330e+01 6.397473672171793169e+01
9.897437789536974151e+01 6.389370316189872767e+01
9.903297450092865972e+01 6.381266960207952366e+01
9.909157110648757794e+01 6.373163604226031964e+01
9.915016771204649615e+01 6.365060248244111563e+01
9.920876431760541436e+01 6.356956892262191161e+01
9.926736092316433258e+01 6.348853536280270760e+01
9.932595752872325079e+01 6.340750180298350358e+01
9.938455413428216900e+01 6.332646824316429957e+01
9.944315073984108722e+01 6.324543468334509555e+01
9.950174734540000543e+01 6.316440112352589153e+01
9.956034395095892364e+01 6.308336756370668752e+01
9.961894055651784186e+01 6.300233400388748350e+01
9.967753716207676007e+01 6.292130044406827949e+01
9.973613376763567828e+01 6.284026688424907547e+01
9.979473037319459650e+01 6.275923332442987146e+01
9.985332697875351471e+01 6.267819976461066744e+01
9.991192358431243292e+01 6.259716620479146343e+01
9.997052018987135114e+01 6.251613264497225941e+01
1.000291167954302693e+02 6.243509908515305540e+01
1.000877134009891876e+02 6.235406552533385138e+01
1.001463100065481058e+02 6.227303196551464737e+01
1.002049066121070240e+02 6.219199840569544335e+01
1.002635032176659422e+02 6.211096484587623934e+01
1.003220998232248604e+02 6.202993128605703532e+01
1.003806964287837786e+02 6.194889772623783131e+01
1.004392930343426968e+02 6.186786416641862729e+01
1.004978896399016151e+02 6.178683060659942328e+01
1.005564862454605333e+02 6.170579704678021926e+01
1.006150828510194515e+02 6.162476348696101525e+01
1.006736794565783697e+02 6.154372992714181123e+01
1.007322760621372879e+02 6.146269636732260722e+01
1.007908726676962061e+02 6.138166280750340320e+01
1.008494692732551243e+02 6.130062924768419919e+01
1.009080658788140425e+02 6.121959568786499517e+01
1.009666624843729608e+02 6.113856212804579116e+01
1.010252590899318790e+02 6.105752856822658714e+01
1.010838556954907972e+02 6.097649500840738312e+01
1.011424523010497154e+02 6.089546144858817911e+01
1.012010489066086336e+02 6.081442788876897509e+01
1.012596455121675518e+02 6.073339432894977108e+01
1.013182421177264700e+02 6.065236076913056706e+01
1.013768387232853883e+02 6.057132720931136305e+01
1.014354353288443065e+02 6.049029364949215903e+01
1.014940319344032247e+02 6.040926008967295502e+01
1.015526285399621429e+02 6.032822652985375100e+01
1.016112251455210611e+02 6.024719297003454699e+01
1.016698217510799793e+02 6.016615941021534297e+01
1.017284183566388975e+02 6.008512585039613896e+01
1.017870149621978157e+02 6.000409229057693494e+01
1.018456115677567340e+02 5.992305873075773093e+01
1.019042081733156522e+02 5.984202517093852691e+01
1.019628047788745704e+02 5.976099161111932290e+01
1.020214013844334886e+02 5.967995805130011888e+01
1.020799979899924068e+02 5.959892449148091487e+01
1.021938365509134599e+02 5.944149653557609980e+01
1.022437432670010793e+02 5.952815286650090343e+01
1.022936499830886987e+02 5.961480919742570705e+01
1.023435566991763181e+02 5.970146552835051068e+01
1.023934634152639376e+02 5.978812185927531431e+01
1.024433701313515570e+02 5.987477819020011793e+01
1.024932768474391764e+02 5.996143452112492156e+01
1.025431835635267959e+02 6.004809085204972519e+01
1.025930902796144153e+02 6.013474718297452881e+01
1.026429969957020347e+02 6.022140351389933244e+01
1.026929037117896542e+02 6.030805984482413606e+01
1.027428104278772736e+02 6.039471617574893969e+01
1.027927171439648930e+02 6.048137250667374332e+01
1.028426238600525124e+02 6.056802883759854694e+01
1.028925305761401319e+02 6.065468516852335057e+01
1.029424372922277513e+02 6.074134149944815420e+01
1.029923440083153707e+02 6.082799783037295782e+01
1.030422507244029902e+02 6.091465416129776145e+01
1.030921574404906096e+02 6.100131049222256507e+01
1.031420641565782290e+02 6.108796682314736870e+01
1.031919708726658484e+02 6.117462315407217233e+01
1.032418775887534679e+02 6.126127948499697595e+01
1.032917843048410873e+02 6.134793581592177958e+01
1.033416910209287067e+02 6.143459214684658320e+01
1.033915977370163262e+02 6.152124847777138683e+01
1.034415044531039456e+02 6.160790480869619046e+01
1.034914111691915650e+02 6.169456113962099408e+01
1.035413178852791845e+02 6.178121747054579771e+01
1.035912246013668039e+02 6.186787380147060134e+01
1.036411313174544233e+02 6.195453013239540496e+01
1.036910380335420427e+02 6.204118646332020859e+01
1.037409447496296622e+02 6.212784279424501221e+01
1.037908514657172816e+02 6.221449912516981584e+01
1.038407581818049010e+02 6.230115545609461947e+01
1.038906648978925205e+02 6.238781178701942309e+01
1.039405716139801399e+02 6.247446811794422672e+01
1.039904783300677593e+02 6.256112444886903035e+01
1.040403850461553787e+02 6.264778077979383397e+01
1.040902917622429982e+02 6.273443711071863760e+01
1.041401984783306176e+02 6.282109344164344122e+01
1.041901051944182370e+02 6.290774977256824485e+01
1.042400119105058565e+02 6.299440610349304848e+01
1.042899186265934759e+02 6.308106243441785210e+01
1.043398253426810953e+02 6.316771876534265573e+01
1.043897320587687148e+02 6.325437509626745936e+01
1.044396387748563342e+02 6.334103142719226298e+01
1.044895454909439536e+02 6.342768775811706661e+01
1.045394522070315730e+02 6.351434408904187023e+01
1.045893589231191925e+02 6.360100041996667386e+01
1.046392656392068119e+02 6.368765675089147749e+01
1.046891723552944313e+02 6.377431308181628111e+01
1.047390790713820508e+02 6.386096941274108474e+01
1.047889857874696702e+02 6.394762574366588836e+01
1.048388925035572896e+02 6.403428207459069199e+01
1.048887992196449090e+02 6.412093840551550272e+01
1.049387059357325285e+02 6.420759473644031345e+01
1.049886126518201479e+02 6.429425106736512419e+01
1.050385193679077673e+02 6.438090739828993492e+01
1.050884260839953868e+02 6.446756372921474565e+01
1.051383328000830062e+02 6.455422006013955638e+01
1.051882395161706256e+02 6.464087639106436711e+01
1.052381462322582450e+02 6.472753272198917784e+01
1.052880529483458645e+02 6.481418905291398858e+01
1.053379596644334839e+02 6.490084538383879931e+01
1.053878663805211033e+02 6.498750171476361004e+01
1.054377730966087228e+02 6.507415804568842077e+01
1.054876798126963422e+02 6.516081437661323150e+01
1.055375865287839616e+02 6.524747070753804223e+01
1.055874932448715811e+02 6.533412703846285297e+01
1.056373999609592005e+02 6.542078336938766370e+01
1.056873066770468199e+02 6.550743970031247443e+01
1.057372133931344393e+02 6.559409603123728516e+01
1.057871201092220588e+02 6.568075236216209589e+01
1.058370268253096782e+02 6.576740869308690662e+01
1.058869335413972976e+02 6.585406502401171736e+01
1.059368402574849171e+02 6.594072135493652809e+01
1.059867469735725365e+02 6.602737768586133882e+01
1.060366536896601559e+02 6.611403401678614955e+01
1.060865604057477753e+02 6.620069034771096028e+01
1.061364671218353948e+02 6.628734667863577101e+01
1.061863738379230142e+02 6.637400300956058175e+01
1.062362805540106336e+02 6.646065934048539248e+01
1.062861872700982531e+02 6.654731567141020321e+01
1.063360939861858725e+02 6.663397200233501394e+01
1.063860007022734919e+02 6.672062833325982467e+01
1.064359074183611114e+02 6.680728466418463540e+01
1.064858141344487308e+02 6.689394099510944613e+01
1.065357208505363502e+02 6.698059732603425687e+01
1.065856275666239696e+02 6.706725365695906760e+01
1.066355342827115891e+02 6.715390998788387833e+01
1.066854409987992085e+02 6.724056631880868906e+01
1.067353477148868279e+02 6.732722264973349979e+01
1.067852544309744474e+02 6.741387898065831052e+01
1.068351611470620668e+02 6.750053531158312126e+01
1.068850678631496862e+02 6.758719164250793199e+01
1.069349745792373056e+02 6.767384797343274272e+01
1.069848812953249251e+02 6.776050430435755345e+01
1.070347880114125445e+02 6.784716063528236418e+01
1.070846947275001639e+02 6.793381696620717491e+01
1.071346014435877834e+02 6.802047329713198565e+01
1.071845081596754028e+02 6.810712962805679638e+01
1.072344148757630222e+02 6.819378595898160711e+01
1.072843215918506417e+02 6.828044228990641784e+01
1.073342283079382611e+02 6.836709862083122857e+01
1.073841350240258805e+02 6.845375495175603930e+01
1.074340417401134999e+02 6.854041128268085004e+01
1.074839484562011194e+02 6.862706761360566077e+01
1.075338551722887388e+02 6.871372394453047150e+01
1.075837618883763582e+02 6.880038027545528223e+01
1.076336686044639777e+02 6.888703660638009296e+01
1.076835753205515971e+02 6.897369293730490369e+01
1.077334820366392165e+02 6.906034926822971443e+01
1.077833887527268359e+02 6.914700559915452516e+01
1.078332954688144554e+02 6.923366193007933589e+01
1.078832021849020748e+02 6.932031826100414662e+01
1.079331089009896942e+02 6.940697459192895735e+01
1.079830156170773137e+02 6.949363092285376808e+01
1.080329223331649331e+02 6.958028725377857882e+01
1.080828290492525525e+02 6.966694358470338955e+01
1.081327357653401720e+02 6.975359991562820028e+01
1.081826424814277914e+02 6.984025624655301101e+01
1.082325491975154108e+02 6.992691257747782174e+01
1.082824559136030302e+02 7.001356890840263247e+01
1.083323626296906497e+02 7.010022523932744321e+01
1.083822693457782691e+02 7.018688157025225394e+01
1.084321760618658885e+02 7.027353790117706467e+01
1.084820827779535080e+02 7.036019423210187540e+01
1.085319894940411274e+02 7.044685056302668613e+01
1.085818962101287468e+02 7.053350689395149686e+01
1.086318029262163662e+02 7.062016322487630759e+01
1.086817096423039857e+02 7.070681955580111833e+01
1.087316163583916051e+02 7.079347588672592906e+01
1.087815230744792245e+02 7.088013221765073979e+01
1.088314297905668440e+02 7.096678854857555052e+01
1.088813365066544634e+02 7.105344487950036125e+01
1.089312432227420828e+02 7.114010121042517198e+01
1.089811499388297023e+02 7.122675754134998272e+01
1.090310566549173217e+02 7.131341387227479345e+01
1.090809633710049411e+02 7.140007020319960418e+01
1.091308700870925605e+02 7.148672653412441491e+01
1.091807768031801800e+02 7.157338286504922564e+01
1.092306835192677994e+02 7.166003919597403637e+01
1.092805902353554188e+02 7.174669552689884711e+01
1.093304969514430383e+02 7.183335185782365784e+01
1.093804036675306577e+02 7.192000818874846857e+01
1.094303103836182771e+02 7.200666451967327930e+01
1.094802170997058965e+02 7.209332085059809003e+01
1.095301238157935160e+02 7.217997718152290076e+01
1.095800305318811354e+02 7.226663351244771150e+01
1.096299372479687548e+02 7.235328984337252223e+01
1.096798439640563743e+02 7.243994617429733296e+01
1.097297506801439937e+02 7.252660250522214369e+01
1.097796573962316131e+02 7.261325883614695442e+01
1.098295641123192325e+02 7.269991516707176515e+01
1.098794708284068520e+02 7.278657149799657589e+01
1.099293775444944714e+02 7.287322782892138662e+01
1.099792842605820908e+02 7.295988415984619735e+01
1.100291909766697103e+02 7.304654049077100808e+01
1.100790976927573297e+02 7.313319682169581881e+01
1.101290044088449491e+02 7.321985315262062954e+01
1.101789111249325686e+02 7.330650948354544028e+01
1.102288178410201880e+02 7.339316581447025101e+01
1.102787245571078074e+02 7.347982214539506174e+01
1.103286312731954268e+02 7.356647847631987247e+01
1.103785379892830463e+02 7.365313480724468320e+01
1.104284447053706657e+02 7.373979113816949393e+01
1.104783514214582851e+02 7.382644746909430467e+01
1.105282581375459046e+02 7.391310380001911540e+01
1.105781648536335240e+02 7.399976013094392613e+01
1.106280715697211434e+02 7.408641646186873686e+01
1.106779782858087628e+02 7.417307279279354759e+01
1.107278850018963823e+02 7.425972912371835832e+01
1.107777917179840017e+02 7.434638545464316906e+01
1.108276984340716211e+02 7.443304178556797979e+01
1.108776051501592406e+02 7.451969811649279052e+01
1.109275118662468600e+02 7.460635444741760125e+01
1.109774185823344794e+02 7.469301077834241198e+01
1.110273252984220989e+02 7.477966710926722271e+01
1.110772320145097183e+02 7.486632344019203344e+01
1.111271387305973377e+02 7.495297977111684418e+01
1.111770454466849571e+02 7.503963610204165491e+01
1.112269521627725766e+02 7.512629243296646564e+01
1.112768588788601960e+02 7.521294876389127637e+01
1.113267655949478154e+02 7.529960509481608710e+01
1.113766723110354349e+02 7.538626142574089783e+01
1.114265790271230543e+02 7.547291775666570857e+01
1.114764857432106737e+02 7.555957408759051930e+01
1.115263924592982931e+02 7.564623041851533003e+01
1.115762991753859126e+02 7.573288674944014076e+01
1.116262058914735320e+02 7.581954308036495149e+01
1.116761126075611514e+02 7.590619941128976222e+01
1.117260193236487709e+02 7.599285574221457296e+01
1.117759260397363903e+02 7.607951207313938369e+01
1.118258327558240097e+02 7.616616840406419442e+01
1.118757394719116292e+02 7.625282473498900515e+01
1.119256461879992486e+02 7.633948106591381588e+01
1.119755529040868680e+02 7.642613739683862661e+01
1.120254596201744874e+02 7.651279372776343735e+01
1.120753663362621069e+02 7.659945005868824808e+01
1.121252730523497263e+02 7.668610638961305881e+01
1.121751797684373457e+02 7.677276272053786954e+01
1.122250864845249652e+02 7.685941905146268027e+01
1.122749932006125846e+02 7.694607538238749100e+01
1.123248999167002040e+02 7.703273171331230174e+01
1.123748066327878234e+02 7.711938804423711247e+01
1.124247133488754429e+02 7.720604437516192320e+01
1.124746200649630623e+02 7.729270070608673393e+01
1.125245267810506817e+02 7.737935703701154466e+01
1.125744334971383012e+02 7.746601336793635539e+01
1.126243402132259206e+02 7.755266969886116613e+01
1.126742469293135400e+02 7.763932602978597686e+01
1.127241536454011595e+02 7.772598236071078759e+01
1.127740603614887789e+02 7.781263869163559832e+01
1.128239670775763983e+02 7.789929502256040905e+01
1.128738737936640177e+02 7.798595135348521978e+01
1.129237805097516372e+02 7.807260768441003052e+01
1.129736872258392566e+02 7.815926401533484125e+01
1.130235939419268760e+02 7.824592034625965198e+01
1.130735006580144955e+02 7.833257667718446271e+01
1.131234073741021149e+02 7.841923300810927344e+01
1.131733140901897343e+02 7.850588933903408417e+01
1.132232208062773537e+02 7.859254566995889490e+01
1.132731275223649732e+02 7.867920200088370564e+01
1.133230342384525926e+02 7.876585833180851637e+01
1.133729409545402120e+02 7.885251466273332710e+01
1.134228476706278315e+02 7.893917099365813783e+01
1.134727543867154509e+02 7.902582732458294856e+01
1.135226611028030703e+02 7.911248365550775929e+01
1.135725678188906898e+02 7.919913998643257003e+01
1.136224745349783092e+02 7.928579631735738076e+01
1.136723812510659286e+02 7.937245264828219149e+01
1.137222879671535480e+02 7.945910897920700222e+01
1.137721946832411675e+02 7.954576531013181295e+01
1.138221013993287869e+02 7.963242164105662368e+01
1.138720081154164063e+02 7.971907797198143442e+01
1.139219148315040258e+02 7.980573430290624515e+01
1.139718215475916452e+02 7.989239063383105588e+01
1.140217282636792646e+02 7.997904696475586661e+01
1.140716349797668840e+02 8.006570329568067734e+01
1.141215416958545035e+02 8.015235962660548807e+01
1.141714484119421229e+02 8.023901595753029881e+01
1.142213551280297423e+02 8.032567228845510954e+01
1.142712618441173618e+02 8.041232861937992027e+01
1.143211685602049812e+02 8.049898495030473100e+01
1.143710752762926006e+02 8.058564128122954173e+01
1.144209819923802200e+02 8.067229761215435246e+01
1.144708887084678395e+02 8.075895394307916320e+01
1.145207954245554589e+02 8.084561027400397393e+01
1.145707021406430783e+02 8.093226660492878466e+01
1.146206088567306978e+02 8.101892293585359539e+01
1.146705155728183172e+02 8.110557926677840612e+01
1.147204222889059366e+02 8.119223559770321685e+01
1.147703290049935561e+02 8.127889192862802759e+01
1.148202357210811755e+02 8.136554825955283832e+01
1.148701424371687949e+02 8.145220459047764905e+01
1.149200491532564143e+02 8.153886092140245978e+01
1.149699558693440338e+02 8.162551725232727051e+01
1.150198625854316532e+02 8.171217358325208124e+01
1.150697693015192726e+02 8.179882991417689198e+01
1.151196760176068921e+02 8.188548624510170271e+01
1.151695827336945115e+02 8.197214257602651344e+01
1.152194894497821309e+02 8.205879890695132417e+01
1.152693961658697503e+02 8.214545523787613490e+01
1.153193028819573698e+02 8.223211156880094563e+01
1.153692095980449892e+02 8.231876789972575637e+01
1.154191163141326086e+02 8.240542423065056710e+01
1.154690230302202281e+02 8.249208056157537783e+01
1.155189297463078475e+02 8.257873689250018856e+01
1.155688364623954669e+02 8.266539322342499929e+01
1.156187431784830864e+02 8.275204955434981002e+01
1.156686498945707058e+02 8.283870588527462075e+01
1.157185566106583252e+02 8.292536221619943149e+01
1.157684633267459446e+02 8.301201854712424222e+01
1.158183700428335641e+02 8.309867487804905295e+01
1.158682767589211835e+02 8.318533120897386368e+01
1.159181834750088029e+02 8.327198753989867441e+01
1.159680901910964224e+02 8.335864387082348514e+01
1.160179969071840418e+02 8.344530020174829588e+01
1.160679036232716612e+02 8.353195653267310661e+01
1.161178103393592806e+02 8.361861286359791734e+01
1.161677170554469001e+02 8.370526919452272807e+01
1.162176237715345195e+02 8.379192552544753880e+01
1.162675304876221389e+02 8.387858185637234953e+01
1.163174372037097584e+02 8.396523818729716027e+01
1.163673439197973778e+02 8.405189451822197100e+01
1.164172506358849972e+02 8.413855084914678173e+01
1.164671573519726167e+02 8.422520718007159246e+01
1.165170640680602361e+02 8.431186351099640319e+01
1.165669707841478555e+02 8.439851984192121392e+01
1.166168775002354749e+02 8.448517617284602466e+01
1.166667842163230944e+02 8.457183250377083539e+01
1.167166909324107138e+02 8.465848883469564612e+01
1.167665976484983332e+02 8.474514516562045685e+01
1.168165043645859527e+02 8.483180149654526758e+01
1.168664110806735721e+02 8.491845782747007831e+01
1.169163177967611915e+02 8.500511415839488905e+01
1.169662245128488109e+02 8.509177048931969978e+01
1.170161312289364304e+02 8.517842682024451051e+01
1.170660379450240498e+02 8.526508315116932124e+01
1.171159446611116692e+02 8.535173948209413197e+01
1.171658513771992887e+02 8.543839581301894270e+01
1.172157580932869081e+02 8.552505214394375344e+01
1.172656648093745275e+02 8.561170847486856417e+01
1.173155715254621470e+02 8.569836480579337490e+01
1.173654782415497664e+02 8.578502113671818563e+01
1.174153849576373858e+02 8.587167746764299636e+01
1.174652916737250052e+02 8.595833379856780709e+01
1.175151983898126247e+02 8.604499012949261783e+01
1.175651051059002441e+02 8.613164646041742856e+01
1.176150118219878635e+02 8.621830279134223929e+01
1.176649185380754830e+02 8.630495912226705002e+01
1.177148252541631024e+02 8.639161545319186075e+01
1.177647319702507218e+02 8.647827178411667148e+01
1.178146386863383412e+02 8.656492811504148222e+01
1.178645454024259607e+02 8.665158444596629295e+01
1.179144521185135801e+02 8.673824077689110368e+01
1.179643588346011995e+02 8.682489710781591441e+01
1.180142655506888190e+02 8.691155343874072514e+01
1.180641722667764384e+02 8.699820976966553587e+01
1.181140789828640578e+02 8.708486610059034660e+01
1.181639856989516773e+02 8.717152243151515734e+01
1.182138924150392967e+02 8.725817876243996807e+01
1.182637991311269161e+02 8.734483509336477880e+01
1.183137058472145355e+02 8.743149142428958953e+01
1.183636125633021550e+02 8.751814775521440026e+01
1.184135192793897744e+02 8.760480408613921099e+01
1.184634259954773938e+02 8.769146041706402173e+01
1.185133327115650133e+02 8.777811674798883246e+01
1.185632394276526327e+02 8.786477307891364319e+01
1.186131461437402521e+02 8.795142940983845392e+01
1.186630528598278715e+02 8.803808574076326465e+01
1.187129595759154910e+02 8.812474207168807538e+01
1.187628662920031104e+02 8.821139840261288612e+01
1.188127730080907298e+02 8.829805473353769685e+01
1.188626797241783493e+02 8.838471106446250758e+01
1.189125864402659687e+02 8.847136739538731831e+01
1.189624931563535881e+02 8.855802372631212904e+01
1.190123998724412075e+02 8.864468005723693977e+01
1.190623065885288270e+02 8.873133638816175051e+01
1.191122133046164464e+02 8.881799271908656124e+01
1.191621200207040658e+02 8.890464905001137197e+01
1.192120267367916853e+02 8.899130538093618270e+01
1.192619334528793047e+02 8.907796171186099343e+01
1.193118401689669241e+02 8.916461804278580416e+01
1.193617468850545436e+02 8.925127437371061490e+01
1.194116536011421630e+02 8.933793070463542563e+01
1.194615603172297824e+02 8.942458703556023636e+01
1.195114670333174018e+02 8.951124336648504709e+01
1.195613737494050213e+02 8.959789969740985782e+01
1.196112804654926407e+02 8.968455602833466855e+01
1.196611871815802601e+02 8.977121235925947929e+01
1.197110938976678796e+02 8.985786869018429002e+01
1.197610006137554990e+02 8.994452502110910075e+01
1.198109073298431184e+02 9.003118135203391148e+01
1.198608140459307378e+02 9.011783768295872221e+01
1.199107207620183573e+02 9.020449401388353294e+01
1.199606274781059767e+02 9.029115034480834368e+01
1.200105341941935961e+02 9.037780667573315441e+01
1.200604409102812156e+02 9.046446300665796514e+01
1.201103476263688350e+02 9.055111933758277587e+01
1.201602543424564544e+02 9.063777566850758660e+01
1.202101610585440739e+02 9.072443199943239733e+01
1.202600677746316933e+02 9.081108833035720806e+01
1.203099744907193127e+02 9.089774466128201880e+01
1.203598812068069321e+02 9.098440099220682953e+01
1.204097879228945516e+02 9.107105732313164026e+01
1.204596946389821710e+02 9.115771365405645099e+01
1.205096013550697904e+02 9.124436998498126172e+01
1.205595080711574099e+02 9.133102631590607245e+01
1.206094147872450293e+02 9.141768264683088319e+01
1.206593215033326487e+02 9.150433897775569392e+01
1.207092282194202681e+02 9.159099530868050465e+01
1.207591349355078876e+02 9.167765163960531538e+01
1.208090416515955070e+02 9.176430797053012611e+01
1.208589483676831264e+02 9.185096430145493684e+01
1.209088550837707459e+02 9.193762063237974758e+01
1.209587617998583653e+02 9.202427696330455831e+01
1.210086685159459847e+02 9.211093329422936904e+01
1.210585752320336042e+02 9.219758962515417977e+01
1.211084819481212236e+02 9.228424595607899050e+01
1.211583886642088430e+02 9.237090228700380123e+01
1.212082953802964624e+02 9.245755861792861197e+01
1.212582020963840819e+02 9.254421494885342270e+01
1.213081088124717013e+02 9.263087127977823343e+01
1.213580155285593207e+02 9.271752761070304416e+01
1.214079222446469402e+02 9.280418394162785489e+01
1.214578289607345596e+02 9.289084027255266562e+01
1.215077356768221790e+02 9.297749660347747636e+01
1.215576423929097984e+02 9.306415293440228709e+01
1.216075491089974179e+02 9.315080926532709782e+01
1.216574558250850373e+02 9.323746559625190855e+01
1.217073625411726567e+02 9.332412192717671928e+01
1.217572692572602762e+02 9.341077825810153001e+01
1.218071759733478956e+02 9.349743458902634075e+01
1.218570826894355150e+02 9.358409091995115148e+01
1.219069894055231345e+02 9.367074725087596221e+01
1.219568961216107539e+02 9.375740358180077294e+01
1.220068028376983733e+02 9.384405991272558367e+01
1.220567095537859927e+02 9.393071624365039440e+01
1.221066162698736122e+02 9.401737257457520514e+01
1.221565229859612316e+02 9.410402890550001587e+01
1.222064297020488510e+02 9.419068523642482660e+01
1.222563364181364705e+02 9.427734156734963733e+01
1.223062431342240899e+02 9.436399789827444806e+01
1.223561498503117093e+02 9.445065422919925879e+01
1.224060565663993287e+02 9.453731056012406953e+01
1.224559632824869482e+02 9.462396689104888026e+01
1.225058699985745676e+02 9.471062322197369099e+01
1.225557767146621870e+02 9.479727955289850172e+01
1.226056834307498065e+02 9.488393588382331245e+01
1.226555901468374259e+02 9.497059221474812318e+01
1.227054968629250453e+02 9.505724854567293391e+01
1.227554035790126647e+02 9.514390487659774465e+01
1.228053102951002842e+02 9.523056120752255538e+01
1.228552170111879036e+02 9.531721753844736611e+01
1.229051237272755230e+02 9.540387386937217684e+01
1.229550304433631425e+02 9.549053020029698757e+01
1.230049371594507619e+02 9.557718653122179830e+01
1.230548438755383813e+02 9.566384286214660904e+01
1.231047505916260008e+02 9.575049919307141977e+01
1.231546573077136202e+02 9.583715552399623050e+01
1.232045640238012396e+02 9.592381185492104123e+01
1.232544707398888590e+02 9.601046818584585196e+01
1.233043774559764785e+02 9.609712451677066269e+01
1.233542841720640979e+02 9.618378084769547343e+01
1.234041908881517173e+02 9.627043717862028416e+01
1.234540976042393368e+02 9.635709350954509489e+01
1.235040043203269562e+02 9.644374984046990562e+01
1.235539110364145756e+02 9.653040617139471635e+01
1.236038177525021950e+02 9.661706250231952708e+01
1.236537244685898145e+02 9.670371883324433782e+01
1.237036311846774339e+02 9.679037516416914855e+01
1.237535379007650533e+02 9.687703149509395928e+01
1.238034446168526728e+02 9.696368782601877001e+01
1.238533513329402922e+02 9.705034415694358074e+01
1.239032580490279116e+02 9.713700048786839147e+01
1.239531647651155311e+02 9.722365681879320221e+01
1.240030714812031505e+02 9.731031314971801294e+01
1.240529781972907699e+02 9.739696948064282367e+01
1.241028849133783893e+02 9.748362581156763440e+01
1.241527916294660088e+02 9.757028214249244513e+01
1.242026983455536282e+02 9.765693847341725586e+01
1.242526050616412476e+02 9.774359480434206660e+01
1.243025117777288671e+02 9.783025113526687733e+01
1.243524184938164865e+02 9.791690746619168806e+01
1.244023252099041059e+02 9.800356379711649879e+01
1.244522319259917253e+02 9.809022012804130952e+01
1.245021386420793448e+02 9.817687645896612025e+01
1.245520453581669642e+02 9.826353278989093099e+01
1.246019520742545836e+02 9.835018912081574172e+01
1.246518587903422031e+02 9.843684545174055245e+01
1.247017655064298225e+02 9.852350178266536318e+01
1.247516722225174419e+02 9.861015811359017391e+01
1.248015789386050614e+02 9.869681444451498464e+01
1.248514856546926808e+02 9.878347077543979537e+01
1.249013923707803002e+02 9.887012710636460611e+01
1.249512990868679196e+02 9.895678343728941684e+01
1.250012058029555391e+02 9.904343976821422757e+01
1.250511125190431585e+02 9.913009609913903830e+01
1.251010192351307779e+02 9.921675243006384903e+01
1.251509259512183974e+02 9.930340876098865976e+01
1.252008326673060168e+02 9.939006509191347050e+01
1.252507393833936362e+02 9.947672142283828123e+01
1.253006460994812556e+02 9.956337775376309196e+01
1.253505528155688751e+02 9.965003408468790269e+01
1.254488794294860412e+02 9.982076508568307815e+01
