5.701007051920633018e+01 1.450000000000000000e+02
5.700985329389843059e+01 1.450999834592306570e+02
5.700920162207614794e+01 1.451999650306846092e+02
5.700811551604361682e+01 1.452999428266207360e+02
5.700659499630749139e+01 1.453999149593693119e+02
5.700464009157653322e+01 1.454998795413674202e+02
5.700225083876109977e+01 1.455998346851947645e+02
5.699942728297239114e+01 1.456997785036092807e+02
5.699616947752166141e+01 1.457997091095826647e+02
5.699247748391917412e+01 1.458996246163361548e+02
5.698835137187306543e+01 1.459995231373759736e+02
5.698379121928800117e+01 1.460994027865291685e+02
5.697879711226371313e+01 1.461992616779790239e+02
5.697336914509340033e+01 1.462990979263007603e+02
5.696750742026189585e+01 1.463989096464971738e+02
5.696121204844380514e+01 1.464986949540340788e+02
5.695448314850133897e+01 1.465984519648760624e+02
5.694732084748213197e+01 1.466981787955219545e+02
5.693972528061678418e+01 1.467978735630404117e+02
5.693169659131636706e+01 1.468975343851054447e+02
5.692323493116968791e+01 1.469971593800320591e+02
5.691434045994041924e+01 1.470967466668116117e+02
5.690501334556410029e+01 1.471962943651475086e+02
5.689525376414494673e+01 1.472958005954905616e+02
5.688506189995254658e+01 1.473952634790746004e+02
5.687443794541837150e+01 1.474946811379517726e+02
5.686338210113214586e+01 1.475940516950282131e+02
5.685189457583803119e+01 1.476933732740993435e+02
5.683997558643075365e+01 1.477926439998853141e+02
5.682762535795143322e+01 1.478918619980664459e+02
5.681484412358338432e+01 1.479910253953186157e+02
5.680163212464768918e+01 1.480901323193486121e+02
5.678798961059864325e+01 1.481891808989294645e+02
5.677391683901906561e+01 1.482881692639358278e+02
5.675941407561539620e+01 1.483870955453792249e+02
5.674448159421274340e+01 1.484859578754434324e+02
5.672911967674962597e+01 1.485847543875196379e+02
5.671332861327273633e+01 1.486834832162417115e+02
5.669710870193139840e+01 1.487821424975214768e+02
5.668046024897199686e+01 1.488807303685838974e+02
5.666338356873212945e+01 1.489792449680022060e+02
5.664587898363471652e+01 1.490776844357330617e+02
5.662794682418192593e+01 1.491760469131516516e+02
5.660958742894887763e+01 1.492743305430868475e+02
5.659080114457729849e+01 1.493725334698562506e+02
5.657158832576897112e+01 1.494706538393011215e+02
5.655194933527901924e+01 1.495686897988215946e+02
5.653188454390905093e+01 1.496666394974114667e+02
5.651139433050020244e+01 1.497645010856931833e+02
5.649047908192594036e+01 1.498622727159528836e+02
5.646913919308477858e+01 1.499599525421751594e+02
5.644737506689281759e+01 1.500575387200779005e+02
5.642518711427612743e+01 1.501550294071471683e+02
5.640257575416300995e+01 1.502524227626720688e+02
5.637954141347607617e+01 1.503497169477793136e+02
5.635608452712418881e+01 1.504469101254680652e+02
5.633220553799424124e+01 1.505440004606446394e+02
5.630790489694278733e+01 1.506409861201570095e+02
5.628318306278759309e+01 1.507378652728296515e+02
5.625804050229888276e+01 1.508346360894978773e+02
5.623247769019057785e+01 1.509312967430425090e+02
5.620649510911132296e+01 1.510278454084244117e+02
5.618009324963539086e+01 1.511242802627187700e+02
5.615327261025339567e+01 1.512205994851497337e+02
5.612603369736287107e+01 1.513168012571246095e+02
5.609837702525874903e+01 1.514128837622683079e+02
5.607030311612362539e+01 1.515088451864575916e+02
5.604181250001788328e+01 1.516046837178553517e+02
5.601290571486973136e+01 1.517003975469447994e+02
5.598358330646500036e+01 1.517959848665636002e+02
5.595384582843686871e+01 1.518914438719381224e+02
5.592369384225538909e+01 1.519867727607173151e+02
5.589312791721690843e+01 1.520819697330069005e+02
5.586214863043329615e+01 1.521770329914033084e+02
5.583075656682107990e+01 1.522719607410275842e+02
5.579895231909034692e+01 1.523667511895593236e+02
5.576673648773362402e+01 1.524614025472704384e+02
5.573410968101448049e+01 1.525559130270590629e+02
5.570107251495606704e+01 1.526502808444831771e+02
5.566762561332950554e+01 1.527445042177944003e+02
5.563376960764205847e+01 1.528385813679715568e+02
5.559950513712526288e+01 1.529325105187542988e+02
5.556483284872281558e+01 1.530262898966766443e+02
5.552975339707839453e+01 1.531199177311004576e+02
5.549426744452327398e+01 1.532133922542488449e+02
5.545837566106384031e+01 1.533067117012396352e+02
5.542207872436890170e+01 1.533998743101185482e+02
5.538537731975694101e+01 1.534928783218926185e+02
5.534827214018315544e+01 1.535857219805633349e+02
5.531076388622635420e+01 1.536784035331596954e+02
5.527285326607577787e+01 1.537709212297715453e+02
5.523454099551767627e+01 1.538632733235824048e+02
5.519582779792182947e+01 1.539554580709024947e+02
5.515671440422786986e+01 1.540474737312017339e+02
5.511720155293149048e+01 1.541393185671425385e+02
5.507728999007049708e+01 1.542309908446126485e+02
5.503698046921073228e+01 1.543224888327578412e+02
5.499627375143182206e+01 1.544138108040146733e+02
5.495517060531285836e+01 1.545049550341429949e+02
5.491367180691780447e+01 1.545959198022586349e+02
5.487177813978095031e+01 1.546867033908657731e+02
5.482949039489200516e+01 1.547773040858894262e+02
5.478680937068123313e+01 1.548677201767078486e+02
5.474373587300438260e+01 1.549579499561847342e+02
5.470027071512743078e+01 1.550479917207015035e+02
5.465641471771125026e+01 1.551378437701895052e+02
5.461216870879611918e+01 1.552275044081620763e+02
5.456753352378606792e+01 1.553169719417465160e+02
5.452251000543313353e+01 1.554062446817161458e+02
5.447709900382140802e+01 1.554953209425221701e+02
5.443130137635105115e+01 1.555841990423255083e+02
5.438511798772202610e+01 1.556728773030284572e+02
5.433854970991782807e+01 1.557613540503065792e+02
5.429159742218899254e+01 1.558496276136400809e+02
5.424426201103652545e+01 1.559376963263455025e+02
5.419654437019511306e+01 1.560255585256071527e+02
5.414844540061629630e+01 1.561132125525084859e+02
5.409996601045145326e+01 1.562006567520634519e+02
5.405110711503461829e+01 1.562878894732477022e+02
5.400186963686523711e+01 1.563749090690298260e+02
5.395225450559072300e+01 1.564617138964023582e+02
5.390226265798892769e+01 1.565483023164129008e+02
5.385189503795044175e+01 1.566346726941950180e+02
5.380115259646076709e+01 1.567208233989990447e+02
5.375003629158237572e+01 1.568067528042229810e+02
5.369854708843659807e+01 1.568924592874432165e+02
5.364668595918544725e+01 1.569779412304449693e+02
5.359445388301318758e+01 1.570631970192531242e+02
5.354185184610794579e+01 1.571482250441624728e+02
5.348888084164296686e+01 1.572330236997681823e+02
5.343554186975801201e+01 1.573175913849961489e+02
5.338183593754033041e+01 1.574019265031332111e+02
5.332776405900574446e+01 1.574860274618572760e+02
5.327332725507945099e+01 1.575698926732673328e+02
5.321852655357677264e+01 1.576535205539135518e+02
5.316336298918373870e+01 1.577369095248270980e+02
5.310783760343755233e+01 1.578200580115499463e+02
5.305195144470692981e+01 1.579029644441646667e+02
5.299570556817229772e+01 1.579856272573240119e+02
5.293910103580587645e+01 1.580680448902804471e+02
5.288213891635163577e+01 1.581502157869157088e+02
5.282482028530509410e+01 1.582321383957701357e+02
5.276714622489302542e+01 1.583138111700719151e+02
5.270911782405305246e+01 1.583952325677663566e+02
5.265073617841302678e+01 1.584764010515450252e+02
5.259200239027039459e+01 1.585573150888746454e+02
5.253291756857136363e+01 1.586379731520261771e+02
5.247348282888997062e+01 1.587183737181036065e+02
5.241369929340700651e+01 1.587985152690726238e+02
5.235356809088885655e+01 1.588783962917894428e+02
5.229309035666612715e+01 1.589580152780292224e+02
5.223226723261230120e+01 1.590373707245146022e+02
5.217109986712210912e+01 1.591164611329441527e+02
5.210958941508985731e+01 1.591952850100205410e+02
5.204773703788764294e+01 1.592738408674787820e+02
5.198554390334339814e+01 1.593521272221143477e+02
5.192301118571889162e+01 1.594301425958111622e+02
5.186014006568747448e+01 1.595078855155695692e+02
5.179693173031188991e+01 1.595853545135339857e+02
5.173338737302177037e+01 1.596625481270207842e+02
5.166950819359114178e+01 1.597394648985458048e+02
5.160529539811578559e+01 1.598161033758519523e+02
5.154075019899045174e+01 1.598924621119365099e+02
5.147587381488594360e+01 1.599685396650786231e+02
5.141066747072616749e+01 1.600443345988662998e+02
5.134513239766494053e+01 1.601198454822237522e+02
5.127926983306278430e+01 1.601950708894382842e+02
5.121308102046354804e+01 1.602700094001872060e+02
5.114656720957094649e+01 1.603446595995647499e+02
5.107972965622493433e+01 1.604190200781087015e+02
5.101256962237802384e+01 1.604930894318269736e+02
5.094508837607143903e+01 1.605668662622242948e+02
5.087728719141118461e+01 1.606403491763283853e+02
5.080916734854399408e+01 1.607135367867164462e+02
5.074073013363313578e+01 1.607864277115411937e+02
5.067197683883415493e+01 1.608590205745571211e+02
5.060290876227045942e+01 1.609313140051463051e+02
5.053352720800883446e+01 1.610033066383444691e+02
5.046383348603477259e+01 1.610749971148665622e+02
5.039382891222778937e+01 1.611463840811325952e+02
5.032351480833658286e+01 1.612174661892930772e+02
5.025289250195400825e+01 1.612882420972545674e+02
5.018196332649208813e+01 1.613587104687048281e+02
5.011072862115679527e+01 1.614288699731383758e+02
5.003918973092278577e+01 1.614987192858812364e+02
4.996734800650799713e+01 1.615682570881162121e+02
4.989520480434813265e+01 1.616374820669077224e+02
4.982276148657108195e+01 1.617063929152265302e+02
4.975001942097117080e+01 1.617749883319744697e+02
4.967697998098335432e+01 1.618432670220089733e+02
4.960364454565728920e+01 1.619112276961676571e+02
4.953001449963127811e+01 1.619788690712924222e+02
4.945609123310613597e+01 1.620461898702539258e+02
4.938187614181894247e+01 1.621131888219755695e+02
4.930737062701669515e+01 1.621798646614574579e+02
4.923257609542983460e+01 1.622462161298004162e+02
4.915749395924569853e+01 1.623122419742296358e+02
4.908212563608187651e+01 1.623779409481184075e+02
4.900647254895938687e+01 1.624433118110115970e+02
4.893053612627587512e+01 1.625083533286491502e+02
4.885431780177859906e+01 1.625730642729892566e+02
4.877781901453737134e+01 1.626374434222317404e+02
4.870104120891740962e+01 1.627014895608409404e+02
4.862398583455203038e+01 1.627652014795687023e+02
4.854665434631528598e+01 1.628285779754773159e+02
4.846904820429453764e+01 1.628916178519621099e+02
4.839116887376282250e+01 1.629543199187741038e+02
4.831301782515122767e+01 1.630166829920424334e+02
4.823459653402113645e+01 1.630787058942968031e+02
4.815590648103632532e+01 1.631403874544895416e+02
4.807694915193506802e+01 1.632017265080179413e+02
4.799772603750200517e+01 1.632627218967460294e+02
4.791823863354007784e+01 1.633233724690265660e+02
4.783848844084223373e+01 1.633836770797227587e+02
4.775847696516310492e+01 1.634436345902298910e+02
4.767820571719058620e+01 1.635032438684967531e+02
4.759767621251729253e+01 1.635625037890471560e+02
4.751688997161196681e+01 1.636214132330009932e+02
4.743584851979075268e+01 1.636799710880955274e+02
4.735455338718841745e+01 1.637381762487063384e+02
4.727300610872941888e+01 1.637960276158681836e+02
4.719120822409897897e+01 1.638535240972957467e+02
4.710916127771398720e+01 1.639106646074042715e+02
4.702686681869381857e+01 1.639674480673300536e+02
4.694432640083113029e+01 1.640238734049507912e+02
4.686154158256249502e+01 1.640799395549059341e+02
4.677851392693896315e+01 1.641356454586166365e+02
4.669524500159660363e+01 1.641909900643058222e+02
4.661173637872685305e+01 1.642459723270180803e+02
4.652798963504684338e+01 1.643005912086393607e+02
4.644400635176966574e+01 1.643548456779165292e+02
4.635978811457445659e+01 1.644087347104769492e+02
4.627533651357651934e+01 1.644622572888476384e+02
4.619065314329725425e+01 1.645154124024747375e+02
4.610573960263409532e+01 1.645681990477423540e+02
4.602059749483026962e+01 1.646206162279916327e+02
4.593522842744457080e+01 1.646726629535395432e+02
4.584963401232099045e+01 1.647243382416975805e+02
4.576381586555828562e+01 1.647756411167902968e+02
4.567777560747947518e+01 1.648265706101737464e+02
4.559151486260121544e+01 1.648771257602537617e+02
4.550503525960316864e+01 1.649273056125040569e+02
4.541833843129722226e+01 1.649771092194844186e+02
4.533142601459667276e+01 1.650265356408583557e+02
4.524429965048533120e+01 1.650755839434110612e+02
4.515696098398650093e+01 1.651242532010668924e+02
4.506941166413196953e+01 1.651725424949069634e+02
4.498165334393083015e+01 1.652204509131863972e+02
4.489368768033829582e+01 1.652679775513516347e+02
4.480551633422440716e+01 1.653151215120574022e+02
4.471714097034266189e+01 1.653618819051837932e+02
4.462856325729861595e+01 1.654082578478529229e+02
4.453978486751834254e+01 1.654542484644456977e+02
4.445080747721686976e+01 1.654998528866183847e+02
4.436163276636655439e+01 1.655450702533188689e+02
4.427226241866529222e+01 1.655898997108029960e+02
4.418269812150484199e+01 1.656343404126507153e+02
4.409294156593885816e+01 1.656783915197819965e+02
4.400299444665099458e+01 1.657220522004727457e+02
4.391285846192295850e+01 1.657653216303704369e+02
4.382253531360237986e+01 1.658081989925097162e+02
4.373202670707070894e+01 1.658506834773278058e+02
4.364133435121100746e+01 1.658927742826798237e+02
4.355045995837568995e+01 1.659344706138538754e+02
4.345940524435419405e+01 1.659757716835861174e+02
4.336817192834058687e+01 1.660166767120755651e+02
4.327676173290107897e+01 1.660571849269989286e+02
4.318517638394155256e+01 1.660972955635249662e+02
4.309341761067492627e+01 1.661370078643292345e+02
4.300148714558851282e+01 1.661763210796080728e+02
4.290938672441135537e+01 1.662152344670930120e+02
4.281711808608137915e+01 1.662537472920646451e+02
4.272468297271262117e+01 1.662918588273665534e+02
4.263208312956231794e+01 1.663295683534190061e+02
4.253932030499792916e+01 1.663668751582326308e+02
4.244639625046417564e+01 1.664037785374216867e+02
4.235331272044992801e+01 1.664402777942175362e+02
4.226007147245509543e+01 1.664763722394817478e+02
4.216667426695745036e+01 1.665120611917189990e+02
4.207312286737938223e+01 1.665473439770901791e+02
4.197941904005458724e+01 1.665822199294248378e+02
4.188556455419475100e+01 1.666166883902339464e+02
4.179156118185612456e+01 1.666507487087223183e+02
4.169741069790605081e+01 1.666844002418007733e+02
4.160311487998949076e+01 1.667176423540984445e+02
4.150867550849542909e+01 1.667504744179746297e+02
4.141409436652327969e+01 1.667828958135307573e+02
4.131937323984919175e+01 1.668149059286220108e+02
4.122451391689236289e+01 1.668465041588689246e+02
4.112951818868125997e+01 1.668776899076687528e+02
4.103438784881980439e+01 1.669084625862068378e+02
4.093912469345350047e+01 1.669388216134675815e+02
4.084373052123552128e+01 1.669687664162455292e+02
4.074820713329276600e+01 1.669982964291561700e+02
4.065255633319184625e+01 1.670274110946465385e+02
4.055677992690500133e+01 1.670561098630058439e+02
4.046087972277605616e+01 1.670843921923758160e+02
4.036485753148624411e+01 1.671122575487608515e+02
4.026871516602000867e+01 1.671397054060382459e+02
4.017245444163080492e+01 1.671667352459679989e+02
4.007607717580679463e+01 1.671933465582027054e+02
3.997958518823656959e+01 1.672195388402970764e+02
3.988298030077474010e+01 1.672453115977174889e+02
3.978626433740759438e+01 1.672706643438513652e+02
3.968943912421862308e+01 1.672955966000162960e+02
3.959250648935404371e+01 1.673201078954690786e+02
3.949546826298828961e+01 1.673441977674146415e+02
3.939832627728947045e+01 1.673678657610147127e+02
3.930108236638475461e+01 1.673911114293965454e+02
3.920373836632573727e+01 1.674139343336612455e+02
3.910629611505381575e+01 1.674363340428920139e+02
3.900875745236542969e+01 1.674583101341624172e+02
3.891112421987737235e+01 1.674798621925442887e+02
3.881339826099197410e+01 1.675009898111156019e+02
3.871558142086235677e+01 1.675216925909680583e+02
3.861767554635753186e+01 1.675419701412148186e+02
3.851968248602756972e+01 1.675618220789976078e+02
3.842160409006869060e+01 1.675812480294942191e+02
3.832344221028831299e+01 1.676002476259253626e+02
3.822519870007013054e+01 1.676188205095618002e+02
3.812687541433906091e+01 1.676369663297309387e+02
3.802847420952627999e+01 1.676546847438235091e+02
3.792999694353412110e+01 1.676719754173001036e+02
3.783144547570105232e+01 1.676888380236974285e+02
3.773282166676650462e+01 1.677052722446344433e+02
3.763412737883579950e+01 1.677212777698184141e+02
3.753536447534494869e+01 1.677368542970507974e+02
3.743653482102550356e+01 1.677520015322328959e+02
3.733764028186930517e+01 1.677667191893714005e+02
3.723868272509329813e+01 1.677810069905838475e+02
3.713966401910424509e+01 1.677948646661038765e+02
3.704058603346347667e+01 1.678082919542861760e+02
3.694145063885155622e+01 1.678212886016115988e+02
3.684225970703298003e+01 1.678338543626919090e+02
3.674301511082086336e+01 1.678459890002743577e+02
3.664371872404151276e+01 1.678576922852461166e+02
3.654437242149912635e+01 1.678689639966388256e+02
3.644497807894033059e+01 1.678798039216324867e+02
3.634553757301879529e+01 1.678902118555596985e+02
3.624605278125980590e+01 1.679001876019093515e+02
3.614652558202478616e+01 1.679097309723305500e+02
3.604695785447585621e+01 1.679188417866359089e+02
3.594735147854036938e+01 1.679275198728051350e+02
3.584770833487535668e+01 1.679357650669882958e+02
3.574803030483208488e+01 1.679435772135087177e+02
3.564831927042050097e+01 1.679509561648661702e+02
3.554857711427369082e+01 1.679579017817394515e+02
3.544880571961237337e+01 1.679644139329891459e+02
3.534900697020928817e+01 1.679704924956600678e+02
3.524918275035367543e+01 1.679761373549834786e+02
3.514933494481566356e+01 1.679813484043794460e+02
3.504946543881072074e+01 1.679861255454587194e+02
3.494957611796401409e+01 1.679904686880246345e+02
3.484966886827485411e+01 1.679943777500747615e+02
3.474974557608106096e+01 1.679978526578025253e+02
3.464980812802333787e+01 1.680008933455986266e+02
3.454985841100966582e+01 1.680034997560521219e+02
3.444989831217969822e+01 1.680056718399516740e+02
3.434992971886907753e+01 1.680074095562864329e+02
3.424995451857385120e+01 1.680087128722467469e+02
3.414997459891479537e+01 1.680095817632248156e+02
3.404999184760179531e+01 1.680100162128152874e+02
3.395000815239821179e+01 1.680100162128152874e+02
3.385002540108521174e+01 1.680095817632248156e+02
3.375004548142615590e+01 1.680087128722467469e+02
3.365007028113092247e+01 1.680074095562864329e+02
3.355010168782030888e+01 1.680056718399517024e+02
3.345014158899033418e+01 1.680034997560521219e+02
3.335019187197666923e+01 1.680008933455986266e+02
3.325025442391894615e+01 1.679978526578025253e+02
3.315033113172515300e+01 1.679943777500747615e+02
3.305042388203599302e+01 1.679904686880246345e+02
3.295053456118928636e+01 1.679861255454587194e+02
3.285066505518432933e+01 1.679813484043794460e+02
3.275081724964632457e+01 1.679761373549834786e+02
3.265099302979070472e+01 1.679704924956600678e+02
3.255119428038761953e+01 1.679644139329891459e+02
3.245142288572630207e+01 1.679579017817394515e+02
3.235168072957950613e+01 1.679509561648661702e+02
3.225196969516791512e+01 1.679435772135087177e+02
3.215229166512464332e+01 1.679357650669882958e+02
3.205264852145963772e+01 1.679275198728051350e+02
3.195304214552414379e+01 1.679188417866359089e+02
3.185347441797522094e+01 1.679097309723305500e+02
3.175394721874019766e+01 1.679001876019093515e+02
3.165446242698120471e+01 1.678902118555596985e+02
3.155502192105966941e+01 1.678798039216324867e+02
3.145562757850087365e+01 1.678689639966388256e+02
3.135628127595848724e+01 1.678576922852461166e+02
3.125698488917914020e+01 1.678459890002743577e+02
3.115774029296701997e+01 1.678338543626919090e+02
3.105854936114845088e+01 1.678212886016116272e+02
3.095941396653653044e+01 1.678082919542861760e+02
3.086033598089575847e+01 1.677948646661038765e+02
3.076131727490670897e+01 1.677810069905838475e+02
3.066235971813070194e+01 1.677667191893714005e+02
3.056346517897449644e+01 1.677520015322328959e+02
3.046463552465504421e+01 1.677368542970507974e+02
3.036587262116420050e+01 1.677212777698184141e+02
3.026717833323349538e+01 1.677052722446344433e+02
3.016855452429895479e+01 1.676888380236974285e+02
3.007000305646588245e+01 1.676719754173001036e+02
2.997152579047372711e+01 1.676546847438235091e+02
2.987312458566093909e+01 1.676369663297309387e+02
2.977480129992987301e+01 1.676188205095618002e+02
2.967655778971168701e+01 1.676002476259253626e+02
2.957839590993131296e+01 1.675812480294942191e+02
2.948031751397243383e+01 1.675618220789976078e+02
2.938232445364247170e+01 1.675419701412148186e+02
2.928441857913764679e+01 1.675216925909680867e+02
2.918660173900802945e+01 1.675009898111156019e+02
2.908887578012263475e+01 1.674798621925442887e+02
2.899124254763457387e+01 1.674583101341624172e+02
2.889370388494619135e+01 1.674363340428920139e+02
2.879626163367426628e+01 1.674139343336612455e+02
2.869891763361525605e+01 1.673911114293965454e+02
2.860167372271053665e+01 1.673678657610147127e+02
2.850453173701171750e+01 1.673441977674146415e+02
2.840749351064595629e+01 1.673201078954690786e+02
2.831056087578137337e+01 1.672955966000162960e+02
2.821373566259240206e+01 1.672706643438513652e+02
2.811701969922525990e+01 1.672453115977174889e+02
2.802041481176343751e+01 1.672195388402970764e+02
2.792392282419321248e+01 1.671933465582027054e+02
2.782754555836919863e+01 1.671667352459680274e+02
2.773128483397999489e+01 1.671397054060382459e+02
2.763514246851375589e+01 1.671122575487608515e+02
2.753912027722394384e+01 1.670843921923758160e+02
2.744322007309499867e+01 1.670561098630058439e+02
2.734744366680815730e+01 1.670274110946465385e+02
2.725179286670723400e+01 1.669982964291561700e+02
2.715626947876448227e+01 1.669687664162455292e+02
2.706087530654650664e+01 1.669388216134675815e+02
2.696561215118019561e+01 1.669084625862068378e+02
2.687048181131874003e+01 1.668776899076687528e+02
2.677548608310764422e+01 1.668465041588689246e+02
2.668062676015081891e+01 1.668149059286220108e+02
2.658590563347673097e+01 1.667828958135307573e+02
2.649132449150457802e+01 1.667504744179746297e+02
2.639688512001051635e+01 1.667176423540984445e+02
2.630258930209395629e+01 1.666844002418007733e+02
2.620843881814387544e+01 1.666507487087223183e+02
2.611443544580524545e+01 1.666166883902339464e+02
2.602058095994541276e+01 1.665822199294248378e+02
2.592687713262062488e+01 1.665473439770901791e+02
2.583332573304255320e+01 1.665120611917190274e+02
2.573992852754490457e+01 1.664763722394817478e+02
2.564668727955007554e+01 1.664402777942175362e+02
2.555360374953582792e+01 1.664037785374216867e+02
2.546067969500207084e+01 1.663668751582326308e+02
2.536791687043768917e+01 1.663295683534190061e+02
2.527531702728737883e+01 1.662918588273665534e+02
2.518288191391862085e+01 1.662537472920646451e+02
2.509061327558864818e+01 1.662152344670930120e+02
2.499851285441148718e+01 1.661763210796080728e+02
2.490658238932507373e+01 1.661370078643292345e+02
2.481482361605844744e+01 1.660972955635249662e+02
2.472323826709892103e+01 1.660571849269989286e+02
2.463182807165942023e+01 1.660166767120755651e+02
2.454059475564580950e+01 1.659757716835861174e+02
2.444954004162431715e+01 1.659344706138538754e+02
2.435866564878899965e+01 1.658927742826798237e+02
2.426797329292929817e+01 1.658506834773278058e+02
2.417746468639762369e+01 1.658081989925097162e+02
2.408714153807703795e+01 1.657653216303704369e+02
2.399700555334900542e+01 1.657220522004727457e+02
2.390705843406114894e+01 1.656783915197819965e+02
2.381730187849515801e+01 1.656343404126507153e+02
2.372773758133470778e+01 1.655898997108029960e+02
2.363836723363345627e+01 1.655450702533188689e+02
2.354919252278313380e+01 1.654998528866183847e+02
2.346021513248166457e+01 1.654542484644457261e+02
2.337143674270138405e+01 1.654082578478529229e+02
2.328285902965733811e+01 1.653618819051837932e+02
2.319448366577559639e+01 1.653151215120574022e+02
2.310631231966170418e+01 1.652679775513516347e+02
2.301834665606916985e+01 1.652204509131863972e+02
2.293058833586803047e+01 1.651725424949069634e+02
2.284303901601349907e+01 1.651242532010668924e+02
2.275570034951467591e+01 1.650755839434110612e+02
2.266857398540333079e+01 1.650265356408583557e+02
2.258166156870278485e+01 1.649771092194844186e+02
2.249496474039683847e+01 1.649273056125040853e+02
2.240848513739879166e+01 1.648771257602537617e+02
2.232222439252053192e+01 1.648265706101737464e+02
2.223618413444171793e+01 1.647756411167902968e+02
2.215036598767900955e+01 1.647243382416975805e+02
2.206477157255543275e+01 1.646726629535395432e+02
2.197940250516973393e+01 1.646206162279916327e+02
2.189426039736590823e+01 1.645681990477423540e+02
2.180934685670274575e+01 1.645154124024747375e+02
2.172466348642348777e+01 1.644622572888476384e+02
2.164021188542555052e+01 1.644087347104769492e+02
2.155599364823034492e+01 1.643548456779165576e+02
2.147201036495315307e+01 1.643005912086393607e+02
2.138826362127314695e+01 1.642459723270180803e+02
2.130475499840339282e+01 1.641909900643058222e+02
2.122148607306103685e+01 1.641356454586166365e+02
2.113845841743750498e+01 1.640799395549059341e+02
2.105567359916886971e+01 1.640238734049507912e+02
2.097313318130618143e+01 1.639674480673300536e+02
2.089083872228601635e+01 1.639106646074042715e+02
2.080879177590102103e+01 1.638535240972957467e+02
2.072699389127058822e+01 1.637960276158681836e+02
2.064544661281159321e+01 1.637381762487063384e+02
2.056415148020925088e+01 1.636799710880955274e+02
2.048311002838804029e+01 1.636214132330009932e+02
2.040232378748271458e+01 1.635625037890471560e+02
2.032179428280942091e+01 1.635032438684967815e+02
2.024152303483689508e+01 1.634436345902298910e+02
2.016151155915776627e+01 1.633836770797227587e+02
2.008176136645992216e+01 1.633233724690265660e+02
2.000227396249799483e+01 1.632627218967460294e+02
1.992305084806493909e+01 1.632017265080179413e+02
1.984409351896367468e+01 1.631403874544895416e+02
1.976540346597887066e+01 1.630787058942968031e+02
1.968698217484876878e+01 1.630166829920424334e+02
1.960883112623717750e+01 1.629543199187741038e+02
1.953095179570546236e+01 1.628916178519621099e+02
1.945334565368471402e+01 1.628285779754773159e+02
1.937601416544797672e+01 1.627652014795687023e+02
1.929895879108259038e+01 1.627014895608409404e+02
1.922218098546262510e+01 1.626374434222317404e+02
1.914568219822140094e+01 1.625730642729892566e+02
1.906946387372412843e+01 1.625083533286491502e+02
1.899352745104061313e+01 1.624433118110115970e+02
1.891787436391813060e+01 1.623779409481184075e+02
1.884250604075430147e+01 1.623122419742296358e+02
1.876742390457017251e+01 1.622462161298004162e+02
1.869262937298331551e+01 1.621798646614574579e+02
1.861812385818106463e+01 1.621131888219755695e+02
1.854390876689386403e+01 1.620461898702539258e+02
1.846998550036872189e+01 1.619788690712924222e+02
1.839635545434271080e+01 1.619112276961676571e+02
1.832302001901664568e+01 1.618432670220089733e+02
1.824998057902883630e+01 1.617749883319744697e+02
1.817723851342892161e+01 1.617063929152265302e+02
1.810479519565187445e+01 1.616374820669077224e+02
1.803265199349200287e+01 1.615682570881162121e+02
1.796081026907721068e+01 1.614987192858812364e+02
1.788927137884320118e+01 1.614288699731383758e+02
1.781803667350791187e+01 1.613587104687048281e+02
1.774710749804599175e+01 1.612882420972545674e+02
1.767648519166341714e+01 1.612174661892930772e+02
1.760617108777220707e+01 1.611463840811325952e+02
1.753616651396523451e+01 1.610749971148665622e+02
1.746647279199117619e+01 1.610033066383444691e+02
1.739709123772954413e+01 1.609313140051463051e+02
1.732802316116585217e+01 1.608590205745571211e+02
1.725926986636686777e+01 1.607864277115411937e+02
1.719083265145601302e+01 1.607135367867164462e+02
1.712271280858881894e+01 1.606403491763283853e+02
1.705491162392856808e+01 1.605668662622242948e+02
1.698743037762198327e+01 1.604930894318269736e+02
1.692027034377506567e+01 1.604190200781087015e+02
1.685343279042905706e+01 1.603446595995647499e+02
1.678691897953645196e+01 1.602700094001872060e+02
1.672073016693721925e+01 1.601950708894382842e+02
1.665486760233506658e+01 1.601198454822237807e+02
1.658933252927383606e+01 1.600443345988663282e+02
1.652412618511405284e+01 1.599685396650786231e+02
1.645924980100955182e+01 1.598924621119365099e+02
1.639470460188421441e+01 1.598161033758519523e+02
1.633049180640885822e+01 1.597394648985458048e+02
1.626661262697823318e+01 1.596625481270207842e+02
1.620306826968811009e+01 1.595853545135339857e+02
1.613985993431252197e+01 1.595078855155695692e+02
1.607698881428111548e+01 1.594301425958111622e+02
1.601445609665660186e+01 1.593521272221143477e+02
1.595226296211236416e+01 1.592738408674787820e+02
1.589041058491014624e+01 1.591952850100205410e+02
1.582890013287789444e+01 1.591164611329441527e+02
1.576773276738769880e+01 1.590373707245146306e+02
1.570690964333387640e+01 1.589580152780292224e+02
1.564643190911115411e+01 1.588783962917894428e+02
1.558630070659299705e+01 1.587985152690726238e+02
1.552651717111003649e+01 1.587183737181036065e+02
1.546708243142863282e+01 1.586379731520261771e+02
1.540799760972960897e+01 1.585573150888746454e+02
1.534926382158697677e+01 1.584764010515450252e+02
1.529088217594695109e+01 1.583952325677663566e+02
1.523285377510697103e+01 1.583138111700719151e+02
1.517517971469490590e+01 1.582321383957701357e+02
1.511786108364836068e+01 1.581502157869157088e+02
1.506089896419411645e+01 1.580680448902804471e+02
1.500429443182769873e+01 1.579856272573240119e+02
1.494804855529306664e+01 1.579029644441646667e+02
1.489216239656244767e+01 1.578200580115499463e+02
1.483663701081626130e+01 1.577369095248270980e+02
1.478147344642322736e+01 1.576535205539135518e+02
1.472667274492054901e+01 1.575698926732673328e+02
1.467223594099425554e+01 1.574860274618572760e+02
1.461816406245966959e+01 1.574019265031332395e+02
1.456445813024199154e+01 1.573175913849961489e+02
1.451111915835702959e+01 1.572330236997681823e+02
1.445814815389206487e+01 1.571482250441624728e+02
1.440554611698681242e+01 1.570631970192531242e+02
1.435331404081455986e+01 1.569779412304449977e+02
1.430145291156340193e+01 1.568924592874432165e+02
1.424996370841762783e+01 1.568067528042229810e+02
1.419884740353923291e+01 1.567208233989990447e+02
1.414810496204955825e+01 1.566346726941950180e+02
1.409773734201107231e+01 1.565483023164129008e+02
1.404774549440928055e+01 1.564617138964023582e+02
1.399813036313476289e+01 1.563749090690298260e+02
1.394889288496537816e+01 1.562878894732477022e+02
1.390003398954854319e+01 1.562006567520634519e+02
1.385155459938369660e+01 1.561132125525084859e+02
1.380345562980489049e+01 1.560255585256071527e+02
1.375573798896347810e+01 1.559376963263455025e+02
1.370840257781100746e+01 1.558496276136400809e+02
1.366145029008217548e+01 1.557613540503065792e+02
1.361488201227797745e+01 1.556728773030284856e+02
1.356869862364895241e+01 1.555841990423255083e+02
1.352290099617859198e+01 1.554953209425221701e+02
1.347748999456687358e+01 1.554062446817161458e+02
1.343246647621393919e+01 1.553169719417465160e+02
1.338783129120388793e+01 1.552275044081620763e+02
1.334358528228875329e+01 1.551378437701895336e+02
1.329972928487257278e+01 1.550479917207015035e+02
1.325626412699562096e+01 1.549579499561847342e+02
1.321319062931877042e+01 1.548677201767078486e+02
1.317050960510800195e+01 1.547773040858894262e+02
1.312822186021904969e+01 1.546867033908657731e+02
1.308632819308219197e+01 1.545959198022586349e+02
1.304482939468714520e+01 1.545049550341429949e+02
1.300372624856817438e+01 1.544138108040146733e+02
1.296301953078927127e+01 1.543224888327578412e+02
1.292271000992950292e+01 1.542309908446126485e+02
1.288279844706850952e+01 1.541393185671425385e+02
1.284328559577213014e+01 1.540474737312017339e+02
1.280417220207817053e+01 1.539554580709024947e+02
1.276545900448232018e+01 1.538632733235824048e+02
1.272714673392422213e+01 1.537709212297715453e+02
1.268923611377364580e+01 1.536784035331596954e+02
1.265172785981684811e+01 1.535857219805633349e+02
1.261462268024305899e+01 1.534928783218926185e+02
1.257792127563110185e+01 1.533998743101185482e+02
1.254162433893616324e+01 1.533067117012396352e+02
1.250573255547672602e+01 1.532133922542488449e+02
1.247024660292160902e+01 1.531199177311004576e+02
1.243516715127718797e+01 1.530262898966766727e+02
1.240049486287474423e+01 1.529325105187543272e+02
1.236623039235794508e+01 1.528385813679715852e+02
1.233237438667049446e+01 1.527445042177944288e+02
1.229892748504392941e+01 1.526502808444831771e+02
1.226589031898551951e+01 1.525559130270590629e+02
1.223326351226637598e+01 1.524614025472704384e+02
1.220104768090964598e+01 1.523667511895593236e+02
1.216924343317892010e+01 1.522719607410275842e+02
1.213785136956670030e+01 1.521770329914033084e+02
1.210687208278309157e+01 1.520819697330069005e+02
1.207630615774461091e+01 1.519867727607173151e+02
1.204615417156313129e+01 1.518914438719381224e+02
1.201641669353499964e+01 1.517959848665636002e+02
1.198709428513026864e+01 1.517003975469447994e+02
1.195818749998211672e+01 1.516046837178553517e+02
1.192969688387637817e+01 1.515088451864575916e+02
1.190162297474125097e+01 1.514128837622683079e+02
1.187396630263713249e+01 1.513168012571246095e+02
1.184672738974661144e+01 1.512205994851497337e+02
1.181990675036460914e+01 1.511242802627187984e+02
1.179350489088868059e+01 1.510278454084244117e+02
1.176752230980942926e+01 1.509312967430425374e+02
1.174195949770112435e+01 1.508346360894978773e+02
1.171681693721241047e+01 1.507378652728296515e+02
1.169209510305720912e+01 1.506409861201570095e+02
1.166779446200576587e+01 1.505440004606446394e+02
1.164391547287581119e+01 1.504469101254680652e+02
1.162045858652392027e+01 1.503497169477793136e+02
1.159742424583698650e+01 1.502524227626720688e+02
1.157481288572387257e+01 1.501550294071471683e+02
1.155262493310718241e+01 1.500575387200778721e+02
1.153086080691522142e+01 1.499599525421751594e+02
1.150952091807405964e+01 1.498622727159528836e+02
1.148860566949979756e+01 1.497645010856931833e+02
1.146811545609094907e+01 1.496666394974114667e+02
1.144805066472098432e+01 1.495686897988215946e+02
1.142841167423102533e+01 1.494706538393011215e+02
1.140919885542269796e+01 1.493725334698562506e+02
1.139041257105112237e+01 1.492743305430868475e+02
1.137205317581807407e+01 1.491760469131516516e+02
1.135412101636527993e+01 1.490776844357330617e+02
1.133661643126787411e+01 1.489792449680022060e+02
1.131953975102800314e+01 1.488807303685839258e+02
1.130289129806859805e+01 1.487821424975214768e+02
1.128667138672726722e+01 1.486834832162417115e+02
1.127088032325037403e+01 1.485847543875196379e+02
1.125551840578726015e+01 1.484859578754434608e+02
1.124058592438460025e+01 1.483870955453792249e+02
1.122608316098093795e+01 1.482881692639358278e+02
1.121201038940135675e+01 1.481891808989294645e+02
1.119836787535231082e+01 1.480901323193486121e+02
1.118515587641661213e+01 1.479910253953186157e+02
1.117237464204856323e+01 1.478918619980664459e+02
1.116002441356924635e+01 1.477926439998852857e+02
1.114810542416196526e+01 1.476933732740993435e+02
1.113661789886785769e+01 1.475940516950282131e+02
1.112556205458162850e+01 1.474946811379517726e+02
1.111493810004744986e+01 1.473952634790746004e+02
1.110474623585505327e+01 1.472958005954905900e+02
1.109498665443589971e+01 1.471962943651475086e+02
1.108565954005957721e+01 1.470967466668116117e+02
1.107676506883030854e+01 1.469971593800320591e+02
1.106830340868363294e+01 1.468975343851054447e+02
1.106027471938321938e+01 1.467978735630404117e+02
1.105267915251787514e+01 1.466981787955219545e+02
1.104551685149865747e+01 1.465984519648760624e+02
1.103878795155619486e+01 1.464986949540340788e+02
1.103249257973810060e+01 1.463989096464971738e+02
1.102663085490660322e+01 1.462990979263007887e+02
1.102120288773628687e+01 1.461992616779790239e+02
1.101620878071199883e+01 1.460994027865291685e+02
1.101164862812693102e+01 1.459995231373759736e+02
1.100752251608082233e+01 1.458996246163361263e+02
1.100383052247834215e+01 1.457997091095826647e+02
1.100057271702761241e+01 1.456997785036092807e+02
1.099774916123890378e+01 1.455998346851947645e+02
1.099535990842346322e+01 1.454998795413674202e+02
1.099340500369250861e+01 1.453999149593693119e+02
1.099188448395638318e+01 1.452999428266207360e+02
1.099079837792385206e+01 1.451999650306846092e+02
1.099014670610156585e+01 1.450999834592306570e+02
1.098992948079366982e+01 1.450000000000000000e+02
1.099014670610156585e+01 1.449000165407693430e+02
1.099079837792385206e+01 1.448000349693153908e+02
1.099188448395638318e+01 1.447000571733792640e+02
1.099340500369250861e+01 1.446000850406306881e+02
1.099535990842346322e+01 1.445001204586325798e+02
1.099774916123890378e+01 1.444001653148052355e+02
1.100057271702761241e+01 1.443002214963907193e+02
1.100383052247834215e+01 1.442002908904173353e+02
1.100752251608082233e+01 1.441003753836638737e+02
1.101164862812693102e+01 1.440004768626240264e+02
1.101620878071199883e+01 1.439005972134708315e+02
1.102120288773628687e+01 1.438007383220209761e+02
1.102663085490660322e+01 1.437009020736992397e+02
1.103249257973809705e+01 1.436010903535028262e+02
1.103878795155619130e+01 1.435013050459659212e+02
1.104551685149865747e+01 1.434015480351239376e+02
1.105267915251787159e+01 1.433018212044780455e+02
1.106027471938321938e+01 1.432021264369596167e+02
1.106830340868362939e+01 1.431024656148945553e+02
1.107676506883030854e+01 1.430028406199679694e+02
1.108565954005957721e+01 1.429032533331883883e+02
1.109498665443589971e+01 1.428037056348524914e+02
1.110474623585505327e+01 1.427041994045094100e+02
1.111493810004744986e+01 1.426047365209253996e+02
1.112556205458162850e+01 1.425053188620482274e+02
1.113661789886785769e+01 1.424059483049717869e+02
1.114810542416196881e+01 1.423066267259006565e+02
1.116002441356924635e+01 1.422073560001146859e+02
1.117237464204856323e+01 1.421081380019335541e+02
1.118515587641661213e+01 1.420089746046813843e+02
1.119836787535231082e+01 1.419098676806513879e+02
1.121201038940135675e+01 1.418108191010705355e+02
1.122608316098093439e+01 1.417118307360641722e+02
1.124058592438460025e+01 1.416129044546207751e+02
1.125551840578726015e+01 1.415140421245565676e+02
1.127088032325037403e+01 1.414152456124803621e+02
1.128667138672726722e+01 1.413165167837582885e+02
1.130289129806859805e+01 1.412178575024785232e+02
1.131953975102800314e+01 1.411192696314161026e+02
1.133661643126787411e+01 1.410207550319977940e+02
1.135412101636527993e+01 1.409223155642669383e+02
1.137205317581807407e+01 1.408239530868483484e+02
1.139041257105111882e+01 1.407256694569131525e+02
1.140919885542269796e+01 1.406274665301437494e+02
1.142841167423102533e+01 1.405293461606988785e+02
1.144805066472098076e+01 1.404313102011784054e+02
1.146811545609094551e+01 1.403333605025885618e+02
1.148860566949979756e+01 1.402354989143068167e+02
1.150952091807405608e+01 1.401377272840471164e+02
1.153086080691522142e+01 1.400400474578248691e+02
1.155262493310718241e+01 1.399424612799221279e+02
1.157481288572386902e+01 1.398449705928528317e+02
1.159742424583698650e+01 1.397475772373279312e+02
1.162045858652392027e+01 1.396502830522206864e+02
1.164391547287580764e+01 1.395530898745319348e+02
1.166779446200576231e+01 1.394559995393553891e+02
1.169209510305720556e+01 1.393590138798429905e+02
1.171681693721240336e+01 1.392621347271703769e+02
1.174195949770111724e+01 1.391653639105021512e+02
1.176752230980942571e+01 1.390687032569574910e+02
1.179350489088867349e+01 1.389721545915755883e+02
1.181990675036460559e+01 1.388757197372812300e+02
1.184672738974660433e+01 1.387794005148502663e+02
1.187396630263712538e+01 1.386831987428753905e+02
1.190162297474124742e+01 1.385871162377316921e+02
1.192969688387637461e+01 1.384911548135424084e+02
1.195818749998211317e+01 1.383953162821446483e+02
1.198709428513027220e+01 1.382996024530552006e+02
1.201641669353500319e+01 1.382040151334363713e+02
1.204615417156313484e+01 1.381085561280618776e+02
1.207630615774461091e+01 1.380132272392826849e+02
1.210687208278309157e+01 1.379180302669930995e+02
1.213785136956670030e+01 1.378229670085966916e+02
1.216924343317892010e+01 1.377280392589724158e+02
1.220104768090964953e+01 1.376332488104406764e+02
1.223326351226637598e+01 1.375385974527295616e+02
1.226589031898551596e+01 1.374440869729409371e+02
1.229892748504392586e+01 1.373497191555168229e+02
1.233237438667049446e+01 1.372554957822055997e+02
1.236623039235794508e+01 1.371614186320284148e+02
1.240049486287474068e+01 1.370674894812456728e+02
1.243516715127718797e+01 1.369737101033233557e+02
1.247024660292160547e+01 1.368800822688995424e+02
1.250573255547672247e+01 1.367866077457511551e+02
1.254162433893615969e+01 1.366932882987603648e+02
1.257792127563109830e+01 1.366001256898814518e+02
1.261462268024305899e+01 1.365071216781073815e+02
1.265172785981684811e+01 1.364142780194366935e+02
1.268923611377364580e+01 1.363215964668403046e+02
1.272714673392421858e+01 1.362290787702284547e+02
1.276545900448232018e+01 1.361367266764175952e+02
1.280417220207816698e+01 1.360445419290975337e+02
1.284328559577212658e+01 1.359525262687982945e+02
1.288279844706850952e+01 1.358606814328574615e+02
1.292271000992950292e+01 1.357690091553873799e+02
1.296301953078926772e+01 1.356775111672421588e+02
1.300372624856817083e+01 1.355861891959853551e+02
1.304482939468714520e+01 1.354950449658570051e+02
1.308632819308218842e+01 1.354040801977413651e+02
1.312822186021904969e+01 1.353132966091342269e+02
1.317050960510799840e+01 1.352226959141105738e+02
1.321319062931876687e+01 1.351322798232921514e+02
1.325626412699561385e+01 1.350420500438152658e+02
1.329972928487256922e+01 1.349520082792984965e+02
1.334358528228874619e+01 1.348621562298104948e+02
1.338783129120388082e+01 1.347724955918379521e+02
1.343246647621392853e+01 1.346830280582535124e+02
1.347748999456687002e+01 1.345937553182838542e+02
1.352290099617858488e+01 1.345046790574778299e+02
1.356869862364894530e+01 1.344158009576745201e+02
1.361488201227797035e+01 1.343271226969715428e+02
1.366145029008216838e+01 1.342386459496934208e+02
1.370840257781100746e+01 1.341503723863599191e+02
1.375573798896348165e+01 1.340623036736544975e+02
1.380345562980489049e+01 1.339744414743928473e+02
1.385155459938370015e+01 1.338867874474915141e+02
1.390003398954854674e+01 1.337993432479365481e+02
1.394889288496538171e+01 1.337121105267522978e+02
1.399813036313476644e+01 1.336250909309701740e+02
1.404774549440927700e+01 1.335382861035976418e+02
1.409773734201106876e+01 1.334516976835870992e+02
1.414810496204955825e+01 1.333653273058050104e+02
1.419884740353922936e+01 1.332791766010009837e+02
1.424996370841762783e+01 1.331932471957770190e+02
1.430145291156339837e+01 1.331075407125567835e+02
1.435331404081455986e+01 1.330220587695550307e+02
1.440554611698680887e+01 1.329368029807468758e+02
1.445814815389206132e+01 1.328517749558375272e+02
1.451111915835702959e+01 1.327669763002318177e+02
1.456445813024198799e+01 1.326824086150038511e+02
1.461816406245966604e+01 1.325980734968667889e+02
1.467223594099425554e+01 1.325139725381427240e+02
1.472667274492054545e+01 1.324301073267326672e+02
1.478147344642322736e+01 1.323464794460864482e+02
1.483663701081625774e+01 1.322630904751729020e+02
1.489216239656244412e+01 1.321799419884500537e+02
1.494804855529306664e+01 1.320970355558353333e+02
1.500429443182769518e+01 1.320143727426760165e+02
1.506089896419411289e+01 1.319319551097195529e+02
1.511786108364835712e+01 1.318497842130842912e+02
1.517517971469489879e+01 1.317678616042298643e+02
1.523285377510697103e+01 1.316861888299280849e+02
1.529088217594694754e+01 1.316047674322336434e+02
1.534926382158697322e+01 1.315235989484549748e+02
1.540799760972960186e+01 1.314426849111253546e+02
1.546708243142863282e+01 1.313620268479738229e+02
1.552651717111002583e+01 1.312816262818963935e+02
1.558630070659298639e+01 1.312014847309273762e+02
1.564643190911114345e+01 1.311216037082105572e+02
1.570690964333386574e+01 1.310419847219708060e+02
1.576773276738768814e+01 1.309626292754853978e+02
1.582890013287788378e+01 1.308835388670558473e+02
1.589041058491013914e+01 1.308047149899794590e+02
1.595226296211235351e+01 1.307261591325212464e+02
1.601445609665659475e+01 1.306478727778856808e+02
1.607698881428110482e+01 1.305698574041888378e+02
1.613985993431251131e+01 1.304921144844304592e+02
1.620306826968809943e+01 1.304146454864660427e+02
1.626661262697823318e+01 1.303374518729792158e+02
1.633049180640886178e+01 1.302605351014541952e+02
1.639470460188421441e+01 1.301838966241480477e+02
1.645924980100955182e+01 1.301075378880634901e+02
1.652412618511405284e+01 1.300314603349213769e+02
1.658933252927383251e+01 1.299556654011337002e+02
1.665486760233505947e+01 1.298801545177762478e+02
1.672073016693721570e+01 1.298049291105617158e+02
1.678691897953644840e+01 1.297299905998127940e+02
1.685343279042905706e+01 1.296553404004352501e+02
1.692027034377507277e+01 1.295809799218912985e+02
1.698743037762198327e+01 1.295069105681730264e+02
1.705491162392856452e+01 1.294331337377757052e+02
1.712271280858881539e+01 1.293596508236716147e+02
1.719083265145600592e+01 1.292864632132835538e+02
1.725926986636686422e+01 1.292135722884588063e+02
1.732802316116584862e+01 1.291409794254428789e+02
1.739709123772954058e+01 1.290686859948536949e+02
1.746647279199116909e+01 1.289966933616555309e+02
1.753616651396523096e+01 1.289250028851334378e+02
1.760617108777220352e+01 1.288536159188674048e+02
1.767648519166341714e+01 1.287825338107069228e+02
1.774710749804598819e+01 1.287117579027454326e+02
1.781803667350790832e+01 1.286412895312951719e+02
1.788927137884320118e+01 1.285711300268616242e+02
1.796081026907720712e+01 1.285012807141187636e+02
1.803265199349199577e+01 1.284317429118837879e+02
1.810479519565186735e+01 1.283625179330922776e+02
1.817723851342891805e+01 1.282936070847734698e+02
1.824998057902882920e+01 1.282250116680255303e+02
1.832302001901663857e+01 1.281567329779910267e+02
1.839635545434270369e+01 1.280887723038323429e+02
1.846998550036871478e+01 1.280211309287075778e+02
1.854390876689386047e+01 1.279538101297460742e+02
1.861812385818105042e+01 1.278868111780244448e+02
1.869262937298330485e+01 1.278201353385425421e+02
1.876742390457016185e+01 1.277537838701995838e+02
1.884250604075428726e+01 1.276877580257703784e+02
1.891787436391811639e+01 1.276220590518816067e+02
1.899352745104061313e+01 1.275566881889884030e+02
1.906946387372411778e+01 1.274916466713508783e+02
1.914568219822140094e+01 1.274269357270107434e+02
1.922218098546261444e+01 1.273625565777682596e+02
1.929895879108258683e+01 1.272985104391590738e+02
1.937601416544796251e+01 1.272347985204313119e+02
1.945334565368472113e+01 1.271714220245226699e+02
1.953095179570546946e+01 1.271083821480378901e+02
1.960883112623719171e+01 1.270456800812258962e+02
1.968698217484877233e+01 1.269833170079575524e+02
1.976540346597887066e+01 1.269212941057031969e+02
1.984409351896366758e+01 1.268596125455104442e+02
1.992305084806493909e+01 1.267982734919820587e+02
2.000227396249799128e+01 1.267372781032539848e+02
2.008176136645992571e+01 1.266766275309734340e+02
2.016151155915775917e+01 1.266163229202772413e+02
2.024152303483689508e+01 1.265563654097701090e+02
2.032179428280940670e+01 1.264967561315032469e+02
2.040232378748271103e+01 1.264374962109528440e+02
2.048311002838802608e+01 1.263785867669990211e+02
2.056415148020924732e+01 1.263200289119044726e+02
2.064544661281157545e+01 1.262618237512936616e+02
2.072699389127058112e+01 1.262039723841318022e+02
2.080879177590102458e+01 1.261464759027042390e+02
2.089083872228601280e+01 1.260893353925957285e+02
2.097313318130618143e+01 1.260325519326699464e+02
2.105567359916886261e+01 1.259761265950492088e+02
2.113845841743751208e+01 1.259200604450940659e+02
2.122148607306102974e+01 1.258643545413833778e+02
2.130475499840339637e+01 1.258090099356941778e+02
2.138826362127314340e+01 1.257540276729819197e+02
2.147201036495315662e+01 1.256994087913606393e+02
2.155599364823032715e+01 1.256451543220834708e+02
2.164021188542554341e+01 1.255912652895230650e+02
2.172466348642347356e+01 1.255377427111523616e+02
2.180934685670273865e+01 1.254845875975252625e+02
2.189426039736589757e+01 1.254318009522576460e+02
2.197940250516973038e+01 1.253793837720083673e+02
2.206477157255541854e+01 1.253273370464604568e+02
2.215036598767900244e+01 1.252756617583024195e+02
2.223618413444169661e+01 1.252243588832097032e+02
2.232222439252051771e+01 1.251734293898262536e+02
2.240848513739878456e+01 1.251228742397462383e+02
2.249496474039682425e+01 1.250726943874959289e+02
2.258166156870278130e+01 1.250228907805155814e+02
2.266857398540332014e+01 1.249734643591416443e+02
2.275570034951466880e+01 1.249244160565889388e+02
2.284303901601348485e+01 1.248757467989331076e+02
2.293058833586802336e+01 1.248274575050930366e+02
2.301834665606915564e+01 1.247795490868136028e+02
2.310631231966169707e+01 1.247320224486483653e+02
2.319448366577559995e+01 1.246848784879425835e+02
2.328285902965735232e+01 1.246381180948162068e+02
2.337143674270138760e+01 1.245917421521470771e+02
2.346021513248167167e+01 1.245457515355542881e+02
2.354919252278313024e+01 1.245001471133816153e+02
2.363836723363345982e+01 1.244549297466811311e+02
2.372773758133470068e+01 1.244101002891970182e+02
2.381730187849516156e+01 1.243656595873492989e+02
2.390705843406114184e+01 1.243216084802180035e+02
2.399700555334900898e+01 1.242779477995272543e+02
2.408714153807703440e+01 1.242346783696295631e+02
2.417746468639762014e+01 1.241918010074902838e+02
2.426797329292928396e+01 1.241493165226721942e+02
2.435866564878899609e+01 1.241072257173201905e+02
2.444954004162430294e+01 1.240655293861461388e+02
2.454059475564580595e+01 1.240242283164138968e+02
2.463182807165942734e+01 1.239833232879244207e+02
2.472323826709891748e+01 1.239428150730010856e+02
2.481482361605845099e+01 1.239027044364750196e+02
2.490658238932507018e+01 1.238629921356707797e+02
2.499851285441148363e+01 1.238236789203919272e+02
2.509061327558863752e+01 1.237847655329070022e+02
2.518288191391862085e+01 1.237462527079353549e+02
2.527531702728737173e+01 1.237081411726334608e+02
2.536791687043768917e+01 1.236704316465809939e+02
2.546067969500206374e+01 1.236331248417673834e+02
2.555360374953582436e+01 1.235962214625783133e+02
2.564668727955006489e+01 1.235597222057824638e+02
2.573992852754490457e+01 1.235236277605182664e+02
2.583332573304253543e+01 1.234879388082809868e+02
2.592687713262061777e+01 1.234526560229098209e+02
2.602058095994539855e+01 1.234177800705751622e+02
2.611443544580524190e+01 1.233833116097660394e+02
2.620843881814386123e+01 1.233492512912776817e+02
2.630258930209394208e+01 1.233155997581992267e+02
2.639688512001051279e+01 1.232823576459015555e+02
2.649132449150456381e+01 1.232495255820253703e+02
2.658590563347672742e+01 1.232171041864692427e+02
2.668062676015080115e+01 1.231850940713779892e+02
2.677548608310763711e+01 1.231534958411310754e+02
2.687048181131872582e+01 1.231223100923312472e+02
2.696561215118018850e+01 1.230915374137931622e+02
2.706087530654648532e+01 1.230611783865324185e+02
2.715626947876447161e+01 1.230312335837544708e+02
2.725179286670721268e+01 1.230017035708438442e+02
2.734744366680816796e+01 1.229725889053534615e+02
2.744322007309499867e+01 1.229438901369941561e+02
2.753912027722395095e+01 1.229156078076241840e+02
2.763514246851375589e+01 1.228877424512391485e+02
2.773128483398000199e+01 1.228602945939617541e+02
2.782754555836919863e+01 1.228332647540319869e+02
2.792392282419321248e+01 1.228066534417972946e+02
2.802041481176343041e+01 1.227804611597029236e+02
2.811701969922526345e+01 1.227546884022824969e+02
2.821373566259239496e+01 1.227293356561486206e+02
2.831056087578137692e+01 1.227044033999836898e+02
2.840749351064594919e+01 1.226798921045309214e+02
2.850453173701171039e+01 1.226558022325853727e+02
2.860167372271052244e+01 1.226321342389852873e+02
2.869891763361525250e+01 1.226088885706034546e+02
2.879626163367426983e+01 1.225860656663387687e+02
2.889370388494618425e+01 1.225636659571080003e+02
2.899124254763457742e+01 1.225416898658375828e+02
2.908887578012262765e+01 1.225201378074557113e+02
2.918660173900802945e+01 1.224990101888844123e+02
2.928441857913763613e+01 1.224783074090319275e+02
2.938232445364247170e+01 1.224580298587851956e+02
2.948031751397242317e+01 1.224381779210023922e+02
2.957839590993131296e+01 1.224187519705057809e+02
2.967655778971167635e+01 1.223997523740746232e+02
2.977480129992987301e+01 1.223811794904381856e+02
2.987312458566093198e+01 1.223630336702690613e+02
2.997152579047372356e+01 1.223453152561764909e+02
3.007000305646586469e+01 1.223280245826998822e+02
3.016855452429894768e+01 1.223111619763025715e+02
3.026717833323348117e+01 1.222947277553655709e+02
3.036587262116419339e+01 1.222787222301815859e+02
3.046463552465503000e+01 1.222631457029492026e+02
3.056346517897448933e+01 1.222479984677671183e+02
3.066235971813069838e+01 1.222332808106285995e+02
3.076131727490669476e+01 1.222189930094161525e+02
3.086033598089575491e+01 1.222051353338961377e+02
3.095941396653651623e+01 1.221917080457138383e+02
3.105854936114844733e+01 1.221787113983883870e+02
3.115774029296700576e+01 1.221661456373080767e+02
3.125698488917913664e+01 1.221540109997256423e+02
3.135628127595846948e+01 1.221423077147538692e+02
3.145562757850086300e+01 1.221310360033611744e+02
3.155502192105964809e+01 1.221201960783675133e+02
3.165446242698119406e+01 1.221097881444403015e+02
3.175394721874019766e+01 1.220998123980906342e+02
3.185347441797522805e+01 1.220902690276694500e+02
3.195304214552414379e+01 1.220811582133641053e+02
3.205264852145964483e+01 1.220724801271948508e+02
3.215229166512464332e+01 1.220642349330117042e+02
3.225196969516792223e+01 1.220564227864912681e+02
3.235168072957949903e+01 1.220490438351338298e+02
3.245142288572630918e+01 1.220420982182605343e+02
3.255119428038761953e+01 1.220355860670108399e+02
3.265099302979071183e+01 1.220295075043399464e+02
3.275081724964631746e+01 1.220238626450165214e+02
3.285066505518433644e+01 1.220186515956205540e+02
3.295053456118927215e+01 1.220138744545412806e+02
3.305042388203598591e+01 1.220095313119753797e+02
3.315033113172515300e+01 1.220056222499252527e+02
3.325025442391894615e+01 1.220021473421974605e+02
3.335019187197667634e+01 1.219991066544013734e+02
3.345014158899032708e+01 1.219965002439478781e+02
3.355010168782030888e+01 1.219943281600483118e+02
3.365007028113091536e+01 1.219925904437135671e+02
3.375004548142614880e+01 1.219912871277532531e+02
3.385002540108519753e+01 1.219904182367751702e+02
3.395000815239820469e+01 1.219899837871847268e+02
3.404999184760178110e+01 1.219899837871847268e+02
3.414997459891479537e+01 1.219904182367751702e+02
3.424995451857383699e+01 1.219912871277532531e+02
3.434992971886907753e+01 1.219925904437135671e+02
3.444989831217968401e+01 1.219943281600483118e+02
3.454985841100965871e+01 1.219965002439478781e+02
3.464980812802331656e+01 1.219991066544013734e+02
3.474974557608104675e+01 1.220021473421974605e+02
3.484966886827483279e+01 1.220056222499252527e+02
3.494957611796400698e+01 1.220095313119753797e+02
3.504946543881072074e+01 1.220138744545412806e+02
3.514933494481565646e+01 1.220186515956205540e+02
3.524918275035367543e+01 1.220238626450165214e+02
3.534900697020928106e+01 1.220295075043399322e+02
3.544880571961237337e+01 1.220355860670108399e+02
3.554857711427368372e+01 1.220420982182605343e+02
3.564831927042049387e+01 1.220490438351338298e+02
3.574803030483207067e+01 1.220564227864912681e+02
3.584770833487534958e+01 1.220642349330117042e+02
3.594735147854034807e+01 1.220724801271948508e+02
3.604695785447584910e+01 1.220811582133640911e+02
3.614652558202476484e+01 1.220902690276694500e+02
3.624605278125979169e+01 1.220998123980906342e+02
3.634553757301879529e+01 1.221097881444403015e+02
3.644497807894034480e+01 1.221201960783675133e+02
3.654437242149912635e+01 1.221310360033611744e+02
3.664371872404151986e+01 1.221423077147538692e+02
3.674301511082085625e+01 1.221540109997256423e+02
3.684225970703298714e+01 1.221661456373080767e+02
3.694145063885154201e+01 1.221787113983883870e+02
3.704058603346347667e+01 1.221917080457138383e+02
3.713966401910423798e+01 1.222051353338961377e+02
3.723868272509329813e+01 1.222189930094161383e+02
3.733764028186929096e+01 1.222332808106285995e+02
3.743653482102550356e+01 1.222479984677671183e+02
3.753536447534496290e+01 1.222631457029492026e+02
3.763412737883579950e+01 1.222787222301815859e+02
3.773282166676651173e+01 1.222947277553655709e+02
3.783144547570104521e+01 1.223111619763025715e+02
3.792999694353412821e+01 1.223280245826998822e+02
3.802847420952626578e+01 1.223453152561764909e+02
3.812687541433906091e+01 1.223630336702690613e+02
3.822519870007011633e+01 1.223811794904381856e+02
3.832344221028831299e+01 1.223997523740746232e+02
3.842160409006867638e+01 1.224187519705057809e+02
3.851968248602756972e+01 1.224381779210023922e+02
3.861767554635751765e+01 1.224580298587851814e+02
3.871558142086235677e+01 1.224783074090319275e+02
3.881339826099195989e+01 1.224990101888843981e+02
3.891112421987736525e+01 1.225201378074557113e+02
3.900875745236541547e+01 1.225416898658375828e+02
3.910629611505380865e+01 1.225636659571080003e+02
3.920373836632572306e+01 1.225860656663387545e+02
3.930108236638474040e+01 1.226088885706034404e+02
3.939832627728947045e+01 1.226321342389852873e+02
3.949546826298828250e+01 1.226558022325853727e+02
3.959250648935404371e+01 1.226798921045309214e+02
3.968943912421861597e+01 1.227044033999836898e+02
3.978626433740759438e+01 1.227293356561486206e+02
3.988298030077472589e+01 1.227546884022824969e+02
3.997958518823656249e+01 1.227804611597029236e+02
4.007607717580677331e+01 1.228066534417972946e+02
4.017245444163079071e+01 1.228332647540319869e+02
4.026871516601998735e+01 1.228602945939617541e+02
4.036485753148623701e+01 1.228877424512391485e+02
4.046087972277604194e+01 1.229156078076241840e+02
4.055677992690499423e+01 1.229438901369941561e+02
4.065255633319182493e+01 1.229725889053534615e+02
4.074820713329278021e+01 1.230017035708438442e+02
4.084373052123552128e+01 1.230312335837544708e+02
4.093912469345350758e+01 1.230611783865324185e+02
4.103438784881980439e+01 1.230915374137931622e+02
4.112951818868126708e+01 1.231223100923312472e+02
4.122451391689235578e+01 1.231534958411310754e+02
4.131937323984919175e+01 1.231850940713779892e+02
4.141409436652326548e+01 1.232171041864692285e+02
4.150867550849542909e+01 1.232495255820253561e+02
4.160311487998947655e+01 1.232823576459015555e+02
4.169741069790605081e+01 1.233155997581992267e+02
4.179156118185613167e+01 1.233492512912776817e+02
4.188556455419475100e+01 1.233833116097660394e+02
4.197941904005459435e+01 1.234177800705751622e+02
4.207312286737937512e+01 1.234526560229098209e+02
4.216667426695745746e+01 1.234879388082809868e+02
4.226007147245508833e+01 1.235236277605182522e+02
4.235331272044992801e+01 1.235597222057824638e+02
4.244639625046416853e+01 1.235962214625783133e+02
4.253932030499792916e+01 1.236331248417673692e+02
4.263208312956230372e+01 1.236704316465809796e+02
4.272468297271262117e+01 1.237081411726334466e+02
4.281711808608137204e+01 1.237462527079353549e+02
4.290938672441135537e+01 1.237847655329069880e+02
4.300148714558850571e+01 1.238236789203919272e+02
4.309341761067491916e+01 1.238629921356707797e+02
4.318517638394153835e+01 1.239027044364750196e+02
4.327676173290107897e+01 1.239428150730010856e+02
4.336817192834056556e+01 1.239833232879244207e+02
4.345940524435418695e+01 1.240242283164138968e+02
4.355045995837568995e+01 1.240655293861461388e+02
4.364133435121100035e+01 1.241072257173201763e+02
4.373202670707070894e+01 1.241493165226721942e+02
4.382253531360237275e+01 1.241918010074902838e+02
4.391285846192295850e+01 1.242346783696295631e+02
4.400299444665098747e+01 1.242779477995272401e+02
4.409294156593885106e+01 1.243216084802180035e+02
4.418269812150482778e+01 1.243656595873492847e+02
4.427226241866529222e+01 1.244101002891970040e+02
4.436163276636653308e+01 1.244549297466811311e+02
4.445080747721686265e+01 1.245001471133816153e+02
4.453978486751832122e+01 1.245457515355542739e+02
4.462856325729860885e+01 1.245917421521470771e+02
4.471714097034264057e+01 1.246381180948162068e+02
4.480551633422439295e+01 1.246848784879425835e+02
4.489368768033829582e+01 1.247320224486483653e+02
4.498165334393083725e+01 1.247795490868136028e+02
4.506941166413196953e+01 1.248274575050930366e+02
4.515696098398650804e+01 1.248757467989331076e+02
4.524429965048532409e+01 1.249244160565889388e+02
4.533142601459667276e+01 1.249734643591416443e+02
4.541833843129721515e+01 1.250228907805155814e+02
4.550503525960316864e+01 1.250726943874959289e+02
4.559151486260120834e+01 1.251228742397462383e+02
4.567777560747947518e+01 1.251734293898262536e+02
4.576381586555829983e+01 1.252243588832097032e+02
4.584963401232099045e+01 1.252756617583024195e+02
4.593522842744457080e+01 1.253273370464604568e+02
4.602059749483026252e+01 1.253793837720083673e+02
4.610573960263409532e+01 1.254318009522576460e+02
4.619065314329725425e+01 1.254845875975252483e+02
4.627533651357651934e+01 1.255377427111523616e+02
4.635978811457444948e+01 1.255912652895230508e+02
4.644400635176966574e+01 1.256451543220834566e+02
4.652798963504683627e+01 1.256994087913606393e+02
4.661173637872684594e+01 1.257540276729819197e+02
4.669524500159659652e+01 1.258090099356941778e+02
4.677851392693896315e+01 1.258643545413833635e+02
4.686154158256248081e+01 1.259200604450940517e+02
4.694432640083113029e+01 1.259761265950491946e+02
4.702686681869381147e+01 1.260325519326699464e+02
4.710916127771398010e+01 1.260893353925957285e+02
4.719120822409896476e+01 1.261464759027042390e+02
4.727300610872941178e+01 1.262039723841318022e+02
4.735455338718841745e+01 1.262618237512936474e+02
4.743584851979074557e+01 1.263200289119044726e+02
4.751688997161196681e+01 1.263785867669990211e+02
4.759767621251728542e+01 1.264374962109528440e+02
4.767820571719058620e+01 1.264967561315032327e+02
4.775847696516309782e+01 1.265563654097701090e+02
4.783848844084223373e+01 1.266163229202772413e+02
4.791823863354007074e+01 1.266766275309734340e+02
4.799772603750200517e+01 1.267372781032539706e+02
4.807694915193505381e+01 1.267982734919820587e+02
4.815590648103632532e+01 1.268596125455104442e+02
4.823459653402112224e+01 1.269212941057031969e+02
4.831301782515122056e+01 1.269833170079575524e+02
4.839116887376280118e+01 1.270456800812258820e+02
4.846904820429452343e+01 1.271083821480378759e+02
4.854665434631527177e+01 1.271714220245226699e+02
4.862398583455203038e+01 1.272347985204312977e+02
4.870104120891740962e+01 1.272985104391590596e+02
4.877781901453737845e+01 1.273625565777682596e+02
4.885431780177859196e+01 1.274269357270107292e+02
4.893053612627588222e+01 1.274916466713508640e+02
4.900647254895937976e+01 1.275566881889884030e+02
4.908212563608187651e+01 1.276220590518816067e+02
4.915749395924569853e+01 1.276877580257703642e+02
4.923257609542983460e+01 1.277537838701995838e+02
4.930737062701670226e+01 1.278201353385425421e+02
4.938187614181894247e+01 1.278868111780244305e+02
4.945609123310614308e+01 1.279538101297460742e+02
4.953001449963127811e+01 1.280211309287075778e+02
4.960364454565729631e+01 1.280887723038323429e+02
4.967697998098335432e+01 1.281567329779909983e+02
4.975001942097117080e+01 1.282250116680255587e+02
4.982276148657107484e+01 1.282936070847734698e+02
4.989520480434813265e+01 1.283625179330922776e+02
4.996734800650799002e+01 1.284317429118837595e+02
5.003918973092278577e+01 1.285012807141187636e+02
5.011072862115678817e+01 1.285711300268616242e+02
5.018196332649208813e+01 1.286412895312951434e+02
5.025289250195399404e+01 1.287117579027454326e+02
5.032351480833658286e+01 1.287825338107068944e+02
5.039382891222778937e+01 1.288536159188673764e+02
5.046383348603476549e+01 1.289250028851334378e+02
5.053352720800882025e+01 1.289966933616555309e+02
5.060290876227045942e+01 1.290686859948536949e+02
5.067197683883415493e+01 1.291409794254428789e+02
5.074073013363312867e+01 1.292135722884588063e+02
5.080916734854399408e+01 1.292864632132835538e+02
5.087728719141118461e+01 1.293596508236716147e+02
5.094508837607143903e+01 1.294331337377757052e+02
5.101256962237800963e+01 1.295069105681730264e+02
5.107972965622492723e+01 1.295809799218912985e+02
5.114656720957093228e+01 1.296553404004352501e+02
5.121308102046354804e+01 1.297299905998127940e+02
5.127926983306277009e+01 1.298049291105617158e+02
5.134513239766493342e+01 1.298801545177762193e+02
5.141066747072615328e+01 1.299556654011336718e+02
5.147587381488594360e+01 1.300314603349213769e+02
5.154075019899043753e+01 1.301075378880634617e+02
5.160529539811577848e+01 1.301838966241480477e+02
5.166950819359112757e+01 1.302605351014541952e+02
5.173338737302175616e+01 1.303374518729792158e+02
5.179693173031188991e+01 1.304146454864660143e+02
5.186014006568748158e+01 1.304921144844304308e+02
5.192301118571888452e+01 1.305698574041888378e+02
5.198554390334339814e+01 1.306478727778856808e+02
5.204773703788762873e+01 1.307261591325212180e+02
5.210958941508985731e+01 1.308047149899794590e+02
5.217109986712210201e+01 1.308835388670558473e+02
5.223226723261230120e+01 1.309626292754853978e+02
5.229309035666613426e+01 1.310419847219708060e+02
5.235356809088884944e+01 1.311216037082105572e+02
5.241369929340701361e+01 1.312014847309273762e+02
5.247348282888997062e+01 1.312816262818963935e+02
5.253291756857136363e+01 1.313620268479738229e+02
5.259200239027039459e+01 1.314426849111253546e+02
5.265073617841302678e+01 1.315235989484549748e+02
5.270911782405305246e+01 1.316047674322336434e+02
5.276714622489302542e+01 1.316861888299280849e+02
5.282482028530509410e+01 1.317678616042298643e+02
5.288213891635163577e+01 1.318497842130842912e+02
5.293910103580587645e+01 1.319319551097195529e+02
5.299570556817229772e+01 1.320143727426759881e+02
5.305195144470692270e+01 1.320970355558353049e+02
5.310783760343755233e+01 1.321799419884500537e+02
5.316336298918373160e+01 1.322630904751729020e+02
5.321852655357677264e+01 1.323464794460864482e+02
5.327332725507944389e+01 1.324301073267326387e+02
5.332776405900574446e+01 1.325139725381427240e+02
5.338183593754033041e+01 1.325980734968667889e+02
5.343554186975801201e+01 1.326824086150038511e+02
5.348888084164296686e+01 1.327669763002318177e+02
5.354185184610793158e+01 1.328517749558375272e+02
5.359445388301318758e+01 1.329368029807468758e+02
5.364668595918544014e+01 1.330220587695550023e+02
5.369854708843659807e+01 1.331075407125567835e+02
5.375003629158236151e+01 1.331932471957769906e+02
5.380115259646076709e+01 1.332791766010009553e+02
5.385189503795042754e+01 1.333653273058049820e+02
5.390226265798892769e+01 1.334516976835870992e+02
5.395225450559071589e+01 1.335382861035976134e+02
5.400186963686523001e+01 1.336250909309701740e+02
5.405110711503461118e+01 1.337121105267522694e+02
5.409996601045145326e+01 1.337993432479365481e+02
5.414844540061628919e+01 1.338867874474914856e+02
5.419654437019510596e+01 1.339744414743928473e+02
5.424426201103651835e+01 1.340623036736544975e+02
5.429159742218898543e+01 1.341503723863599191e+02
5.433854970991782096e+01 1.342386459496934208e+02
5.438511798772202610e+01 1.343271226969715428e+02
5.443130137635104404e+01 1.344158009576744917e+02
5.447709900382140802e+01 1.345046790574778299e+02
5.452251000543311932e+01 1.345937553182838542e+02
5.456753352378606792e+01 1.346830280582534840e+02
5.461216870879611918e+01 1.347724955918379521e+02
5.465641471771125026e+01 1.348621562298104948e+02
5.470027071512743078e+01 1.349520082792984965e+02
5.474373587300438260e+01 1.350420500438152658e+02
5.478680937068124024e+01 1.351322798232921514e+02
5.482949039489199805e+01 1.352226959141105738e+02
5.487177813978095031e+01 1.353132966091342269e+02
5.491367180691780447e+01 1.354040801977413651e+02
5.495517060531285836e+01 1.354950449658570051e+02
5.499627375143182206e+01 1.355861891959853267e+02
5.503698046921073228e+01 1.356775111672421588e+02
5.507728999007048998e+01 1.357690091553873515e+02
5.511720155293149048e+01 1.358606814328574615e+02
5.515671440422786986e+01 1.359525262687982661e+02
5.519582779792182947e+01 1.360445419290975053e+02
5.523454099551767627e+01 1.361367266764175952e+02
5.527285326607577076e+01 1.362290787702284547e+02
5.531076388622635420e+01 1.363215964668402762e+02
5.534827214018314834e+01 1.364142780194366651e+02
5.538537731975694101e+01 1.365071216781073815e+02
5.542207872436890170e+01 1.366001256898814518e+02
5.545837566106384031e+01 1.366932882987603648e+02
5.549426744452327398e+01 1.367866077457511551e+02
5.552975339707839453e+01 1.368800822688995424e+02
5.556483284872280848e+01 1.369737101033233273e+02
5.559950513712526288e+01 1.370674894812456728e+02
5.563376960764205137e+01 1.371614186320284148e+02
5.566762561332950554e+01 1.372554957822055712e+02
5.570107251495606704e+01 1.373497191555167944e+02
5.573410968101447338e+01 1.374440869729409371e+02
5.576673648773362402e+01 1.375385974527295332e+02
5.579895231909034692e+01 1.376332488104406764e+02
5.583075656682107279e+01 1.377280392589723874e+02
5.586214863043329615e+01 1.378229670085966632e+02
5.589312791721690132e+01 1.379180302669930711e+02
5.592369384225538909e+01 1.380132272392826849e+02
5.595384582843685450e+01 1.381085561280618492e+02
5.598358330646499326e+01 1.382040151334363713e+02
5.601290571486973136e+01 1.382996024530552006e+02
5.604181250001788328e+01 1.383953162821446483e+02
5.607030311612361828e+01 1.384911548135424084e+02
5.609837702525874903e+01 1.385871162377316921e+02
5.612603369736287107e+01 1.386831987428753905e+02
5.615327261025339567e+01 1.387794005148502663e+02
5.618009324963539086e+01 1.388757197372812300e+02
5.620649510911132296e+01 1.389721545915755883e+02
5.623247769019057785e+01 1.390687032569574910e+02
5.625804050229888276e+01 1.391653639105021227e+02
5.628318306278760019e+01 1.392621347271703769e+02
5.630790489694278733e+01 1.393590138798429905e+02
5.633220553799424124e+01 1.394559995393553891e+02
5.635608452712418881e+01 1.395530898745319064e+02
5.637954141347607617e+01 1.396502830522206864e+02
5.640257575416300995e+01 1.397475772373279028e+02
5.642518711427612743e+01 1.398449705928528317e+02
5.644737506689281759e+01 1.399424612799220995e+02
5.646913919308477858e+01 1.400400474578248406e+02
5.649047908192594036e+01 1.401377272840470880e+02
5.651139433050020244e+01 1.402354989143068167e+02
5.653188454390904383e+01 1.403333605025885333e+02
5.655194933527901924e+01 1.404313102011784054e+02
5.657158832576897112e+01 1.405293461606988501e+02
5.659080114457729849e+01 1.406274665301437494e+02
5.660958742894888474e+01 1.407256694569131525e+02
5.662794682418191883e+01 1.408239530868483484e+02
5.664587898363471652e+01 1.409223155642669383e+02
5.666338356873212945e+01 1.410207550319977656e+02
5.668046024897199686e+01 1.411192696314161026e+02
5.669710870193139840e+01 1.412178575024785232e+02
5.671332861327273633e+01 1.413165167837582885e+02
5.672911967674962597e+01 1.414152456124803621e+02
5.674448159421274340e+01 1.415140421245565676e+02
5.675941407561539620e+01 1.416129044546207467e+02
5.677391683901906561e+01 1.417118307360641722e+02
5.678798961059864325e+01 1.418108191010705070e+02
5.680163212464768208e+01 1.419098676806513879e+02
5.681484412358338432e+01 1.420089746046813559e+02
5.682762535795143322e+01 1.421081380019335541e+02
5.683997558643075365e+01 1.422073560001146859e+02
5.685189457583803119e+01 1.423066267259006565e+02
5.686338210113213876e+01 1.424059483049717585e+02
5.687443794541837150e+01 1.425053188620482274e+02
5.688506189995254658e+01 1.426047365209253996e+02
5.689525376414494673e+01 1.427041994045094100e+02
5.690501334556410029e+01 1.428037056348524914e+02
5.691434045994041924e+01 1.429032533331883883e+02
5.692323493116968791e+01 1.430028406199679409e+02
5.693169659131636706e+01 1.431024656148945553e+02
5.693972528061678418e+01 1.432021264369596167e+02
5.694732084748213197e+01 1.433018212044780455e+02
5.695448314850133897e+01 1.434015480351239376e+02
5.696121204844380514e+01 1.435013050459659212e+02
5.696750742026190295e+01 1.436010903535028547e+02
5.697336914509340033e+01 1.437009020736992113e+02
5.697879711226371313e+01 1.438007383220209761e+02
5.698379121928800117e+01 1.439005972134708315e+02
5.698835137187306543e+01 1.440004768626240264e+02
5.699247748391917412e+01 1.441003753836638452e+02
5.699616947752166141e+01 1.442002908904173353e+02
5.699942728297239114e+01 1.443002214963907193e+02
5.700225083876109977e+01 1.444001653148052355e+02
5.700464009157653322e+01 1.445001204586325798e+02
5.700659499630749139e+01 1.446000850406306881e+02
5.700811551604361682e+01 1.447000571733792356e+02
5.700920162207614794e+01 1.448000349693153908e+02
5.700985329389843059e+01 1.449000165407693146e+02
5.701007051920633018e+01 1.450000000000000000e+02
