1.268403635036335260e+02 1.580488806564735285e+02
1.267485931107427461e+02 1.580886071588198547e+02
1.266568227178519663e+02 1.581283336611661809e+02
1.265650523249611865e+02 1.581680601635125072e+02
1.264732819320704067e+02 1.582077866658588334e+02
1.263815115391796269e+02 1.582475131682051597e+02
1.262897411462888471e+02 1.582872396705514859e+02
1.261979707533980672e+02 1.583269661728978122e+02
1.261062003605072874e+02 1.583666926752441384e+02
1.260144299676165076e+02 1.584064191775904646e+02
1.259226595747257278e+02 1.584461456799367909e+02
1.258308891818349480e+02 1.584858721822831171e+02
1.257391187889441682e+02 1.585255986846294434e+02
1.256473483960533883e+02 1.585653251869757696e+02
1.255555780031626085e+02 1.586050516893220959e+02
1.254638076102718287e+02 1.586447781916684221e+02
1.253720372173810489e+02 1.586845046940147483e+02
1.252802668244902691e+02 1.587242311963610746e+02
1.251884964315994893e+02 1.587639576987074008e+02
1.250967260387087094e+02 1.588036842010537271e+02
1.250049556458179296e+02 1.588434107034000533e+02
1.249131852529271498e+02 1.588831372057463795e+02
1.248214148600363700e+02 1.589228637080927058e+02
1.247296444671455902e+02 1.589625902104390320e+02
1.246378740742548104e+02 1.590023167127853583e+02
1.245461036813640305e+02 1.590420432151316845e+02
1.244543332884732507e+02 1.590817697174780108e+02
1.243625628955824709e+02 1.591214962198243370e+02
1.242707925026916911e+02 1.591612227221706632e+02
1.241790221098009113e+02 1.592009492245169895e+02
1.240872517169101314e+02 1.592406757268633157e+02
1.239954813240193516e+02 1.592804022292096420e+02
1.239037109311285718e+02 1.593201287315559682e+02
1.238119405382377920e+02 1.593598552339022945e+02
1.237201701453470122e+02 1.593995817362486207e+02
1.236283997524562324e+02 1.594393082385949469e+02
1.235366293595654525e+02 1.594790347409412732e+02
1.234448589666746727e+02 1.595187612432875994e+02
1.233530885737838929e+02 1.595584877456339257e+02
1.232613181808931131e+02 1.595982142479802519e+02
1.231695477880023333e+02 1.596379407503265782e+02
1.230777773951115535e+02 1.596776672526729044e+02
1.229860070022207736e+02 1.597173937550192306e+02
1.228942366093299938e+02 1.597571202573655569e+02
1.228024662164392140e+02 1.597968467597118831e+02
1.227106958235484342e+02 1.598365732620582094e+02
1.226189254306576544e+02 1.598762997644045356e+02
1.225271550377668746e+02 1.599160262667508619e+02
1.224353846448760947e+02 1.599557527690971881e+02
1.223436142519853149e+02 1.599954792714435143e+02
1.222518438590945351e+02 1.600352057737898406e+02
1.221600734662037553e+02 1.600749322761361668e+02
1.220683030733129755e+02 1.601146587784824931e+02
1.219765326804221957e+02 1.601543852808288193e+02
1.218847622875314158e+02 1.601941117831751455e+02
1.217929918946406360e+02 1.602338382855214718e+02
1.217012215017498562e+02 1.602735647878677980e+02
1.216094511088590764e+02 1.603132912902141243e+02
1.215176807159682966e+02 1.603530177925604505e+02
1.214259103230775168e+02 1.603927442949067768e+02
1.213341399301867369e+02 1.604324707972531030e+02
1.212423695372959571e+02 1.604721972995994292e+02
1.211505991444051773e+02 1.605119238019457555e+02
1.210588287515143975e+02 1.605516503042920817e+02
1.209670583586236177e+02 1.605913768066384080e+02
1.208752879657328378e+02 1.606311033089847342e+02
1.207835175728420580e+02 1.606708298113310605e+02
1.206917471799512782e+02 1.607105563136773867e+02
1.205999767870604984e+02 1.607502828160237129e+02
1.205082063941697186e+02 1.607900093183700392e+02
1.204164360012789388e+02 1.608297358207163654e+02
1.203246656083881589e+02 1.608694623230626917e+02
1.202328952154973791e+02 1.609091888254090179e+02
1.201411248226065993e+02 1.609489153277553442e+02
1.200493544297158195e+02 1.609886418301016704e+02
1.199575840368250397e+02 1.610283683324479966e+02
1.198658136439342599e+02 1.610680948347943229e+02
1.197740432510434800e+02 1.611078213371406491e+02
1.196822728581527002e+02 1.611475478394869754e+02
1.195905024652619204e+02 1.611872743418333016e+02
1.194987320723711406e+02 1.612270008441796278e+02
1.194069616794803608e+02 1.612667273465259541e+02
1.193151912865895810e+02 1.613064538488722803e+02
1.192234208936988011e+02 1.613461803512186066e+02
1.191316505008080213e+02 1.613859068535649328e+02
1.190398801079172415e+02 1.614256333559112591e+02
1.189481097150264617e+02 1.614653598582575853e+02
1.188563393221356819e+02 1.615050863606039115e+02
1.187645689292449021e+02 1.615448128629502378e+02
1.186727985363541222e+02 1.615845393652965640e+02
1.185810281434633424e+02 1.616242658676428903e+02
1.184892577505725626e+02 1.616639923699892165e+02
1.183974873576817828e+02 1.617037188723355428e+02
1.183057169647910030e+02 1.617434453746818690e+02
1.182139465719002231e+02 1.617831718770281952e+02
1.181221761790094433e+02 1.618228983793745215e+02
1.180304057861186635e+02 1.618626248817208477e+02
1.179386353932278837e+02 1.619023513840671740e+02
1.178468650003371039e+02 1.619420778864135002e+02
1.177550946074463241e+02 1.619818043887598265e+02
1.176633242145555442e+02 1.620215308911061527e+02
1.175715538216647644e+02 1.620612573934524789e+02
1.174797834287739846e+02 1.621009838957988052e+02
1.173880130358832048e+02 1.621407103981451314e+02
1.172962426429924250e+02 1.621804369004914577e+02
1.172044722501016452e+02 1.622201634028377839e+02
1.171127018572108653e+02 1.622598899051841101e+02
1.170209314643200855e+02 1.622996164075304364e+02
1.169291610714293057e+02 1.623393429098767626e+02
1.168373906785385259e+02 1.623790694122230889e+02
1.167456202856477461e+02 1.624187959145694151e+02
1.166538498927569663e+02 1.624585224169157414e+02
1.165620794998661864e+02 1.624982489192620676e+02
1.164703091069754066e+02 1.625379754216083938e+02
1.163785387140846268e+02 1.625777019239547201e+02
1.162867683211938470e+02 1.626174284263010463e+02
1.161949979283030672e+02 1.626571549286473726e+02
1.161032275354122874e+02 1.626968814309936988e+02
1.160114571425215075e+02 1.627366079333400251e+02
1.159196867496307277e+02 1.627763344356863513e+02
1.158279163567399479e+02 1.628160609380326775e+02
1.157361459638491681e+02 1.628557874403790038e+02
1.156443755709583883e+02 1.628955139427253300e+02
1.155526051780676084e+02 1.629352404450716563e+02
1.154608347851768286e+02 1.629749669474179825e+02
1.153690643922860488e+02 1.630146934497643088e+02
1.152772939993952690e+02 1.630544199521106350e+02
1.151855236065044892e+02 1.630941464544569612e+02
1.150937532136137094e+02 1.631338729568032875e+02
1.150019828207229295e+02 1.631735994591496137e+02
1.149102124278321497e+02 1.632133259614959400e+02
1.148184420349413699e+02 1.632530524638422662e+02
1.147266716420505901e+02 1.632927789661885924e+02
1.146349012491598103e+02 1.633325054685349187e+02
1.145431308562690305e+02 1.633722319708812449e+02
1.144513604633782506e+02 1.634119584732275712e+02
1.143595900704874708e+02 1.634516849755738974e+02
1.142678196775966910e+02 1.634914114779202237e+02
1.141760492847059112e+02 1.635311379802665499e+02
1.140842788918151314e+02 1.635708644826128761e+02
1.139925084989243516e+02 1.636105909849592024e+02
1.139007381060335717e+02 1.636503174873055286e+02
1.138089677131427919e+02 1.636900439896518549e+02
1.137171973202520121e+02 1.637297704919981811e+02
1.136254269273612323e+02 1.637694969943445074e+02
1.135336565344704525e+02 1.638092234966908336e+02
1.134418861415796727e+02 1.638489499990371598e+02
1.133501157486888928e+02 1.638886765013834861e+02
1.132583453557981130e+02 1.639284030037298123e+02
1.131665749629073332e+02 1.639681295060761386e+02
1.130748045700165534e+02 1.640078560084224648e+02
1.129830341771257736e+02 1.640475825107687911e+02
1.128912637842349938e+02 1.640873090131151173e+02
1.127994933913442139e+02 1.641270355154614435e+02
1.127077229984534341e+02 1.641667620178077698e+02
1.126159526055626543e+02 1.642064885201540960e+02
1.125241822126718745e+02 1.642462150225004223e+02
1.124324118197810947e+02 1.642859415248467485e+02
1.123406414268903148e+02 1.643256680271930747e+02
1.122488710339995350e+02 1.643653945295394010e+02
1.121571006411087552e+02 1.644051210318857272e+02
1.120653302482179754e+02 1.644448475342320535e+02
1.119735598553271956e+02 1.644845740365783797e+02
1.118817894624364158e+02 1.645243005389247060e+02
1.117900190695456359e+02 1.645640270412710322e+02
1.116982486766548561e+02 1.646037535436173584e+02
1.116064782837640763e+02 1.646434800459636847e+02
1.115147078908732965e+02 1.646832065483100109e+02
1.114229374979825167e+02 1.647229330506563372e+02
1.113311671050917369e+02 1.647626595530026634e+02
1.112393967122009570e+02 1.648023860553489897e+02
1.111476263193101772e+02 1.648421125576953159e+02
1.110558559264193974e+02 1.648818390600416421e+02
1.109640855335286176e+02 1.649215655623879684e+02
1.108723151406378378e+02 1.649612920647342946e+02
1.107805447477470580e+02 1.650010185670806209e+02
1.106887743548562781e+02 1.650407450694269471e+02
1.105970039619654983e+02 1.650804715717732734e+02
1.105052335690747185e+02 1.651201980741195996e+02
1.104134631761839387e+02 1.651599245764659258e+02
1.103216927832931589e+02 1.651996510788122521e+02
1.102299223904023791e+02 1.652393775811585783e+02
1.101381519975115992e+02 1.652791040835049046e+02
1.100463816046208194e+02 1.653188305858512308e+02
1.099546112117300396e+02 1.653585570881975571e+02
1.098628408188392598e+02 1.653982835905438833e+02
1.097710704259484800e+02 1.654380100928902095e+02
1.096793000330577001e+02 1.654777365952365358e+02
1.095875296401669203e+02 1.655174630975828620e+02
1.094957592472761405e+02 1.655571895999291883e+02
1.094039888543853607e+02 1.655969161022755145e+02
1.093122184614945809e+02 1.656366426046218407e+02
1.092204480686038011e+02 1.656763691069681670e+02
1.091286776757130212e+02 1.657160956093144932e+02
1.090369072828222414e+02 1.657558221116608195e+02
1.089451368899314616e+02 1.657955486140071457e+02
1.088533664970406818e+02 1.658352751163534720e+02
1.087615961041499020e+02 1.658750016186997982e+02
1.086698257112591222e+02 1.659147281210461244e+02
1.085780553183683423e+02 1.659544546233924507e+02
1.084862849254775625e+02 1.659941811257387769e+02
1.083945145325867827e+02 1.660339076280851032e+02
1.083027441396960029e+02 1.660736341304314294e+02
1.082109737468052231e+02 1.661133606327777557e+02
1.081192033539144433e+02 1.661530871351240819e+02
1.080274329610236634e+02 1.661928136374704081e+02
1.079356625681328836e+02 1.662325401398167344e+02
1.078438921752421038e+02 1.662722666421630606e+02
1.077521217823513240e+02 1.663119931445093869e+02
1.076603513894605442e+02 1.663517196468557131e+02
1.075685809965697644e+02 1.663914461492020394e+02
1.074768106036789845e+02 1.664311726515483656e+02
1.073850402107882047e+02 1.664708991538946918e+02
1.072932698178974249e+02 1.665106256562410181e+02
1.072014994250066451e+02 1.665503521585873443e+02
1.071097290321158653e+02 1.665900786609336706e+02
1.070179586392250854e+02 1.666298051632799968e+02
1.069261882463343056e+02 1.666695316656263230e+02
1.068344178534435258e+02 1.667092581679726493e+02
1.067426474605527460e+02 1.667489846703189755e+02
1.066508770676619662e+02 1.667887111726653018e+02
1.065591066747711864e+02 1.668284376750116280e+02
1.064673362818804065e+02 1.668681641773579543e+02
1.063755658889896267e+02 1.669078906797042805e+02
1.062837954960988469e+02 1.669476171820506067e+02
1.061920251032080671e+02 1.669873436843969330e+02
1.061002547103172873e+02 1.670270701867432592e+02
1.060084843174265075e+02 1.670667966890895855e+02
1.059167139245357276e+02 1.671065231914359117e+02
1.058249435316449478e+02 1.671462496937822380e+02
1.057331731387541680e+02 1.671859761961285642e+02
1.056414027458633882e+02 1.672257026984748904e+02
1.055496323529726084e+02 1.672654292008212167e+02
1.054578619600818286e+02 1.673051557031675429e+02
1.053660915671910487e+02 1.673448822055138692e+02
1.052743211743002689e+02 1.673846087078601954e+02
1.051825507814094891e+02 1.674243352102065217e+02
1.050907803885187093e+02 1.674640617125528479e+02
1.049990099956279295e+02 1.675037882148991741e+02
1.049072396027371497e+02 1.675435147172455004e+02
1.048154692098463698e+02 1.675832412195918266e+02
1.047236988169555900e+02 1.676229677219381529e+02
1.046319284240648102e+02 1.676626942242844791e+02
1.045401580311740304e+02 1.677024207266308053e+02
1.044483876382832506e+02 1.677421472289771316e+02
1.043566172453924707e+02 1.677818737313234578e+02
1.042648468525016909e+02 1.678216002336697841e+02
1.041730764596109111e+02 1.678613267360161103e+02
1.040813060667201313e+02 1.679010532383624366e+02
1.039895356738293515e+02 1.679407797407087628e+02
1.038977652809385717e+02 1.679805062430550890e+02
1.038059948880477918e+02 1.680202327454014153e+02
1.037142244951570120e+02 1.680599592477477415e+02
1.036224541022662322e+02 1.680996857500940678e+02
1.035306837093754524e+02 1.681394122524403940e+02
1.034389133164846726e+02 1.681791387547867203e+02
1.033471429235938928e+02 1.682188652571330465e+02
1.032553725307031129e+02 1.682585917594793727e+02
1.031636021378123331e+02 1.682983182618256990e+02
1.030718317449215533e+02 1.683380447641720252e+02
1.029800613520307735e+02 1.683777712665183515e+02
1.028882909591399937e+02 1.684174977688646777e+02
1.027965205662492139e+02 1.684572242712110040e+02
1.027047501733584340e+02 1.684969507735573302e+02
1.026129797804676542e+02 1.685366772759036564e+02
1.025212093875768744e+02 1.685764037782499827e+02
1.024294389946860946e+02 1.686161302805963089e+02
1.023376686017953148e+02 1.686558567829426352e+02
1.022458982089045350e+02 1.686955832852889614e+02
1.021541278160137551e+02 1.687353097876352876e+02
1.020623574231229753e+02 1.687750362899816139e+02
1.019705870302321955e+02 1.688147627923279401e+02
1.018788166373414157e+02 1.688544892946742664e+02
1.017870462444506359e+02 1.688942157970205926e+02
1.016952758515598561e+02 1.689339422993669189e+02
1.016035054586690762e+02 1.689736688017132451e+02
1.015117350657782964e+02 1.690133953040595713e+02
1.014199646728875166e+02 1.690531218064058976e+02
1.013281942799967368e+02 1.690928483087522238e+02
1.012364238871059570e+02 1.691325748110985501e+02
1.011446534942151771e+02 1.691723013134448763e+02
1.010528831013243973e+02 1.692120278157912026e+02
1.009611127084336175e+02 1.692517543181375288e+02
1.008693423155428377e+02 1.692914808204838550e+02
1.007775719226520579e+02 1.693312073228301813e+02
1.006858015297612781e+02 1.693709338251765075e+02
1.005940311368704982e+02 1.694106603275228338e+02
1.005022607439797184e+02 1.694503868298691600e+02
1.004104903510889386e+02 1.694901133322154863e+02
1.003187199581981588e+02 1.695298398345618125e+02
1.002269495653073790e+02 1.695695663369081387e+02
1.001351791724165992e+02 1.696092928392544650e+02
1.000434087795258193e+02 1.696490193416007912e+02
9.995163838663503952e+01 1.696887458439471175e+02
9.985986799374425971e+01 1.697284723462934437e+02
9.976809760085347989e+01 1.697681988486397699e+02
9.967632720796270007e+01 1.698079253509860962e+02
9.958455681507192025e+01 1.698476518533324224e+02
9.949278642218114044e+01 1.698873783556787487e+02
9.940101602929036062e+01 1.699271048580250749e+02
9.930924563639958080e+01 1.699668313603714012e+02
9.921747524350880099e+01 1.700065578627177274e+02
9.912570485061802117e+01 1.700462843650640536e+02
9.903393445772724135e+01 1.700860108674103799e+02
9.894216406483646153e+01 1.701257373697567061e+02
9.885039367194568172e+01 1.701654638721030324e+02
9.875862327905490190e+01 1.702051903744493586e+02
9.866685288616412208e+01 1.702449168767956849e+02
9.857508249327334227e+01 1.702846433791420111e+02
9.848331210038256245e+01 1.703243698814883373e+02
9.839154170749178263e+01 1.703640963838346636e+02
9.829977131460100281e+01 1.704038228861809898e+02
9.820800092171022300e+01 1.704435493885273161e+02
9.811623052881944318e+01 1.704832758908736423e+02
9.802446013592866336e+01 1.705230023932199686e+02
9.793268974303788355e+01 1.705627288955662948e+02
9.784091935014710373e+01 1.706024553979126210e+02
9.774914895725632391e+01 1.706421819002589473e+02
9.765737856436554409e+01 1.706819084026052735e+02
9.756560817147476428e+01 1.707216349049515998e+02
9.747383777858398446e+01 1.707613614072979260e+02
9.738206738569320464e+01 1.708010879096442522e+02
9.729029699280242482e+01 1.708408144119905785e+02
9.719852659991164501e+01 1.708805409143369047e+02
9.710675620702086519e+01 1.709202674166832310e+02
9.701498581413008537e+01 1.709599939190295572e+02
9.692321542123930556e+01 1.709997204213758835e+02
9.683144502834852574e+01 1.710394469237222097e+02
9.673967463545774592e+01 1.710791734260685359e+02
9.664790424256696610e+01 1.711188999284148622e+02
9.655613384967618629e+01 1.711586264307611884e+02
9.646436345678540647e+01 1.711983529331075147e+02
9.637259306389462665e+01 1.712380794354538409e+02
9.628082267100384684e+01 1.712778059378001672e+02
9.618905227811306702e+01 1.713175324401464934e+02
9.609728188522228720e+01 1.713572589424928196e+02
9.600551149233150738e+01 1.713969854448391459e+02
9.591374109944072757e+01 1.714367119471854721e+02
9.582197070654994775e+01 1.714764384495317984e+02
9.573020031365916793e+01 1.715161649518781246e+02
9.563842992076838811e+01 1.715558914542244509e+02
9.554665952787760830e+01 1.715956179565707771e+02
9.545488913498682848e+01 1.716353444589171033e+02
9.536311874209604866e+01 1.716750709612634296e+02
9.527134834920526885e+01 1.717147974636097558e+02
9.517957795631448903e+01 1.717545239659560821e+02
9.508780756342370921e+01 1.717942504683024083e+02
9.499603717053292939e+01 1.718339769706487346e+02
9.490426677764214958e+01 1.718737034729950608e+02
9.481249638475136976e+01 1.719134299753413870e+02
9.472072599186058994e+01 1.719531564776877133e+02
9.462895559896981013e+01 1.719928829800340395e+02
9.453718520607903031e+01 1.720326094823803658e+02
9.444541481318825049e+01 1.720723359847266920e+02
9.435364442029747067e+01 1.721120624870730182e+02
9.426187402740669086e+01 1.721517889894193445e+02
9.417010363451591104e+01 1.721915154917656707e+02
9.407833324162513122e+01 1.722312419941119970e+02
9.398656284873435141e+01 1.722709684964583232e+02
9.389479245584357159e+01 1.723106949988046495e+02
9.380302206295279177e+01 1.723504215011509757e+02
9.371125167006201195e+01 1.723901480034973019e+02
9.361948127717123214e+01 1.724298745058436282e+02
9.352771088428045232e+01 1.724696010081899544e+02
9.343594049138967250e+01 1.725093275105362807e+02
9.334417009849889268e+01 1.725490540128826069e+02
9.325239970560811287e+01 1.725887805152289332e+02
9.316062931271733305e+01 1.726285070175752594e+02
9.306885891982655323e+01 1.726682335199215856e+02
9.297708852693577342e+01 1.727079600222679119e+02
9.288531813404499360e+01 1.727476865246142381e+02
9.279354774115421378e+01 1.727874130269605644e+02
9.270177734826343396e+01 1.728271395293068906e+02
9.261000695537265415e+01 1.728668660316532169e+02
9.251823656248187433e+01 1.729065925339995431e+02
9.242646616959109451e+01 1.729463190363458693e+02
9.233469577670031470e+01 1.729860455386921956e+02
9.224292538380953488e+01 1.730257720410385218e+02
9.215115499091875506e+01 1.730654985433848481e+02
9.205938459802797524e+01 1.731052250457311743e+02
9.196761420513719543e+01 1.731449515480775005e+02
9.187584381224641561e+01 1.731846780504238268e+02
9.178407341935563579e+01 1.732244045527701530e+02
9.169230302646485598e+01 1.732641310551164793e+02
9.160053263357407616e+01 1.733038575574628055e+02
9.150876224068329634e+01 1.733435840598091318e+02
9.141699184779251652e+01 1.733833105621554580e+02
9.132522145490173671e+01 1.734230370645017842e+02
9.123345106201095689e+01 1.734627635668481105e+02
9.114168066912017707e+01 1.735024900691944367e+02
9.104991027622939725e+01 1.735422165715407630e+02
9.095813988333861744e+01 1.735819430738870892e+02
9.086636949044783762e+01 1.736216695762334155e+02
9.077459909755705780e+01 1.736613960785797417e+02
9.068282870466627799e+01 1.737011225809260679e+02
9.059105831177549817e+01 1.737408490832723942e+02
9.049928791888471835e+01 1.737805755856187204e+02
9.040751752599393853e+01 1.738203020879650467e+02
9.031574713310315872e+01 1.738600285903113729e+02
9.022397674021237890e+01 1.738997550926576992e+02
9.013220634732159908e+01 1.739394815950040254e+02
9.004043595443081927e+01 1.739792080973503516e+02
8.994866556154003945e+01 1.740189345996966779e+02
8.985689516864925963e+01 1.740586611020430041e+02
8.976512477575847981e+01 1.740983876043893304e+02
8.967335438286770000e+01 1.741381141067356566e+02
8.958158398997692018e+01 1.741778406090819828e+02
8.948981359708614036e+01 1.742175671114283091e+02
8.939804320419536054e+01 1.742572936137746353e+02
8.930627281130458073e+01 1.742970201161209616e+02
8.921450241841380091e+01 1.743367466184672878e+02
8.912273202552302109e+01 1.743764731208136141e+02
8.903096163263224128e+01 1.744161996231599403e+02
8.893919123974146146e+01 1.744559261255062665e+02
8.884742084685068164e+01 1.744956526278525928e+02
8.875565045395990182e+01 1.745353791301989190e+02
8.866388006106912201e+01 1.745751056325452453e+02
8.857210966817834219e+01 1.746148321348915715e+02
8.848033927528756237e+01 1.746545586372378978e+02
8.838856888239678256e+01 1.746942851395842240e+02
8.829679848950600274e+01 1.747340116419305502e+02
8.820502809661522292e+01 1.747737381442768765e+02
8.811325770372444310e+01 1.748134646466232027e+02
8.802148731083366329e+01 1.748531911489695290e+02
8.792971691794288347e+01 1.748929176513158552e+02
8.783794652505210365e+01 1.749326441536621815e+02
8.774617613216132384e+01 1.749723706560085077e+02
8.765440573927054402e+01 1.750120971583548339e+02
8.756263534637976420e+01 1.750518236607011602e+02
8.747086495348898438e+01 1.750915501630474864e+02
8.737909456059820457e+01 1.751312766653938127e+02
8.728732416770742475e+01 1.751710031677401389e+02
8.719555377481664493e+01 1.752107296700864651e+02
8.710378338192586511e+01 1.752504561724327914e+02
8.701201298903508530e+01 1.752901826747791176e+02
8.692024259614430548e+01 1.753299091771254439e+02
8.682847220325352566e+01 1.753696356794717701e+02
8.673670181036274585e+01 1.754093621818180964e+02
8.664493141747196603e+01 1.754490886841644226e+02
8.655316102458118621e+01 1.754888151865107488e+02
8.646139063169040639e+01 1.755285416888570751e+02
8.636962023879962658e+01 1.755682681912034013e+02
8.627784984590884676e+01 1.756079946935497276e+02
8.618607945301806694e+01 1.756477211958960538e+02
8.609430906012728713e+01 1.756874476982423801e+02
8.600253866723650731e+01 1.757271742005887063e+02
8.591076827434572749e+01 1.757669007029350325e+02
8.581899788145494767e+01 1.758066272052813588e+02
8.572722748856416786e+01 1.758463537076276850e+02
8.563545709567338804e+01 1.758860802099740113e+02
8.554368670278260822e+01 1.759258067123203375e+02
8.545191630989182840e+01 1.759655332146666638e+02
8.536014591700104859e+01 1.760052597170129900e+02
8.526837552411026877e+01 1.760449862193593162e+02
8.508678535451446123e+01 1.761235948214483074e+02
8.504705885216813499e+01 1.760318244285575418e+02
8.500733234982180875e+01 1.759400540356667761e+02
8.496760584747548251e+01 1.758482836427760105e+02
8.492787934512915626e+01 1.757565132498852449e+02
8.488815284278283002e+01 1.756647428569944793e+02
8.484842634043650378e+01 1.755729724641037137e+02
8.480869983809017754e+01 1.754812020712129481e+02
8.476897333574385129e+01 1.753894316783221825e+02
8.472924683339752505e+01 1.752976612854314169e+02
8.468952033105119881e+01 1.752058908925406513e+02
8.464979382870487257e+01 1.751141204996498857e+02
8.461006732635854632e+01 1.750223501067591201e+02
8.457034082401222008e+01 1.749305797138683545e+02
8.453061432166589384e+01 1.748388093209775889e+02
8.449088781931956760e+01 1.747470389280868233e+02
8.445116131697324136e+01 1.746552685351960577e+02
8.441143481462691511e+01 1.745634981423052920e+02
8.437170831228058887e+01 1.744717277494145264e+02
8.433198180993426263e+01 1.743799573565237608e+02
8.429225530758793639e+01 1.742881869636329952e+02
8.425252880524161014e+01 1.741964165707422296e+02
8.421280230289528390e+01 1.741046461778514640e+02
8.417307580054895766e+01 1.740128757849606984e+02
8.413334929820263142e+01 1.739211053920699328e+02
8.409362279585630517e+01 1.738293349991791672e+02
8.405389629350997893e+01 1.737375646062884016e+02
8.401416979116365269e+01 1.736457942133976360e+02
8.397444328881732645e+01 1.735540238205068704e+02
8.393471678647100020e+01 1.734622534276161048e+02
8.389499028412467396e+01 1.733704830347253392e+02
8.385526378177834772e+01 1.732787126418345736e+02
8.381553727943202148e+01 1.731869422489438080e+02
8.377581077708569524e+01 1.730951718560530423e+02
8.373608427473936899e+01 1.730034014631622767e+02
8.369635777239304275e+01 1.729116310702715111e+02
8.365663127004671651e+01 1.728198606773807455e+02
8.361690476770039027e+01 1.727280902844899799e+02
8.357717826535406402e+01 1.726363198915992143e+02
8.353745176300773778e+01 1.725445494987084487e+02
8.349772526066141154e+01 1.724527791058176831e+02
8.345799875831508530e+01 1.723610087129269175e+02
8.341827225596875905e+01 1.722692383200361519e+02
8.337854575362243281e+01 1.721774679271453863e+02
8.333881925127610657e+01 1.720856975342546207e+02
8.329909274892978033e+01 1.719939271413638551e+02
8.325936624658345409e+01 1.719021567484730895e+02
8.321963974423712784e+01 1.718103863555823239e+02
8.317991324189080160e+01 1.717186159626915583e+02
8.314018673954447536e+01 1.716268455698007926e+02
8.310046023719814912e+01 1.715350751769100270e+02
8.306073373485182287e+01 1.714433047840192614e+02
8.302100723250549663e+01 1.713515343911284958e+02
8.298128073015917039e+01 1.712597639982377302e+02
8.294155422781284415e+01 1.711679936053469646e+02
8.290182772546651790e+01 1.710762232124561990e+02
8.286210122312019166e+01 1.709844528195654334e+02
8.282237472077386542e+01 1.708926824266746678e+02
8.278264821842753918e+01 1.708009120337839022e+02
8.274292171608121294e+01 1.707091416408931366e+02
8.270319521373488669e+01 1.706173712480023710e+02
8.266346871138856045e+01 1.705256008551116054e+02
8.262374220904223421e+01 1.704338304622208398e+02
8.258401570669590797e+01 1.703420600693300742e+02
8.254428920434958172e+01 1.702502896764393086e+02
8.250456270200325548e+01 1.701585192835485429e+02
8.246483619965692924e+01 1.700667488906577773e+02
8.242510969731060300e+01 1.699749784977670117e+02
8.238538319496427675e+01 1.698832081048762461e+02
8.234565669261795051e+01 1.697914377119854805e+02
8.230593019027162427e+01 1.696996673190947149e+02
8.226620368792529803e+01 1.696078969262039493e+02
8.222647718557897178e+01 1.695161265333131837e+02
8.218675068323264554e+01 1.694243561404224181e+02
8.214702418088631930e+01 1.693325857475316525e+02
8.210729767853999306e+01 1.692408153546408869e+02
8.206757117619366682e+01 1.691490449617501213e+02
8.202784467384734057e+01 1.690572745688593557e+02
8.198811817150101433e+01 1.689655041759685901e+02
8.194839166915468809e+01 1.688737337830778245e+02
8.190866516680836185e+01 1.687819633901870588e+02
8.186893866446203560e+01 1.686901929972962932e+02
8.182921216211570936e+01 1.685984226044055276e+02
8.178948565976938312e+01 1.685066522115147620e+02
8.174975915742305688e+01 1.684148818186239964e+02
8.171003265507673063e+01 1.683231114257332308e+02
8.167030615273040439e+01 1.682313410328424652e+02
8.163057965038407815e+01 1.681395706399516996e+02
8.159085314803775191e+01 1.680478002470609340e+02
8.155112664569142567e+01 1.679560298541701684e+02
8.151140014334509942e+01 1.678642594612794028e+02
8.147167364099877318e+01 1.677724890683886372e+02
8.143194713865244694e+01 1.676807186754978716e+02
8.139222063630612070e+01 1.675889482826071060e+02
8.135249413395979445e+01 1.674971778897163404e+02
8.131276763161346821e+01 1.674054074968255748e+02
8.127304112926714197e+01 1.673136371039348091e+02
8.123331462692081573e+01 1.672218667110440435e+02
8.119358812457448948e+01 1.671300963181532779e+02
8.115386162222816324e+01 1.670383259252625123e+02
8.111413511988183700e+01 1.669465555323717467e+02
8.107440861753551076e+01 1.668547851394809811e+02
8.103468211518918451e+01 1.667630147465902155e+02
8.099495561284285827e+01 1.666712443536994499e+02
8.095522911049653203e+01 1.665794739608086843e+02
8.091550260815020579e+01 1.664877035679179187e+02
8.087577610580387955e+01 1.663959331750271531e+02
8.083604960345755330e+01 1.663041627821363875e+02
8.079632310111122706e+01 1.662123923892456219e+02
8.075659659876490082e+01 1.661206219963548563e+02
8.071687009641857458e+01 1.660288516034640907e+02
8.067714359407224833e+01 1.659370812105733251e+02
8.063741709172592209e+01 1.658453108176825594e+02
8.059769058937959585e+01 1.657535404247917938e+02
8.055796408703326961e+01 1.656617700319010282e+02
8.051823758468694336e+01 1.655699996390102626e+02
8.047851108234061712e+01 1.654782292461194970e+02
8.043878457999429088e+01 1.653864588532287314e+02
8.039905807764796464e+01 1.652946884603379658e+02
8.035933157530163840e+01 1.652029180674472002e+02
8.031960507295531215e+01 1.651111476745564346e+02
8.027987857060898591e+01 1.650193772816656690e+02
8.024015206826265967e+01 1.649276068887749034e+02
8.020042556591633343e+01 1.648358364958841378e+02
8.016069906357000718e+01 1.647440661029933722e+02
8.012097256122368094e+01 1.646522957101026066e+02
8.008124605887735470e+01 1.645605253172118410e+02
8.004151955653102846e+01 1.644687549243210754e+02
8.000179305418470221e+01 1.643769845314303097e+02
7.996206655183837597e+01 1.642852141385395441e+02
7.992234004949204973e+01 1.641934437456487785e+02
7.988261354714572349e+01 1.641016733527580129e+02
7.984288704479939724e+01 1.640099029598672473e+02
7.980316054245307100e+01 1.639181325669764817e+02
7.976343404010674476e+01 1.638263621740857161e+02
7.972370753776041852e+01 1.637345917811949505e+02
7.968398103541409228e+01 1.636428213883041849e+02
7.964425453306776603e+01 1.635510509954134193e+02
7.960452803072143979e+01 1.634592806025226537e+02
7.956480152837511355e+01 1.633675102096318881e+02
7.952507502602878731e+01 1.632757398167411225e+02
7.948534852368246106e+01 1.631839694238503569e+02
7.944562202133613482e+01 1.630921990309595913e+02
7.940589551898980858e+01 1.630004286380688256e+02
7.936616901664348234e+01 1.629086582451780600e+02
7.932644251429715609e+01 1.628168878522872944e+02
7.928671601195082985e+01 1.627251174593965288e+02
7.924698950960450361e+01 1.626333470665057632e+02
7.920726300725817737e+01 1.625415766736149976e+02
7.916753650491185113e+01 1.624498062807242320e+02
7.912781000256552488e+01 1.623580358878334664e+02
7.908808350021919864e+01 1.622662654949427008e+02
7.904835699787287240e+01 1.621744951020519352e+02
7.900863049552654616e+01 1.620827247091611696e+02
7.896890399318021991e+01 1.619909543162704040e+02
7.892917749083389367e+01 1.618991839233796384e+02
7.888945098848756743e+01 1.618074135304888728e+02
7.884972448614124119e+01 1.617156431375981072e+02
7.880999798379491494e+01 1.616238727447073416e+02
7.877027148144858870e+01 1.615321023518165759e+02
7.873054497910226246e+01 1.614403319589258103e+02
7.869081847675593622e+01 1.613485615660350447e+02
7.865109197440960997e+01 1.612567911731442791e+02
7.861136547206328373e+01 1.611650207802535135e+02
7.857163896971695749e+01 1.610732503873627479e+02
7.853191246737063125e+01 1.609814799944719823e+02
7.849218596502430501e+01 1.608897096015812167e+02
7.845245946267797876e+01 1.607979392086904511e+02
7.841273296033165252e+01 1.607061688157996855e+02
7.837300645798532628e+01 1.606143984229089199e+02
7.833327995563900004e+01 1.605226280300181543e+02
7.829355345329267379e+01 1.604308576371273887e+02
7.825382695094634755e+01 1.603390872442366231e+02
7.821410044860002131e+01 1.602473168513458575e+02
7.817437394625369507e+01 1.601555464584550919e+02
7.813464744390736882e+01 1.600637760655643262e+02
7.809492094156104258e+01 1.599720056726735606e+02
7.805519443921471634e+01 1.598802352797827950e+02
7.801546793686839010e+01 1.597884648868920294e+02
7.797574143452206386e+01 1.596966944940012638e+02
7.793601493217573761e+01 1.596049241011104982e+02
7.789628842982941137e+01 1.595131537082197326e+02
7.785656192748308513e+01 1.594213833153289670e+02
7.781683542513675889e+01 1.593296129224382014e+02
7.777710892279043264e+01 1.592378425295474358e+02
7.773738242044410640e+01 1.591460721366566702e+02
7.769765591809778016e+01 1.590543017437659046e+02
7.765792941575145392e+01 1.589625313508751390e+02
7.761820291340512767e+01 1.588707609579843734e+02
7.757847641105880143e+01 1.587789905650936078e+02
7.753874990871247519e+01 1.586872201722028421e+02
7.749902340636614895e+01 1.585954497793120765e+02
7.745929690401982270e+01 1.585036793864213109e+02
7.741957040167349646e+01 1.584119089935305453e+02
7.737984389932717022e+01 1.583201386006397797e+02
7.734011739698084398e+01 1.582283682077490141e+02
7.730039089463451774e+01 1.581365978148582485e+02
7.726066439228819149e+01 1.580448274219674829e+02
7.722093788994186525e+01 1.579530570290767173e+02
7.718121138759553901e+01 1.578612866361859517e+02
7.714148488524921277e+01 1.577695162432951861e+02
7.710175838290288652e+01 1.576777458504044205e+02
7.706203188055656028e+01 1.575859754575136549e+02
7.702230537821023404e+01 1.574942050646228893e+02
7.698257887586390780e+01 1.574024346717321237e+02
7.694285237351758155e+01 1.573106642788413581e+02
7.690312587117125531e+01 1.572188938859505924e+02
7.686339936882492907e+01 1.571271234930598268e+02
7.682367286647860283e+01 1.570353531001690612e+02
7.678394636413227659e+01 1.569435827072782956e+02
7.674421986178595034e+01 1.568518123143875300e+02
7.670449335943962410e+01 1.567600419214967644e+02
7.666476685709329786e+01 1.566682715286059988e+02
7.662504035474697162e+01 1.565765011357152332e+02
7.658531385240064537e+01 1.564847307428244676e+02
7.654558735005431913e+01 1.563929603499337020e+02
7.650586084770799289e+01 1.563011899570429364e+02
7.646613434536166665e+01 1.562094195641521708e+02
7.642640784301534040e+01 1.561176491712614052e+02
7.638668134066901416e+01 1.560258787783706396e+02
7.634695483832268792e+01 1.559341083854798740e+02
7.630722833597636168e+01 1.558423379925891084e+02
7.626750183363003543e+01 1.557505675996983427e+02
7.622777533128370919e+01 1.556587972068075771e+02
7.618804882893738295e+01 1.555670268139168115e+02
7.614832232659105671e+01 1.554752564210260459e+02
7.610859582424473047e+01 1.553834860281352803e+02
7.606886932189840422e+01 1.552917156352445147e+02
7.602914281955207798e+01 1.551999452423537491e+02
7.598941631720575174e+01 1.551081748494629835e+02
7.594968981485942550e+01 1.550164044565722179e+02
7.590996331251309925e+01 1.549246340636814523e+02
7.587023681016677301e+01 1.548328636707906867e+02
7.583051030782044677e+01 1.547410932778999211e+02
7.579078380547412053e+01 1.546493228850091555e+02
7.575105730312779428e+01 1.545575524921183899e+02
7.571133080078146804e+01 1.544657820992276243e+02
7.567160429843514180e+01 1.543740117063368587e+02
7.563187779608881556e+01 1.542822413134460930e+02
7.559215129374248932e+01 1.541904709205553274e+02
7.555242479139616307e+01 1.540987005276645618e+02
7.551269828904983683e+01 1.540069301347737962e+02
7.547297178670351059e+01 1.539151597418830306e+02
7.543324528435718435e+01 1.538233893489922650e+02
7.539351878201085810e+01 1.537316189561014994e+02
7.535379227966453186e+01 1.536398485632107338e+02
7.531406577731820562e+01 1.535480781703199682e+02
7.527433927497187938e+01 1.534563077774292026e+02
7.523461277262555313e+01 1.533645373845384370e+02
7.519488627027922689e+01 1.532727669916476714e+02
7.515515976793290065e+01 1.531809965987569058e+02
7.511543326558657441e+01 1.530892262058661402e+02
7.507570676324024816e+01 1.529974558129753746e+02
7.503598026089392192e+01 1.529056854200846089e+02
7.499625375854759568e+01 1.528139150271938433e+02
7.495652725620126944e+01 1.527221446343030777e+02
7.491680075385494320e+01 1.526303742414123121e+02
7.487707425150861695e+01 1.525386038485215465e+02
7.483734774916229071e+01 1.524468334556307809e+02
7.479762124681596447e+01 1.523550630627400153e+02
7.475789474446963823e+01 1.522632926698492497e+02
7.471816824212331198e+01 1.521715222769584841e+02
7.467844173977698574e+01 1.520797518840677185e+02
7.463871523743065950e+01 1.519879814911769529e+02
7.459898873508433326e+01 1.518962110982861873e+02
7.455926223273800701e+01 1.518044407053954217e+02
7.451953573039168077e+01 1.517126703125046561e+02
7.447980922804535453e+01 1.516208999196138905e+02
7.444008272569902829e+01 1.515291295267231249e+02
7.440035622335270205e+01 1.514373591338323592e+02
7.436062972100637580e+01 1.513455887409415936e+02
7.432090321866004956e+01 1.512538183480508280e+02
7.428117671631372332e+01 1.511620479551600624e+02
7.424145021396739708e+01 1.510702775622692968e+02
7.420172371162107083e+01 1.509785071693785312e+02
7.416199720927474459e+01 1.508867367764877656e+02
7.412227070692841835e+01 1.507949663835970000e+02
7.408254420458209211e+01 1.507031959907062344e+02
7.404281770223576586e+01 1.506114255978154688e+02
7.400309119988943962e+01 1.505196552049247032e+02
7.396336469754311338e+01 1.504278848120339376e+02
7.392363819519678714e+01 1.503361144191431720e+02
7.388391169285046089e+01 1.502443440262524064e+02
7.384418519050413465e+01 1.501525736333616408e+02
7.380445868815780841e+01 1.500608032404708752e+02
7.376473218581148217e+01 1.499690328475801095e+02
7.372500568346515593e+01 1.498772624546893439e+02
7.368527918111882968e+01 1.497854920617985783e+02
7.364555267877250344e+01 1.496937216689078127e+02
7.360582617642617720e+01 1.496019512760170471e+02
7.356609967407985096e+01 1.495101808831262815e+02
7.352637317173352471e+01 1.494184104902355159e+02
7.348664666938719847e+01 1.493266400973447503e+02
7.344692016704087223e+01 1.492348697044539847e+02
7.340719366469454599e+01 1.491430993115632191e+02
7.336746716234821974e+01 1.490513289186724535e+02
7.332774066000189350e+01 1.489595585257816879e+02
7.328801415765556726e+01 1.488677881328909223e+02
7.324828765530924102e+01 1.487760177400001567e+02
7.320856115296291478e+01 1.486842473471093911e+02
7.316883465061658853e+01 1.485924769542186255e+02
7.312910814827026229e+01 1.485007065613278598e+02
7.308938164592393605e+01 1.484089361684370942e+02
7.304965514357760981e+01 1.483171657755463286e+02
7.300992864123128356e+01 1.482253953826555630e+02
7.297020213888495732e+01 1.481336249897647974e+02
7.293047563653863108e+01 1.480418545968740318e+02
7.289074913419230484e+01 1.479500842039832662e+02
7.285102263184597859e+01 1.478583138110925006e+02
7.281129612949965235e+01 1.477665434182017350e+02
7.277156962715332611e+01 1.476747730253109694e+02
7.273184312480699987e+01 1.475830026324202038e+02
7.269211662246067363e+01 1.474912322395294382e+02
7.265239012011434738e+01 1.473994618466386726e+02
7.261266361776802114e+01 1.473076914537479070e+02
7.257293711542169490e+01 1.472159210608571414e+02
7.253321061307536866e+01 1.471241506679663757e+02
7.249348411072904241e+01 1.470323802750756101e+02
7.245375760838271617e+01 1.469406098821848445e+02
7.241403110603638993e+01 1.468488394892940789e+02
7.237430460369006369e+01 1.467570690964033133e+02
7.233457810134373744e+01 1.466652987035125477e+02
7.229485159899741120e+01 1.465735283106217821e+02
7.225512509665108496e+01 1.464817579177310165e+02
7.221539859430475872e+01 1.463899875248402509e+02
7.217567209195843247e+01 1.462982171319494853e+02
7.213594558961210623e+01 1.462064467390587197e+02
7.209621908726577999e+01 1.461146763461679541e+02
7.205649258491945375e+01 1.460229059532771885e+02
7.201676608257312751e+01 1.459311355603864229e+02
7.197703958022680126e+01 1.458393651674956573e+02
7.193731307788047502e+01 1.457475947746048917e+02
7.189758657553414878e+01 1.456558243817141260e+02
7.185786007318782254e+01 1.455640539888233604e+02
7.181813357084149629e+01 1.454722835959325948e+02
7.177840706849517005e+01 1.453805132030418292e+02
7.173868056614884381e+01 1.452887428101510636e+02
7.169895406380251757e+01 1.451969724172602980e+02
7.165922756145619132e+01 1.451052020243695324e+02
7.161950105910986508e+01 1.450134316314787668e+02
7.157977455676353884e+01 1.449216612385880012e+02
7.154004805441721260e+01 1.448298908456972356e+02
7.150032155207088636e+01 1.447381204528064700e+02
7.146059504972456011e+01 1.446463500599157044e+02
7.142086854737823387e+01 1.445545796670249388e+02
7.138114204503190763e+01 1.444628092741341732e+02
7.134141554268558139e+01 1.443710388812434076e+02
7.130168904033925514e+01 1.442792684883526420e+02
7.126196253799292890e+01 1.441874980954618763e+02
7.122223603564660266e+01 1.440957277025711107e+02
7.115963649636645982e+01 1.439511193435264715e+02
7.125140688925723964e+01 1.439113928411801453e+02
7.134317728214801946e+01 1.438716663388338191e+02
7.143494767503879928e+01 1.438319398364874928e+02
7.152671806792957909e+01 1.437922133341411666e+02
7.161848846082035891e+01 1.437524868317948403e+02
7.171025885371113873e+01 1.437127603294485141e+02
7.180202924660191854e+01 1.436730338271021878e+02
7.189379963949269836e+01 1.436333073247558616e+02
7.198557003238347818e+01 1.435935808224095354e+02
7.207734042527425800e+01 1.435538543200632091e+02
7.216911081816503781e+01 1.435141278177168829e+02
7.226088121105581763e+01 1.434744013153705566e+02
7.235265160394659745e+01 1.434346748130242304e+02
7.244442199683737726e+01 1.433949483106779041e+02
7.253619238972815708e+01 1.433552218083315779e+02
7.262796278261893690e+01 1.433154953059852517e+02
7.271973317550971672e+01 1.432757688036389254e+02
7.281150356840049653e+01 1.432360423012925992e+02
7.290327396129127635e+01 1.431963157989462729e+02
7.299504435418205617e+01 1.431565892965999467e+02
7.308681474707283598e+01 1.431168627942536205e+02
7.317858513996361580e+01 1.430771362919072942e+02
7.327035553285439562e+01 1.430374097895609680e+02
7.336212592574517544e+01 1.429976832872146417e+02
7.345389631863595525e+01 1.429579567848683155e+02
7.354566671152673507e+01 1.429182302825219892e+02
7.363743710441751489e+01 1.428785037801756630e+02
7.372920749730829471e+01 1.428387772778293368e+02
7.382097789019907452e+01 1.427990507754830105e+02
7.391274828308985434e+01 1.427593242731366843e+02
7.400451867598063416e+01 1.427195977707903580e+02
7.409628906887141397e+01 1.426798712684440318e+02
7.418805946176219379e+01 1.426401447660977055e+02
7.427982985465297361e+01 1.426004182637513793e+02
7.437160024754375343e+01 1.425606917614050531e+02
7.446337064043453324e+01 1.425209652590587268e+02
7.455514103332531306e+01 1.424812387567124006e+02
7.464691142621609288e+01 1.424415122543660743e+02
7.473868181910687269e+01 1.424017857520197481e+02
7.483045221199765251e+01 1.423620592496734218e+02
7.492222260488843233e+01 1.423223327473270956e+02
7.501399299777921215e+01 1.422826062449807694e+02
7.510576339066999196e+01 1.422428797426344431e+02
7.519753378356077178e+01 1.422031532402881169e+02
7.528930417645155160e+01 1.421634267379417906e+02
7.538107456934233142e+01 1.421237002355954644e+02
7.547284496223311123e+01 1.420839737332491381e+02
7.556461535512389105e+01 1.420442472309028119e+02
7.565638574801467087e+01 1.420045207285564857e+02
7.574815614090545068e+01 1.419647942262101594e+02
7.583992653379623050e+01 1.419250677238638332e+02
7.593169692668701032e+01 1.418853412215175069e+02
7.602346731957779014e+01 1.418456147191711807e+02
7.611523771246856995e+01 1.418058882168248545e+02
7.620700810535934977e+01 1.417661617144785282e+02
7.629877849825012959e+01 1.417264352121322020e+02
7.639054889114090940e+01 1.416867087097858757e+02
7.648231928403168922e+01 1.416469822074395495e+02
7.657408967692246904e+01 1.416072557050932232e+02
7.666586006981324886e+01 1.415675292027468970e+02
7.675763046270402867e+01 1.415278027004005708e+02
7.684940085559480849e+01 1.414880761980542445e+02
7.694117124848558831e+01 1.414483496957079183e+02
7.703294164137636812e+01 1.414086231933615920e+02
7.712471203426714794e+01 1.413688966910152658e+02
7.721648242715792776e+01 1.413291701886689395e+02
7.730825282004870758e+01 1.412894436863226133e+02
7.740002321293948739e+01 1.412497171839762871e+02
7.749179360583026721e+01 1.412099906816299608e+02
7.758356399872104703e+01 1.411702641792836346e+02
7.767533439161182685e+01 1.411305376769373083e+02
7.776710478450260666e+01 1.410908111745909821e+02
7.785887517739338648e+01 1.410510846722446558e+02
7.795064557028416630e+01 1.410113581698983296e+02
7.804241596317494611e+01 1.409716316675520034e+02
7.813418635606572593e+01 1.409319051652056771e+02
7.822595674895650575e+01 1.408921786628593509e+02
7.831772714184728557e+01 1.408524521605130246e+02
7.840949753473806538e+01 1.408127256581666984e+02
7.850126792762884520e+01 1.407729991558203722e+02
7.859303832051962502e+01 1.407332726534740459e+02
7.868480871341040483e+01 1.406935461511277197e+02
7.877657910630118465e+01 1.406538196487813934e+02
7.886834949919196447e+01 1.406140931464350672e+02
7.896011989208274429e+01 1.405743666440887409e+02
7.905189028497352410e+01 1.405346401417424147e+02
7.914366067786430392e+01 1.404949136393960885e+02
7.923543107075508374e+01 1.404551871370497622e+02
7.932720146364586356e+01 1.404154606347034360e+02
7.941897185653664337e+01 1.403757341323571097e+02
7.951074224942742319e+01 1.403360076300107835e+02
7.960251264231820301e+01 1.402962811276644572e+02
7.969428303520898282e+01 1.402565546253181310e+02
7.978605342809976264e+01 1.402168281229718048e+02
7.987782382099054246e+01 1.401771016206254785e+02
7.996959421388132228e+01 1.401373751182791523e+02
8.006136460677210209e+01 1.400976486159328260e+02
8.015313499966288191e+01 1.400579221135864998e+02
8.024490539255366173e+01 1.400181956112401735e+02
8.033667578544444154e+01 1.399784691088938473e+02
8.042844617833522136e+01 1.399387426065475211e+02
8.052021657122600118e+01 1.398990161042011948e+02
8.061198696411678100e+01 1.398592896018548686e+02
8.070375735700756081e+01 1.398195630995085423e+02
8.079552774989834063e+01 1.397798365971622161e+02
8.088729814278912045e+01 1.397401100948158899e+02
8.097906853567990026e+01 1.397003835924695636e+02
8.107083892857068008e+01 1.396606570901232374e+02
8.116260932146145990e+01 1.396209305877769111e+02
8.125437971435223972e+01 1.395812040854305849e+02
8.134615010724301953e+01 1.395414775830842586e+02
8.143792050013379935e+01 1.395017510807379324e+02
8.152969089302457917e+01 1.394620245783916062e+02
8.162146128591535899e+01 1.394222980760452799e+02
8.171323167880613880e+01 1.393825715736989537e+02
8.180500207169691862e+01 1.393428450713526274e+02
8.189677246458769844e+01 1.393031185690063012e+02
8.198854285747847825e+01 1.392633920666599749e+02
8.208031325036925807e+01 1.392236655643136487e+02
8.217208364326003789e+01 1.391839390619673225e+02
8.226385403615081771e+01 1.391442125596209962e+02
8.235562442904159752e+01 1.391044860572746700e+02
8.244739482193237734e+01 1.390647595549283437e+02
8.253916521482315716e+01 1.390250330525820175e+02
8.263093560771393697e+01 1.389853065502356912e+02
8.272270600060471679e+01 1.389455800478893650e+02
8.281447639349549661e+01 1.389058535455430388e+02
8.290624678638627643e+01 1.388661270431967125e+02
8.299801717927705624e+01 1.388264005408503863e+02
8.308978757216783606e+01 1.387866740385040600e+02
8.318155796505861588e+01 1.387469475361577338e+02
8.327332835794939569e+01 1.387072210338114076e+02
8.336509875084017551e+01 1.386674945314650813e+02
8.345686914373095533e+01 1.386277680291187551e+02
8.354863953662173515e+01 1.385880415267724288e+02
8.364040992951251496e+01 1.385483150244261026e+02
8.373218032240329478e+01 1.385085885220797763e+02
8.382395071529407460e+01 1.384688620197334501e+02
8.391572110818485442e+01 1.384291355173871239e+02
8.400749150107563423e+01 1.383894090150407976e+02
8.409926189396641405e+01 1.383496825126944714e+02
8.419103228685719387e+01 1.383099560103481451e+02
8.428280267974797368e+01 1.382702295080018189e+02
8.437457307263875350e+01 1.382305030056554926e+02
8.446634346552953332e+01 1.381907765033091664e+02
8.455811385842031314e+01 1.381510500009628402e+02
8.464988425131109295e+01 1.381113234986165139e+02
8.474165464420187277e+01 1.380715969962701877e+02
8.483342503709265259e+01 1.380318704939238614e+02
8.492519542998343240e+01 1.379921439915775352e+02
8.501696582287421222e+01 1.379524174892312089e+02
8.510873621576499204e+01 1.379126909868848827e+02
8.520050660865577186e+01 1.378729644845385565e+02
8.529227700154655167e+01 1.378332379821922302e+02
8.538404739443733149e+01 1.377935114798459040e+02
8.547581778732811131e+01 1.377537849774995777e+02
8.556758818021889113e+01 1.377140584751532515e+02
8.565935857310967094e+01 1.376743319728069253e+02
8.575112896600045076e+01 1.376346054704605990e+02
8.584289935889123058e+01 1.375948789681142728e+02
8.593466975178201039e+01 1.375551524657679465e+02
8.602644014467279021e+01 1.375154259634216203e+02
8.611821053756357003e+01 1.374756994610752940e+02
8.620998093045434985e+01 1.374359729587289678e+02
8.630175132334512966e+01 1.373962464563826416e+02
8.639352171623590948e+01 1.373565199540363153e+02
8.648529210912668930e+01 1.373167934516899891e+02
8.657706250201746911e+01 1.372770669493436628e+02
8.666883289490824893e+01 1.372373404469973366e+02
8.676060328779902875e+01 1.371976139446510103e+02
8.685237368068980857e+01 1.371578874423046841e+02
8.694414407358058838e+01 1.371181609399583579e+02
8.703591446647136820e+01 1.370784344376120316e+02
8.712768485936214802e+01 1.370387079352657054e+02
8.721945525225292783e+01 1.369989814329193791e+02
8.731122564514370765e+01 1.369592549305730529e+02
8.740299603803448747e+01 1.369195284282267266e+02
8.749476643092526729e+01 1.368798019258804004e+02
8.758653682381604710e+01 1.368400754235340742e+02
8.767830721670682692e+01 1.368003489211877479e+02
8.777007760959760674e+01 1.367606224188414217e+02
8.786184800248838656e+01 1.367208959164950954e+02
8.795361839537916637e+01 1.366811694141487692e+02
8.804538878826994619e+01 1.366414429118024429e+02
8.813715918116072601e+01 1.366017164094561167e+02
8.822892957405150582e+01 1.365619899071097905e+02
8.832069996694228564e+01 1.365222634047634642e+02
8.841247035983306546e+01 1.364825369024171380e+02
8.850424075272384528e+01 1.364428104000708117e+02
8.859601114561462509e+01 1.364030838977244855e+02
8.868778153850540491e+01 1.363633573953781593e+02
8.877955193139618473e+01 1.363236308930318330e+02
8.887132232428696454e+01 1.362839043906855068e+02
8.896309271717774436e+01 1.362441778883391805e+02
8.905486311006852418e+01 1.362044513859928543e+02
8.914663350295930400e+01 1.361647248836465280e+02
8.923840389585008381e+01 1.361249983813002018e+02
8.933017428874086363e+01 1.360852718789538756e+02
8.942194468163164345e+01 1.360455453766075493e+02
8.951371507452242327e+01 1.360058188742612231e+02
8.960548546741320308e+01 1.359660923719148968e+02
8.969725586030398290e+01 1.359263658695685706e+02
8.978902625319476272e+01 1.358866393672222443e+02
8.988079664608554253e+01 1.358469128648759181e+02
8.997256703897632235e+01 1.358071863625295919e+02
9.006433743186710217e+01 1.357674598601832656e+02
9.015610782475788199e+01 1.357277333578369394e+02
9.024787821764866180e+01 1.356880068554906131e+02
9.033964861053944162e+01 1.356482803531442869e+02
9.043141900343022144e+01 1.356085538507979606e+02
9.052318939632100125e+01 1.355688273484516344e+02
9.061495978921178107e+01 1.355291008461053082e+02
9.070673018210256089e+01 1.354893743437589819e+02
9.079850057499334071e+01 1.354496478414126557e+02
9.089027096788412052e+01 1.354099213390663294e+02
9.098204136077490034e+01 1.353701948367200032e+02
9.107381175366568016e+01 1.353304683343736770e+02
9.116558214655645997e+01 1.352907418320273507e+02
9.125735253944723979e+01 1.352510153296810245e+02
9.134912293233801961e+01 1.352112888273346982e+02
9.144089332522879943e+01 1.351715623249883720e+02
9.153266371811957924e+01 1.351318358226420457e+02
9.162443411101035906e+01 1.350921093202957195e+02
9.171620450390113888e+01 1.350523828179493933e+02
9.180797489679191870e+01 1.350126563156030670e+02
9.189974528968269851e+01 1.349729298132567408e+02
9.199151568257347833e+01 1.349332033109104145e+02
9.208328607546425815e+01 1.348934768085640883e+02
9.217505646835503796e+01 1.348537503062177620e+02
9.226682686124581778e+01 1.348140238038714358e+02
9.235859725413659760e+01 1.347742973015251096e+02
9.245036764702737742e+01 1.347345707991787833e+02
9.254213803991815723e+01 1.346948442968324571e+02
9.263390843280893705e+01 1.346551177944861308e+02
9.272567882569971687e+01 1.346153912921398046e+02
9.281744921859049668e+01 1.345756647897934783e+02
9.290921961148127650e+01 1.345359382874471521e+02
9.300099000437205632e+01 1.344962117851008259e+02
9.309276039726283614e+01 1.344564852827544996e+02
9.318453079015361595e+01 1.344167587804081734e+02
9.327630118304439577e+01 1.343770322780618471e+02
9.336807157593517559e+01 1.343373057757155209e+02
9.345984196882595541e+01 1.342975792733691947e+02
9.355161236171673522e+01 1.342578527710228684e+02
9.364338275460751504e+01 1.342181262686765422e+02
9.373515314749829486e+01 1.341783997663302159e+02
9.382692354038907467e+01 1.341386732639838897e+02
9.391869393327985449e+01 1.340989467616375634e+02
9.401046432617063431e+01 1.340592202592912372e+02
9.410223471906141413e+01 1.340194937569449110e+02
9.419400511195219394e+01 1.339797672545985847e+02
9.428577550484297376e+01 1.339400407522522585e+02
9.437754589773375358e+01 1.339003142499059322e+02
9.446931629062453339e+01 1.338605877475596060e+02
9.456108668351531321e+01 1.338208612452132797e+02
9.465285707640609303e+01 1.337811347428669535e+02
9.474462746929687285e+01 1.337414082405206273e+02
9.483639786218765266e+01 1.337016817381743010e+02
9.492816825507843248e+01 1.336619552358279748e+02
9.501993864796921230e+01 1.336222287334816485e+02
9.511170904085999211e+01 1.335825022311353223e+02
9.520347943375077193e+01 1.335427757287889960e+02
9.529524982664155175e+01 1.335030492264426698e+02
9.538702021953233157e+01 1.334633227240963436e+02
9.547879061242311138e+01 1.334235962217500173e+02
9.557056100531389120e+01 1.333838697194036911e+02
9.566233139820467102e+01 1.333441432170573648e+02
9.575410179109545084e+01 1.333044167147110386e+02
9.584587218398623065e+01 1.332646902123647124e+02
9.593764257687701047e+01 1.332249637100183861e+02
9.602941296976779029e+01 1.331852372076720599e+02
9.612118336265857010e+01 1.331455107053257336e+02
9.621295375554934992e+01 1.331057842029794074e+02
9.630472414844012974e+01 1.330660577006330811e+02
9.639649454133090956e+01 1.330263311982867549e+02
9.648826493422168937e+01 1.329866046959404287e+02
9.658003532711246919e+01 1.329468781935941024e+02
9.667180572000324901e+01 1.329071516912477762e+02
9.676357611289402882e+01 1.328674251889014499e+02
9.685534650578480864e+01 1.328276986865551237e+02
9.694711689867558846e+01 1.327879721842087974e+02
9.703888729156636828e+01 1.327482456818624712e+02
9.713065768445714809e+01 1.327085191795161450e+02
9.722242807734792791e+01 1.326687926771698187e+02
9.731419847023870773e+01 1.326290661748234925e+02
9.740596886312948754e+01 1.325893396724771662e+02
9.749773925602026736e+01 1.325496131701308400e+02
9.758950964891104718e+01 1.325098866677845137e+02
9.768128004180182700e+01 1.324701601654381875e+02
9.777305043469260681e+01 1.324304336630918613e+02
9.786482082758338663e+01 1.323907071607455350e+02
9.795659122047416645e+01 1.323509806583992088e+02
9.804836161336494627e+01 1.323112541560528825e+02
9.814013200625572608e+01 1.322715276537065563e+02
9.823190239914650590e+01 1.322318011513602301e+02
9.832367279203728572e+01 1.321920746490139038e+02
9.841544318492806553e+01 1.321523481466675776e+02
9.850721357781884535e+01 1.321126216443212513e+02
9.859898397070962517e+01 1.320728951419749251e+02
9.869075436360040499e+01 1.320331686396285988e+02
9.878252475649118480e+01 1.319934421372822726e+02
9.887429514938196462e+01 1.319537156349359464e+02
9.896606554227274444e+01 1.319139891325896201e+02
9.905783593516352425e+01 1.318742626302432939e+02
9.914960632805430407e+01 1.318345361278969676e+02
9.924137672094508389e+01 1.317948096255506414e+02
9.933314711383586371e+01 1.317550831232043151e+02
9.942491750672664352e+01 1.317153566208579889e+02
9.951668789961742334e+01 1.316756301185116627e+02
9.960845829250820316e+01 1.316359036161653364e+02
9.970022868539898298e+01 1.315961771138190102e+02
9.979199907828976279e+01 1.315564506114726839e+02
9.988376947118054261e+01 1.315167241091263577e+02
9.997553986407132243e+01 1.314769976067800314e+02
1.000673102569621022e+02 1.314372711044337052e+02
1.001590806498528821e+02 1.313975446020873790e+02
1.002508510427436619e+02 1.313578180997410527e+02
1.003426214356344417e+02 1.313180915973947265e+02
1.004343918285252215e+02 1.312783650950484002e+02
1.005261622214160013e+02 1.312386385927020740e+02
1.006179326143067811e+02 1.311989120903557478e+02
1.007097030071975610e+02 1.311591855880094215e+02
1.008014734000883408e+02 1.311194590856630953e+02
1.008932437929791206e+02 1.310797325833167690e+02
1.009850141858699004e+02 1.310400060809704428e+02
1.010767845787606802e+02 1.310002795786241165e+02
1.011685549716514601e+02 1.309605530762777903e+02
1.012603253645422399e+02 1.309208265739314641e+02
1.013520957574330197e+02 1.308811000715851378e+02
1.014438661503237995e+02 1.308413735692388116e+02
1.015356365432145793e+02 1.308016470668924853e+02
1.016274069361053591e+02 1.307619205645461591e+02
1.017191773289961390e+02 1.307221940621998328e+02
1.018109477218869188e+02 1.306824675598535066e+02
1.019027181147776986e+02 1.306427410575071804e+02
1.019944885076684784e+02 1.306030145551608541e+02
1.020862589005592582e+02 1.305632880528145279e+02
1.021780292934500380e+02 1.305235615504682016e+02
1.022697996863408179e+02 1.304838350481218754e+02
1.023615700792315977e+02 1.304441085457755491e+02
1.024533404721223775e+02 1.304043820434292229e+02
1.025451108650131573e+02 1.303646555410828967e+02
1.026368812579039371e+02 1.303249290387365704e+02
1.027286516507947169e+02 1.302852025363902442e+02
1.028204220436854968e+02 1.302454760340439179e+02
1.029121924365762766e+02 1.302057495316975917e+02
1.030039628294670564e+02 1.301660230293512654e+02
1.030957332223578362e+02 1.301262965270049392e+02
1.031875036152486160e+02 1.300865700246586130e+02
1.032792740081393958e+02 1.300468435223122867e+02
1.033710444010301757e+02 1.300071170199659605e+02
1.034628147939209555e+02 1.299673905176196342e+02
1.035545851868117353e+02 1.299276640152733080e+02
1.036463555797025151e+02 1.298879375129269818e+02
1.037381259725932949e+02 1.298482110105806555e+02
1.038298963654840747e+02 1.298084845082343293e+02
1.039216667583748546e+02 1.297687580058880030e+02
1.040134371512656344e+02 1.297290315035416768e+02
1.041052075441564142e+02 1.296893050011953505e+02
1.041969779370471940e+02 1.296495784988490243e+02
1.042887483299379738e+02 1.296098519965026981e+02
1.043805187228287537e+02 1.295701254941563718e+02
1.044722891157195335e+02 1.295303989918100456e+02
1.045640595086103133e+02 1.294906724894637193e+02
1.046558299015010931e+02 1.294509459871173931e+02
1.047476002943918729e+02 1.294112194847710668e+02
1.048393706872826527e+02 1.293714929824247406e+02
1.049311410801734326e+02 1.293317664800784144e+02
1.050229114730642124e+02 1.292920399777320881e+02
1.051146818659549922e+02 1.292523134753857619e+02
1.052064522588457720e+02 1.292125869730394356e+02
1.052982226517365518e+02 1.291728604706931094e+02
1.053899930446273316e+02 1.291331339683467831e+02
1.054817634375181115e+02 1.290934074660004569e+02
1.055735338304088913e+02 1.290536809636541307e+02
1.056653042232996711e+02 1.290139544613078044e+02
1.057570746161904509e+02 1.289742279589614782e+02
1.058488450090812307e+02 1.289345014566151519e+02
1.059406154019720105e+02 1.288947749542688257e+02
1.060323857948627904e+02 1.288550484519224995e+02
1.061241561877535702e+02 1.288153219495761732e+02
1.062159265806443500e+02 1.287755954472298470e+02
1.063076969735351298e+02 1.287358689448835207e+02
1.063994673664259096e+02 1.286961424425371945e+02
1.064912377593166894e+02 1.286564159401908682e+02
1.065830081522074693e+02 1.286166894378445420e+02
1.066747785450982491e+02 1.285769629354982158e+02
1.067665489379890289e+02 1.285372364331518895e+02
1.068583193308798087e+02 1.284975099308055633e+02
1.069500897237705885e+02 1.284577834284592370e+02
1.070418601166613684e+02 1.284180569261129108e+02
1.071336305095521482e+02 1.283783304237665845e+02
1.072254009024429280e+02 1.283386039214202583e+02
1.073171712953337078e+02 1.282988774190739321e+02
1.074089416882244876e+02 1.282591509167276058e+02
1.075007120811152674e+02 1.282194244143812796e+02
1.075924824740060473e+02 1.281796979120349533e+02
1.076842528668968271e+02 1.281399714096886271e+02
1.077760232597876069e+02 1.281002449073423008e+02
1.078677936526783867e+02 1.280605184049959746e+02
1.079595640455691665e+02 1.280207919026496484e+02
1.080513344384599463e+02 1.279810654003033221e+02
1.081431048313507262e+02 1.279413388979569959e+02
1.082348752242415060e+02 1.279016123956106696e+02
1.083266456171322858e+02 1.278618858932643434e+02
1.084184160100230656e+02 1.278221593909180172e+02
1.085101864029138454e+02 1.277824328885716909e+02
1.086019567958046252e+02 1.277427063862253647e+02
1.086937271886954051e+02 1.277029798838790384e+02
1.087854975815861849e+02 1.276632533815327122e+02
1.088772679744769647e+02 1.276235268791863859e+02
1.089690383673677445e+02 1.275838003768400597e+02
1.090608087602585243e+02 1.275440738744937335e+02
1.091525791531493041e+02 1.275043473721474072e+02
1.092443495460400840e+02 1.274646208698010810e+02
1.093361199389308638e+02 1.274248943674547547e+02
1.094278903318216436e+02 1.273851678651084285e+02
1.095196607247124234e+02 1.273454413627621022e+02
1.096114311176032032e+02 1.273057148604157760e+02
1.097032015104939831e+02 1.272659883580694498e+02
1.097949719033847629e+02 1.272262618557231235e+02
1.098867422962755427e+02 1.271865353533767973e+02
1.099785126891663225e+02 1.271468088510304710e+02
1.100702830820571023e+02 1.271070823486841448e+02
1.101620534749478821e+02 1.270673558463378185e+02
1.102538238678386620e+02 1.270276293439914923e+02
1.103455942607294418e+02 1.269879028416451661e+02
1.104373646536202216e+02 1.269481763392988398e+02
1.105291350465110014e+02 1.269084498369525136e+02
1.106209054394017812e+02 1.268687233346061873e+02
1.107126758322925610e+02 1.268289968322598611e+02
1.108044462251833409e+02 1.267892703299135349e+02
1.108962166180741207e+02 1.267495438275672086e+02
1.109879870109649005e+02 1.267098173252208824e+02
1.110797574038556803e+02 1.266700908228745561e+02
1.111715277967464601e+02 1.266303643205282299e+02
1.112632981896372399e+02 1.265906378181819036e+02
1.113550685825280198e+02 1.265509113158355774e+02
1.114468389754187996e+02 1.265111848134892512e+02
1.115386093683095794e+02 1.264714583111429249e+02
1.116303797612003592e+02 1.264317318087965987e+02
1.117221501540911390e+02 1.263920053064502724e+02
1.118139205469819188e+02 1.263522788041039462e+02
1.119056909398726987e+02 1.263125523017576199e+02
1.119974613327634785e+02 1.262728257994112937e+02
1.120892317256542583e+02 1.262330992970649675e+02
1.121810021185450381e+02 1.261933727947186412e+02
1.122727725114358179e+02 1.261536462923723150e+02
1.123645429043265977e+02 1.261139197900259887e+02
1.124563132972173776e+02 1.260741932876796625e+02
1.125480836901081574e+02 1.260344667853333362e+02
1.126398540829989372e+02 1.259947402829870100e+02
1.127316244758897170e+02 1.259550137806406838e+02
1.129132146454855388e+02 1.258764051785517069e+02
1.129529411478318650e+02 1.259681755714424867e+02
1.129926676501781913e+02 1.260599459643332665e+02
1.130323941525245175e+02 1.261517163572240463e+02
1.130721206548708437e+02 1.262434867501148261e+02
1.131118471572171700e+02 1.263352571430056059e+02
1.131515736595634962e+02 1.264270275358963858e+02
1.131913001619098225e+02 1.265187979287871656e+02
1.132310266642561487e+02 1.266105683216779454e+02
1.132707531666024749e+02 1.267023387145687252e+02
1.133104796689488012e+02 1.267941091074595050e+02
1.133502061712951274e+02 1.268858795003502848e+02
1.133899326736414537e+02 1.269776498932410647e+02
1.134296591759877799e+02 1.270694202861318445e+02
1.134693856783341062e+02 1.271611906790226243e+02
1.135091121806804324e+02 1.272529610719134041e+02
1.135488386830267586e+02 1.273447314648041839e+02
1.135885651853730849e+02 1.274365018576949637e+02
1.136282916877194111e+02 1.275282722505857436e+02
1.136680181900657374e+02 1.276200426434765234e+02
1.137077446924120636e+02 1.277118130363673032e+02
1.137474711947583899e+02 1.278035834292580830e+02
1.137871976971047161e+02 1.278953538221488628e+02
1.138269241994510423e+02 1.279871242150396426e+02
1.138666507017973686e+02 1.280788946079304083e+02
1.139063772041436948e+02 1.281706650008211739e+02
1.139461037064900211e+02 1.282624353937119395e+02
1.139858302088363473e+02 1.283542057866027051e+02
1.140255567111826736e+02 1.284459761794934707e+02
1.140652832135289998e+02 1.285377465723842363e+02
1.141050097158753260e+02 1.286295169652750019e+02
1.141447362182216523e+02 1.287212873581657675e+02
1.141844627205679785e+02 1.288130577510565331e+02
1.142241892229143048e+02 1.289048281439472987e+02
1.142639157252606310e+02 1.289965985368380643e+02
1.143036422276069572e+02 1.290883689297288299e+02
1.143433687299532835e+02 1.291801393226195955e+02
1.143830952322996097e+02 1.292719097155103611e+02
1.144228217346459360e+02 1.293636801084011267e+02
1.144625482369922622e+02 1.294554505012918924e+02
1.145022747393385885e+02 1.295472208941826580e+02
1.145420012416849147e+02 1.296389912870734236e+02
1.145817277440312409e+02 1.297307616799641892e+02
1.146214542463775672e+02 1.298225320728549548e+02
1.146611807487238934e+02 1.299143024657457204e+02
1.147009072510702197e+02 1.300060728586364860e+02
1.147406337534165459e+02 1.300978432515272516e+02
1.147803602557628722e+02 1.301896136444180172e+02
1.148200867581091984e+02 1.302813840373087828e+02
1.148598132604555246e+02 1.303731544301995484e+02
1.148995397628018509e+02 1.304649248230903140e+02
1.149392662651481771e+02 1.305566952159810796e+02
1.149789927674945034e+02 1.306484656088718452e+02
1.150187192698408296e+02 1.307402360017626108e+02
1.150584457721871559e+02 1.308320063946533764e+02
1.150981722745334821e+02 1.309237767875441421e+02
1.151378987768798083e+02 1.310155471804349077e+02
1.151776252792261346e+02 1.311073175733256733e+02
1.152173517815724608e+02 1.311990879662164389e+02
1.152570782839187871e+02 1.312908583591072045e+02
1.152968047862651133e+02 1.313826287519979701e+02
1.153365312886114395e+02 1.314743991448887357e+02
1.153762577909577658e+02 1.315661695377795013e+02
1.154159842933040920e+02 1.316579399306702669e+02
1.154557107956504183e+02 1.317497103235610325e+02
1.154954372979967445e+02 1.318414807164517981e+02
1.155351638003430708e+02 1.319332511093425637e+02
1.155748903026893970e+02 1.320250215022333293e+02
1.156146168050357232e+02 1.321167918951240949e+02
1.156543433073820495e+02 1.322085622880148605e+02
1.156940698097283757e+02 1.323003326809056261e+02
1.157337963120747020e+02 1.323921030737963918e+02
1.157735228144210282e+02 1.324838734666871574e+02
1.158132493167673545e+02 1.325756438595779230e+02
1.158529758191136807e+02 1.326674142524686886e+02
1.158927023214600069e+02 1.327591846453594542e+02
1.159324288238063332e+02 1.328509550382502198e+02
1.159721553261526594e+02 1.329427254311409854e+02
1.160118818284989857e+02 1.330344958240317510e+02
1.160516083308453119e+02 1.331262662169225166e+02
1.160913348331916382e+02 1.332180366098132822e+02
1.161310613355379644e+02 1.333098070027040478e+02
1.161707878378842906e+02 1.334015773955948134e+02
1.162105143402306169e+02 1.334933477884855790e+02
1.162502408425769431e+02 1.335851181813763446e+02
1.162899673449232694e+02 1.336768885742671102e+02
1.163296938472695956e+02 1.337686589671578758e+02
1.163694203496159219e+02 1.338604293600486415e+02
1.164091468519622481e+02 1.339521997529394071e+02
1.164488733543085743e+02 1.340439701458301727e+02
1.164885998566549006e+02 1.341357405387209383e+02
1.165283263590012268e+02 1.342275109316117039e+02
1.165680528613475531e+02 1.343192813245024695e+02
1.166077793636938793e+02 1.344110517173932351e+02
1.166475058660402055e+02 1.345028221102840007e+02
1.166872323683865318e+02 1.345945925031747663e+02
1.167269588707328580e+02 1.346863628960655319e+02
1.167666853730791843e+02 1.347781332889562975e+02
1.168064118754255105e+02 1.348699036818470631e+02
1.168461383777718368e+02 1.349616740747378287e+02
1.168858648801181630e+02 1.350534444676285943e+02
1.169255913824644892e+02 1.351452148605193599e+02
1.169653178848108155e+02 1.352369852534101256e+02
1.170050443871571417e+02 1.353287556463008912e+02
1.170447708895034680e+02 1.354205260391916568e+02
1.170844973918497942e+02 1.355122964320824224e+02
1.171242238941961205e+02 1.356040668249731880e+02
1.171639503965424467e+02 1.356958372178639536e+02
1.172036768988887729e+02 1.357876076107547192e+02
1.172434034012350992e+02 1.358793780036454848e+02
1.172831299035814254e+02 1.359711483965362504e+02
1.173228564059277517e+02 1.360629187894270160e+02
1.173625829082740779e+02 1.361546891823177816e+02
1.174023094106204042e+02 1.362464595752085472e+02
1.174420359129667304e+02 1.363382299680993128e+02
1.174817624153130566e+02 1.364300003609900784e+02
1.175214889176593829e+02 1.365217707538808440e+02
1.175612154200057091e+02 1.366135411467716096e+02
1.176009419223520354e+02 1.367053115396623753e+02
1.176406684246983616e+02 1.367970819325531409e+02
1.176803949270446878e+02 1.368888523254439065e+02
1.177201214293910141e+02 1.369806227183346721e+02
1.177598479317373403e+02 1.370723931112254377e+02
1.177995744340836666e+02 1.371641635041162033e+02
1.178393009364299928e+02 1.372559338970069689e+02
1.178790274387763191e+02 1.373477042898977345e+02
1.179187539411226453e+02 1.374394746827885001e+02
1.179584804434689715e+02 1.375312450756792657e+02
1.179982069458152978e+02 1.376230154685700313e+02
1.180379334481616240e+02 1.377147858614607969e+02
1.180776599505079503e+02 1.378065562543515625e+02
1.181173864528542765e+02 1.378983266472423281e+02
1.181571129552006028e+02 1.379900970401330937e+02
1.181968394575469290e+02 1.380818674330238593e+02
1.182365659598932552e+02 1.381736378259146250e+02
1.182762924622395815e+02 1.382654082188053906e+02
1.183160189645859077e+02 1.383571786116961562e+02
1.183557454669322340e+02 1.384489490045869218e+02
1.183954719692785602e+02 1.385407193974776874e+02
1.184351984716248865e+02 1.386324897903684530e+02
1.184749249739712127e+02 1.387242601832592186e+02
1.185146514763175389e+02 1.388160305761499842e+02
1.185543779786638652e+02 1.389078009690407498e+02
1.185941044810101914e+02 1.389995713619315154e+02
1.186338309833565177e+02 1.390913417548222810e+02
1.186735574857028439e+02 1.391831121477130466e+02
1.187132839880491701e+02 1.392748825406038122e+02
1.187530104903954964e+02 1.393666529334945778e+02
1.187927369927418226e+02 1.394584233263853434e+02
1.188324634950881489e+02 1.395501937192761091e+02
1.188721899974344751e+02 1.396419641121668747e+02
1.189119164997808014e+02 1.397337345050576403e+02
1.189516430021271276e+02 1.398255048979484059e+02
1.189913695044734538e+02 1.399172752908391715e+02
1.190310960068197801e+02 1.400090456837299371e+02
1.190708225091661063e+02 1.401008160766207027e+02
1.191105490115124326e+02 1.401925864695114683e+02
1.191502755138587588e+02 1.402843568624022339e+02
1.191900020162050851e+02 1.403761272552929995e+02
1.192297285185514113e+02 1.404678976481837651e+02
1.192694550208977375e+02 1.405596680410745307e+02
1.193091815232440638e+02 1.406514384339652963e+02
1.193489080255903900e+02 1.407432088268560619e+02
1.193886345279367163e+02 1.408349792197468275e+02
1.194283610302830425e+02 1.409267496126375931e+02
1.194680875326293688e+02 1.410185200055283588e+02
1.195078140349756950e+02 1.411102903984191244e+02
1.195475405373220212e+02 1.412020607913098900e+02
1.195872670396683475e+02 1.412938311842006556e+02
1.196269935420146737e+02 1.413856015770914212e+02
1.196667200443610000e+02 1.414773719699821868e+02
1.197064465467073262e+02 1.415691423628729524e+02
1.197461730490536524e+02 1.416609127557637180e+02
1.197858995513999787e+02 1.417526831486544836e+02
1.198256260537463049e+02 1.418444535415452492e+02
1.198653525560926312e+02 1.419362239344360148e+02
1.199050790584389574e+02 1.420279943273267804e+02
1.199448055607852837e+02 1.421197647202175460e+02
1.199845320631316099e+02 1.422115351131083116e+02
1.200242585654779361e+02 1.423033055059990772e+02
1.200639850678242624e+02 1.423950758988898428e+02
1.201037115701705886e+02 1.424868462917806085e+02
1.201434380725169149e+02 1.425786166846713741e+02
1.201831645748632411e+02 1.426703870775621397e+02
1.202228910772095674e+02 1.427621574704529053e+02
1.202626175795558936e+02 1.428539278633436709e+02
1.203023440819022198e+02 1.429456982562344365e+02
1.203420705842485461e+02 1.430374686491252021e+02
1.203817970865948723e+02 1.431292390420159677e+02
1.204215235889411986e+02 1.432210094349067333e+02
1.204612500912875248e+02 1.433127798277974989e+02
1.205009765936338511e+02 1.434045502206882645e+02
1.205407030959801773e+02 1.434963206135790301e+02
1.205804295983265035e+02 1.435880910064697957e+02
1.206201561006728298e+02 1.436798613993605613e+02
1.206598826030191560e+02 1.437716317922513269e+02
1.206996091053654823e+02 1.438634021851420925e+02
1.207393356077118085e+02 1.439551725780328582e+02
1.207790621100581347e+02 1.440469429709236238e+02
1.208187886124044610e+02 1.441387133638143894e+02
1.208585151147507872e+02 1.442304837567051550e+02
1.208982416170971135e+02 1.443222541495959206e+02
1.209379681194434397e+02 1.444140245424866862e+02
1.209776946217897660e+02 1.445057949353774518e+02
1.210174211241360922e+02 1.445975653282682174e+02
1.210571476264824184e+02 1.446893357211589830e+02
1.210968741288287447e+02 1.447811061140497486e+02
1.211366006311750709e+02 1.448728765069405142e+02
1.211763271335213972e+02 1.449646468998312798e+02
1.212160536358677234e+02 1.450564172927220454e+02
1.212557801382140497e+02 1.451481876856128110e+02
1.212955066405603759e+02 1.452399580785035766e+02
1.213352331429067021e+02 1.453317284713943423e+02
1.213749596452530284e+02 1.454234988642851079e+02
1.214146861475993546e+02 1.455152692571758735e+02
1.214544126499456809e+02 1.456070396500666391e+02
1.214941391522920071e+02 1.456988100429574047e+02
1.215338656546383334e+02 1.457905804358481703e+02
1.215735921569846596e+02 1.458823508287389359e+02
1.216133186593309858e+02 1.459741212216297015e+02
1.216530451616773121e+02 1.460658916145204671e+02
1.216927716640236383e+02 1.461576620074112327e+02
1.217324981663699646e+02 1.462494324003019983e+02
1.217722246687162908e+02 1.463412027931927639e+02
1.218119511710626170e+02 1.464329731860835295e+02
1.218516776734089433e+02 1.465247435789742951e+02
1.218914041757552695e+02 1.466165139718650607e+02
1.219311306781015958e+02 1.467082843647558263e+02
1.219708571804479220e+02 1.468000547576465920e+02
1.220105836827942483e+02 1.468918251505373576e+02
1.220503101851405745e+02 1.469835955434281232e+02
1.220900366874869007e+02 1.470753659363188888e+02
1.221297631898332270e+02 1.471671363292096544e+02
1.221694896921795532e+02 1.472589067221004200e+02
1.222092161945258795e+02 1.473506771149911856e+02
1.222489426968722057e+02 1.474424475078819512e+02
1.222886691992185320e+02 1.475342179007727168e+02
1.223283957015648582e+02 1.476259882936634824e+02
1.223681222039111844e+02 1.477177586865542480e+02
1.224078487062575107e+02 1.478095290794450136e+02
1.224475752086038369e+02 1.479012994723357792e+02
1.224873017109501632e+02 1.479930698652265448e+02
1.225270282132964894e+02 1.480848402581173104e+02
1.225667547156428157e+02 1.481766106510080760e+02
1.226064812179891419e+02 1.482683810438988417e+02
1.226462077203354681e+02 1.483601514367896073e+02
1.226859342226817944e+02 1.484519218296803729e+02
1.227256607250281206e+02 1.485436922225711385e+02
1.227653872273744469e+02 1.486354626154619041e+02
1.228051137297207731e+02 1.487272330083526697e+02
1.228448402320670994e+02 1.488190034012434353e+02
1.228845667344134256e+02 1.489107737941342009e+02
1.229242932367597518e+02 1.490025441870249665e+02
1.229640197391060781e+02 1.490943145799157321e+02
1.230037462414524043e+02 1.491860849728064977e+02
1.230434727437987306e+02 1.492778553656972633e+02
1.230831992461450568e+02 1.493696257585880289e+02
1.231229257484913830e+02 1.494613961514787945e+02
1.231626522508377093e+02 1.495531665443695601e+02
1.232023787531840355e+02 1.496449369372603257e+02
1.232421052555303618e+02 1.497367073301510914e+02
1.232818317578766880e+02 1.498284777230418570e+02
1.233215582602230143e+02 1.499202481159326226e+02
1.233612847625693405e+02 1.500120185088233882e+02
1.234010112649156667e+02 1.501037889017141538e+02
1.234407377672619930e+02 1.501955592946049194e+02
1.234804642696083192e+02 1.502873296874956850e+02
1.235201907719546455e+02 1.503791000803864506e+02
1.235599172743009717e+02 1.504708704732772162e+02
1.235996437766472980e+02 1.505626408661679818e+02
1.236393702789936242e+02 1.506544112590587474e+02
1.236790967813399504e+02 1.507461816519495130e+02
1.237188232836862767e+02 1.508379520448402786e+02
1.237585497860326029e+02 1.509297224377310442e+02
1.237982762883789292e+02 1.510214928306218098e+02
1.238380027907252554e+02 1.511132632235125755e+02
1.238777292930715817e+02 1.512050336164033411e+02
1.239174557954179079e+02 1.512968040092941067e+02
1.239571822977642341e+02 1.513885744021848723e+02
1.239969088001105604e+02 1.514803447950756379e+02
1.240366353024568866e+02 1.515721151879664035e+02
1.240763618048032129e+02 1.516638855808571691e+02
1.241160883071495391e+02 1.517556559737479347e+02
1.241558148094958653e+02 1.518474263666387003e+02
1.241955413118421916e+02 1.519391967595294659e+02
1.242352678141885178e+02 1.520309671524202315e+02
1.242749943165348441e+02 1.521227375453109971e+02
1.243147208188811703e+02 1.522145079382017627e+02
1.243544473212274966e+02 1.523062783310925283e+02
1.243941738235738228e+02 1.523980487239832939e+02
1.244339003259201490e+02 1.524898191168740595e+02
1.244736268282664753e+02 1.525815895097648252e+02
1.245133533306128015e+02 1.526733599026555908e+02
1.245530798329591278e+02 1.527651302955463564e+02
1.245928063353054540e+02 1.528569006884371220e+02
1.246325328376517803e+02 1.529486710813278876e+02
1.246722593399981065e+02 1.530404414742186532e+02
1.247119858423444327e+02 1.531322118671094188e+02
1.247517123446907590e+02 1.532239822600001844e+02
1.247914388470370852e+02 1.533157526528909500e+02
1.248311653493834115e+02 1.534075230457817156e+02
1.248708918517297377e+02 1.534992934386724812e+02
1.249106183540760640e+02 1.535910638315632468e+02
1.249503448564223902e+02 1.536828342244540124e+02
1.249900713587687164e+02 1.537746046173447780e+02
1.250297978611150427e+02 1.538663750102355436e+02
1.250695243634613689e+02 1.539581454031263092e+02
1.251092508658076952e+02 1.540499157960170749e+02
1.251489773681540214e+02 1.541416861889078405e+02
1.251887038705003476e+02 1.542334565817986061e+02
1.252284303728466739e+02 1.543252269746893717e+02
1.252681568751930001e+02 1.544169973675801373e+02
1.253078833775393264e+02 1.545087677604709029e+02
1.253476098798856526e+02 1.546005381533616685e+02
1.253873363822319789e+02 1.546923085462524341e+02
1.254270628845783051e+02 1.547840789391431997e+02
1.254667893869246313e+02 1.548758493320339653e+02
1.255065158892709576e+02 1.549676197249247309e+02
1.255462423916172838e+02 1.550593901178154965e+02
1.255859688939636101e+02 1.551511605107062621e+02
1.256256953963099363e+02 1.552429309035970277e+02
1.256654218986562626e+02 1.553347012964877933e+02
1.257051484010025888e+02 1.554264716893785589e+02
1.257448749033489150e+02 1.555182420822693246e+02
1.257846014056952413e+02 1.556100124751600902e+02
1.258243279080415675e+02 1.557017828680508558e+02
1.258640544103878938e+02 1.557935532609416214e+02
1.259037809127342200e+02 1.558853236538323870e+02
1.259435074150805463e+02 1.559770940467231526e+02
1.259832339174268725e+02 1.560688644396139182e+02
1.260229604197731987e+02 1.561606348325046838e+02
1.260626869221195250e+02 1.562524052253954494e+02
1.261024134244658512e+02 1.563441756182862150e+02
1.261421399268121775e+02 1.564359460111769806e+02
1.261818664291585037e+02 1.565277164040677462e+02
1.262215929315048299e+02 1.566194867969585118e+02
1.262613194338511562e+02 1.567112571898492774e+02
1.263010459361974824e+02 1.568030275827400430e+02
1.263407724385438087e+02 1.568947979756308087e+02
1.263804989408901349e+02 1.569865683685215743e+02
1.264202254432364612e+02 1.570783387614123399e+02
1.264599519455827874e+02 1.571701091543031055e+02
1.264996784479291136e+02 1.572618795471938711e+02
1.265394049502754399e+02 1.573536499400846367e+02
1.265791314526217661e+02 1.574454203329754023e+02
1.266188579549680924e+02 1.575371907258661679e+02
1.266585844573144186e+02 1.576289611187569335e+02
1.266983109596607449e+02 1.577207315116476991e+02
1.267380374620070711e+02 1.578125019045384647e+02
1.267777639643533973e+02 1.579042722974292303e+02
1.268403635036335260e+02 1.580488806564735285e+02
