5.770310672821343445e+01 5.259242915921342387e+01
5.760310810792100256e+01 5.259190385966974191e+01
5.750310948762857066e+01 5.259137856012605994e+01
5.740311086733613877e+01 5.259085326058237797e+01
5.730311224704370687e+01 5.259032796103869600e+01
5.720311362675127498e+01 5.258980266149501404e+01
5.710311500645884308e+01 5.258927736195133207e+01
5.700311638616641119e+01 5.258875206240765010e+01
5.690311776587397929e+01 5.258822676286396813e+01
5.680311914558154740e+01 5.258770146332028617e+01
5.670312052528911551e+01 5.258717616377660420e+01
5.660312190499668361e+01 5.258665086423292223e+01
5.650312328470425172e+01 5.258612556468924026e+01
5.640312466441181982e+01 5.258560026514555830e+01
5.630312604411938793e+01 5.258507496560187633e+01
5.620312742382695603e+01 5.258454966605819436e+01
5.610312880353452414e+01 5.258402436651451239e+01
5.600313018324209224e+01 5.258349906697083043e+01
5.590313156294966035e+01 5.258297376742714846e+01
5.580313294265722845e+01 5.258244846788346649e+01
5.570313432236479656e+01 5.258192316833978452e+01
5.560313570207236467e+01 5.258139786879610256e+01
5.550313708177993277e+01 5.258087256925242059e+01
5.540313846148750088e+01 5.258034726970873862e+01
5.530313984119506898e+01 5.257982197016505665e+01
5.520314122090263709e+01 5.257929667062137469e+01
5.510314260061020519e+01 5.257877137107769272e+01
5.500314398031777330e+01 5.257824607153401075e+01
5.490314536002534140e+01 5.257772077199032879e+01
5.480314673973290951e+01 5.257719547244664682e+01
5.470314811944047761e+01 5.257667017290296485e+01
5.460314949914804572e+01 5.257614487335928288e+01
5.450315087885561383e+01 5.257561957381560092e+01
5.440315225856318193e+01 5.257509427427191895e+01
5.430315363827075004e+01 5.257456897472823698e+01
5.420315501797831814e+01 5.257404367518455501e+01
5.410315639768588625e+01 5.257351837564087305e+01
5.400315777739345435e+01 5.257299307609719108e+01
5.390315915710102246e+01 5.257246777655350911e+01
5.380316053680859056e+01 5.257194247700982714e+01
5.370316191651615867e+01 5.257141717746614518e+01
5.360316329622372677e+01 5.257089187792246321e+01
5.350316467593129488e+01 5.257036657837878124e+01
5.340316605563886299e+01 5.256984127883509927e+01
5.330316743534643109e+01 5.256931597929141731e+01
5.320316881505399920e+01 5.256879067974773534e+01
5.310317019476156730e+01 5.256826538020405337e+01
5.300317157446913541e+01 5.256774008066037140e+01
5.290317295417670351e+01 5.256721478111668944e+01
5.280317433388427162e+01 5.256668948157300747e+01
5.270317571359183972e+01 5.256616418202932550e+01
5.260317709329940783e+01 5.256563888248564353e+01
5.250317847300697593e+01 5.256511358294196157e+01
5.240317985271454404e+01 5.256458828339827960e+01
5.230318123242211215e+01 5.256406298385459763e+01
5.220318261212968025e+01 5.256353768431091567e+01
5.210318399183724836e+01 5.256301238476723370e+01
5.200318537154481646e+01 5.256248708522355173e+01
5.190318675125238457e+01 5.256196178567986976e+01
5.180318813095995267e+01 5.256143648613618780e+01
5.170318951066752078e+01 5.256091118659250583e+01
5.160319089037508888e+01 5.256038588704882386e+01
5.150319227008265699e+01 5.255986058750514189e+01
5.140319364979022509e+01 5.255933528796145993e+01
5.130319502949779320e+01 5.255880998841777796e+01
5.120319640920536131e+01 5.255828468887409599e+01
5.110319778891292941e+01 5.255775938933041402e+01
5.100319916862049752e+01 5.255723408978673206e+01
5.090320054832806562e+01 5.255670879024305009e+01
5.080320192803563373e+01 5.255618349069936812e+01
5.070320330774320183e+01 5.255565819115568615e+01
5.060320468745076994e+01 5.255513289161200419e+01
5.050320606715833804e+01 5.255460759206832222e+01
5.040320744686590615e+01 5.255408229252464025e+01
5.030320882657347425e+01 5.255355699298095828e+01
5.020321020628104236e+01 5.255303169343727632e+01
5.010321158598861047e+01 5.255250639389359435e+01
5.000321296569617857e+01 5.255198109434991238e+01
4.990321434540374668e+01 5.255145579480623041e+01
4.980321572511131478e+01 5.255093049526254845e+01
4.970321710481888289e+01 5.255040519571886648e+01
4.960321848452645099e+01 5.254987989617518451e+01
4.950321986423401910e+01 5.254935459663150255e+01
4.940322124394158720e+01 5.254882929708782058e+01
4.930322262364915531e+01 5.254830399754413861e+01
4.912477975253326434e+01 5.254736662502320144e+01
4.916447345207921416e+01 5.245558203908223049e+01
4.920416715162516397e+01 5.236379745314125955e+01
4.924386085117111378e+01 5.227201286720028861e+01
4.928355455071706359e+01 5.218022828125931767e+01
4.932324825026301340e+01 5.208844369531834673e+01
4.936294194980896322e+01 5.199665910937737578e+01
4.940263564935491303e+01 5.190487452343640484e+01
4.944232934890086284e+01 5.181308993749543390e+01
4.948202304844681265e+01 5.172130535155446296e+01
4.952171674799276246e+01 5.162952076561349202e+01
4.956141044753871228e+01 5.153773617967252108e+01
4.960110414708466209e+01 5.144595159373155013e+01
4.964079784663061190e+01 5.135416700779057919e+01
4.968049154617656171e+01 5.126238242184960825e+01
4.972018524572251152e+01 5.117059783590863731e+01
4.975987894526846134e+01 5.107881324996766637e+01
4.979957264481441115e+01 5.098702866402669542e+01
4.983926634436036096e+01 5.089524407808572448e+01
4.987896004390631077e+01 5.080345949214475354e+01
4.991865374345226058e+01 5.071167490620378260e+01
4.995834744299821040e+01 5.061989032026281166e+01
4.999804114254416021e+01 5.052810573432184071e+01
5.003773484209011002e+01 5.043632114838086977e+01
5.007742854163605983e+01 5.034453656243989883e+01
5.011712224118200965e+01 5.025275197649892789e+01
5.015681594072795946e+01 5.016096739055795695e+01
5.019650964027390927e+01 5.006918280461698600e+01
5.023620333981985908e+01 4.997739821867601506e+01
5.027589703936580889e+01 4.988561363273504412e+01
5.031559073891175871e+01 4.979382904679407318e+01
5.035528443845770852e+01 4.970204446085310224e+01
5.039497813800365833e+01 4.961025987491213129e+01
5.043467183754960814e+01 4.951847528897116035e+01
5.047436553709555795e+01 4.942669070303018941e+01
5.051405923664150777e+01 4.933490611708921847e+01
5.055375293618745758e+01 4.924312153114824753e+01
5.059344663573340739e+01 4.915133694520727659e+01
5.063314033527935720e+01 4.905955235926630564e+01
5.067283403482530701e+01 4.896776777332533470e+01
5.071252773437125683e+01 4.887598318738436376e+01
5.075222143391720664e+01 4.878419860144339282e+01
5.079191513346315645e+01 4.869241401550242188e+01
5.083160883300910626e+01 4.860062942956145093e+01
5.087130253255505608e+01 4.850884484362047999e+01
5.091099623210100589e+01 4.841706025767950905e+01
5.095068993164695570e+01 4.832527567173853811e+01
5.099038363119290551e+01 4.823349108579756717e+01
5.103007733073885532e+01 4.814170649985659622e+01
5.106977103028480514e+01 4.804992191391562528e+01
5.110946472983075495e+01 4.795813732797465434e+01
5.114915842937670476e+01 4.786635274203368340e+01
5.118885212892265457e+01 4.777456815609271246e+01
5.122854582846860438e+01 4.768278357015174151e+01
5.126823952801455420e+01 4.759099898421077057e+01
5.130793322756050401e+01 4.749921439826979963e+01
5.134762692710645382e+01 4.740742981232882869e+01
5.138732062665240363e+01 4.731564522638785775e+01
5.142701432619835344e+01 4.722386064044688680e+01
5.146670802574430326e+01 4.713207605450591586e+01
5.150640172529025307e+01 4.704029146856494492e+01
5.154609542483620288e+01 4.694850688262397398e+01
5.158578912438215269e+01 4.685672229668300304e+01
5.162548282392810250e+01 4.676493771074203210e+01
5.166517652347405232e+01 4.667315312480106115e+01
5.170487022302000213e+01 4.658136853886009021e+01
5.174456392256595194e+01 4.648958395291911927e+01
5.178425762211190175e+01 4.639779936697814833e+01
5.182395132165785157e+01 4.630601478103717739e+01
5.186364502120380138e+01 4.621423019509620644e+01
5.190333872074975119e+01 4.612244560915523550e+01
5.194303242029570100e+01 4.603066102321426456e+01
5.198272611984165081e+01 4.593887643727329362e+01
5.202241981938760063e+01 4.584709185133232268e+01
5.206211351893355044e+01 4.575530726539135173e+01
5.210180721847950025e+01 4.566352267945038079e+01
5.214150091802545006e+01 4.557173809350940985e+01
5.218119461757139987e+01 4.547995350756843891e+01
5.222088831711734969e+01 4.538816892162746797e+01
5.226058201666329950e+01 4.529638433568649702e+01
5.230027571620924931e+01 4.520459974974552608e+01
5.233996941575519912e+01 4.511281516380455514e+01
5.237966311530114893e+01 4.502103057786358420e+01
5.241935681484709875e+01 4.492924599192261326e+01
5.245905051439304856e+01 4.483746140598164232e+01
5.249874421393899837e+01 4.474567682004067137e+01
5.253843791348494818e+01 4.465389223409970043e+01
5.257813161303089800e+01 4.456210764815872949e+01
5.261782531257684781e+01 4.447032306221775855e+01
5.265751901212279762e+01 4.437853847627678761e+01
5.269721271166874743e+01 4.428675389033581666e+01
5.273690641121469724e+01 4.419496930439484572e+01
5.277660011076064706e+01 4.410318471845387478e+01
5.281629381030659687e+01 4.401140013251290384e+01
5.285598750985254668e+01 4.391961554657193290e+01
5.289568120939849649e+01 4.382783096063096195e+01
5.293537490894444630e+01 4.373604637468999101e+01
5.297506860849039612e+01 4.364426178874902007e+01
5.301476230803634593e+01 4.355247720280804913e+01
5.305445600758229574e+01 4.346069261686707819e+01
5.309414970712824555e+01 4.336890803092610724e+01
5.313384340667419536e+01 4.327712344498513630e+01
5.317353710622014518e+01 4.318533885904416536e+01
5.321323080576609499e+01 4.309355427310319442e+01
5.325292450531204480e+01 4.300176968716222348e+01
5.329261820485799461e+01 4.290998510122125253e+01
5.333231190440394442e+01 4.281820051528028159e+01
5.337200560394989424e+01 4.272641592933931065e+01
5.341169930349584405e+01 4.263463134339833971e+01
5.345139300304179386e+01 4.254284675745736877e+01
5.349108670258774367e+01 4.245106217151639783e+01
5.353078040213369349e+01 4.235927758557542688e+01
5.357047410167964330e+01 4.226749299963445594e+01
5.361016780122559311e+01 4.217570841369348500e+01
5.364986150077154292e+01 4.208392382775251406e+01
5.368955520031749273e+01 4.199213924181154312e+01
5.372924889986344255e+01 4.190035465587057217e+01
5.376894259940939236e+01 4.180857006992960123e+01
5.380863629895534217e+01 4.171678548398863029e+01
5.384832999850129198e+01 4.162500089804765935e+01
5.388802369804724179e+01 4.153321631210668841e+01
5.392771739759319161e+01 4.144143172616571746e+01
5.396741109713914142e+01 4.134964714022474652e+01
5.400710479668509123e+01 4.125786255428377558e+01
5.404679849623104104e+01 4.116607796834280464e+01
5.408649219577699085e+01 4.107429338240183370e+01
5.412618589532294067e+01 4.098250879646086275e+01
5.416587959486889048e+01 4.089072421051989181e+01
5.420557329441484029e+01 4.079893962457892087e+01
5.424526699396079010e+01 4.070715503863794993e+01
5.428496069350673991e+01 4.061537045269697899e+01
5.432465439305268973e+01 4.052358586675600804e+01
5.436434809259863954e+01 4.043180128081503710e+01
5.440404179214458935e+01 4.034001669487406616e+01
5.444373549169053916e+01 4.024823210893309522e+01
5.448342919123648898e+01 4.015644752299212428e+01
5.452312289078243879e+01 4.006466293705115334e+01
5.456281659032838860e+01 3.997287835111018239e+01
5.460251028987433841e+01 3.988109376516921145e+01
5.464220398942028822e+01 3.978930917922824051e+01
5.468189768896623804e+01 3.969752459328726957e+01
5.472159138851218785e+01 3.960574000734629863e+01
5.476128508805813766e+01 3.951395542140532768e+01
5.480097878760408747e+01 3.942217083546435674e+01
5.484067248715003728e+01 3.933038624952338580e+01
5.488036618669598710e+01 3.923860166358241486e+01
5.492005988624193691e+01 3.914681707764144392e+01
5.495975358578788672e+01 3.905503249170047297e+01
5.499944728533383653e+01 3.896324790575950203e+01
5.503914098487978634e+01 3.887146331981853109e+01
5.507883468442573616e+01 3.877967873387756015e+01
5.511852838397168597e+01 3.868789414793658921e+01
5.515822208351763578e+01 3.859610956199561826e+01
5.519791578306358559e+01 3.850432497605464732e+01
5.523760948260953541e+01 3.841254039011367638e+01
5.527730318215548522e+01 3.832075580417270544e+01
5.531699688170143503e+01 3.822897121823173450e+01
5.535669058124738484e+01 3.813718663229076355e+01
5.539638428079333465e+01 3.804540204634979261e+01
5.543607798033928447e+01 3.795361746040882167e+01
5.547577167988523428e+01 3.786183287446785073e+01
5.551546537943118409e+01 3.777004828852687979e+01
5.555515907897713390e+01 3.767826370258590885e+01
5.559485277852308371e+01 3.758647911664493790e+01
5.563454647806903353e+01 3.749469453070396696e+01
5.567424017761498334e+01 3.740290994476299602e+01
5.571393387716093315e+01 3.731112535882202508e+01
5.575362757670688296e+01 3.721934077288105414e+01
5.579332127625283277e+01 3.712755618694008319e+01
5.583301497579878259e+01 3.703577160099911225e+01
5.587270867534473240e+01 3.694398701505814131e+01
5.591240237489068221e+01 3.685220242911717037e+01
5.595209607443663202e+01 3.676041784317619943e+01
5.599178977398258183e+01 3.666863325723522848e+01
5.603148347352853165e+01 3.657684867129425754e+01
5.607117717307448146e+01 3.648506408535328660e+01
5.611087087262043127e+01 3.639327949941231566e+01
5.615056457216638108e+01 3.630149491347134472e+01
5.619025827171233090e+01 3.620971032753037377e+01
5.622995197125828071e+01 3.611792574158940283e+01
5.626964567080423052e+01 3.602614115564843189e+01
5.630933937035018033e+01 3.593435656970746095e+01
5.634903306989613014e+01 3.584257198376649001e+01
5.638872676944207996e+01 3.575078739782551907e+01
5.642842046898802977e+01 3.565900281188454812e+01
5.646811416853397958e+01 3.556721822594357718e+01
5.650780786807992939e+01 3.547543364000260624e+01
5.654750156762587920e+01 3.538364905406163530e+01
5.658719526717182902e+01 3.529186446812066436e+01
5.662688896671777883e+01 3.520007988217969341e+01
5.666658266626372864e+01 3.510829529623872247e+01
5.670627636580967845e+01 3.501651071029775153e+01
5.674597006535562826e+01 3.492472612435678059e+01
5.678566376490157808e+01 3.483294153841580965e+01
5.682535746444752789e+01 3.474115695247483870e+01
5.686505116399347770e+01 3.464937236653386776e+01
5.690474486353942751e+01 3.455758778059289682e+01
5.694443856308537733e+01 3.446580319465192588e+01
5.698413226263132714e+01 3.437401860871095494e+01
5.702382596217727695e+01 3.428223402276998399e+01
5.706351966172322676e+01 3.419044943682901305e+01
5.710321336126917657e+01 3.409866485088804211e+01
5.714290706081512639e+01 3.400688026494707117e+01
5.718260076036107620e+01 3.391509567900610023e+01
5.722229445990702601e+01 3.382331109306512928e+01
5.726198815945297582e+01 3.373152650712415834e+01
5.730168185899892563e+01 3.363974192118318740e+01
5.734137555854487545e+01 3.354795733524221646e+01
5.738106925809082526e+01 3.345617274930124552e+01
5.742076295763677507e+01 3.336438816336027458e+01
5.746045665718272488e+01 3.327260357741930363e+01
5.750015035672867469e+01 3.318081899147833269e+01
5.753984405627462451e+01 3.308903440553736175e+01
5.757953775582057432e+01 3.299724981959639081e+01
5.761923145536652413e+01 3.290546523365541987e+01
5.765892515491247394e+01 3.281368064771444892e+01
5.769861885445842375e+01 3.272189606177347798e+01
5.773831255400437357e+01 3.263011147583250704e+01
5.777800625355032338e+01 3.253832688989153610e+01
5.781769995309627319e+01 3.244654230395056516e+01
5.785739365264222300e+01 3.235475771800959421e+01
5.789708735218817282e+01 3.226297313206862327e+01
5.793678105173412263e+01 3.217118854612765233e+01
5.797647475128007244e+01 3.207940396018668139e+01
5.801616845082602225e+01 3.198761937424571045e+01
5.805586215037197206e+01 3.189583478830473950e+01
5.809555584991792188e+01 3.180405020236376856e+01
5.813524954946387169e+01 3.171226561642279762e+01
5.817494324900982150e+01 3.162048103048182668e+01
5.821463694855577131e+01 3.152869644454085574e+01
5.825433064810172112e+01 3.143691185859988479e+01
5.829402434764767094e+01 3.134512727265891385e+01
5.833371804719362075e+01 3.125334268671794291e+01
5.837341174673957056e+01 3.116155810077697197e+01
5.841310544628552037e+01 3.106977351483600103e+01
5.845279914583147018e+01 3.097798892889503009e+01
5.849249284537742000e+01 3.088620434295405914e+01
5.853218654492336981e+01 3.079441975701308820e+01
5.857188024446931962e+01 3.070263517107211726e+01
5.861157394401526943e+01 3.061085058513114632e+01
5.865126764356121924e+01 3.051906599919017538e+01
5.869096134310716906e+01 3.042728141324920443e+01
5.873065504265311887e+01 3.033549682730823349e+01
5.877034874219906868e+01 3.024371224136726255e+01
5.881004244174501849e+01 3.015192765542629161e+01
5.884973614129096831e+01 3.006014306948532067e+01
5.888942984083691812e+01 2.996835848354434972e+01
5.892912354038286793e+01 2.987657389760337878e+01
5.896881723992881774e+01 2.978478931166240784e+01
5.900851093947476755e+01 2.969300472572143690e+01
5.904820463902071737e+01 2.960122013978046596e+01
5.908789833856666718e+01 2.950943555383949501e+01
5.912759203811261699e+01 2.941765096789852407e+01
5.916728573765856680e+01 2.932586638195755313e+01
5.920697943720451661e+01 2.923408179601658219e+01
5.924667313675046643e+01 2.914229721007561125e+01
5.928636683629641624e+01 2.905051262413464030e+01
5.932606053584236605e+01 2.895872803819366936e+01
5.936575423538831586e+01 2.886694345225269842e+01
5.940544793493426567e+01 2.877515886631172748e+01
5.944514163448021549e+01 2.868337428037075654e+01
5.948483533402616530e+01 2.859158969442978560e+01
5.952452903357211511e+01 2.849980510848881465e+01
5.956422273311806492e+01 2.840802052254784371e+01
5.960391643266401474e+01 2.831623593660687277e+01
5.964361013220996455e+01 2.822445135066590183e+01
5.968330383175591436e+01 2.813266676472493089e+01
5.972299753130186417e+01 2.804088217878395994e+01
5.976269123084781398e+01 2.794909759284298900e+01
5.980238493039376380e+01 2.785731300690201806e+01
5.984207862993971361e+01 2.776552842096104712e+01
5.988177232948566342e+01 2.767374383502007618e+01
5.992146602903161323e+01 2.758195924907910523e+01
5.996115972857756304e+01 2.749017466313813429e+01
6.000085342812351286e+01 2.739839007719716335e+01
6.004054712766946267e+01 2.730660549125619241e+01
6.008024082721541248e+01 2.721482090531522147e+01
6.011993452676136229e+01 2.712303631937425052e+01
6.015962822630731210e+01 2.703125173343327958e+01
6.019932192585326192e+01 2.693946714749230864e+01
6.023901562539921173e+01 2.684768256155133770e+01
6.027870932494516154e+01 2.675589797561036676e+01
6.031840302449111135e+01 2.666411338966939581e+01
6.035809672403706116e+01 2.657232880372842487e+01
6.039779042358301098e+01 2.648054421778745393e+01
6.043748412312896079e+01 2.638875963184648299e+01
6.047717782267491060e+01 2.629697504590551205e+01
6.051687152222086041e+01 2.620519045996454111e+01
6.055656522176681023e+01 2.611340587402357016e+01
6.059625892131276004e+01 2.602162128808259922e+01
6.063595262085870985e+01 2.592983670214162828e+01
6.067564632040465966e+01 2.583805211620065734e+01
6.071534001995060947e+01 2.574626753025968640e+01
6.075503371949655929e+01 2.565448294431871545e+01
6.079472741904250910e+01 2.556269835837774451e+01
6.083442111858845891e+01 2.547091377243677357e+01
6.087411481813440872e+01 2.537912918649580263e+01
6.091380851768035853e+01 2.528734460055483169e+01
6.095350221722630835e+01 2.519556001461386074e+01
6.099319591677225816e+01 2.510377542867288980e+01
6.103288961631820797e+01 2.501199084273191886e+01
6.107258331586415778e+01 2.492020625679094792e+01
6.111227701541010759e+01 2.482842167084997698e+01
6.115197071495605741e+01 2.473663708490900603e+01
6.119166441450200722e+01 2.464485249896803509e+01
6.123135811404795703e+01 2.455306791302706415e+01
6.127105181359390684e+01 2.446128332708609321e+01
6.131074551313985666e+01 2.436949874114512227e+01
6.135043921268580647e+01 2.427771415520415133e+01
6.139013291223175628e+01 2.418592956926318038e+01
6.142982661177770609e+01 2.409414498332220944e+01
6.146952031132365590e+01 2.400236039738123850e+01
6.150921401086960572e+01 2.391057581144026756e+01
6.154890771041555553e+01 2.381879122549929662e+01
6.158860140996150534e+01 2.372700663955832567e+01
6.162829510950745515e+01 2.363522205361735473e+01
6.166798880905340496e+01 2.354343746767638379e+01
6.170768250859935478e+01 2.345165288173541285e+01
6.174737620814530459e+01 2.335986829579444191e+01
6.178706990769125440e+01 2.326808370985347096e+01
6.182676360723720421e+01 2.317629912391250002e+01
6.186645730678315402e+01 2.308451453797152908e+01
6.190615100632910384e+01 2.299272995203055814e+01
6.194584470587505365e+01 2.290094536608958720e+01
6.198553840542100346e+01 2.280916078014861625e+01
6.202523210496695327e+01 2.271737619420764531e+01
6.206492580451290308e+01 2.262559160826667437e+01
6.210461950405885290e+01 2.253380702232570343e+01
6.214431320360480271e+01 2.244202243638473249e+01
6.218400690315075252e+01 2.235023785044376154e+01
6.222370060269670233e+01 2.225845326450279060e+01
6.226339430224265215e+01 2.216666867856181966e+01
6.230308800178860196e+01 2.207488409262084872e+01
6.234278170133455177e+01 2.198309950667987778e+01
6.238247540088050158e+01 2.189131492073890684e+01
6.242216910042645139e+01 2.179953033479793589e+01
6.246186279997240121e+01 2.170774574885696495e+01
6.250155649951835102e+01 2.161596116291599401e+01
6.254125019906430083e+01 2.152417657697502307e+01
6.258094389861025064e+01 2.143239199103405213e+01
6.262063759815620045e+01 2.134060740509308118e+01
6.266033129770215027e+01 2.124882281915211024e+01
6.270002499724810008e+01 2.115703823321113930e+01
6.273971869679404989e+01 2.106525364727016836e+01
6.277941239633999970e+01 2.097346906132919742e+01
6.281910609588594951e+01 2.088168447538822647e+01
6.285879979543189933e+01 2.078989988944725553e+01
6.289849349497784914e+01 2.069811530350628459e+01
6.293818719452379895e+01 2.060633071756531365e+01
6.297788089406974876e+01 2.051454613162434271e+01
6.301757459361569857e+01 2.042276154568337176e+01
6.305726829316164839e+01 2.033097695974240082e+01
6.309696199270759820e+01 2.023919237380142988e+01
6.313665569225354801e+01 2.014740778786045894e+01
6.317634939179949782e+01 2.005562320191948800e+01
6.321604309134544764e+01 1.996383861597851705e+01
6.325573679089139745e+01 1.987205403003754611e+01
6.329543049043734726e+01 1.978026944409657517e+01
6.333512418998329707e+01 1.968848485815560423e+01
6.337481788952924688e+01 1.959670027221463329e+01
6.341451158907519670e+01 1.950491568627366235e+01
6.345420528862114651e+01 1.941313110033269140e+01
6.349389898816709632e+01 1.932134651439172046e+01
6.353359268771304613e+01 1.922956192845074952e+01
6.357328638725899594e+01 1.913777734250977858e+01
6.361298008680494576e+01 1.904599275656880764e+01
6.365267378635089557e+01 1.895420817062783669e+01
6.369236748589684538e+01 1.886242358468686575e+01
6.373206118544279519e+01 1.877063899874589481e+01
6.377175488498874500e+01 1.867885441280492387e+01
6.381144858453469482e+01 1.858706982686395293e+01
6.385114228408064463e+01 1.849528524092298198e+01
6.389083598362659444e+01 1.840350065498201104e+01
6.393052968317254425e+01 1.831171606904104010e+01
6.397022338271849407e+01 1.821993148310006916e+01
6.400991708226445098e+01 1.812814689715909822e+01
6.404961078181040079e+01 1.803636231121812727e+01
6.408930448135635061e+01 1.794457772527715633e+01
6.412899818090230042e+01 1.785279313933618539e+01
6.416869188044825023e+01 1.776100855339521445e+01
6.420838557999420004e+01 1.766922396745424351e+01
6.424807927954014986e+01 1.757743938151327256e+01
6.428777297908609967e+01 1.748565479557230162e+01
6.432746667863204948e+01 1.739387020963133068e+01
6.436716037817799929e+01 1.730208562369035974e+01
6.440685407772394910e+01 1.721030103774938880e+01
6.444654777726989892e+01 1.711851645180841786e+01
6.448624147681584873e+01 1.702673186586744691e+01
6.452593517636179854e+01 1.693494727992647597e+01
6.456562887590774835e+01 1.684316269398550503e+01
6.460532257545369816e+01 1.675137810804453409e+01
6.464501627499964798e+01 1.665959352210356315e+01
6.468470997454559779e+01 1.656780893616259220e+01
6.472440367409154760e+01 1.647602435022162126e+01
6.476409737363749741e+01 1.638423976428065032e+01
6.480379107318344722e+01 1.629245517833967938e+01
6.484348477272939704e+01 1.620067059239870844e+01
6.488317847227534685e+01 1.610888600645773749e+01
6.492287217182129666e+01 1.601710142051676655e+01
6.496256587136724647e+01 1.592531683457579561e+01
6.500225957091319628e+01 1.583353224863482467e+01
6.504195327045914610e+01 1.574174766269385373e+01
6.508164697000509591e+01 1.564996307675288278e+01
6.512134066955104572e+01 1.555817849081191184e+01
6.516103436909699553e+01 1.546639390487094090e+01
6.520072806864294535e+01 1.537460931892996996e+01
6.524042176818889516e+01 1.528282473298899902e+01
6.528011546773484497e+01 1.519104014704802808e+01
6.531980916728079478e+01 1.509925556110705713e+01
6.535950286682674459e+01 1.500747097516608619e+01
6.539919656637269441e+01 1.491568638922511525e+01
6.543889026591864422e+01 1.482390180328414431e+01
6.547858396546459403e+01 1.473211721734317337e+01
6.551827766501054384e+01 1.464033263140220242e+01
6.555797136455649365e+01 1.454854804546123148e+01
6.559766506410244347e+01 1.445676345952026054e+01
6.563735876364839328e+01 1.436497887357928960e+01
6.567705246319434309e+01 1.427319428763831866e+01
6.571674616274029290e+01 1.418140970169734771e+01
6.575643986228624271e+01 1.408962511575637677e+01
6.579613356183219253e+01 1.399784052981540583e+01
6.583582726137814234e+01 1.390605594387443489e+01
6.587552096092409215e+01 1.381427135793346395e+01
6.591521466047004196e+01 1.372248677199249300e+01
6.595490836001599178e+01 1.363070218605152206e+01
6.599460205956194159e+01 1.353891760011055112e+01
6.603429575910789140e+01 1.344713301416958018e+01
6.607398945865384121e+01 1.335534842822860924e+01
6.611368315819979102e+01 1.326356384228763829e+01
6.615337685774574084e+01 1.317177925634666735e+01
6.619307055729169065e+01 1.307999467040569641e+01
6.623276425683764046e+01 1.298821008446472547e+01
6.627245795638359027e+01 1.289642549852375453e+01
6.631215165592954008e+01 1.280464091258278359e+01
6.635184535547548990e+01 1.271285632664181264e+01
6.639153905502143971e+01 1.262107174070084170e+01
6.643123275456738952e+01 1.252928715475987076e+01
6.647092645411333933e+01 1.243750256881889982e+01
6.651062015365928914e+01 1.234571798287792888e+01
6.655031385320523896e+01 1.225393339693695793e+01
6.659000755275118877e+01 1.216214881099598699e+01
6.662970125229713858e+01 1.207036422505501605e+01
6.666939495184308839e+01 1.197857963911404511e+01
6.670908865138903820e+01 1.188679505317307417e+01
6.674878235093498802e+01 1.179501046723210322e+01
6.678847605048093783e+01 1.170322588129113228e+01
6.682816975002688764e+01 1.161144129535016134e+01
6.686786344957283745e+01 1.151965670940919040e+01
6.690755714911878727e+01 1.142787212346821946e+01
6.694725084866473708e+01 1.133608753752724851e+01
6.698694454821068689e+01 1.124430295158627757e+01
6.702663824775663670e+01 1.115251836564530663e+01
6.706633194730258651e+01 1.106073377970433569e+01
6.712994013202479948e+01 1.091365122091432838e+01
6.710787954098029218e+01 1.101118752350350150e+01
6.708581894993578487e+01 1.110872382609267461e+01
6.706375835889127757e+01 1.120626012868184773e+01
6.704169776784677026e+01 1.130379643127102085e+01
6.701963717680226296e+01 1.140133273386019397e+01
6.699757658575775565e+01 1.149886903644936709e+01
6.697551599471324835e+01 1.159640533903854021e+01
6.695345540366874104e+01 1.169394164162771332e+01
6.693139481262423374e+01 1.179147794421688644e+01
6.690933422157972643e+01 1.188901424680605956e+01
6.688727363053521913e+01 1.198655054939523268e+01
6.686521303949071182e+01 1.208408685198440580e+01
6.684315244844620452e+01 1.218162315457357892e+01
6.682109185740169721e+01 1.227915945716275203e+01
6.679903126635718991e+01 1.237669575975192515e+01
6.677697067531268260e+01 1.247423206234109827e+01
6.675491008426817530e+01 1.257176836493027139e+01
6.673284949322366799e+01 1.266930466751944451e+01
6.671078890217916069e+01 1.276684097010861763e+01
6.668872831113465338e+01 1.286437727269779074e+01
6.666666772009014608e+01 1.296191357528696386e+01
6.664460712904563877e+01 1.305944987787613698e+01
6.662254653800113147e+01 1.315698618046531010e+01
6.660048594695662416e+01 1.325452248305448322e+01
6.657842535591211686e+01 1.335205878564365634e+01
6.655636476486760955e+01 1.344959508823282945e+01
6.653430417382310225e+01 1.354713139082200257e+01
6.651224358277859494e+01 1.364466769341117569e+01
6.649018299173408764e+01 1.374220399600034881e+01
6.646812240068958033e+01 1.383974029858952193e+01
6.644606180964507303e+01 1.393727660117869505e+01
6.642400121860056572e+01 1.403481290376786816e+01
6.640194062755605842e+01 1.413234920635704128e+01
6.637988003651155111e+01 1.422988550894621440e+01
6.635781944546704381e+01 1.432742181153538752e+01
6.633575885442253650e+01 1.442495811412456064e+01
6.631369826337802920e+01 1.452249441671373376e+01
6.629163767233352189e+01 1.462003071930290687e+01
6.626957708128901459e+01 1.471756702189207999e+01
6.624751649024450728e+01 1.481510332448125311e+01
6.622545589919999998e+01 1.491263962707042623e+01
6.620339530815549267e+01 1.501017592965959935e+01
6.618133471711098537e+01 1.510771223224877247e+01
6.615927412606647806e+01 1.520524853483794558e+01
6.613721353502197076e+01 1.530278483742711870e+01
6.611515294397746345e+01 1.540032114001629182e+01
6.609309235293295615e+01 1.549785744260546494e+01
6.607103176188844884e+01 1.559539374519463806e+01
6.604897117084394154e+01 1.569293004778381118e+01
6.602691057979943423e+01 1.579046635037298429e+01
6.600484998875492693e+01 1.588800265296215741e+01
6.598278939771041962e+01 1.598553895555133053e+01
6.596072880666591232e+01 1.608307525814050365e+01
6.593866821562140501e+01 1.618061156072967677e+01
6.591660762457689771e+01 1.627814786331884989e+01
6.589454703353239040e+01 1.637568416590802300e+01
6.587248644248788310e+01 1.647322046849719612e+01
6.585042585144337579e+01 1.657075677108636924e+01
6.582836526039886849e+01 1.666829307367554236e+01
6.580630466935436118e+01 1.676582937626471548e+01
6.578424407830985388e+01 1.686336567885388860e+01
6.576218348726534657e+01 1.696090198144306171e+01
6.574012289622083927e+01 1.705843828403223483e+01
6.571806230517633196e+01 1.715597458662140795e+01
6.569600171413182466e+01 1.725351088921058107e+01
6.567394112308731735e+01 1.735104719179975419e+01
6.565188053204281005e+01 1.744858349438892731e+01
6.562981994099830274e+01 1.754611979697810042e+01
6.560775934995379544e+01 1.764365609956727354e+01
6.558569875890928813e+01 1.774119240215644666e+01
6.556363816786478083e+01 1.783872870474561978e+01
6.554157757682027352e+01 1.793626500733479290e+01
6.551951698577576622e+01 1.803380130992396602e+01
6.549745639473125891e+01 1.813133761251313913e+01
6.547539580368675161e+01 1.822887391510231225e+01
6.545333521264224430e+01 1.832641021769148537e+01
6.543127462159773700e+01 1.842394652028065849e+01
6.540921403055322969e+01 1.852148282286983161e+01
6.538715343950872239e+01 1.861901912545900473e+01
6.536509284846421508e+01 1.871655542804817784e+01
6.534303225741970778e+01 1.881409173063735096e+01
6.532097166637520047e+01 1.891162803322652408e+01
6.529891107533069317e+01 1.900916433581569720e+01
6.527685048428618586e+01 1.910670063840487032e+01
6.525478989324167856e+01 1.920423694099404344e+01
6.523272930219717125e+01 1.930177324358321655e+01
6.521066871115266395e+01 1.939930954617238967e+01
6.518860812010815664e+01 1.949684584876156279e+01
6.516654752906364934e+01 1.959438215135073591e+01
6.514448693801914203e+01 1.969191845393990903e+01
6.512242634697463473e+01 1.978945475652908215e+01
6.510036575593012742e+01 1.988699105911825527e+01
6.507830516488562012e+01 1.998452736170742838e+01
6.505624457384111281e+01 2.008206366429660150e+01
6.503418398279660551e+01 2.017959996688577462e+01
6.501212339175209820e+01 2.027713626947494774e+01
6.499006280070759090e+01 2.037467257206412086e+01
6.496800220966308359e+01 2.047220887465329398e+01
6.494594161861857629e+01 2.056974517724246709e+01
6.492388102757406898e+01 2.066728147983164021e+01
6.490182043652956168e+01 2.076481778242081333e+01
6.487975984548505437e+01 2.086235408500998645e+01
6.485769925444054707e+01 2.095989038759915957e+01
6.483563866339603976e+01 2.105742669018833269e+01
6.481357807235153246e+01 2.115496299277750580e+01
6.479151748130702515e+01 2.125249929536667892e+01
6.476945689026251785e+01 2.135003559795585204e+01
6.474739629921801054e+01 2.144757190054502516e+01
6.472533570817350324e+01 2.154510820313419828e+01
6.470327511712899593e+01 2.164264450572337140e+01
6.468121452608448863e+01 2.174018080831254451e+01
6.465915393503998132e+01 2.183771711090171763e+01
6.463709334399547402e+01 2.193525341349089075e+01
6.461503275295096671e+01 2.203278971608006387e+01
6.459297216190645941e+01 2.213032601866923699e+01
6.457091157086195210e+01 2.222786232125841011e+01
6.454885097981744480e+01 2.232539862384758322e+01
6.452679038877293749e+01 2.242293492643675634e+01
6.450472979772843019e+01 2.252047122902592946e+01
6.448266920668392288e+01 2.261800753161510258e+01
6.446060861563941558e+01 2.271554383420427570e+01
6.443854802459490827e+01 2.281308013679344882e+01
6.441648743355040097e+01 2.291061643938262193e+01
6.439442684250589366e+01 2.300815274197179505e+01
6.437236625146138636e+01 2.310568904456096817e+01
6.435030566041687905e+01 2.320322534715014129e+01
6.432824506937237174e+01 2.330076164973931441e+01
6.430618447832786444e+01 2.339829795232848753e+01
6.428412388728335713e+01 2.349583425491766064e+01
6.426206329623884983e+01 2.359337055750683376e+01
6.424000270519434252e+01 2.369090686009600688e+01
6.421794211414983522e+01 2.378844316268518000e+01
6.419588152310532791e+01 2.388597946527435312e+01
6.417382093206082061e+01 2.398351576786352624e+01
6.415176034101631330e+01 2.408105207045269935e+01
6.412969974997180600e+01 2.417858837304187247e+01
6.410763915892729869e+01 2.427612467563104559e+01
6.408557856788279139e+01 2.437366097822021871e+01
6.406351797683828408e+01 2.447119728080939183e+01
6.404145738579377678e+01 2.456873358339856495e+01
6.401939679474926947e+01 2.466626988598773806e+01
6.399733620370475506e+01 2.476380618857691118e+01
6.397527561266024065e+01 2.486134249116608430e+01
6.395321502161572624e+01 2.495887879375525742e+01
6.393115443057121183e+01 2.505641509634443054e+01
6.390909383952669742e+01 2.515395139893360366e+01
6.388703324848218301e+01 2.525148770152277677e+01
6.386497265743766860e+01 2.534902400411194989e+01
6.384291206639315419e+01 2.544656030670112301e+01
6.382085147534863978e+01 2.554409660929029613e+01
6.379879088430412537e+01 2.564163291187946925e+01
6.377673029325961096e+01 2.573916921446864237e+01
6.375466970221509655e+01 2.583670551705781548e+01
6.373260911117058214e+01 2.593424181964698860e+01
6.371054852012606773e+01 2.603177812223616172e+01
6.368848792908155332e+01 2.612931442482533484e+01
6.366642733803703891e+01 2.622685072741450796e+01
6.364436674699252450e+01 2.632438703000368108e+01
6.362230615594801009e+01 2.642192333259285419e+01
6.360024556490349568e+01 2.651945963518202731e+01
6.357818497385898127e+01 2.661699593777120043e+01
6.355612438281446686e+01 2.671453224036037355e+01
6.353406379176995245e+01 2.681206854294954667e+01
6.351200320072543803e+01 2.690960484553871979e+01
6.348994260968092362e+01 2.700714114812789290e+01
6.346788201863640921e+01 2.710467745071706602e+01
6.344582142759189480e+01 2.720221375330623914e+01
6.342376083654738039e+01 2.729975005589541226e+01
6.340170024550286598e+01 2.739728635848458538e+01
6.337963965445835157e+01 2.749482266107375850e+01
6.335757906341383716e+01 2.759235896366293161e+01
6.333551847236932275e+01 2.768989526625210473e+01
6.331345788132480834e+01 2.778743156884127785e+01
6.329139729028029393e+01 2.788496787143045097e+01
6.326933669923577952e+01 2.798250417401962409e+01
6.324727610819126511e+01 2.808004047660879721e+01
6.322521551714675070e+01 2.817757677919797032e+01
6.320315492610223629e+01 2.827511308178714344e+01
6.318109433505772188e+01 2.837264938437631656e+01
6.315903374401320747e+01 2.847018568696548968e+01
6.313697315296869306e+01 2.856772198955466280e+01
6.311491256192417865e+01 2.866525829214383592e+01
6.309285197087966424e+01 2.876279459473300903e+01
6.307079137983514983e+01 2.886033089732218215e+01
6.304873078879063542e+01 2.895786719991135527e+01
6.302667019774612100e+01 2.905540350250052839e+01
6.300460960670160659e+01 2.915293980508970151e+01
6.298254901565709218e+01 2.925047610767887463e+01
6.296048842461257777e+01 2.934801241026804774e+01
6.293842783356806336e+01 2.944554871285722086e+01
6.291636724252354895e+01 2.954308501544639398e+01
6.289430665147903454e+01 2.964062131803556710e+01
6.287224606043452013e+01 2.973815762062474022e+01
6.285018546939000572e+01 2.983569392321391334e+01
6.282812487834549131e+01 2.993323022580308646e+01
6.280606428730097690e+01 3.003076652839225957e+01
6.278400369625646249e+01 3.012830283098143269e+01
6.276194310521194808e+01 3.022583913357060581e+01
6.273988251416743367e+01 3.032337543615977893e+01
6.271782192312291926e+01 3.042091173874895205e+01
6.269576133207840485e+01 3.051844804133812517e+01
6.267370074103389044e+01 3.061598434392729828e+01
6.265164014998937603e+01 3.071352064651647140e+01
6.262957955894486162e+01 3.081105694910564452e+01
6.260751896790034721e+01 3.090859325169481764e+01
6.258545837685583280e+01 3.100612955428399076e+01
6.256339778581131839e+01 3.110366585687316388e+01
6.254133719476680398e+01 3.120120215946233699e+01
6.251927660372228956e+01 3.129873846205151011e+01
6.249721601267777515e+01 3.139627476464068323e+01
6.247515542163326074e+01 3.149381106722985635e+01
6.245309483058874633e+01 3.159134736981902947e+01
6.243103423954423192e+01 3.168888367240820259e+01
6.240897364849971751e+01 3.178641997499737570e+01
6.238691305745520310e+01 3.188395627758654882e+01
6.236485246641068869e+01 3.198149258017572194e+01
6.234279187536617428e+01 3.207902888276489506e+01
6.232073128432165987e+01 3.217656518535407173e+01
6.229867069327714546e+01 3.227410148794324840e+01
6.227661010223263105e+01 3.237163779053242507e+01
6.225454951118811664e+01 3.246917409312160174e+01
6.223248892014360223e+01 3.256671039571077841e+01
6.221042832909908782e+01 3.266424669829995509e+01
6.218836773805457341e+01 3.276178300088913176e+01
6.216630714701005900e+01 3.285931930347830843e+01
6.214424655596554459e+01 3.295685560606748510e+01
6.212218596492103018e+01 3.305439190865666177e+01
6.210012537387651577e+01 3.315192821124583844e+01
6.207806478283200136e+01 3.324946451383501511e+01
6.205600419178748695e+01 3.334700081642419178e+01
6.203394360074297254e+01 3.344453711901336845e+01
6.201188300969845812e+01 3.354207342160254512e+01
6.198982241865394371e+01 3.363960972419172180e+01
6.196776182760942930e+01 3.373714602678089847e+01
6.194570123656491489e+01 3.383468232937007514e+01
6.192364064552040048e+01 3.393221863195925181e+01
6.190158005447588607e+01 3.402975493454842848e+01
6.187951946343137166e+01 3.412729123713760515e+01
6.185745887238685725e+01 3.422482753972678182e+01
6.183539828134234284e+01 3.432236384231595849e+01
6.181333769029782843e+01 3.441990014490513516e+01
6.179127709925331402e+01 3.451743644749431184e+01
6.176921650820879961e+01 3.461497275008348851e+01
6.174715591716428520e+01 3.471250905267266518e+01
6.172509532611977079e+01 3.481004535526184185e+01
6.170303473507525638e+01 3.490758165785101852e+01
6.168097414403074197e+01 3.500511796044019519e+01
6.165891355298622756e+01 3.510265426302937186e+01
6.163685296194171315e+01 3.520019056561854853e+01
6.161479237089719874e+01 3.529772686820772520e+01
6.159273177985268433e+01 3.539526317079690187e+01
6.157067118880816992e+01 3.549279947338607855e+01
6.154861059776365551e+01 3.559033577597525522e+01
6.152655000671914109e+01 3.568787207856443189e+01
6.150448941567462668e+01 3.578540838115360856e+01
6.148242882463011227e+01 3.588294468374278523e+01
6.146036823358559786e+01 3.598048098633196190e+01
6.143830764254108345e+01 3.607801728892113857e+01
6.141624705149656904e+01 3.617555359151031524e+01
6.139418646045205463e+01 3.627308989409949191e+01
6.137212586940754022e+01 3.637062619668866859e+01
6.135006527836302581e+01 3.646816249927784526e+01
6.132800468731851140e+01 3.656569880186702193e+01
6.130594409627399699e+01 3.666323510445619860e+01
6.128388350522948258e+01 3.676077140704537527e+01
6.126182291418496817e+01 3.685830770963455194e+01
6.123976232314045376e+01 3.695584401222372861e+01
6.121770173209593935e+01 3.705338031481290528e+01
6.119564114105142494e+01 3.715091661740208195e+01
6.117358055000691053e+01 3.724845291999125863e+01
6.115151995896239612e+01 3.734598922258043530e+01
6.112945936791788171e+01 3.744352552516961197e+01
6.110739877687336730e+01 3.754106182775878864e+01
6.108533818582885289e+01 3.763859813034796531e+01
6.106327759478433848e+01 3.773613443293714198e+01
6.104121700373982407e+01 3.783367073552631865e+01
6.101915641269530965e+01 3.793120703811549532e+01
6.099709582165079524e+01 3.802874334070467199e+01
6.097503523060628083e+01 3.812627964329384866e+01
6.095297463956176642e+01 3.822381594588302534e+01
6.093091404851725201e+01 3.832135224847220201e+01
6.090885345747273760e+01 3.841888855106137868e+01
6.088679286642822319e+01 3.851642485365055535e+01
6.086473227538370878e+01 3.861396115623973202e+01
6.084267168433919437e+01 3.871149745882890869e+01
6.082061109329467996e+01 3.880903376141808536e+01
6.079855050225016555e+01 3.890657006400726203e+01
6.077648991120565114e+01 3.900410636659643870e+01
6.075442932016113673e+01 3.910164266918561538e+01
6.073236872911662232e+01 3.919917897177479205e+01
6.071030813807210791e+01 3.929671527436396872e+01
6.068824754702759350e+01 3.939425157695314539e+01
6.066618695598307909e+01 3.949178787954232206e+01
6.064412636493856468e+01 3.958932418213149873e+01
6.062206577389405027e+01 3.968686048472067540e+01
6.060000518284953586e+01 3.978439678730985207e+01
6.057794459180502145e+01 3.988193308989902874e+01
6.055588400076050704e+01 3.997946939248820541e+01
6.053382340971599263e+01 4.007700569507738209e+01
6.051176281867147821e+01 4.017454199766655876e+01
6.048970222762696380e+01 4.027207830025573543e+01
6.046764163658244939e+01 4.036961460284491210e+01
6.044558104553793498e+01 4.046715090543408877e+01
6.042352045449342057e+01 4.056468720802326544e+01
6.040145986344890616e+01 4.066222351061244211e+01
6.037939927240439175e+01 4.075975981320161878e+01
6.035733868135987734e+01 4.085729611579079545e+01
6.033527809031536293e+01 4.095483241837997213e+01
6.031321749927084852e+01 4.105236872096914880e+01
6.029115690822633411e+01 4.114990502355832547e+01
6.026909631718181970e+01 4.124744132614750214e+01
6.024703572613730529e+01 4.134497762873667881e+01
6.022497513509279088e+01 4.144251393132585548e+01
6.020291454404827647e+01 4.154005023391503215e+01
6.018085395300376206e+01 4.163758653650420882e+01
6.015879336195924765e+01 4.173512283909338549e+01
6.013673277091473324e+01 4.183265914168256216e+01
6.011467217987021883e+01 4.193019544427173884e+01
6.009261158882570442e+01 4.202773174686091551e+01
6.007055099778119001e+01 4.212526804945009218e+01
6.004849040673667560e+01 4.222280435203926885e+01
6.002642981569216118e+01 4.232034065462844552e+01
6.000436922464764677e+01 4.241787695721762219e+01
5.998230863360313236e+01 4.251541325980679886e+01
5.996024804255861795e+01 4.261294956239597553e+01
5.993818745151410354e+01 4.271048586498515220e+01
5.991612686046958913e+01 4.280802216757432888e+01
5.989406626942507472e+01 4.290555847016350555e+01
5.987200567838056031e+01 4.300309477275268222e+01
5.984994508733604590e+01 4.310063107534185889e+01
5.982788449629153149e+01 4.319816737793103556e+01
5.980582390524701708e+01 4.329570368052021223e+01
5.978376331420250267e+01 4.339323998310938890e+01
5.976170272315798826e+01 4.349077628569856557e+01
5.973964213211347385e+01 4.358831258828774224e+01
5.971758154106895944e+01 4.368584889087691892e+01
5.969552095002444503e+01 4.378338519346609559e+01
5.967346035897993062e+01 4.388092149605527226e+01
5.965139976793541621e+01 4.397845779864444893e+01
5.962933917689090180e+01 4.407599410123362560e+01
5.960727858584638739e+01 4.417353040382280227e+01
5.958521799480187298e+01 4.427106670641197894e+01
5.956315740375735857e+01 4.436860300900115561e+01
5.954109681271284416e+01 4.446613931159033228e+01
5.951903622166832974e+01 4.456367561417950895e+01
5.949697563062381533e+01 4.466121191676868563e+01
5.947491503957930092e+01 4.475874821935786230e+01
5.945285444853478651e+01 4.485628452194703897e+01
5.943079385749027210e+01 4.495382082453621564e+01
5.940873326644575769e+01 4.505135712712539231e+01
5.938667267540124328e+01 4.514889342971456898e+01
5.936461208435672887e+01 4.524642973230374565e+01
5.934255149331221446e+01 4.534396603489292232e+01
5.932049090226770005e+01 4.544150233748209899e+01
5.929843031122318564e+01 4.553903864007127567e+01
5.927636972017867123e+01 4.563657494266045234e+01
5.925430912913415682e+01 4.573411124524962901e+01
5.923224853808964241e+01 4.583164754783880568e+01
5.921018794704512800e+01 4.592918385042798235e+01
5.918812735600061359e+01 4.602672015301715902e+01
5.916606676495609918e+01 4.612425645560633569e+01
5.914400617391158477e+01 4.622179275819551236e+01
5.912194558286707036e+01 4.631932906078468903e+01
5.909988499182255595e+01 4.641686536337386570e+01
5.907782440077804154e+01 4.651440166596304238e+01
5.905576380973352713e+01 4.661193796855221905e+01
5.903370321868901272e+01 4.670947427114139572e+01
5.901164262764449830e+01 4.680701057373057239e+01
5.898958203659998389e+01 4.690454687631974906e+01
5.896752144555546948e+01 4.700208317890892573e+01
5.894546085451095507e+01 4.709961948149810240e+01
5.892340026346644066e+01 4.719715578408727907e+01
5.890133967242192625e+01 4.729469208667645574e+01
5.887927908137741184e+01 4.739222838926563242e+01
5.885721849033289743e+01 4.748976469185480909e+01
5.883515789928838302e+01 4.758730099444398576e+01
5.881309730824386861e+01 4.768483729703316243e+01
5.879103671719935420e+01 4.778237359962233910e+01
5.876897612615483979e+01 4.787990990221151577e+01
5.874691553511032538e+01 4.797744620480069244e+01
5.872485494406581097e+01 4.807498250738986911e+01
5.870279435302129656e+01 4.817251880997904578e+01
5.868073376197678215e+01 4.827005511256822246e+01
5.865867317093226774e+01 4.836759141515739913e+01
5.863661257988775333e+01 4.846512771774657580e+01
5.861455198884323892e+01 4.856266402033575247e+01
5.859249139779872451e+01 4.866020032292492914e+01
5.857043080675421010e+01 4.875773662551410581e+01
5.854837021570969569e+01 4.885527292810328248e+01
5.852630962466518127e+01 4.895280923069245915e+01
5.850424903362066686e+01 4.905034553328163582e+01
5.848218844257615245e+01 4.914788183587081249e+01
5.846012785153163804e+01 4.924541813845998917e+01
5.843806726048712363e+01 4.934295444104916584e+01
5.841600666944260922e+01 4.944049074363834251e+01
5.839394607839809481e+01 4.953802704622751918e+01
5.837188548735358040e+01 4.963556334881669585e+01
5.834982489630906599e+01 4.973309965140587252e+01
5.832776430526455158e+01 4.983063595399504919e+01
5.830570371422003717e+01 4.992817225658422586e+01
5.828364312317552276e+01 5.002570855917340253e+01
5.826158253213100835e+01 5.012324486176257921e+01
5.823952194108649394e+01 5.022078116435175588e+01
5.821746135004197953e+01 5.031831746694093255e+01
5.819540075899746512e+01 5.041585376953010922e+01
5.817334016795295071e+01 5.051339007211928589e+01
5.815127957690843630e+01 5.061092637470846256e+01
5.812921898586392189e+01 5.070846267729763923e+01
5.810715839481940748e+01 5.080599897988681590e+01
5.808509780377489307e+01 5.090353528247599257e+01
5.806303721273037866e+01 5.100107158506516924e+01
5.804097662168586425e+01 5.109860788765434592e+01
5.801891603064134983e+01 5.119614419024352259e+01
5.799685543959683542e+01 5.129368049283269926e+01
5.797479484855232101e+01 5.139121679542187593e+01
5.795273425750780660e+01 5.148875309801105260e+01
5.793067366646329219e+01 5.158628940060022927e+01
5.790861307541877778e+01 5.168382570318940594e+01
5.788655248437426337e+01 5.178136200577858261e+01
5.786449189332974896e+01 5.187889830836775928e+01
5.784243130228523455e+01 5.197643461095693596e+01
5.782037071124072014e+01 5.207397091354611263e+01
5.779831012019620573e+01 5.217150721613528930e+01
5.777624952915169132e+01 5.226904351872446597e+01
5.775418893810717691e+01 5.236657982131364264e+01
5.773212834706266250e+01 5.246411612390281931e+01
5.770310672821343445e+01 5.259242915921342387e+01
