2.232353654956310720e+02 1.210000000000000000e+02
2.232351592527854791e+02 1.210999834933959391e+02
2.232345405277589521e+02 1.211999652850737874e+02
2.232335093310821605e+02 1.212999436733443588e+02
2.232320656803060785e+02 1.213999169565764618e+02
2.232302096000016434e+02 1.214998834332257474e+02
2.232279411217593008e+02 1.215998414018637277e+02
2.232252602841885505e+02 1.216997891612067377e+02
2.232221671329172068e+02 1.217997250101448401e+02
2.232186617205906600e+02 1.218996472477708579e+02
2.232147441068710236e+02 1.219995541734092370e+02
2.232104143584360543e+02 1.220994440866450503e+02
2.232056725489779865e+02 1.221993152873529169e+02
2.232005187592024242e+02 1.222991660757259638e+02
2.231949530768267778e+02 1.223989947523047022e+02
2.231889755965789277e+02 1.224987996180060037e+02
2.231825864201955198e+02 1.225985789741520051e+02
2.231757856564202882e+02 1.226983311224989990e+02
2.231685734210021508e+02 1.227980543652663812e+02
2.231609498366933053e+02 1.228977470051654990e+02
2.231529150332470977e+02 1.229974073454285559e+02
2.231444691474157764e+02 1.230970336898375166e+02
2.231356123229482193e+02 1.231966243427529406e+02
2.231263447105875457e+02 1.232961776091428447e+02
2.231166664680684164e+02 1.233956917946116079e+02
2.231065777601144191e+02 1.234951652054287052e+02
2.230960787584352545e+02 1.235945961485576419e+02
2.230851696417238657e+02 1.236939829316847010e+02
2.230738505956532833e+02 1.237933238632477781e+02
2.230621218128735848e+02 1.238926172524651577e+02
2.230499834930085115e+02 1.239918614093643043e+02
2.230374358426522008e+02 1.240910546448105976e+02
2.230244790753654911e+02 1.241901952705361225e+02
2.230111134116724827e+02 1.242892815991683477e+02
2.229973390790566157e+02 1.243883119442589020e+02
2.229831563119569182e+02 1.244872846203122663e+02
2.229685653517639423e+02 1.245861979428144224e+02
2.229535664468156995e+02 1.246850502282615594e+02
2.229381598523933974e+02 1.247838397941887223e+02
2.229223458307171484e+02 1.248825649591984046e+02
2.229061246509414218e+02 1.249812240429892682e+02
2.228894965891505819e+02 1.250798153663846364e+02
2.228724619283540562e+02 1.251783372513610999e+02
2.228550209584815889e+02 1.252767880210771239e+02
2.228371739763783808e+02 1.253751659999015260e+02
2.228189212857998598e+02 1.254734695134420548e+02
2.228002631974066503e+02 1.255716968885738396e+02
2.227812000287592582e+02 1.256698464534678692e+02
2.227617321043125855e+02 1.257679165376195130e+02
2.227418597554105872e+02 1.258659054718768289e+02
2.227215833202803879e+02 1.259638115884690990e+02
2.227009031440267677e+02 1.260616332210351516e+02
2.226798195786261374e+02 1.261593687046517260e+02
2.226583329829205411e+02 1.262570163758618094e+02
2.226364437226116593e+02 1.263545745727029725e+02
2.226141521702544992e+02 1.264520416347356218e+02
2.225914587052510285e+02 1.265494159030712780e+02
2.225683637138438655e+02 1.266466957204008281e+02
2.225448675891095149e+02 1.267438794310227053e+02
2.225209707309518024e+02 1.268409653808710686e+02
2.224966735460950247e+02 1.269379519175439697e+02
2.224719764480770152e+02 1.270348373903314751e+02
2.224468798572422088e+02 1.271316201502437480e+02
2.224213842007342805e+02 1.272282985500391561e+02
2.223954899124890972e+02 1.273248709442522113e+02
2.223691974332272139e+02 1.274213356892217206e+02
2.223425072104463140e+02 1.275176911431186113e+02
2.223154196984138196e+02 1.276139356659739690e+02
2.222879353581588475e+02 1.277100676197069475e+02
2.222600546574646785e+02 1.278060853681525941e+02
2.222317780708605426e+02 1.279019872770897308e+02
2.222031060796136899e+02 1.279977717142687794e+02
2.221740391717210912e+02 1.280934370494395296e+02
2.221445778419013095e+02 1.281889816543788925e+02
2.221147225915858598e+02 1.282844039029185979e+02
2.220844739289108247e+02 1.283797021709728483e+02
2.220538323687081856e+02 1.284748748365660447e+02
2.220227984324969555e+02 1.285699202798603267e+02
2.219913726484744814e+02 1.286648368831831419e+02
2.219595555515072931e+02 1.287596230310548151e+02
2.219273476831220648e+02 1.288542771102159747e+02
2.218947495914964350e+02 1.289487975096551224e+02
2.218617618314495985e+02 1.290431826206359460e+02
2.218283849644329280e+02 1.291374308367247181e+02
2.217946195585203668e+02 1.292315405538177515e+02
2.217604661883988229e+02 1.293255101701685135e+02
2.217259254353583344e+02 1.294193380864150242e+02
2.216909978872821796e+02 1.295130227056070567e+02
2.216556841386369001e+02 1.296065624332332789e+02
2.216199847904621549e+02 1.296999556772483970e+02
2.215839004503605167e+02 1.297932008481002981e+02
2.215474317324871265e+02 1.298862963587570221e+02
2.215105792575391774e+02 1.299792406247339045e+02
2.214733436527455126e+02 1.300720320641204069e+02
2.214357255518557110e+02 1.301646690976070886e+02
2.213977255951295149e+02 1.302571501485125225e+02
2.213593444293258301e+02 1.303494736428101248e+02
2.213205827076917274e+02 1.304416380091548717e+02
2.212814410899513575e+02 1.305336416789101293e+02
2.212419202422946682e+02 1.306254830861743130e+02
2.212020208373661205e+02 1.307171606678075477e+02
2.211617435542532064e+02 1.308086728634582414e+02
2.211210890784748813e+02 1.309000181155896883e+02
2.210800581019699962e+02 1.309911948695065860e+02
2.210386513230853325e+02 1.310822015733814396e+02
2.209968694465638634e+02 1.311730366782809938e+02
2.209547131835327605e+02 1.312636986381926363e+02
2.209121832514912285e+02 1.313541859100506883e+02
2.208692803742982846e+02 1.314444969537626093e+02
2.208260052821605370e+02 1.315346302322353154e+02
2.207823587116195654e+02 1.316245842114012135e+02
2.207383414055396713e+02 1.317143573602444917e+02
2.206939541130949181e+02 1.318039481508269546e+02
2.206491975897566533e+02 1.318933550583142278e+02
2.206040725972804353e+02 1.319825765610015935e+02
2.205585799036932428e+02 1.320716111403399111e+02
2.205127202832802880e+02 1.321604572809614808e+02
2.204664945165718564e+02 1.322491134707058507e+02
2.204199033903300915e+02 1.323375782006454529e+02
2.203729476975354657e+02 1.324258499651114960e+02
2.203256282373734791e+02 1.325139272617193456e+02
2.202779458152208747e+02 1.326018085913942457e+02
2.202299012426320246e+02 1.326894924583968134e+02
2.201814953373251171e+02 1.327769773703484475e+02
2.201327289231681732e+02 1.328642618382567946e+02
2.200836028301651197e+02 1.329513443765410159e+02
2.200341178944415788e+02 1.330382235030571678e+02
2.199842749582307135e+02 1.331248977391232984e+02
2.199340748698587902e+02 1.332113656095447425e+02
2.198835184837308816e+02 1.332976256426391615e+02
2.198326066603161451e+02 1.333836763702616395e+02
2.197813402661333839e+02 1.334695163278295809e+02
2.197297201737361263e+02 1.335551440543477213e+02
2.196777472616978457e+02 1.336405580924329684e+02
2.196254224145970113e+02 1.337257569883392136e+02
2.195727465230020243e+02 1.338107392919820597e+02
2.195197204834560978e+02 1.338955035569634902e+02
2.194663451984618803e+02 1.339800483405965110e+02
2.194126215764662220e+02 1.340643722039297074e+02
2.193585505318446565e+02 1.341484737117717430e+02
2.193041329848858823e+02 1.342323514327157170e+02
2.192493698617760174e+02 1.343160039391636644e+02
2.191942620945828821e+02 1.343994298073506855e+02
2.191388106212401965e+02 1.344826276173692747e+02
2.190830163855314368e+02 1.345655959531935366e+02
2.190268803370740329e+02 1.346483334027031447e+02
2.189704034313029695e+02 1.347308385577075001e+02
2.189135866294546702e+02 1.348131100139696912e+02
2.188564308985505420e+02 1.348951463712302541e+02
2.187989372113805757e+02 1.349769462332311605e+02
2.187411065464867761e+02 1.350585082077396066e+02
2.186829398881465636e+02 1.351398309065714898e+02
2.186244382263558919e+02 1.352209129456152539e+02
2.185656025568124505e+02 1.353017529448553660e+02
2.185064338808988111e+02 1.353823495283958493e+02
2.184469332056652888e+02 1.354627013244835609e+02
2.183871015438127756e+02 1.355428069655317245e+02
2.183269399136756022e+02 1.356226650881430658e+02
2.182664493392041720e+02 1.357022743331330901e+02
2.182056308499474540e+02 1.357816333455532458e+02
2.181444854810355878e+02 1.358607407747138325e+02
2.180830142731621493e+02 1.359395952742072211e+02
2.180212182725665571e+02 1.360181955019305065e+02
2.179590985310160818e+02 1.360965401201086138e+02
2.178966561057881961e+02 1.361746277953168658e+02
2.178338920596523565e+02 1.362524571985037483e+02
2.177708074608520690e+02 1.363300270050135907e+02
2.177074033830865574e+02 1.364073358946089911e+02
2.176436809054926584e+02 1.364843825514934110e+02
2.175796411126263479e+02 1.365611656643334584e+02
2.175152850944442662e+02 1.366376839262812837e+02
2.174506139462852161e+02 1.367139360349967774e+02
2.173856287688515749e+02 1.367899206926697957e+02
2.173203306681904508e+02 1.368656366060421874e+02
2.172547207556748390e+02 1.369410824864298206e+02
2.171888001479848640e+02 1.370162570497444960e+02
2.171225699670886797e+02 1.370911590165159168e+02
2.170560313402232566e+02 1.371657871119132608e+02
2.169891853998754527e+02 1.372401400657670649e+02
2.169220332837625449e+02 1.373142166125907693e+02
2.168545761348128735e+02 1.373880154916022605e+02
2.167868151011465159e+02 1.374615354467453017e+02
2.167187513360555897e+02 1.375347752267109342e+02
2.166503859979847562e+02 1.376077335849588223e+02
2.165817202505113812e+02 1.376804092797383987e+02
2.165127552623258964e+02 1.377528010741100104e+02
2.164434922072117047e+02 1.378249077359660362e+02
2.163739322640253704e+02 1.378967280380517479e+02
2.163040766166764399e+02 1.379682607579862577e+02
2.162339264541074044e+02 1.380395046782834072e+02
2.161634829702733498e+02 1.381104585863723173e+02
2.160927473641216920e+02 1.381811212746181354e+02
2.160217208395717989e+02 1.382514915403426130e+02
2.159504046054944411e+02 1.383215681858444555e+02
2.158787998756912145e+02 1.383913500184198142e+02
2.158069078688739921e+02 1.384608358503826082e+02
2.157347298086440333e+02 1.385300244990845897e+02
2.156622669234712077e+02 1.385989147869356657e+02
2.155895204466731911e+02 1.386675055414237079e+02
2.155164916163942621e+02 1.387357955951347890e+02
2.154431816755844977e+02 1.388037837857728505e+02
2.153695918719783151e+02 1.388714689561794557e+02
2.152957234580735530e+02 1.389388499543537421e+02
2.152215776911098430e+02 1.390059256334716906e+02
2.151471558330474920e+02 1.390726948519059079e+02
2.150724591505457965e+02 1.391391564732448956e+02
2.149974889149415844e+02 1.392053093663125196e+02
2.149222464022275574e+02 1.392711524051871663e+02
2.148467328930305769e+02 1.393366844692209270e+02
2.147709496725898362e+02 1.394019044430586973e+02
2.146948980307350610e+02 1.394668112166571632e+02
2.146185792618644257e+02 1.395314036853035873e+02
2.145419946649226972e+02 1.395956807496348233e+02
2.144651455433789806e+02 1.396596413156558469e+02
2.143880332052046072e+02 1.397232842947583720e+02
2.143106589628507948e+02 1.397866086037395803e+02
2.142330241332264791e+02 1.398496131648202550e+02
2.141551300376756899e+02 1.399122969056634247e+02
2.140769780019551831e+02 1.399746587593923550e+02
2.139985693562118740e+02 1.400366976646089370e+02
2.139199054349602136e+02 1.400984125654115644e+02
2.138409875770593374e+02 1.401598024114132102e+02
2.137618171256904702e+02 1.402208661577593034e+02
2.136823954283339617e+02 1.402816027651454363e+02
2.136027238367462928e+02 1.403420111998350990e+02
2.135228037069372533e+02 1.404020904336773867e+02
2.134426363991466644e+02 1.404618394441242231e+02
2.133622232778213572e+02 1.405212572142480667e+02
2.132815657115918668e+02 1.405803427327589930e+02
2.132006650732492687e+02 1.406390949940220878e+02
2.131195227397215888e+02 1.406975129980743873e+02
2.130381400920506394e+02 1.407555957506420441e+02
2.129565185153682876e+02 1.408133422631570966e+02
2.128746593988729785e+02 1.408707515527745215e+02
2.127925641358061171e+02 1.409278226423887190e+02
2.127102341234283074e+02 1.409845545606502810e+02
2.126276707629955354e+02 1.410409463419825045e+02
2.125448754597354935e+02 1.410969970265977906e+02
2.124618496228233937e+02 1.411527056605140444e+02
2.123785946653582357e+02 1.412080712955708179e+02
2.122951120043385629e+02 1.412630929894455676e+02
2.122114030606385029e+02 1.413177698056695419e+02
2.121274692589834956e+02 1.413721008136438400e+02
2.120433120279260208e+02 1.414260850886552703e+02
2.119589327998213832e+02 1.414797217118919548e+02
2.118743330108032410e+02 1.415330097704590742e+02
2.117895141007591633e+02 1.415859483573943578e+02
2.117044775133062444e+02 1.416385365716836020e+02
2.116192246957663770e+02 1.416907735182758472e+02
2.115337570991417238e+02 1.417426583080987825e+02
2.114480761780899343e+02 1.417941900580738093e+02
2.113621833908995029e+02 1.418453678911309623e+02
2.112760801994648432e+02 1.418961909362240590e+02
2.111897680692614472e+02 1.419466583283453360e+02
2.111032484693209881e+02 1.419967692085402575e+02
2.110165228722061954e+02 1.420465227239221235e+02
2.109295927539859576e+02 1.420959180276865652e+02
2.108424595942100268e+02 1.421449542791259830e+02
2.107551248758839506e+02 1.421936306436438429e+02
2.106675900854438339e+02 1.422419462927688869e+02
2.105798567127309866e+02 1.422899004041692024e+02
2.104919262509665430e+02 1.423374921616663187e+02
2.104038001967261664e+02 1.423847207552489067e+02
2.103154800499144415e+02 1.424315853810867907e+02
2.102269673137394648e+02 1.424780852415444770e+02
2.101382634946871235e+02 1.425242195451947964e+02
2.100493701024956010e+02 1.425699875068323195e+02
2.099602886501295984e+02 1.426153883474867428e+02
2.098710206537545560e+02 1.426604212944362473e+02
2.097815676327109600e+02 1.427050855812204588e+02
2.096919311094883938e+02 1.427493804476536639e+02
2.096021126096995886e+02 1.427933051398376563e+02
2.095121136620545883e+02 1.428368589101745840e+02
2.094219357983346015e+02 1.428800410173796820e+02
2.093315805533660807e+02 1.429228507264938912e+02
2.092410494649943757e+02 1.429652873088963645e+02
2.091503440740577560e+02 1.430073500423168866e+02
2.090594659243611488e+02 1.430490382108481526e+02
2.089684165626497929e+02 1.430903511049579038e+02
2.088771975385829478e+02 1.431312880215010637e+02
2.087858104047075756e+02 1.431718482637317038e+02
2.086942567164317666e+02 1.432120311413148954e+02
2.086025380319984777e+02 1.432518359703384476e+02
2.085106559124588159e+02 1.432912620733245603e+02
2.084186119216456348e+02 1.433303087792412782e+02
2.083264076261467324e+02 1.433689754235140867e+02
2.082340445952783625e+02 1.434072613480370535e+02
2.081415244010584615e+02 1.434451659011841116e+02
2.080488486181798180e+02 1.434826884378201157e+02
2.079560188239834133e+02 1.435198283193118698e+02
2.078630365984314210e+02 1.435565849135388987e+02
2.077699035240804903e+02 1.435929575949043340e+02
2.076766211860546605e+02 1.436289457443455149e+02
2.075831911720183882e+02 1.436645487493444477e+02
2.074896150721496895e+02 1.436997660039383220e+02
2.073958944791128545e+02 1.437345969087298272e+02
2.073020309880315324e+02 1.437690408708972427e+02
2.072080261964613896e+02 1.438030973042047265e+02
2.071138817043631661e+02 1.438367656290120635e+02
2.070195991140751346e+02 1.438700452722846705e+02
2.069251800302861852e+02 1.439029356676033728e+02
2.068306260600081430e+02 1.439354362551739257e+02
2.067359388125487669e+02 1.439675464818366493e+02
2.066411198994840390e+02 1.439992658010757793e+02
2.065461709346310215e+02 1.440305936730288181e+02
2.064510935340201456e+02 1.440615295644956859e+02
2.063558893158678984e+02 1.440920729489477878e+02
2.062605599005491683e+02 1.441222233065369949e+02
2.061651069105697047e+02 1.441519801241045400e+02
2.060695319705384918e+02 1.441813428951896583e+02
2.059738367071400660e+02 1.442103111200382273e+02
2.058780227491069752e+02 1.442388843056114069e+02
2.057820917271918120e+02 1.442670619655937969e+02
2.056860452741397012e+02 1.442948436204019060e+02
2.055898850246603615e+02 1.443222287971922242e+02
2.054936126154003091e+02 1.443492170298693225e+02
2.053972296849150325e+02 1.443758078590936975e+02
2.053007378736411113e+02 1.444020008322897297e+02
2.052041388238682771e+02 1.444277955036532717e+02
2.051074341797114187e+02 1.444531914341591801e+02
2.050106255870826431e+02 1.444781881915690462e+02
2.049137146936633371e+02 1.445027853504382733e+02
2.048167031488759164e+02 1.445269824921234374e+02
2.047195926038560287e+02 1.445507792047893929e+02
2.046223847114241892e+02 1.445741750834163781e+02
2.045250811260578132e+02 1.445971697298066942e+02
2.044276835038629940e+02 1.446197627525917255e+02
2.043301935025463365e+02 1.446419537672383910e+02
2.042326127813867629e+02 1.446637423960558806e+02
2.041349430012072332e+02 1.446851282682019360e+02
2.040371858243464374e+02 1.447061110196891889e+02
2.039393429146306005e+02 1.447266902933914139e+02
2.038414159373451753e+02 1.447468657390495537e+02
2.037434065592063348e+02 1.447666370132777445e+02
2.036453164483327782e+02 1.447860037795690573e+02
2.035471472742172807e+02 1.448049657083013528e+02
2.034489007076982432e+02 1.448235224767427667e+02
2.033505784209312708e+02 1.448416737690572518e+02
2.032521820873608078e+02 1.448594192763100068e+02
2.031537133816914888e+02 1.448767586964726490e+02
2.030551739798597453e+02 1.448936917344284439e+02
2.029565655590052984e+02 1.449102181019771933e+02
2.028578897974424819e+02 1.449263375178403521e+02
2.027591483746318772e+02 1.449420497076655465e+02
2.026603429711515219e+02 1.449573544040314914e+02
2.025614752686684596e+02 1.449722513464523956e+02
2.024625469499100632e+02 1.449867402813824242e+02
2.023635596986353846e+02 1.450008209622200468e+02
2.022645151996065067e+02 1.450144931493122158e+02
2.021654151385598084e+02 1.450277566099584305e+02
2.020662612021774578e+02 1.450406111184147449e+02
2.019670550780585074e+02 1.450530564558974902e+02
2.018677984546901882e+02 1.450650924105871979e+02
2.017684930214193741e+02 1.450767187776320100e+02
2.016691404684235351e+02 1.450879353591512597e+02
2.015697424866822018e+02 1.450987419642388261e+02
2.014703007679480891e+02 1.451091384089664302e+02
2.013708170047183046e+02 1.451191245163866483e+02
2.012712928902055296e+02 1.451287001165360664e+02
2.011717301183093127e+02 1.451378650464380087e+02
2.010721303835870515e+02 1.451466191501054936e+02
2.009724953812252579e+02 1.451549622785437350e+02
2.008728268070107674e+02 1.451628942897527850e+02
2.007731263573017770e+02 1.451704150487298648e+02
2.006733957289989689e+02 1.451775244274717522e+02
2.005736366195166909e+02 1.451842223049768847e+02
2.004738507267540797e+02 1.451905085672474343e+02
2.003740397490660428e+02 1.451963831072912967e+02
2.002742053852344952e+02 1.452018458251238542e+02
2.001743493344393414e+02 1.452068966277696802e+02
2.000744732962296553e+02 1.452115354292641882e+02
1.999745789704946617e+02 1.452157621506549958e+02
1.998746680574348034e+02 1.452195767200033458e+02
1.997747422575328642e+02 1.452229790723853284e+02
1.996748032715250929e+02 1.452259691498929328e+02
1.995748528003719855e+02 1.452285469016350703e+02
1.994748925452296930e+02 1.452307122837383986e+02
1.993749242074207473e+02 1.452324652593481460e+02
1.992749494884053547e+02 1.452338057986287083e+02
1.991749700897522928e+02 1.452347338787641320e+02
1.990749877131099481e+02 1.452352494839584551e+02
1.989750040601774401e+02 1.452353526054360771e+02
1.988750208326755740e+02 1.452350432414419288e+02
1.987750397323179641e+02 1.452343213972413309e+02
1.986750624607819873e+02 1.452331870851201074e+02
1.985750907196798494e+02 1.452316403243842160e+02
1.984751262105296234e+02 1.452296811413594924e+02
1.983751706347263166e+02 1.452273095693912524e+02
1.982752256935129083e+02 1.452245256488436098e+02
1.981752930879513315e+02 1.452213294270988513e+02
1.980753745188935682e+02 1.452177209585566402e+02
1.979754716869527442e+02 1.452137003046331074e+02
1.978755862924741109e+02 1.452092675337597427e+02
1.977757200355061400e+02 1.452044227213822296e+02
1.976758746157715620e+02 1.451991659499592515e+02
1.975760517326384615e+02 1.451934973089610139e+02
1.974762530850914004e+02 1.451874168948677095e+02
1.973764803717023995e+02 1.451809248111679551e+02
1.972767352906020903e+02 1.451740211683569441e+02
1.971770195394508107e+02 1.451667060839345993e+02
1.970773348154097278e+02 1.451589796824035830e+02
1.969776828151118480e+02 1.451508420952672225e+02
1.968780652346333113e+02 1.451422934610271227e+02
1.967784837694644011e+02 1.451333339251810060e+02
1.966789401144806675e+02 1.451239636402200404e+02
1.965794359639142215e+02 1.451141827656263956e+02
1.964799730113247165e+02 1.451039914678704861e+02
1.963805529495706992e+02 1.450933899204081001e+02
1.962811774707806762e+02 1.450823783036774444e+02
1.961818482663243799e+02 1.450709568050961877e+02
1.960825670267838632e+02 1.450591256190580793e+02
1.959833354419249076e+02 1.450468849469297936e+02
1.958841552006681752e+02 1.450342349970474913e+02
1.957850279910604172e+02 1.450211759847131532e+02
1.956859555002457967e+02 1.450077081321910839e+02
1.955869394144371824e+02 1.449938316687039901e+02
1.954879814188874150e+02 1.449795468304291717e+02
1.953890831978606286e+02 1.449648538604943724e+02
1.952902464346036027e+02 1.449497530089738859e+02
1.951914728113171407e+02 1.449342445328840085e+02
1.950927640091273361e+02 1.449183286961788895e+02
1.949941217080570937e+02 1.449020057697458981e+02
1.948955475869974521e+02 1.448852760314010766e+02
1.947970433236789916e+02 1.448681397658844503e+02
1.946986105946433554e+02 1.448505972648550539e+02
1.946002510752146577e+02 1.448326488268860999e+02
1.945019664394710048e+02 1.448142947574598622e+02
1.944037583602159316e+02 1.447955353689623905e+02
1.943056285089500363e+02 1.447763709806783368e+02
1.942075785558424457e+02 1.447568019187853565e+02
1.941096101697024778e+02 1.447368285163487656e+02
1.940117250179510791e+02 1.447164511133156282e+02
1.939139247665926291e+02 1.446956700565091865e+02
1.938162110801864628e+02 1.446744856996227782e+02
1.937185856218186473e+02 1.446528984032140102e+02
1.936210500530735317e+02 1.446309085346984773e+02
1.935236060340055246e+02 1.446085164683434527e+02
1.934262552231109851e+02 1.445857225852617773e+02
1.933289992772997437e+02 1.445625272734050668e+02
1.932318398518670790e+02 1.445389309275573737e+02
1.931347786004655234e+02 1.445149339493281957e+02
1.930378171750766114e+02 1.444905367471459385e+02
1.929409572259829417e+02 1.444657397362507254e+02
1.928442004017398688e+02 1.444405433386874620e+02
1.927475483491476780e+02 1.444149479832985890e+02
1.926510027132233631e+02 1.443889541057168344e+02
1.925545651371727160e+02 1.443625621483577106e+02
1.924582372623623883e+02 1.443357725604120674e+02
1.923620207282918955e+02 1.443085857978385036e+02
1.922659171725657643e+02 1.442810023233554091e+02
1.921699282308655370e+02 1.442530226064332908e+02
1.920740555369221454e+02 1.442246471232866440e+02
1.919783007224879441e+02 1.441958763568659379e+02
1.918826654173089139e+02 1.441667107968493156e+02
1.917871512490970645e+02 1.441371509396343527e+02
1.916917598435026378e+02 1.441071972883295587e+02
1.915964928240864822e+02 1.440768503527457653e+02
1.915013518122923131e+02 1.440461106493875434e+02
1.914063384274192856e+02 1.440149787014443348e+02
1.913114542865942838e+02 1.439834550387816137e+02
1.912167010047445217e+02 1.439515401979318199e+02
1.911220801945699463e+02 1.439192347220852639e+02
1.910275934665158388e+02 1.438865391610807762e+02
1.909332424287454160e+02 1.438534540713965555e+02
1.908390286871124601e+02 1.438199800161405051e+02
1.907449538451339492e+02 1.437861175650407120e+02
1.906510195039628002e+02 1.437518672944357547e+02
1.905572272623606125e+02 1.437172297872649551e+02
1.904635787166704688e+02 1.436822056330583450e+02
1.903700754607897068e+02 1.436467954279266905e+02
1.902767190861428617e+02 1.436109997745513454e+02
1.901835111816545520e+02 1.435748192821740190e+02
1.900904533337224507e+02 1.435382545665862892e+02
1.899975471261901987e+02 1.435013062501193133e+02
1.899047941403205755e+02 1.434639749616330846e+02
1.898121959547685833e+02 1.434262613365057746e+02
1.897197541455543899e+02 1.433881660166229324e+02
1.896274702860367540e+02 1.433496896503665425e+02
1.895353459468860819e+02 1.433108328926039690e+02
1.894433826960577392e+02 1.432715964046768988e+02
1.893515820987653910e+02 1.432319808543899455e+02
1.892599457174543431e+02 1.431919869159994221e+02
1.891684751117749386e+02 1.431516152702017735e+02
1.890771718385559836e+02 1.431108666041220374e+02
1.889860374517784010e+02 1.430697416113021063e+02
1.888950735025485130e+02 1.430282409916890174e+02
1.888042815390718943e+02 1.429863654516228735e+02
1.887136631066269388e+02 1.429441157038249628e+02
1.886232197475384851e+02 1.429014924673856513e+02
1.885329530011516113e+02 1.428584964677519338e+02
1.884428644038055438e+02 1.428151284367154119e+02
1.883529554888073392e+02 1.427713891123995040e+02
1.882632277864058494e+02 1.427272792392471104e+02
1.881736828237657733e+02 1.426827995680078516e+02
1.880843221249414796e+02 1.426379508557253075e+02
1.879951472108512291e+02 1.425927338657241421e+02
1.879061595992512252e+02 1.425471493675970862e+02
1.878173608047097503e+02 1.425011981371918921e+02
1.877287523385814723e+02 1.424548809565980321e+02
1.876403357089816666e+02 1.424081986141335108e+02
1.875521124207604657e+02 1.423611519043313365e+02
1.874640839754774504e+02 1.423137416279260776e+02
1.873762518713758993e+02 1.422659685918401919e+02
1.872886176033574088e+02 1.422178336091702704e+02
1.872011826629563984e+02 1.421693374991733094e+02
1.871139485383147019e+02 1.421204810872525854e+02
1.870269167141563287e+02 1.420712652049438134e+02
1.869400886717620551e+02 1.420216906899008222e+02
1.868534658889443563e+02 1.419717583858814010e+02
1.867670498400221959e+02 1.419214691427328887e+02
1.866808419957959018e+02 1.418708238163777082e+02
1.865948438235221261e+02 1.418198232687988707e+02
1.865090567868890048e+02 1.417684683680251680e+02
1.864234823459910615e+02 1.417167599881165643e+02
1.863381219573044802e+02 1.416646990091491602e+02
1.862529770736622652e+02 1.416122863172003576e+02
1.861680491442295136e+02 1.415595228043336533e+02
1.860833396144787741e+02 1.415064093685835758e+02
1.859988499261654908e+02 1.414529469139402522e+02
1.859145815173033043e+02 1.413991363503341745e+02
1.858305358221397512e+02 1.413449785936205956e+02
1.857467142711317649e+02 1.412904745655640966e+02
1.856631182909213749e+02 1.412356251938226421e+02
1.855797493043113491e+02 1.411804314119320622e+02
1.854966087302410642e+02 1.411248941592899655e+02
1.854136979837622903e+02 1.410690143811399082e+02
1.853310184760151458e+02 1.410127930285551656e+02
1.852485716142040530e+02 1.409562310584226168e+02
1.851663588015738640e+02 1.408993294334264590e+02
1.850843814373858720e+02 1.408420891220318367e+02
1.850026409168939949e+02 1.407845110984682719e+02
1.849211386313211278e+02 1.407265963427132363e+02
1.848398759678354111e+02 1.406683458404752400e+02
1.847588543095266118e+02 1.406097605831773478e+02
1.846780750353825624e+02 1.405508415679400684e+02
1.845975395202657978e+02 1.404915897975644725e+02
1.845172491348899655e+02 1.404320062805151395e+02
1.844372052457966902e+02 1.403720920309029339e+02
1.843574092153321828e+02 1.403118480684678673e+02
1.842778624016241622e+02 1.402512754185615904e+02
1.841985661585586342e+02 1.401903751121300274e+02
1.841195218357568706e+02 1.401291481856958114e+02
1.840407307785525290e+02 1.400675956813406344e+02
1.839621943279686604e+02 1.400057186466875692e+02
1.838839138206949144e+02 1.399435181348831634e+02
1.838058905890647452e+02 1.398809952045795058e+02
1.837281259610328448e+02 1.398181509199162917e+02
1.836506212601524624e+02 1.397549863505026906e+02
1.835733778055528376e+02 1.396915025713990133e+02
1.834963969119168610e+02 1.396277006630986079e+02
1.834196798894585925e+02 1.395635817115093289e+02
1.833432280439010356e+02 1.394991468079351762e+02
1.832670426764538831e+02 1.394343970490575373e+02
1.831911250837913485e+02 1.393693335369167414e+02
1.831154765580301671e+02 1.393039573788931307e+02
1.830400983867075411e+02 1.392382696876883017e+02
1.829649918527591694e+02 1.391722715813061200e+02
1.828901582344976191e+02 1.391059641830337341e+02
1.828155988055903265e+02 1.390393486214224481e+02
1.827413148350380823e+02 1.389724260302684797e+02
1.826673075871533456e+02 1.389051975485937191e+02
1.825935783215387573e+02 1.388376643206262315e+02
1.825201282930657953e+02 1.387698274957809872e+02
1.824469587518531455e+02 1.387016882286400801e+02
1.823740709432457834e+02 1.386332476789331452e+02
1.823014661077935159e+02 1.385645070115177475e+02
1.822291454812298923e+02 1.384954673963593734e+02
1.821571102944513711e+02 1.384261300085116204e+02
1.820853617734960892e+02 1.383564960280961600e+02
1.820139011395232274e+02 1.382865666402827003e+02
1.819427296087920922e+02 1.382163430352687783e+02
1.818718483926414535e+02 1.381458264082594098e+02
1.818012586974689384e+02 1.380750179594469955e+02
1.817309617247105109e+02 1.380039188939906296e+02
1.816609586708199515e+02 1.379325304219957502e+02
1.815912507272485925e+02 1.378608537584934481e+02
1.815218390804249680e+02 1.377888901234198897e+02
1.814527249117346628e+02 1.377166407415954268e+02
1.813839093975001617e+02 1.376441068427038772e+02
1.813153937089608689e+02 1.375712896612715213e+02
1.812471790122531274e+02 1.374981904366460697e+02
1.811792664683904945e+02 1.374248104129756598e+02
1.811116572332437613e+02 1.373511508391875680e+02
1.810443524575214838e+02 1.372772129689670919e+02
1.809773532867503150e+02 1.372029980607360073e+02
1.809106608612555078e+02 1.371285073776314221e+02
1.808442763161415030e+02 1.370537421874840334e+02
1.807782007812726306e+02 1.369787037627966697e+02
1.807124353812538970e+02 1.369033933807225765e+02
1.806469812354117437e+02 1.368278123230437870e+02
1.805818394577751747e+02 1.367519618761491813e+02
1.805170111570565439e+02 1.366758433310126293e+02
1.804524974366329957e+02 1.365994579831710496e+02
1.803882993945273654e+02 1.365228071327023542e+02
1.803244181233897905e+02 1.364458920842032796e+02
1.802608547104788670e+02 1.363687141467672177e+02
1.801976102376432891e+02 1.362912746339619616e+02
1.801346857813033466e+02 1.362135748638072528e+02
1.800720824124327635e+02 1.361356161587524412e+02
1.800098011965402520e+02 1.360573998456540039e+02
1.799478431936514937e+02 1.359789272557527511e+02
1.798862094582911197e+02 1.359001997246515430e+02
1.798249010394647485e+02 1.358212185922920980e+02
1.797639189806410513e+02 1.357419852029325966e+02
1.797032643197341315e+02 1.356625009051245740e+02
1.796429380890857033e+02 1.355827670516900412e+02
1.795829413154476697e+02 1.355027849996983775e+02
1.795232750199645579e+02 1.354225561104433950e+02
1.794639402181560968e+02 1.353420817494200321e+02
1.794049379199001066e+02 1.352613632863011048e+02
1.793462691294151341e+02 1.351804020949141147e+02
1.792879348452434272e+02 1.350991995532178009e+02
1.792299360602339675e+02 1.350177570432786354e+02
1.791722737615254744e+02 1.349360759512473464e+02
1.791149489305297777e+02 1.348541576673353575e+02
1.790579625429149644e+02 1.347720035857910830e+02
1.790013155685887796e+02 1.346896151048762533e+02
1.789450089716821992e+02 1.346069936268419553e+02
1.788890437105329738e+02 1.345241405579050422e+02
1.788334207376693143e+02 1.344410573082239182e+02
1.787781409997936919e+02 1.343577452918746928e+02
1.787232054377667225e+02 1.342742059268271362e+02
1.786686149865911659e+02 1.341904406349204066e+02
1.786143705753959523e+02 1.341064508418390346e+02
1.785604731274204937e+02 1.340222379770884515e+02
1.785069235599987678e+02 1.339378034739708596e+02
1.784537227845439986e+02 1.338531487695606472e+02
1.784008717065328256e+02 1.337682753046801452e+02
1.783483712254900695e+02 1.336831845238748713e+02
1.782962222349734702e+02 1.335978778753891163e+02
1.782444256225583672e+02 1.335123568111412737e+02
1.781929822698225507e+02 1.334266227866989993e+02
1.781418930523314543e+02 1.333406772612545979e+02
1.780911588396230343e+02 1.332545216976000972e+02
1.780407804951931325e+02 1.331681575621023512e+02
1.779907588764806974e+02 1.330815863246781703e+02
1.779410948348531747e+02 1.329948094587691685e+02
1.778917892155921265e+02 1.329078284413167808e+02
1.778428428578787077e+02 1.328206447527371097e+02
1.777942565947794549e+02 1.327332598768956871e+02
1.777460312532321041e+02 1.326456753010822922e+02
1.776981676540315220e+02 1.325578925159855999e+02
1.776506666118156943e+02 1.324699130156677427e+02
1.776035289350519406e+02 1.323817382975389876e+02
1.775567554260230736e+02 1.322933698623322130e+02
1.775103468808137279e+02 1.322048092140773576e+02
1.774643040892969452e+02 1.321160578600758129e+02
1.774186278351205885e+02 1.320271173108747291e+02
1.773733188956940694e+02 1.319379890802414934e+02
1.773283780421751317e+02 1.318486746851376950e+02
1.772838060394566355e+02 1.317591756456935173e+02
1.772396036461536539e+02 1.316694934851817607e+02
1.771957716145905124e+02 1.315796297299919217e+02
1.771523106907879992e+02 1.314895859096043012e+02
1.771092216144506040e+02 1.313993635565638556e+02
1.770665051189539554e+02 1.313089642064541351e+02
1.770241619313324861e+02 1.312183893978713058e+02
1.769821927722667851e+02 1.311276406723976891e+02
1.769405983560715470e+02 1.310367195745757272e+02
1.768993793906833503e+02 1.309456276518816935e+02
1.768585365776486356e+02 1.308543664546992318e+02
1.768180706121116259e+02 1.307629375362930375e+02
1.767779821828027309e+02 1.306713424527824259e+02
1.767382719720265811e+02 1.305795827631148995e+02
1.766989406556506310e+02 1.304876600290394606e+02
1.766599889030935060e+02 1.303955758150801785e+02
1.766214173773136622e+02 1.303033316885095303e+02
1.765832267347980746e+02 1.302109292193216561e+02
1.765454176255511527e+02 1.301183699802057276e+02
1.765079906930835705e+02 1.300256555465190615e+02
1.764709465744013812e+02 1.299327874962605165e+02
1.764342858999950749e+02 1.298397674100433505e+02
1.763980092938290625e+02 1.297465968710686184e+02
1.763621173733307614e+02 1.296532774650979718e+02
1.763266107493803645e+02 1.295598107804268295e+02
1.762914900263002664e+02 1.294661984078572914e+02
1.762567558018448608e+02 1.293724419406710524e+02
1.762224086671902796e+02 1.292785429746022601e+02
1.761884492069244175e+02 1.291845031078104284e+02
1.761548779990370406e+02 1.290903239408532386e+02
1.761216956149097257e+02 1.289960070766592253e+02
1.760889026193063387e+02 1.289015541205004638e+02
1.760564995703633997e+02 1.288069666799654271e+02
1.760244870195804481e+02 1.287122463649314454e+02
1.759928655118108338e+02 1.286173947875373642e+02
1.759616355852522815e+02 1.285224135621561743e+02
1.759307977714378524e+02 1.284273043053673575e+02
1.759003525952268774e+02 1.283320686359296587e+02
1.758703005747959196e+02 1.282367081747532040e+02
1.758406422216301337e+02 1.281412245448721308e+02
1.758113780405143700e+02 1.280456193714169899e+02
1.757825085295247334e+02 1.279498942815868361e+02
1.757540341800200281e+02 1.278540509046218574e+02
1.757259554766333736e+02 1.277580908717753942e+02
1.756982728972641041e+02 1.276620158162862992e+02
1.756709869130694130e+02 1.275658273733511265e+02
1.756440979884565081e+02 1.274695271800962217e+02
1.756176065810746252e+02 1.273731168755499965e+02
1.755915131418072406e+02 1.272765981006149190e+02
1.755658181147645109e+02 1.271799724980396178e+02
1.755405219372754857e+02 1.270832417123909153e+02
1.755156250398809163e+02 1.269864073900259029e+02
1.754911278463257247e+02 1.268894711790638183e+02
1.754670307735519259e+02 1.267924347293580354e+02
1.754433342316914661e+02 1.266952996924680122e+02
1.754200386240592593e+02 1.265980677216311676e+02
1.753971443471463658e+02 1.265007404717347441e+02
1.753746517906131146e+02 1.264033195992875704e+02
1.753525613372826228e+02 1.263058067623919953e+02
1.753308733631342022e+02 1.262082036207155937e+02
1.753095882372969641e+02 1.261105118354628871e+02
1.752887063220435380e+02 1.260127330693471492e+02
1.752682279727839045e+02 1.259148689865620412e+02
1.752481535380594266e+02 1.258169212527533318e+02
1.752284833595367672e+02 1.257188915349905329e+02
1.752092177720021766e+02 1.256207815017384917e+02
1.751903571033557796e+02 1.255225928228290542e+02
1.751719016746059765e+02 1.254243271694326154e+02
1.751538517998639577e+02 1.253259862140296548e+02
1.751362077863384741e+02 1.252275716303823145e+02
1.751189699343304369e+02 1.251290850935058643e+02
1.751021385372279440e+02 1.250305282796402224e+02
1.750857138815011922e+02 1.249319028662214350e+02
1.750696962466976743e+02 1.248332105318531120e+02
1.750540859054373755e+02 1.247344529562778348e+02
1.750388831234081692e+02 1.246356318203486211e+02
1.750240881593612698e+02 1.245367488060002472e+02
1.750097012651067985e+02 1.244378055962206986e+02
1.749957226855095769e+02 1.243388038750224780e+02
1.749821526584848925e+02 1.242397453274139139e+02
1.749689914149944627e+02 1.241406316393705680e+02
1.749562391790425409e+02 1.240414644978064587e+02
1.749438961676721078e+02 1.239422455905454115e+02
1.749319625909610068e+02 1.238429766062922681e+02
1.749204386520186745e+02 1.237436592346042232e+02
1.749093245469824183e+02 1.236442951658619904e+02
1.748986204650141758e+02 1.235448860912410822e+02
1.748883265882973888e+02 1.234454337026830046e+02
1.748784430920336490e+02 1.233459396928664518e+02
1.748689701444400555e+02 1.232464057551785572e+02
1.748599079067460309e+02 1.231468335836860035e+02
1.748512565331907922e+02 1.230472248731061597e+02
1.748430161710206221e+02 1.229475813187783757e+02
1.748351869604864532e+02 1.228479046166350059e+02
1.748277690348413103e+02 1.227481964631725475e+02
1.748207625203382634e+02 1.226484585554228630e+02
1.748141675362281262e+02 1.225486925909241620e+02
1.748079841947574096e+02 1.224489002676922382e+02
1.748022126011666160e+02 1.223490832841914795e+02
1.747968528536881081e+02 1.222492433393059912e+02
1.747919050435448298e+02 1.221493821323107056e+02
1.747873692549484304e+02 1.220495013628424346e+02
1.747832455650979568e+02 1.219496027308708790e+02
1.747795340441786038e+02 1.218496879366698664e+02
1.747762347553604343e+02 1.217497586807881902e+02
1.747733477547972711e+02 1.216498166640208893e+02
1.747708730916258730e+02 1.215498635873801163e+02
1.747688108079649680e+02 1.214499011520662890e+02
1.747671609389146283e+02 1.213499310594391147e+02
1.747659235125555597e+02 1.212499550109886286e+02
1.747650985499487888e+02 1.211499747083062175e+02
1.747646860651351801e+02 1.210499918530556869e+02
1.747646860651351801e+02 1.209500081469443131e+02
1.747650985499487888e+02 1.208500252916937967e+02
1.747659235125555597e+02 1.207500449890113714e+02
1.747671609389146283e+02 1.206500689405608853e+02
1.747688108079649680e+02 1.205500988479337252e+02
1.747708730916258730e+02 1.204501364126198979e+02
1.747733477547972711e+02 1.203501833359791249e+02
1.747762347553604343e+02 1.202502413192118098e+02
1.747795340441786038e+02 1.201503120633301620e+02
1.747832455650979568e+02 1.200503972691291210e+02
1.747873692549484304e+02 1.199504986371575797e+02
1.747919050435448298e+02 1.198506178676892802e+02
1.747968528536881081e+02 1.197507566606940088e+02
1.748022126011666160e+02 1.196509167158085347e+02
1.748079841947574096e+02 1.195510997323077618e+02
1.748141675362281262e+02 1.194513074090758522e+02
1.748207625203382634e+02 1.193515414445771512e+02
1.748277690348413103e+02 1.192518035368274525e+02
1.748351869604864532e+02 1.191520953833649941e+02
1.748430161710206221e+02 1.190524186812216243e+02
1.748512565331907922e+02 1.189527751268938260e+02
1.748599079067460309e+02 1.188531664163140107e+02
1.748689701444400555e+02 1.187535942448214428e+02
1.748784430920336490e+02 1.186540603071335482e+02
1.748883265882973603e+02 1.185545662973170238e+02
1.748986204650141758e+02 1.184551139087589178e+02
1.749093245469824183e+02 1.183557048341380096e+02
1.749204386520186745e+02 1.182563407653957768e+02
1.749319625909610068e+02 1.181570233937077319e+02
1.749438961676721078e+02 1.180577544094546028e+02
1.749562391790425409e+02 1.179585355021935555e+02
1.749689914149944627e+02 1.178593683606294462e+02
1.749821526584848925e+02 1.177602546725860861e+02
1.749957226855095769e+02 1.176611961249775362e+02
1.750097012651067985e+02 1.175621944037793014e+02
1.750240881593612698e+02 1.174632511939997528e+02
1.750388831234081692e+02 1.173643681796513789e+02
1.750540859054373755e+02 1.172655470437221652e+02
1.750696962466976743e+02 1.171667894681468880e+02
1.750857138815011922e+02 1.170680971337785650e+02
1.751021385372279440e+02 1.169694717203597918e+02
1.751189699343304369e+02 1.168709149064941499e+02
1.751362077863384741e+02 1.167724283696176997e+02
1.751538517998639861e+02 1.166740137859703310e+02
1.751719016746059765e+02 1.165756728305673846e+02
1.751903571033557796e+02 1.164774071771709458e+02
1.752092177720021766e+02 1.163792184982615225e+02
1.752284833595367672e+02 1.162811084650094813e+02
1.752481535380594266e+02 1.161830787472466682e+02
1.752682279727839045e+02 1.160851310134379730e+02
1.752887063220435095e+02 1.159872669306528650e+02
1.753095882372969641e+02 1.158894881645371271e+02
1.753308733631342022e+02 1.157917963792844063e+02
1.753525613372826228e+02 1.156941932376080047e+02
1.753746517906131146e+02 1.155966804007124153e+02
1.753971443471463658e+02 1.154992595282652559e+02
1.754200386240592593e+02 1.154019322783688324e+02
1.754433342316914661e+02 1.153047003075319878e+02
1.754670307735519259e+02 1.152075652706419788e+02
1.754911278463257247e+02 1.151105288209361817e+02
1.755156250398809163e+02 1.150135926099740971e+02
1.755405219372754857e+02 1.149167582876090705e+02
1.755658181147645109e+02 1.148200275019603964e+02
1.755915131418072406e+02 1.147234018993850810e+02
1.756176065810746252e+02 1.146268831244500035e+02
1.756440979884565081e+02 1.145304728199037925e+02
1.756709869130694130e+02 1.144341726266488877e+02
1.756982728972641041e+02 1.143379841837137008e+02
1.757259554766333736e+02 1.142419091282246058e+02
1.757540341800200281e+02 1.141459490953781568e+02
1.757825085295247334e+02 1.140501057184131497e+02
1.758113780405143700e+02 1.139543806285830243e+02
1.758406422216301337e+02 1.138587754551278550e+02
1.758703005747959196e+02 1.137632918252468102e+02
1.759003525952268774e+02 1.136679313640703555e+02
1.759307977714378524e+02 1.135726956946326425e+02
1.759616355852522815e+02 1.134775864378438541e+02
1.759928655118108338e+02 1.133826052124626358e+02
1.760244870195804481e+02 1.132877536350685688e+02
1.760564995703633997e+02 1.131930333200345729e+02
1.760889026193063387e+02 1.130984458794995362e+02
1.761216956149097257e+02 1.130039929233407889e+02
1.761548779990370406e+02 1.129096760591467614e+02
1.761884492069244175e+02 1.128154968921895858e+02
1.762224086671902796e+02 1.127214570253977541e+02
1.762567558018448608e+02 1.126275580593289760e+02
1.762914900263002664e+02 1.125338015921427086e+02
1.763266107493803645e+02 1.124401892195731705e+02
1.763621173733307614e+02 1.123467225349020140e+02
1.763980092938290625e+02 1.122534031289313816e+02
1.764342858999950749e+02 1.121602325899566495e+02
1.764709465744013812e+02 1.120672125037394977e+02
1.765079906930835705e+02 1.119743444534809385e+02
1.765454176255511527e+02 1.118816300197942866e+02
1.765832267347980746e+02 1.117890707806783439e+02
1.766214173773136622e+02 1.116966683114904697e+02
1.766599889030935060e+02 1.116044241849198215e+02
1.766989406556506310e+02 1.115123399709605394e+02
1.767382719720265811e+02 1.114204172368851147e+02
1.767779821828027025e+02 1.113286575472175741e+02
1.768180706121116259e+02 1.112370624637069625e+02
1.768585365776486356e+02 1.111456335453007682e+02
1.768993793906833503e+02 1.110543723481183065e+02
1.769405983560715470e+02 1.109632804254242728e+02
1.769821927722667851e+02 1.108723593276023109e+02
1.770241619313324577e+02 1.107816106021287226e+02
1.770665051189539554e+02 1.106910357935458507e+02
1.771092216144505755e+02 1.106006364434361586e+02
1.771523106907879992e+02 1.105104140903957131e+02
1.771957716145905124e+02 1.104203702700080783e+02
1.772396036461536539e+02 1.103305065148182535e+02
1.772838060394566355e+02 1.102408243543064685e+02
1.773283780421751317e+02 1.101513253148623050e+02
1.773733188956940694e+02 1.100620109197585066e+02
1.774186278351205885e+02 1.099728826891252709e+02
1.774643040892969452e+02 1.098839421399241871e+02
1.775103468808137279e+02 1.097951907859226424e+02
1.775567554260230452e+02 1.097066301376677870e+02
1.776035289350519406e+02 1.096182617024610124e+02
1.776506666118156943e+02 1.095300869843322573e+02
1.776981676540315220e+02 1.094421074840144001e+02
1.777460312532321041e+02 1.093543246989177078e+02
1.777942565947794549e+02 1.092667401231043129e+02
1.778428428578787077e+02 1.091793552472629045e+02
1.778917892155921265e+02 1.090921715586832192e+02
1.779410948348531747e+02 1.090051905412308457e+02
1.779907588764806974e+02 1.089184136753218439e+02
1.780407804951931325e+02 1.088318424378976488e+02
1.780911588396230343e+02 1.087454783023999170e+02
1.781418930523314543e+02 1.086593227387454021e+02
1.781929822698225507e+02 1.085733772133010007e+02
1.782444256225583672e+02 1.084876431888587263e+02
1.782962222349734702e+02 1.084021221246108837e+02
1.783483712254900695e+02 1.083168154761251429e+02
1.784008717065327971e+02 1.082317246953198691e+02
1.784537227845439986e+02 1.081468512304393528e+02
1.785069235599987678e+02 1.080621965260291546e+02
1.785604731274204653e+02 1.079777620229115485e+02
1.786143705753959523e+02 1.078935491581609654e+02
1.786686149865911659e+02 1.078095593650795934e+02
1.787232054377667225e+02 1.077257940731728638e+02
1.787781409997936919e+02 1.076422547081253072e+02
1.788334207376693143e+02 1.075589426917761102e+02
1.788890437105329738e+02 1.074758594420949720e+02
1.789450089716821992e+02 1.073930063731580447e+02
1.790013155685887796e+02 1.073103848951237609e+02
1.790579625429149644e+02 1.072279964142089170e+02
1.791149489305298061e+02 1.071458423326646425e+02
1.791722737615254744e+02 1.070639240487526678e+02
1.792299360602339675e+02 1.069822429567213646e+02
1.792879348452434272e+02 1.069008004467821991e+02
1.793462691294151341e+02 1.068195979050858853e+02
1.794049379199001066e+02 1.067386367136988952e+02
1.794639402181560968e+02 1.066579182505799963e+02
1.795232750199645295e+02 1.065774438895566050e+02
1.795829413154476697e+02 1.064972150003016225e+02
1.796429380890857033e+02 1.064172329483099588e+02
1.797032643197341315e+02 1.063374990948754260e+02
1.797639189806410513e+02 1.062580147970674034e+02
1.798249010394647485e+02 1.061787814077079020e+02
1.798862094582911197e+02 1.060998002753484855e+02
1.799478431936514653e+02 1.060210727442472347e+02
1.800098011965402236e+02 1.059426001543460245e+02
1.800720824124327635e+02 1.058643838412475446e+02
1.801346857813033466e+02 1.057864251361927614e+02
1.801976102376432891e+02 1.057087253660380384e+02
1.802608547104788670e+02 1.056312858532327823e+02
1.803244181233897905e+02 1.055541079157967204e+02
1.803882993945273654e+02 1.054771928672976458e+02
1.804524974366329673e+02 1.054005420168289504e+02
1.805170111570565439e+02 1.053241566689873707e+02
1.805818394577751462e+02 1.052480381238508187e+02
1.806469812354117721e+02 1.051721876769561987e+02
1.807124353812538970e+02 1.050966066192774235e+02
1.807782007812726306e+02 1.050212962372033303e+02
1.808442763161415030e+02 1.049462578125159666e+02
1.809106608612554794e+02 1.048714926223685779e+02
1.809773532867503150e+02 1.047970019392639927e+02
1.810443524575214553e+02 1.047227870310329365e+02
1.811116572332437613e+02 1.046488491608124320e+02
1.811792664683904945e+02 1.045751895870243544e+02
1.812471790122531274e+02 1.045018095633539303e+02
1.813153937089608689e+02 1.044287103387284787e+02
1.813839093975001617e+02 1.043558931572961086e+02
1.814527249117346628e+02 1.042833592584045732e+02
1.815218390804249680e+02 1.042111098765801245e+02
1.815912507272485925e+02 1.041391462415065519e+02
1.816609586708199515e+02 1.040674695780042498e+02
1.817309617247105109e+02 1.039960811060093704e+02
1.818012586974689384e+02 1.039249820405530045e+02
1.818718483926414535e+02 1.038541735917405759e+02
1.819427296087920922e+02 1.037836569647312359e+02
1.820139011395232274e+02 1.037134333597172855e+02
1.820853617734960892e+02 1.036435039719038400e+02
1.821571102944513711e+02 1.035738699914883938e+02
1.822291454812298923e+02 1.035045326036406266e+02
1.823014661077934875e+02 1.034354929884822525e+02
1.823740709432457834e+02 1.033667523210668548e+02
1.824469587518531455e+02 1.032983117713599341e+02
1.825201282930657669e+02 1.032301725042190128e+02
1.825935783215387573e+02 1.031623356793737543e+02
1.826673075871533456e+02 1.030948024514062809e+02
1.827413148350380823e+02 1.030275739697315203e+02
1.828155988055903265e+02 1.029606513785775519e+02
1.828901582344976191e+02 1.028940358169662659e+02
1.829649918527591694e+02 1.028277284186938942e+02
1.830400983867075126e+02 1.027617303123117125e+02
1.831154765580301671e+02 1.026960426211068693e+02
1.831911250837913485e+02 1.026306664630832586e+02
1.832670426764538547e+02 1.025656029509424627e+02
1.833432280439010356e+02 1.025008531920648238e+02
1.834196798894585640e+02 1.024364182884906711e+02
1.834963969119168610e+02 1.023722993369014063e+02
1.835733778055528376e+02 1.023084974286009867e+02
1.836506212601524624e+02 1.022450136494973378e+02
1.837281259610328732e+02 1.021818490800836940e+02
1.838058905890647452e+02 1.021190047954204942e+02
1.838839138206949144e+02 1.020564818651168508e+02
1.839621943279686604e+02 1.019942813533124308e+02
1.840407307785525290e+02 1.019324043186593798e+02
1.841195218357568706e+02 1.018708518143042170e+02
1.841985661585586058e+02 1.018096248878699868e+02
1.842778624016241622e+02 1.017487245814384096e+02
1.843574092153321828e+02 1.016881519315321327e+02
1.844372052457966902e+02 1.016279079690970519e+02
1.845172491348899371e+02 1.015679937194848748e+02
1.845975395202657978e+02 1.015084102024355275e+02
1.846780750353825624e+02 1.014491584320599316e+02
1.847588543095265834e+02 1.013902394168226522e+02
1.848398759678354111e+02 1.013316541595247458e+02
1.849211386313210994e+02 1.012734036572867780e+02
1.850026409168939665e+02 1.012154889015317281e+02
1.850843814373858436e+02 1.011579108779681633e+02
1.851663588015738924e+02 1.011006705665735410e+02
1.852485716142040815e+02 1.010437689415773832e+02
1.853310184760151458e+02 1.009872069714448486e+02
1.854136979837622619e+02 1.009309856188601060e+02
1.854966087302410642e+02 1.008751058407100345e+02
1.855797493043113491e+02 1.008195685880679520e+02
1.856631182909213749e+02 1.007643748061773721e+02
1.857467142711317649e+02 1.007095254344359034e+02
1.858305358221397228e+02 1.006550214063794044e+02
1.859145815173032759e+02 1.006008636496658397e+02
1.859988499261654624e+02 1.005470530860597478e+02
1.860833396144787741e+02 1.004935906314164242e+02
1.861680491442295136e+02 1.004404771956663325e+02
1.862529770736622368e+02 1.003877136827996424e+02
1.863381219573044802e+02 1.003353009908508398e+02
1.864234823459910615e+02 1.002832400118834499e+02
1.865090567868890048e+02 1.002315316319748320e+02
1.865948438235221261e+02 1.001801767312011577e+02
1.866808419957959018e+02 1.001291761836222918e+02
1.867670498400221959e+02 1.000785308572671255e+02
1.868534658889443563e+02 1.000282416141185990e+02
1.869400886717620551e+02 9.997830931009917776e+01
1.870269167141563003e+02 9.992873479505620082e+01
1.871139485383147019e+02 9.987951891274741456e+01
1.872011826629563984e+02 9.983066250082670479e+01
1.872886176033574088e+02 9.978216639082972961e+01
1.873762518713758993e+02 9.973403140815982226e+01
1.874640839754774504e+02 9.968625837207392237e+01
1.875521124207604373e+02 9.963884809566866352e+01
1.876403357089816382e+02 9.959180138586648923e+01
1.877287523385814723e+02 9.954511904340196793e+01
1.878173608047097503e+02 9.949880186280812211e+01
1.879061595992512252e+02 9.945285063240291379e+01
1.879951472108512007e+02 9.940726613427588632e+01
1.880843221249414796e+02 9.936204914427469248e+01
1.881736828237657448e+02 9.931720043199216263e+01
1.882632277864058494e+02 9.927272076075290386e+01
1.883529554888073392e+02 9.922861088760049597e+01
1.884428644038055438e+02 9.918487156328460230e+01
1.885329530011516113e+02 9.914150353224805201e+01
1.886232197475384567e+02 9.909850753261436296e+01
1.887136631066269388e+02 9.905588429617503721e+01
1.888042815390718943e+02 9.901363454837714073e+01
1.888950735025485130e+02 9.897175900831098261e+01
1.889860374517783725e+02 9.893025838869789368e+01
1.890771718385560121e+02 9.888913339587796258e+01
1.891684751117749101e+02 9.884838472979822654e+01
1.892599457174543431e+02 9.880801308400059213e+01
1.893515820987653910e+02 9.876801914561005447e+01
1.894433826960577107e+02 9.872840359532311538e+01
1.895353459468860819e+02 9.868916710739603104e+01
1.896274702860367256e+02 9.865031034963345746e+01
1.897197541455543899e+02 9.861183398337706763e+01
1.898121959547685833e+02 9.857373866349421121e+01
1.899047941403206039e+02 9.853602503836690119e+01
1.899975471261901703e+02 9.849869374988068671e+01
1.900904533337224223e+02 9.846174543341371077e+01
1.901835111816545520e+02 9.842518071782599520e+01
1.902767190861428617e+02 9.838900022544865465e+01
1.903700754607897068e+02 9.835320457207330946e+01
1.904635787166704404e+02 9.831779436694165497e+01
1.905572272623606409e+02 9.828277021273503067e+01
1.906510195039628002e+02 9.824813270556424527e+01
1.907449538451339208e+02 9.821388243495930226e+01
1.908390286871124601e+02 9.818001998385949491e+01
1.909332424287453875e+02 9.814654592860344451e+01
1.910275934665158104e+02 9.811346083891922376e+01
1.911220801945699463e+02 9.808076527791475030e+01
1.912167010047445217e+02 9.804845980206818012e+01
1.913114542865942838e+02 9.801654496121838633e+01
1.914063384274192856e+02 9.798502129855566523e+01
1.915013518122923131e+02 9.795388935061247082e+01
1.915964928240864538e+02 9.792314964725423465e+01
1.916917598435026378e+02 9.789280271167044134e+01
1.917871512490970360e+02 9.786284906036564735e+01
1.918826654173089139e+02 9.783328920315068444e+01
1.919783007224879157e+02 9.780412364313407636e+01
1.920740555369221454e+02 9.777535287671335595e+01
1.921699282308655370e+02 9.774697739356670922e+01
1.922659171725657643e+02 9.771899767664457670e+01
1.923620207282919239e+02 9.769141420216149641e+01
1.924582372623623883e+02 9.766422743958791841e+01
1.925545651371727160e+02 9.763743785164230360e+01
1.926510027132233347e+02 9.761104589428316558e+01
1.927475483491476780e+02 9.758505201670139684e+01
1.928442004017398688e+02 9.755945666131253802e+01
1.929409572259829417e+02 9.753426026374926039e+01
1.930378171750766114e+02 9.750946325285406147e+01
1.931347786004655234e+02 9.748506605067180431e+01
1.932318398518670790e+02 9.746106907244264050e+01
1.933289992772997152e+02 9.743747272659491898e+01
1.934262552231109851e+02 9.741427741473822266e+01
1.935236060340055246e+02 9.739148353165653305e+01
1.936210500530735032e+02 9.736909146530153691e+01
1.937185856218186473e+02 9.734710159678597563e+01
1.938162110801864912e+02 9.732551430037720763e+01
1.939139247665926007e+02 9.730432994349082776e+01
1.940117250179510791e+02 9.728354888668437184e+01
1.941096101697024494e+02 9.726317148365123444e+01
1.942075785558424457e+02 9.724319808121462927e+01
1.943056285089500363e+02 9.722362901932166324e+01
1.944037583602159032e+02 9.720446463103760948e+01
1.945019664394710048e+02 9.718570524254013776e+01
1.946002510752146577e+02 9.716735117311390013e+01
1.946986105946433554e+02 9.714940273514496027e+01
1.947970433236789916e+02 9.713186023411556391e+01
1.948955475869974521e+02 9.711472396859892342e+01
1.949941217080570652e+02 9.709799423025411613e+01
1.950927640091273076e+02 9.708167130382111054e+01
1.951914728113171122e+02 9.706575546711597724e+01
1.952902464346036027e+02 9.705024699102611407e+01
1.953890831978606286e+02 9.703514613950561341e+01
1.954879814188873866e+02 9.702045316957084253e+01
1.955869394144372109e+02 9.700616833129599570e+01
1.956859555002457967e+02 9.699229186780891609e+01
1.957850279910604172e+02 9.697882401528684682e+01
1.958841552006681752e+02 9.696576500295250867e+01
1.959833354419249076e+02 9.695311505307020639e+01
1.960825670267838348e+02 9.694087438094193487e+01
1.961818482663243515e+02 9.692904319490381226e+01
1.962811774707806762e+02 9.691762169632254142e+01
1.963805529495706992e+02 9.690661007959189988e+01
1.964799730113247165e+02 9.689600853212951392e+01
1.965794359639141931e+02 9.688581723437360438e+01
1.966789401144806675e+02 9.687603635977995964e+01
1.967784837694644011e+02 9.686666607481899405e+01
1.968780652346333113e+02 9.685770653897286309e+01
1.969776828151118480e+02 9.684915790473277752e+01
1.970773348154096993e+02 9.684102031759640283e+01
1.971770195394508107e+02 9.683329391606541492e+01
1.972767352906020903e+02 9.682597883164307007e+01
1.973764803717023995e+02 9.681907518883204489e+01
1.974762530850914004e+02 9.681258310513229048e+01
1.975760517326384615e+02 9.680650269103900030e+01
1.976758746157715336e+02 9.680083405004074848e+01
1.977757200355061400e+02 9.679557727861777039e+01
1.978755862924741109e+02 9.679073246624025728e+01
1.979754716869527442e+02 9.678629969536689259e+01
1.980753745188935682e+02 9.678227904144334559e+01
1.981752930879513031e+02 9.677867057290114872e+01
1.982752256935129083e+02 9.677547435115640440e+01
1.983751706347263166e+02 9.677269043060874765e+01
1.984751262105295950e+02 9.677031885864049343e+01
1.985750907196798494e+02 9.676835967561578400e+01
1.986750624607819589e+02 9.676681291487989256e+01
1.987750397323179641e+02 9.676567860275865485e+01
1.988750208326755740e+02 9.676495675855807121e+01
1.989750040601774401e+02 9.676464739456392294e+01
1.990749877131099481e+02 9.676475051604155908e+01
1.991749700897522928e+02 9.676526612123588222e+01
1.992749494884053547e+02 9.676619420137127747e+01
1.993749242074207473e+02 9.676753474065185401e+01
1.994748925452296930e+02 9.676928771626160142e+01
1.995748528003719571e+02 9.677145309836494391e+01
1.996748032715250929e+02 9.677403085010706718e+01
1.997747422575328642e+02 9.677702092761465735e+01
1.998746680574347749e+02 9.678042327999663996e+01
1.999745789704946617e+02 9.678423784934500418e+01
2.000744732962296553e+02 9.678846457073581178e+01
2.001743493344393698e+02 9.679310337223031979e+01
2.002742053852344668e+02 9.679815417487614582e+01
2.003740397490660428e+02 9.680361689270870329e+01
2.004738507267540797e+02 9.680949143275256574e+01
2.005736366195166909e+02 9.681577769502311526e+01
2.006733957289989405e+02 9.682247557252824777e+01
2.007731263573017770e+02 9.682958495127013521e+01
2.008728268070107674e+02 9.683710571024722924e+01
2.009724953812252579e+02 9.684503772145626499e+01
2.010721303835870515e+02 9.685338084989452057e+01
2.011717301183092843e+02 9.686213495356199132e+01
2.012712928902055580e+02 9.687129988346394782e+01
2.013708170047182762e+02 9.688087548361335166e+01
2.014703007679480891e+02 9.689086159103356977e+01
2.015697424866822018e+02 9.690125803576117391e+01
2.016691404684235351e+02 9.691206464084874028e+01
2.017684930214193457e+02 9.692328122236799004e+01
2.018677984546901882e+02 9.693490758941280205e+01
2.019670550780584790e+02 9.694694354410249559e+01
2.020662612021774578e+02 9.695938888158525515e+01
2.021654151385598084e+02 9.697224339004155524e+01
2.022645151996064783e+02 9.698550685068778421e+01
2.023635596986353846e+02 9.699917903777995321e+01
2.024625469499100632e+02 9.701325971861759001e+01
2.025614752686684596e+02 9.702774865354761857e+01
2.026603429711515219e+02 9.704264559596850859e+01
2.027591483746318488e+02 9.705795029233445348e+01
2.028578897974424819e+02 9.707366248215964788e+01
2.029565655590052700e+02 9.708978189802279246e+01
2.030551739798597453e+02 9.710630826557155615e+01
2.031537133816914888e+02 9.712324130352735096e+01
2.032521820873608078e+02 9.714058072368999319e+01
2.033505784209312708e+02 9.715832623094274823e+01
2.034489007076982432e+02 9.717647752325724753e+01
2.035471472742172807e+02 9.719503429169863296e+01
2.036453164483327498e+02 9.721399622043091426e+01
2.037434065592063348e+02 9.723336298672225553e+01
2.038414159373451469e+02 9.725313426095044633e+01
2.039393429146306005e+02 9.727330970660860032e+01
2.040371858243464374e+02 9.729388898031082533e+01
2.041349430012072332e+02 9.731487173179806405e+01
2.042326127813867913e+02 9.733625760394410520e+01
2.043301935025463649e+02 9.735804623276160896e+01
2.044276835038629656e+02 9.738023724740828868e+01
2.045250811260577848e+02 9.740283027019330575e+01
2.046223847114241892e+02 9.742582491658363608e+01
2.047195926038560287e+02 9.744922079521060709e+01
2.048167031488759449e+02 9.747301750787657681e+01
2.049137146936633087e+02 9.749721464956172667e+01
2.050106255870826431e+02 9.752181180843093955e+01
2.051074341797113902e+02 9.754680856584080573e+01
2.052041388238682487e+02 9.757220449634674253e+01
2.053007378736411113e+02 9.759799916771025607e+01
2.053972296849150041e+02 9.762419214090628827e+01
2.054936126154002807e+02 9.765078297013067754e+01
2.055898850246603615e+02 9.767777120280777581e+01
2.056860452741397012e+02 9.770515637959809396e+01
2.057820917271918120e+02 9.773293803440620309e+01
2.058780227491069752e+02 9.776111569438859306e+01
2.059738367071400660e+02 9.778968887996175852e+01
2.060695319705384634e+02 9.781865710481034171e+01
2.061651069105697047e+02 9.784801987589546002e+01
2.062605599005491399e+02 9.787777669346300513e+01
2.063558893158678984e+02 9.790792705105222637e+01
2.064510935340201456e+02 9.793847043550431408e+01
2.065461709346309931e+02 9.796940632697116769e+01
2.066411198994840390e+02 9.800073419892422066e+01
2.067359388125487669e+02 9.803245351816335074e+01
2.068306260600081714e+02 9.806456374482607430e+01
2.069251800302861568e+02 9.809706433239662715e+01
2.070195991140751346e+02 9.812995472771532945e+01
2.071138817043631377e+02 9.816323437098795068e+01
2.072080261964613896e+02 9.819690269579527353e+01
2.073020309880315040e+02 9.823095912910274308e+01
2.073958944791128829e+02 9.826540309127018702e+01
2.074896150721496895e+02 9.830023399606167800e+01
2.075831911720183882e+02 9.833545125065555226e+01
2.076766211860546605e+02 9.837105425565448513e+01
2.077699035240804903e+02 9.840704240509565182e+01
2.078630365984314494e+02 9.844341508646110128e+01
2.079560188239833849e+02 9.848017168068814442e+01
2.080488486181798180e+02 9.851731156217988428e+01
2.081415244010584331e+02 9.855483409881588841e+01
2.082340445952783625e+02 9.859273865196293229e+01
2.083264076261467039e+02 9.863102457648589905e+01
2.084186119216456348e+02 9.866969122075872178e+01
2.085106559124588159e+02 9.870873792667545388e+01
2.086025380319984777e+02 9.874816402966155238e+01
2.086942567164317666e+02 9.878796885868510458e+01
2.087858104047075471e+02 9.882815173626829619e+01
2.088771975385829762e+02 9.886871197849895054e+01
2.089684165626497929e+02 9.890964889504211044e+01
2.090594659243611488e+02 9.895096178915184737e+01
2.091503440740577560e+02 9.899264995768309916e+01
2.092410494649943473e+02 9.903471269110362130e+01
2.093315805533660523e+02 9.907714927350610878e+01
2.094219357983346015e+02 9.911995898262033222e+01
2.095121136620545599e+02 9.916314108982541597e+01
2.096021126096995886e+02 9.920669486016234373e+01
2.096919311094883938e+02 9.925061955234632194e+01
2.097815676327109600e+02 9.929491441877952695e+01
2.098710206537545560e+02 9.933957870556375269e+01
2.099602886501295700e+02 9.938461165251325724e+01
2.100493701024955726e+02 9.943001249316768053e+01
2.101382634946871235e+02 9.947578045480520359e+01
2.102269673137394363e+02 9.952191475845550883e+01
2.103154800499144415e+02 9.956841461891319511e+01
2.104038001967261664e+02 9.961527924475109330e+01
2.104919262509665430e+02 9.966250783833368132e+01
2.105798567127309866e+02 9.971009959583078341e+01
2.106675900854438339e+02 9.975805370723111309e+01
2.107551248758839506e+02 9.980636935635614293e+01
2.108424595942099984e+02 9.985504572087400277e+01
2.109295927539859576e+02 9.990408197231343479e+01
2.110165228722061954e+02 9.995347727607786226e+01
2.111032484693209881e+02 1.000032307914597425e+02
2.111897680692614472e+02 1.000533416716546498e+02
2.112760801994648148e+02 1.001038090637759410e+02
2.113621833908995029e+02 1.001546321088690235e+02
2.114480761780899343e+02 1.002058099419261907e+02
2.115337570991417238e+02 1.002573416919012033e+02
2.116192246957663770e+02 1.003092264817241386e+02
2.117044775133062444e+02 1.003614634283163980e+02
2.117895141007591633e+02 1.004140516426056422e+02
2.118743330108032410e+02 1.004669902295409258e+02
2.119589327998213832e+02 1.005202782881080310e+02
2.120433120279260493e+02 1.005739149113447297e+02
2.121274692589834956e+02 1.006278991863561458e+02
2.122114030606385029e+02 1.006822301943304581e+02
2.122951120043385629e+02 1.007369070105544324e+02
2.123785946653582073e+02 1.007919287044291536e+02
2.124618496228233937e+02 1.008472943394859556e+02
2.125448754597354650e+02 1.009030029734021952e+02
2.126276707629955354e+02 1.009590536580174955e+02
2.127102341234282790e+02 1.010154454393497190e+02
2.127925641358061171e+02 1.010721773576112810e+02
2.128746593988729501e+02 1.011292484472254642e+02
2.129565185153682592e+02 1.011866577368428892e+02
2.130381400920506394e+02 1.012444042493579559e+02
2.131195227397215888e+02 1.013024870019255985e+02
2.132006650732492687e+02 1.013609050059778980e+02
2.132815657115918668e+02 1.014196572672409786e+02
2.133622232778213572e+02 1.014787427857519475e+02
2.134426363991466360e+02 1.015381605558757769e+02
2.135228037069372249e+02 1.015979095663226133e+02
2.136027238367462928e+02 1.016579888001648868e+02
2.136823954283339333e+02 1.017183972348545637e+02
2.137618171256904702e+02 1.017791338422406966e+02
2.138409875770593374e+02 1.018401975885867756e+02
2.139199054349602136e+02 1.019015874345884356e+02
2.139985693562118740e+02 1.019633023353910630e+02
2.140769780019551831e+02 1.020253412406076450e+02
2.141551300376756615e+02 1.020877030943365753e+02
2.142330241332264791e+02 1.021503868351797450e+02
2.143106589628507948e+02 1.022133913962604197e+02
2.143880332052046072e+02 1.022767157052416138e+02
2.144651455433789806e+02 1.023403586843441673e+02
2.145419946649226972e+02 1.024043192503651625e+02
2.146185792618644541e+02 1.024685963146964127e+02
2.146948980307350325e+02 1.025331887833428368e+02
2.147709496725898362e+02 1.025980955569412885e+02
2.148467328930305769e+02 1.026633155307790588e+02
2.149222464022275574e+02 1.027288475948128337e+02
2.149974889149415844e+02 1.027946906336874662e+02
2.150724591505457965e+02 1.028608435267551044e+02
2.151471558330474920e+02 1.029273051480941064e+02
2.152215776911098430e+02 1.029940743665283094e+02
2.152957234580735530e+02 1.030611500456462721e+02
2.153695918719783151e+02 1.031285310438205158e+02
2.154431816755844977e+02 1.031962162142271779e+02
2.155164916163942621e+02 1.032642044048651968e+02
2.155895204466731911e+02 1.033324944585762779e+02
2.156622669234712077e+02 1.034010852130643485e+02
2.157347298086440048e+02 1.034699755009153819e+02
2.158069078688739921e+02 1.035391641496173776e+02
2.158787998756912145e+02 1.036086499815801716e+02
2.159504046054944411e+02 1.036784318141555445e+02
2.160217208395717989e+02 1.037485084596573870e+02
2.160927473641216920e+02 1.038188787253818646e+02
2.161634829702733214e+02 1.038895414136276685e+02
2.162339264541074044e+02 1.039604953217165786e+02
2.163040766166764399e+02 1.040317392420137281e+02
2.163739322640253420e+02 1.041032719619482521e+02
2.164434922072117047e+02 1.041750922640339638e+02
2.165127552623258964e+02 1.042471989258899612e+02
2.165817202505113812e+02 1.043195907202615871e+02
2.166503859979847562e+02 1.043922664150411777e+02
2.167187513360555897e+02 1.044652247732890658e+02
2.167868151011465159e+02 1.045384645532547125e+02
2.168545761348128735e+02 1.046119845083977395e+02
2.169220332837625449e+02 1.046857833874092165e+02
2.169891853998754527e+02 1.047598599342329351e+02
2.170560313402232566e+02 1.048342128880867392e+02
2.171225699670886513e+02 1.049088409834840832e+02
2.171888001479848640e+02 1.049837429502555040e+02
2.172547207556748390e+02 1.050589175135701794e+02
2.173203306681904508e+02 1.051343633939577984e+02
2.173856287688515749e+02 1.052100793073301901e+02
2.174506139462852161e+02 1.052860639650032084e+02
2.175152850944442662e+02 1.053623160737187305e+02
2.175796411126263479e+02 1.054388343356665416e+02
2.176436809054926584e+02 1.055156174485065890e+02
2.177074033830865574e+02 1.055926641053910089e+02
2.177708074608520690e+02 1.056699729949864093e+02
2.178338920596523565e+02 1.057475428014962375e+02
2.178966561057881961e+02 1.058253722046831484e+02
2.179590985310160818e+02 1.059034598798913720e+02
2.180212182725665286e+02 1.059818044980694793e+02
2.180830142731621493e+02 1.060604047257927931e+02
2.181444854810355878e+02 1.061392592252861391e+02
2.182056308499474540e+02 1.062183666544467684e+02
2.182664493392041720e+02 1.062977256668668957e+02
2.183269399136756022e+02 1.063773349118569342e+02
2.183871015438127756e+02 1.064571930344682755e+02
2.184469332056652888e+02 1.065372986755164391e+02
2.185064338808988111e+02 1.066176504716041364e+02
2.185656025568124505e+02 1.066982470551446056e+02
2.186244382263558919e+02 1.067790870543847461e+02
2.186829398881465636e+02 1.068601690934285244e+02
2.187411065464868045e+02 1.069414917922604076e+02
2.187989372113805473e+02 1.070230537667688111e+02
2.188564308985505420e+02 1.071048536287697601e+02
2.189135866294546702e+02 1.071868899860303088e+02
2.189704034313029695e+02 1.072691614422924857e+02
2.190268803370740329e+02 1.073516665972968553e+02
2.190830163855314368e+02 1.074344040468064634e+02
2.191388106212401681e+02 1.075173723826307111e+02
2.191942620945828821e+02 1.076005701926493145e+02
2.192493698617760174e+02 1.076839960608363356e+02
2.193041329848858823e+02 1.077676485672842688e+02
2.193585505318446849e+02 1.078515262882282713e+02
2.194126215764662220e+02 1.079356277960702784e+02
2.194663451984618519e+02 1.080199516594034890e+02
2.195197204834560978e+02 1.081044964430365098e+02
2.195727465230020243e+02 1.081892607080179403e+02
2.196254224145970113e+02 1.082742430116607721e+02
2.196777472616978173e+02 1.083594419075670032e+02
2.197297201737360979e+02 1.084448559456522645e+02
2.197813402661333839e+02 1.085304836721704191e+02
2.198326066603161451e+02 1.086163236297383605e+02
2.198835184837308816e+02 1.087023743573608385e+02
2.199340748698587902e+02 1.087886343904552575e+02
2.199842749582306851e+02 1.088751022608767016e+02
2.200341178944415788e+02 1.089617764969428322e+02
2.200836028301651197e+02 1.090486556234589699e+02
2.201327289231681732e+02 1.091357381617432054e+02
2.201814953373251171e+02 1.092230226296515525e+02
2.202299012426320246e+02 1.093105075416031724e+02
2.202779458152208747e+02 1.093981914086057401e+02
2.203256282373734791e+02 1.094860727382806544e+02
2.203729476975354657e+02 1.095741500348884756e+02
2.204199033903300915e+02 1.096624217993545329e+02
2.204664945165718564e+02 1.097508865292941493e+02
2.205127202832802880e+02 1.098395427190385050e+02
2.205585799036932428e+02 1.099283888596600747e+02
2.206040725972804353e+02 1.100174234389983923e+02
2.206491975897566533e+02 1.101066449416857580e+02
2.206939541130949181e+02 1.101960518491730454e+02
2.207383414055396429e+02 1.102856426397555083e+02
2.207823587116195654e+02 1.103754157885987723e+02
2.208260052821605370e+02 1.104653697677646988e+02
2.208692803742982846e+02 1.105555030462373765e+02
2.209121832514912285e+02 1.106458140899493117e+02
2.209547131835327605e+02 1.107363013618073353e+02
2.209968694465638634e+02 1.108269633217189920e+02
2.210386513230853325e+02 1.109177984266185604e+02
2.210800581019699962e+02 1.110088051304933998e+02
2.211210890784748813e+02 1.110999818844103117e+02
2.211617435542532064e+02 1.111913271365417586e+02
2.212020208373661205e+02 1.112828393321924523e+02
2.212419202422946682e+02 1.113745169138256728e+02
2.212814410899513575e+02 1.114663583210898565e+02
2.213205827076917274e+02 1.115583619908450999e+02
2.213593444293258301e+02 1.116505263571898752e+02
2.213977255951295149e+02 1.117428498514874633e+02
2.214357255518557110e+02 1.118353309023929114e+02
2.214733436527455126e+02 1.119279679358796074e+02
2.215105792575391774e+02 1.120207593752660813e+02
2.215474317324871265e+02 1.121137036412429779e+02
2.215839004503605167e+02 1.122067991518997019e+02
2.216199847904621265e+02 1.123000443227516030e+02
2.216556841386369001e+02 1.123934375667667211e+02
2.216909978872821796e+02 1.124869772943929433e+02
2.217259254353583060e+02 1.125806619135849616e+02
2.217604661883988229e+02 1.126744898298314865e+02
2.217946195585203668e+02 1.127684594461822485e+02
2.218283849644329280e+02 1.128625691632752677e+02
2.218617618314495985e+02 1.129568173793640682e+02
2.218947495914964350e+02 1.130512024903448633e+02
2.219273476831220648e+02 1.131457228897840395e+02
2.219595555515072931e+02 1.132403769689451849e+02
2.219913726484744814e+02 1.133351631168168581e+02
2.220227984324969555e+02 1.134300797201396733e+02
2.220538323687081856e+02 1.135251251634339411e+02
2.220844739289108247e+02 1.136202978290271517e+02
2.221147225915858598e+02 1.137155960970814021e+02
2.221445778419013095e+02 1.138110183456211075e+02
2.221740391717210912e+02 1.139065629505604704e+02
2.222031060796136899e+02 1.140022282857312206e+02
2.222317780708605426e+02 1.140980127229102550e+02
2.222600546574646785e+02 1.141939146318474201e+02
2.222879353581588475e+02 1.142899323802930382e+02
2.223154196984137911e+02 1.143860643340260026e+02
2.223425072104463140e+02 1.144823088568813887e+02
2.223691974332271855e+02 1.145786643107782652e+02
2.223954899124890972e+02 1.146751290557477745e+02
2.224213842007342805e+02 1.147717014499608439e+02
2.224468798572422088e+02 1.148683798497562378e+02
2.224719764480770152e+02 1.149651626096685249e+02
2.224966735460949963e+02 1.150620480824560161e+02
2.225209707309518024e+02 1.151590346191289171e+02
2.225448675891095149e+02 1.152561205689772805e+02
2.225683637138438655e+02 1.153533042795991577e+02
2.225914587052510285e+02 1.154505840969287220e+02
2.226141521702544992e+02 1.155479583652643925e+02
2.226364437226116593e+02 1.156454254272970132e+02
2.226583329829205411e+02 1.157429836241381764e+02
2.226798195786261374e+02 1.158406312953482740e+02
2.227009031440267677e+02 1.159383667789648200e+02
2.227215833202803879e+02 1.160361884115309010e+02
2.227418597554105872e+02 1.161340945281231569e+02
2.227617321043125855e+02 1.162320834623804870e+02
2.227812000287592582e+02 1.163301535465321166e+02
2.228002631974066503e+02 1.164283031114261604e+02
2.228189212857998598e+02 1.165265304865579452e+02
2.228371739763783808e+02 1.166248340000984740e+02
2.228550209584815889e+02 1.167232119789228761e+02
2.228724619283540562e+02 1.168216627486389001e+02
2.228894965891505819e+02 1.169201846336153636e+02
2.229061246509414218e+02 1.170187759570107033e+02
2.229223458307171484e+02 1.171174350408015954e+02
2.229381598523933974e+02 1.172161602058112777e+02
2.229535664468156995e+02 1.173149497717384264e+02
2.229685653517639423e+02 1.174138020571855634e+02
2.229831563119569182e+02 1.175127153796877337e+02
2.229973390790566157e+02 1.176116880557410980e+02
2.230111134116724827e+02 1.177107184008316381e+02
2.230244790753654911e+02 1.178098047294638775e+02
2.230374358426522008e+02 1.179089453551893882e+02
2.230499834930085115e+02 1.180081385906356957e+02
2.230621218128735563e+02 1.181073827475348139e+02
2.230738505956532833e+02 1.182066761367522361e+02
2.230851696417238657e+02 1.183060170683152990e+02
2.230960787584352545e+02 1.184054038514423581e+02
2.231065777601144191e+02 1.185048347945712948e+02
2.231166664680684164e+02 1.186043082053883779e+02
2.231263447105875457e+02 1.187038223908571553e+02
2.231356123229482193e+02 1.188033756572470594e+02
2.231444691474157764e+02 1.189029663101624834e+02
2.231529150332470977e+02 1.190025926545714441e+02
2.231609498366933053e+02 1.191022529948345010e+02
2.231685734210021508e+02 1.192019456347336046e+02
2.231757856564202882e+02 1.193016688775009868e+02
2.231825864201955198e+02 1.194014210258479949e+02
2.231889755965789277e+02 1.195012003819939963e+02
2.231949530768267778e+02 1.196010052476952978e+02
2.232005187592024242e+02 1.197008339242740220e+02
2.232056725489779865e+02 1.198006847126470831e+02
2.232104143584360543e+02 1.199005559133549355e+02
2.232147441068710236e+02 1.200004458265907630e+02
2.232186617205906600e+02 1.201003527522291421e+02
2.232221671329172068e+02 1.202002749898551315e+02
2.232252602841885505e+02 1.203002108387932481e+02
2.232279411217593008e+02 1.204001585981362581e+02
2.232302096000016434e+02 1.205001165667742526e+02
2.232320656803060785e+02 1.206000830434235382e+02
2.232335093310821605e+02 1.207000563266556412e+02
2.232345405277589521e+02 1.208000347149261984e+02
2.232351592527854791e+02 1.209000165066040609e+02
2.232353654956310720e+02 1.210000000000000000e+02
