1.916362194913748169e+02 2.000000000000000000e+01
1.916359773443830932e+02 2.009996968693297603e+01
1.916352509090906722e+02 2.019993702776191213e+01
1.916340402025456626e+02 2.029989967643782833e+01
1.916323452531610769e+02 2.039985528702185746e+01
1.916301661007142911e+02 2.049980151374030868e+01
1.916275027963459365e+02 2.059973601103971319e+01
1.916243554025589333e+02 2.069965643364186292e+01
1.916207239932167283e+02 2.079956043659885978e+01
1.916166086535418174e+02 2.089944567534815079e+01
1.916120094801136418e+02 2.099930980576753825e+01
1.916069265808663147e+02 2.109915048423019712e+01
1.916013600750860633e+02 2.119896536765968165e+01
1.915953100934085569e+02 2.129875211358490006e+01
1.915887767778156672e+02 2.139850838019510704e+01
1.915817602816322562e+02 2.149823182639483932e+01
1.915742607695225672e+02 2.159792011185887617e+01
1.915662784174862452e+02 2.169757089708714659e+01
1.915578134128544150e+02 2.179718184345965071e+01
1.915488659542850769e+02 2.189675061329132433e+01
1.915394362517586160e+02 2.199627486988691416e+01
1.915295245265726862e+02 2.209575227759580685e+01
1.915191310113372367e+02 2.219518050186685088e+01
1.915082559499688557e+02 2.229455720930313589e+01
1.914968995976851716e+02 2.239388006771675066e+01
1.914850622209987989e+02 2.249314674618353749e+01
1.914727440977111428e+02 2.259235491509775784e+01
1.914599455169058047e+02 2.269150224622680057e+01
1.914466667789418466e+02 2.279058641276579777e+01
1.914329081954467711e+02 2.288960508939223715e+01
1.914186700893091313e+02 2.298855595232053872e+01
1.914039527946709711e+02 2.308743667935658195e+01
1.913887566569200658e+02 2.318624494995220431e+01
1.913730820326816797e+02 2.328497844525966798e+01
1.913569292898103527e+02 2.338363484818606253e+01
1.913402988073811457e+02 2.348221184344770762e+01
1.913231909756807454e+02 2.358070711762445981e+01
1.913056061961984256e+02 2.367911835921402997e+01
1.912875448816164976e+02 2.377744325868621544e+01
1.912690074558006756e+02 2.387567950853710386e+01
1.912499943537901288e+02 2.397382480334321642e+01
1.912305060217872779e+02 2.407187683981563708e+01
1.912105429171472792e+02 2.416983331685404224e+01
1.911901055083673668e+02 2.426769193560070903e+01
1.911691942750758244e+02 2.436545039949447755e+01
1.911478097080206737e+02 2.446310641432462774e+01
1.911259523090582491e+02 2.456065768828473495e+01
1.911036225911413737e+02 2.465810193202645095e+01
1.910808210783072809e+02 2.475543685871322452e+01
1.910575483056653923e+02 2.485266018407397581e+01
1.910338048193847840e+02 2.494976962645670682e+01
1.910095911766811980e+02 2.504676290688203011e+01
1.909849079458041388e+02 2.514363774909667981e+01
1.909597557060235147e+02 2.524039187962690534e+01
1.909341350476159391e+02 2.533702302783185090e+01
1.909080465718510027e+02 2.543352892595680714e+01
1.908814908909770622e+02 2.552990730918646989e+01
1.908544686282069449e+02 2.562615591569807094e+01
1.908269804177032540e+02 2.572227248671445921e+01
1.907990269045635898e+02 2.581825476655711427e+01
1.907706087448053154e+02 2.591410050269907828e+01
1.907417266053501521e+02 2.600980744581783100e+01
1.907123811640086615e+02 2.610537334984805824e+01
1.906825731094641299e+02 2.620079597203437771e+01
1.906523031412565956e+02 2.629607307298396535e+01
1.906215719697663644e+02 2.639120241671912126e+01
1.905903803161973258e+02 2.648618177072971847e+01
1.905587289125599568e+02 2.658100890602562671e+01
1.905266185016543545e+02 2.667568159718899778e+01
1.904940498370525575e+02 2.677019762242650813e+01
1.904610236830810095e+02 2.686455476362149142e+01
1.904275408148025690e+02 2.695875080638599997e+01
1.903936020179984325e+02 2.705278354011276321e+01
1.903592080891494334e+02 2.714665075802707861e+01
1.903243598354176527e+02 2.724035025723859249e+01
1.902890580746272633e+02 2.733387983879299199e+01
1.902533036352454587e+02 2.742723730772363311e+01
1.902170973563629275e+02 2.752042047310302308e+01
1.901804400876741852e+02 2.761342714809425658e+01
1.901433326894577078e+02 2.770625515000233463e+01
1.901057760325556387e+02 2.779890230032538412e+01
1.900677709983533816e+02 2.789136642480578843e+01
1.900293184787589382e+02 2.798364535348120086e+01
1.899904193761819613e+02 2.807573692073548344e+01
1.899510746035126374e+02 2.816763896534952494e+01
1.899112850841001432e+02 2.825934933055197007e+01
1.898710517517310450e+02 2.835086586406980302e+01
1.898303755506074140e+02 2.844218641817889903e+01
1.897892574353246005e+02 2.853330884975440185e+01
1.897476983708488945e+02 2.862423102032102662e+01
1.897056993324948166e+02 2.871495079610324197e+01
1.896632613059022958e+02 2.880546604807535616e+01
1.896203852870134767e+02 2.889577465201146111e+01
1.895770722820494143e+02 2.898587448853530901e+01
1.895333233074863415e+02 2.907576344317003247e+01
1.894891393900319940e+02 2.916543940638776888e+01
1.894445215666013098e+02 2.925490027365918166e+01
1.893994708842923274e+02 2.934414394550282879e+01
1.893539884003613452e+02 2.943316832753444601e+01
1.893080751821983654e+02 2.952197133051610223e+01
1.892617323073018269e+02 2.961055087040521983e+01
1.892149608632535092e+02 2.969890486840348487e+01
1.891677619476928669e+02 2.978703125100564364e+01
1.891201366682913374e+02 2.987492795004814283e+01
1.890720861427263060e+02 2.996259290275769160e+01
1.890236114986549296e+02 3.005002405179965308e+01
1.889747138736876764e+02 3.013721934532632218e+01
1.889253944153614952e+02 3.022417673702510399e+01
1.888756542811130430e+02 3.031089418616650732e+01
1.888254946382515413e+02 3.039736965765204957e+01
1.887749166639311511e+02 3.048360112206203354e+01
1.887239215451236305e+02 3.056958655570313255e+01
1.886725104785902545e+02 3.065532394065593280e+01
1.886206846708539047e+02 3.074081126482224136e+01
1.885684453381705907e+02 3.082604652197235851e+01
1.885157937065010856e+02 3.091102771179210507e+01
1.884627310114819636e+02 3.099575283992980701e+01
1.884092584983967527e+02 3.108021991804308470e+01
1.883553774221466313e+02 3.116442696384551425e+01
1.883010890472210406e+02 3.124837200115315383e+01
1.882463946476678984e+02 3.133205305993090661e+01
1.881912955070638702e+02 3.141546817633878064e+01
1.881357929184840430e+02 3.149861539277794620e+01
1.880798881844717414e+02 3.158149275793669730e+01
1.880235826170079179e+02 3.166409832683624614e+01
1.879668775374802578e+02 3.174643016087634351e+01
1.879097742766523993e+02 3.182848632788081034e+01
1.878522741746323845e+02 3.191026490214285971e+01
1.877943785808415669e+02 3.199176396447028381e+01
1.877360888539826078e+02 3.207298160223052008e+01
1.876774063620078721e+02 3.215391590939550781e+01
1.876183324820871121e+02 3.223456498658643454e+01
1.875588686005752379e+02 3.231492694111832265e+01
1.874990161129798025e+02 3.239499988704440625e+01
1.874387764239282319e+02 3.247478194520044781e+01
1.873781509471348556e+02 3.255427124324879173e+01
1.873171411053677105e+02 3.263346591572231858e+01
1.872557483304151447e+02 3.271236410406824291e+01
1.871939740630523374e+02 3.279096395669169794e+01
1.871318197530072780e+02 3.286926362899922083e+01
1.870692868589269153e+02 3.294726128344201754e+01
1.870063768483428817e+02 3.302495508955909287e+01
1.869430911976369600e+02 3.310234322402021689e+01
1.868794313920066372e+02 3.317942387066871390e+01
1.868153989254300029e+02 3.325619522056406652e+01
1.867509953006308763e+02 3.333265547202439905e+01
1.866862220290434777e+02 3.340880283066871925e+01
1.866210806307769019e+02 3.348463550945906775e+01
1.865555726345795904e+02 3.356015172874244001e+01
1.864896995778032647e+02 3.363534971629254500e+01
1.864234630063670011e+02 3.371022770735140739e+01
1.863568644747208793e+02 3.378478394467079227e+01
1.862899055458095177e+02 3.385901667855339525e+01
1.862225877910353802e+02 3.393292416689397584e+01
1.861549127902219425e+02 3.400650467522018516e+01
1.860868821315765729e+02 3.407975647673330855e+01
1.860184974116532430e+02 3.415267785234875930e+01
1.859497602353150967e+02 3.422526709073643758e+01
1.858806722156968476e+02 3.429752248836090445e+01
1.858112349741667515e+02 3.436944234952133570e+01
1.857414501402887481e+02 3.444102498639132648e+01
1.856713193517840637e+02 3.451226871905851823e+01
1.856008442544928698e+02 3.458317187556399119e+01
1.855300265023356303e+02 3.465373279194152190e+01
1.854588677572742768e+02 3.472394981225664878e+01
1.853873696892731857e+02 3.479382128864550339e+01
1.853155339762601272e+02 3.486334558135348516e+01
1.852433623040866166e+02 3.493252105877377289e+01
1.851708563664886640e+02 3.500134609748558034e+01
1.850980178650467565e+02 3.506981908229229106e+01
1.850248485091460680e+02 3.513793840625931608e+01
1.849513500159364128e+02 3.520570247075185932e+01
1.848775241102916880e+02 3.527310968547239867e+01
1.848033725247696850e+02 3.534015846849801079e+01
1.847288969995712478e+02 3.540684724631751124e+01
1.846540992824994873e+02 3.547317445386838131e+01
1.845789811289187696e+02 3.553913853457346050e+01
1.845035443017135321e+02 3.560473794037753947e+01
1.844277905712468453e+02 3.566997113178363321e+01
1.843517217153189733e+02 3.573483657788914059e+01
1.842753395191255379e+02 3.579933275642176227e+01
1.841986457752157378e+02 3.586345815377522683e+01
1.841216422834501714e+02 3.592721126504481788e+01
1.840443308509586586e+02 3.599059059406268091e+01
1.839667132920978645e+02 3.605359465343293834e+01
1.838887914284085809e+02 3.611622196456661271e+01
1.838105670885731797e+02 3.617847105771629401e+01
1.837320421083724966e+02 3.624034047201065789e+01
1.836532183306429431e+02 3.630182875548874222e+01
1.835740976052330211e+02 3.636293446513401761e+01
1.834946817889602073e+02 3.642365616690828034e+01
1.834149727455670416e+02 3.648399243578524676e+01
1.833349723456777554e+02 3.654394185578404119e+01
1.832546824667539909e+02 3.660350302000244938e+01
1.831741049930510599e+02 3.666267453064985204e+01
1.830932418155735490e+02 3.672145499908012312e+01
1.830120948320309537e+02 3.677984304582415120e+01
1.829306659467932548e+02 3.683783730062224748e+01
1.828489570708460406e+02 3.689543640245629064e+01
1.827669701217458851e+02 3.695263899958167286e+01
1.826847070235751005e+02 3.700944374955902560e+01
1.826021697068968024e+02 3.706584931928568949e+01
1.825193601087094919e+02 3.712185438502706347e+01
1.824362801724015526e+02 3.717745763244762003e+01
1.823529318477057757e+02 3.723265775664177113e+01
1.822693170906534874e+02 3.728745346216448553e+01
1.821854378635287617e+02 3.734184346306168578e+01
1.821012961348221779e+02 3.739582648290043920e+01
1.820168938791848348e+02 3.744940125479890014e+01
1.819322330773819090e+02 3.750256652145607461e+01
1.818473157162461291e+02 3.755532103518125098e+01
1.817621437886312776e+02 3.760766355792338800e+01
1.816767192933652382e+02 3.765959286130006944e+01
1.815910442352032987e+02 3.771110772662638766e+01
1.815051206247809148e+02 3.776220694494354291e+01
1.814189504785666145e+02 3.781288931704719403e+01
1.813325358188147618e+02 3.786315365351561013e+01
1.812458786735178364e+02 3.791299877473758073e+01
1.811589810763591686e+02 3.796242351094011269e+01
1.810718450666649346e+02 3.801142670221588560e+01
1.809844726893564655e+02 3.806000719855041581e+01
1.808968659949022140e+02 3.810816385984913524e+01
1.808090270392695516e+02 3.815589555596409355e+01
1.807209578838767072e+02 3.820320116672046140e+01
1.806326605955441948e+02 3.825007958194287738e+01
1.805441372464463825e+02 3.829652970148145386e+01
1.804553899140628630e+02 3.834255043523762652e+01
1.803664206811297959e+02 3.838814070318970550e+01
1.802772316355908231e+02 3.843329943541824889e+01
1.801878248705482406e+02 3.847802557213116614e+01
1.800982024842138003e+02 3.852231806368857292e+01
1.800083665798594836e+02 3.856617587062743979e+01
1.799183192657681900e+02 3.860959796368599228e+01
1.798280626551841692e+02 3.865258332382785511e+01
1.797375988662634541e+02 3.869513094226594063e+01
1.796469300220242360e+02 3.873723982048619519e+01
1.795560582502969567e+02 3.877890897027096884e+01
1.794649856836743425e+02 3.882013741372220750e+01
1.793737144594614392e+02 3.886092418328445319e+01
1.792822467196254479e+02 3.890126832176748906e+01
1.791905846107454181e+02 3.894116888236885643e+01
1.790987302839617996e+02 3.898062492869604512e+01
1.790066858949261643e+02 3.901963553478847757e+01
1.789144536037504167e+02 3.905819978513920887e+01
1.788220355749561747e+02 3.909631677471647038e+01
1.787294339774240655e+02 3.913398560898487943e+01
1.786366509843425945e+02 3.917120540392640748e+01
1.785436887731574132e+02 3.920797528606117055e+01
1.784505495255200174e+02 3.924429439246789286e+01
1.783572354272366738e+02 3.928016187080419286e+01
1.782637486682169765e+02 3.931557687932654233e+01
1.781700914424226596e+02 3.935053858691006212e+01
1.780762659478159549e+02 3.938504617306800526e+01
1.779822743863080063e+02 3.941909882797101261e+01
1.778881189637073419e+02 3.945269575246611282e+01
1.777938018896678898e+02 3.948583615809552327e+01
1.776993253776373365e+02 3.951851926711506735e+01
1.776046916448050297e+02 3.955074431251251355e+01
1.775099029120500234e+02 3.958251053802551667e+01
1.774149614038889240e+02 3.961381719815939562e+01
1.773198693484237083e+02 3.964466355820461274e+01
1.772246289772893704e+02 3.967504889425404713e+01
1.771292425256016543e+02 3.970497249321992683e+01
1.770337122319045307e+02 3.973443365285062612e+01
1.769380403381177018e+02 3.976343168174710030e+01
1.768422290894838795e+02 3.979196589937912876e+01
1.767462807345162616e+02 3.982003563610129504e+01
1.766501975249456393e+02 3.984764023316867565e+01
1.765539817156676179e+02 3.987477904275233698e+01
1.764576355646896673e+02 3.990145142795450539e+01
1.763611613330780870e+02 3.992765676282353127e+01
1.762645612849050281e+02 3.995339443236856880e+01
1.761678376871953731e+02 3.997866383257401424e+01
1.760709928098734167e+02 4.000346437041368830e+01
1.759740289257096890e+02 4.002779546386474863e+01
1.758769483102675792e+02 4.005165654192131797e+01
1.757797532418499316e+02 4.007504704460796319e+01
1.756824460014456406e+02 4.009796642299274083e+01
1.755850288726760482e+02 4.012041413920014321e+01
1.754875041417413115e+02 4.014238966642371054e+01
1.753898740973669135e+02 4.016389248893835884e+01
1.752921410307498036e+02 4.018492210211255156e+01
1.751943072355046525e+02 4.020547801242008035e+01
1.750963750076100496e+02 4.022555973745166114e+01
1.749983466453546441e+02 4.024516680592627438e+01
1.749002244492832006e+02 4.026429875770221400e+01
1.748020107221425121e+02 4.028295514378788766e+01
1.747037077688275133e+02 4.030113552635232566e+01
1.746053178963270511e+02 4.031883947873554064e+01
1.745068434136698556e+02 4.033606658545841128e+01
1.744082866318702827e+02 4.035281644223256592e+01
1.743096498638741139e+02 4.036908865596976170e+01
1.742109354245041857e+02 4.038488284479118562e+01
1.741121456304062463e+02 4.040019863803637179e+01
1.740132827999944141e+02 4.041503567627192695e+01
1.739143492533968356e+02 4.042939361129994325e+01
1.738153473124012578e+02 4.044327210616619084e+01
1.737162793004005437e+02 4.045667083516801199e+01
1.736171475423380173e+02 4.046958948386195232e+01
1.735179543646531215e+02 4.048202774907119306e+01
1.734187020952266494e+02 4.049398533889258545e+01
1.733193930633261459e+02 4.050546197270357140e+01
1.732200295995513670e+02 4.051645738116874895e+01
1.731206140357793402e+02 4.052697130624616761e+01
1.730211487051098800e+02 4.053700350119341067e+01
1.729216359418107345e+02 4.054655373057338608e+01
1.728220780812627595e+02 4.055562177025982606e+01
1.727224774599052353e+02 4.056420740744258069e+01
1.726228364151808421e+02 4.057231044063259162e+01
1.725231572854810622e+02 4.057993067966663148e+01
1.724234424100910701e+02 4.058706794571174470e+01
1.723236941291349353e+02 4.059372207126948240e+01
1.722239147835207120e+02 4.059989290017978192e+01
1.721241067148854711e+02 4.060558028762469007e+01
1.720242722655403895e+02 4.061078410013172402e+01
1.719244137784157545e+02 4.061550421557699764e+01
1.718245335970058818e+02 4.061974052318812767e+01
1.717246340653143193e+02 4.062349292354677743e+01
1.716247175277987083e+02 4.062676132859104428e+01
1.715247863293157593e+02 4.062954566161749881e+01
1.714248428150662278e+02 4.063184585728296838e+01
1.713248893305399747e+02 4.063366186160612870e+01
1.712249282214607717e+02 4.063499363196869041e+01
1.711249618337313620e+02 4.063584113711647205e+01
1.710249925133783506e+02 4.063620435716008217e+01
1.709250226064971798e+02 4.063608328357543087e+01
1.708250544591970481e+02 4.063547791920388619e+01
1.707250904175458857e+02 4.063438827825222432e+01
1.706251328275151877e+02 4.063281438629231701e+01
1.705251840349251609e+02 4.063075628026049912e+01
1.704252463853894710e+02 4.062821400845672315e+01
1.703253222242603044e+02 4.062518763054340809e+01
1.702254138965732864e+02 4.062167721754406813e+01
1.701255237469924850e+02 4.061768285184161442e+01
1.700256541197553020e+02 4.061320462717643665e+01
1.699258073586176181e+02 4.060824264864420741e+01
1.698259858067985704e+02 4.060279703269338825e+01
1.697261918069258115e+02 4.059686790712255089e+01
1.696264277009802584e+02 4.059045541107732902e+01
1.695266958302414082e+02 4.058355969504715688e+01
1.694269985352321441e+02 4.057618092086177342e+01
1.693273381556639947e+02 4.056831926168739244e+01
1.692277170303821094e+02 4.055997490202263123e+01
1.691281374973104334e+02 4.055114803769421172e+01
1.690286018933968535e+02 4.054183887585236334e+01
1.689291125545582304e+02 4.053204763496592022e+01
1.688296718156257157e+02 4.052177454481723373e+01
1.687302820102899830e+02 4.051101984649677945e+01
1.686309454710462603e+02 4.049978379239746573e+01
1.685316645291397890e+02 4.048806664620874329e+01
1.684324415145110549e+02 4.047586868291041640e+01
1.683332787557410484e+02 4.046319018876616269e+01
1.682341785799967226e+02 4.045003146131685412e+01
1.681351433129762540e+02 4.043639280937350833e+01
1.680361752788546426e+02 4.042227455301014061e+01
1.679372768002289149e+02 4.040767702355616109e+01
1.678384501980638390e+02 4.039260056358862983e+01
1.677396977916374112e+02 4.037704552692426319e+01
1.676410218984863150e+02 4.036101227861103524e+01
1.675424248343516069e+02 4.034450119491970810e+01
1.674439089131244600e+02 4.032751266333493589e+01
1.673454764467916789e+02 4.031004708254620539e+01
1.672471297453815566e+02 4.029210486243844969e+01
1.671488711169097030e+02 4.027368642408247013e+01
1.670507028673247589e+02 4.025479219972500289e+01
1.669526273004543384e+02 4.023542263277865061e+01
1.668546467179509989e+02 4.021557817781138056e+01
1.667567634192381547e+02 4.019525930053592333e+01
1.666589797014561896e+02 4.017446647779882341e+01
1.665612978594084268e+02 4.015320019756926229e+01
1.664637201855074693e+02 4.013146095892758325e+01
1.663662489697211981e+02 4.010924927205359580e+01
1.662688864995191409e+02 4.008656565821458884e+01
1.661716350598187830e+02 4.006341064975311639e+01
1.660744969329319360e+02 4.003978479007449209e+01
1.659774743985111058e+02 4.001568863363402784e+01
1.658805697334961451e+02 3.999112274592405925e+01
1.657837852120606499e+02 3.996608770346060169e+01
1.656871231055587259e+02 3.994058409376992103e+01
1.655905856824716125e+02 3.991461251537465671e+01
1.654941752083544486e+02 3.988817357777980988e+01
1.653978939457830961e+02 3.986126790145846144e+01
1.653017441543010762e+02 3.983389611783716333e+01
1.652057280903665912e+02 3.980605886928115922e+01
1.651098480072993766e+02 3.977775680907930678e+01
1.650141061552280917e+02 3.974899060142870866e+01
1.649185047810371998e+02 3.971976092141916581e+01
1.648230461283145871e+02 3.969006845501732528e+01
1.647277324372985845e+02 3.965991389905056508e+01
1.646325659448256715e+02 3.962929796119066594e+01
1.645375488842776974e+02 3.959822135993717040e+01
1.644426834855297841e+02 3.956668482460055714e+01
1.643479719748976606e+02 3.953468909528511688e+01
1.642534165750857369e+02 3.950223492287153704e+01
1.641590195051347223e+02 3.946932306899935838e+01
1.640647829803695856e+02 3.943595430604904806e+01
1.639707092123476571e+02 3.940212941712388073e+01
1.638768004088066448e+02 3.936784919603157107e+01
1.637830587736128223e+02 3.933311444726563622e+01
1.636894865067093860e+02 3.929792598598652376e+01
1.635960858040646997e+02 3.926228463800245549e+01
1.635028588576208506e+02 3.922619123975010780e+01
1.634098078552422635e+02 3.918964663827492245e+01
1.633169349806641719e+02 3.915265169121121858e+01
1.632242424134415444e+02 3.911520726676215531e+01
1.631317323288978685e+02 3.907731424367923978e+01
1.630394068980740485e+02 3.903897351124179949e+01
1.629472682876775593e+02 3.900018596923604974e+01
1.628553186600315428e+02 3.896095252793401897e+01
1.627635601730240182e+02 3.892127410807215426e+01
1.626719949800573488e+02 3.888115164082974928e+01
1.625806252299975938e+02 3.884058606780704537e+01
1.624894530671241455e+02 3.879957834100316916e+01
1.623984806310794227e+02 3.875812942279378603e+01
1.623077100568185358e+02 3.871624028590849775e+01
1.622171434745593785e+02 3.867391191340804824e+01
1.621267830097324634e+02 3.863114529866119540e+01
1.620366307829310983e+02 3.858794144532146930e+01
1.619466889098617060e+02 3.854430136730356082e+01
1.618569595012939715e+02 3.850022608875954688e+01
1.617674446630115881e+02 3.845571664405488832e+01
1.616781464957625190e+02 3.841077407774407959e+01
1.615890670952099697e+02 3.836539944454621320e+01
1.615002085518830484e+02 3.831959380932017467e+01
1.614115729511277664e+02 3.827335824703968825e+01
1.613231623730580679e+02 3.822669384276805715e+01
1.612349788925070868e+02 3.817960169163272610e+01
1.611470245789782609e+02 3.813208289879956681e+01
1.610593014965971008e+02 3.808413857944694314e+01
1.609718117040623611e+02 3.803576985873952765e+01
1.608845572545980076e+02 3.798697787180193330e+01
1.607975401959049577e+02 3.793776376369203263e+01
1.607107625701129621e+02 3.788812868937412048e+01
1.606242264137327140e+02 3.783807381369176426e+01
1.605379337576081014e+02 3.778760031134052610e+01
1.604518866268684576e+02 3.773670936684033705e+01
1.603660870408811832e+02 3.768540217450774321e+01
1.602805370132041958e+02 3.763367993842783932e+01
1.601952385515386936e+02 3.758154387242605310e+01
1.601101936576821743e+02 3.752899520003962408e+01
1.600254043274813114e+02 3.747603515448890477e+01
1.599408725507852296e+02 3.742266497864842023e+01
1.598566003113986653e+02 3.736888592501769324e+01
1.597725895870355544e+02 3.731469925569183488e+01
1.596888423492725337e+02 3.726010624233198598e+01
1.596053605635027282e+02 3.720510816613540328e+01
1.595221461888895362e+02 3.714970631780541765e+01
1.594392011783207579e+02 3.709390199752116501e+01
1.593565274783626933e+02 3.703769651490702586e+01
1.592741270292145259e+02 3.698109118900197245e+01
1.591920017646626491e+02 3.692408734822849681e+01
1.591101536120354751e+02 3.686668633036153864e+01
1.590285844921580747e+02 3.680888948249705095e+01
1.589472963193071564e+02 3.675069816102036668e+01
1.588662910011661040e+02 3.669211373157441614e+01
1.587855704387802120e+02 3.663313756902761753e+01
1.587051365265120921e+02 3.657377105744164680e+01
1.586249911519971931e+02 3.651401559003896580e+01
1.585451361960995769e+02 3.645387256917011598e+01
1.584655735328676371e+02 3.639334340628078479e+01
1.583863050294902450e+02 3.633242952187869435e+01
1.583073325462528658e+02 3.627113234550029830e+01
1.582286579364939314e+02 3.620945331567718739e+01
1.581502830465612988e+02 3.614739387990234576e+01
1.580722097157689916e+02 3.608495549459619411e+01
1.579944397763539996e+02 3.602213962507239842e+01
1.579169750534332479e+02 3.595894774550346540e+01
1.578398173649608225e+02 3.589538133888618177e+01
1.577629685216852522e+02 3.583144189700679760e+01
1.576864303271070185e+02 3.576713092040598241e+01
1.576102045774363205e+02 3.570244991834366743e+01
1.575342930615508408e+02 3.563740040876359672e+01
1.574586975609536807e+02 3.557198391825770045e+01
1.573834198497317800e+02 3.550620198203025524e+01
1.573084616945139942e+02 3.544005614386190217e+01
1.572338248544299688e+02 3.537354795607338076e+01
1.571595110810685583e+02 3.530667897948909939e+01
1.570855221184368133e+02 3.523945078340052817e+01
1.570118597029191960e+02 3.517186494552934306e+01
1.569385255632365954e+02 3.510392305199040663e+01
1.568655214204059405e+02 3.503562669725457113e+01
1.567928489876996991e+02 3.496697748411122575e+01
1.567205099706057467e+02 3.489797702363069476e+01
1.566485060667873199e+02 3.482862693512643659e+01
1.565768389660431126e+02 3.475892884611703693e+01
1.565055103502677127e+02 3.468888439228798859e+01
1.564345218934120965e+02 3.461849521745335778e+01
1.563638752614443206e+02 3.454776297351714476e+01
1.562935721123104429e+02 3.447668932043457346e+01
1.562236140958955843e+02 3.440527592617310404e+01
1.561540028539853324e+02 3.433352446667329616e+01
1.560847400202270023e+02 3.426143662580947336e+01
1.560158272200914666e+02 3.418901409535019553e+01
1.559472660708350134e+02 3.411625857491859648e+01
1.558790581814612040e+02 3.404317177195245137e+01
1.558112051526833284e+02 3.396975540166412344e+01
1.557437085768867178e+02 3.389601118700033311e+01
1.556765700380915121e+02 3.382194085860168542e+01
1.556097911119152002e+02 3.374754615476207675e+01
1.555433733655359845e+02 3.367282882138790256e+01
1.554773183576557756e+02 3.359779061195705196e+01
1.554116276384636706e+02 3.352243328747781703e+01
1.553463027495996300e+02 3.344675861644752501e+01
1.552813452241182119e+02 3.337076837481102132e+01
1.552167565864526750e+02 3.329446434591903881e+01
1.551525383523790822e+02 3.321784832048626868e+01
1.550886920289808870e+02 3.314092209654945975e+01
1.550252191146134919e+02 3.306368747942507014e+01
1.549621210988689768e+02 3.298614628166703966e+01
1.548993994625413961e+02 3.290830032302414310e+01
1.548370556775917066e+02 3.283015143039737183e+01
1.547750912071135474e+02 3.275170143779697440e+01
1.547135075052986224e+02 3.267295218629950426e+01
1.546523060174027648e+02 3.259390552400452634e+01
1.545914881797119165e+02 3.251456330599131661e+01
1.545310554195085331e+02 3.243492739427530580e+01
1.544710091550379047e+02 3.235499965776433839e+01
1.544113507954750446e+02 3.227478197221488188e+01
1.543520817408915491e+02 3.219427622018795176e+01
1.542932033822227424e+02 3.211348429100496560e+01
1.542347171012349918e+02 3.203240808070337664e+01
1.541766242704934200e+02 3.195104949199220812e+01
1.541189262533295050e+02 3.186941043420736008e+01
1.540616244038092475e+02 3.178749282326686298e+01
1.540047200667012817e+02 3.170529858162583281e+01
1.539482145774453556e+02 3.162282963823142268e+01
1.538921092621210107e+02 3.154008792847751153e+01
1.538364054374164596e+02 3.145707539415932175e+01
1.537811044105976634e+02 3.137379398342782366e+01
1.537262074794776368e+02 3.129024565074400854e+01
1.536717159323860642e+02 3.120643235683304084e+01
1.536176310481389180e+02 3.112235606863822568e+01
1.535639540960086435e+02 3.103801875927488751e+01
1.535106863356942597e+02 3.095342240798400013e+01
1.534578290172917434e+02 3.086856900008580595e+01
1.534053833812648122e+02 3.078346052693315471e+01
1.533533506584157635e+02 3.069809898586484920e+01
1.533017320698565413e+02 3.061248638015869972e+01
1.532505288269801724e+02 3.052662471898454299e+01
1.531997421314322594e+02 3.044051601735709056e+01
1.531493731750827862e+02 3.035416229608864569e+01
1.530994231399982084e+02 3.026756558174167111e+01
1.530498931984136561e+02 3.018072790658121107e+01
1.530007845127054509e+02 3.009365130852723524e+01
1.529520982353637635e+02 3.000633783110676944e+01
1.529038355089657273e+02 2.991878952340598374e+01
1.528559974661484375e+02 2.983100844002208163e+01
1.528085852295824054e+02 2.974299664101506835e+01
1.527615999119454102e+02 2.965475619185941980e+01
1.527150426158960386e+02 2.956628916339560931e+01
1.526689144340481903e+02 2.947759763178152426e+01
1.526232164489450724e+02 2.938868367844370155e+01
1.525779497330341314e+02 2.929954939002853465e+01
1.525331153486415587e+02 2.921019685835324253e+01
1.524887143479476777e+02 2.912062818035683875e+01
1.524447477729619607e+02 2.903084545805088013e+01
1.524012166554988426e+02 2.894085079847014086e+01
1.523581220171532493e+02 2.885064631362317300e+01
1.523154648692768376e+02 2.876023412044276029e+01
1.522732462129541204e+02 2.866961634073620147e+01
1.522314670389790194e+02 2.857879510113553323e+01
1.521901283278316726e+02 2.848777253304762525e+01
1.521492310496553273e+02 2.839655077260413307e+01
1.521087761642336034e+02 2.830513196061142622e+01
1.520687646209680111e+02 2.821351824250028528e+01
1.520291973588555834e+02 2.812171176827558838e+01
1.519900753064669914e+02 2.802971469246582359e+01
1.519513993819245457e+02 2.793752917407258707e+01
1.519131704928808517e+02 2.784515737651983613e+01
1.518753895364973516e+02 2.775260146760317070e+01
1.518380573994233487e+02 2.765986361943893712e+01
1.518011749577752312e+02 2.756694600841326803e+01
1.517647430771158383e+02 2.747385081513101568e+01
1.517287626124341102e+02 2.738058022436452887e+01
1.516932344081251927e+02 2.728713642500241932e+01
1.516581592979704567e+02 2.719352160999818935e+01
1.516235381051179729e+02 2.709973797631877801e+01
1.515893716420632700e+02 2.700578772489295432e+01
1.515556607106301783e+02 2.691167306055973185e+01
1.515224061019520150e+02 2.681739619201656311e+01
1.514896085964530812e+02 2.672295933176756222e+01
1.514572689638303018e+02 2.662836469607152878e+01
1.514253879630351491e+02 2.653361450488997164e+01
1.513939663422558795e+02 2.643871098183499058e+01
1.513630048388999398e+02 2.634365635411711537e+01
1.513325041795766595e+02 2.624845285249302762e+01
1.513024650800802249e+02 2.615310271121318664e+01
1.512728882453728545e+02 2.605760816796942336e+01
1.512437743695682855e+02 2.596197146384240284e+01
1.512151241359154312e+02 2.586619484324906182e+01
1.511869382167824085e+02 2.577028055388992556e+01
1.511592172736407065e+02 2.567423084669632516e+01
1.511319619570496684e+02 2.557804797577760425e+01
1.511051729066413429e+02 2.548173419836823683e+01
1.510788507511052217e+02 2.538529177477480303e+01
1.510529961081737724e+02 2.528872296832297906e+01
1.510276095846077169e+02 2.519203004530442414e+01
1.510026917761819050e+02 2.509521527492356796e+01
1.509782432676713029e+02 2.499828092924439460e+01
1.509542646328372939e+02 2.490122928313707718e+01
1.509307564344142065e+02 2.480406261422462677e+01
1.509077192240960130e+02 2.470678320282940987e+01
1.508851535425235681e+02 2.460939333191967648e+01
1.508630599192717341e+02 2.451189528705595322e+01
1.508414388728371023e+02 2.441429135633739378e+01
1.508202909106257152e+02 2.431658383034809390e+01
1.507996165289412147e+02 2.421877500210337431e+01
1.507794162129731603e+02 2.412086716699590028e+01
1.507596904367856894e+02 2.402286262274183670e+01
1.507404396633064039e+02 2.392476366932697829e+01
1.507216643443153714e+02 2.382657260895268081e+01
1.507033649204346943e+02 2.372829174598192026e+01
1.506855418211180790e+02 2.362992338688514238e+01
1.506681954646408030e+02 2.353146984018618326e+01
1.506513262580897674e+02 2.343293341640805494e+01
1.506349345973541745e+02 2.333431642801876649e+01
1.506190208671160349e+02 2.323562118937703147e+01
1.506035854408411865e+02 2.313685001667792562e+01
1.505886286807706256e+02 2.303800522789856942e+01
1.505741509379119236e+02 2.293908914274372890e+01
1.505601525520309849e+02 2.284010408259135261e+01
1.505466338516440317e+02 2.274105237043809424e+01
1.505335951540100723e+02 2.264193633084483892e+01
1.505210367651232559e+02 2.254275828988207664e+01
1.505089589797057670e+02 2.244352057507540010e+01
1.504973620812009472e+02 2.234422551535080359e+01
1.504862463417666447e+02 2.224487544098007064e+01
1.504756120222687059e+02 2.214547268352606579e+01
1.504654593722749780e+02 2.204601957578805482e+01
1.504557886300494260e+02 2.194651845174692184e+01
1.504466000225465336e+02 2.184697164651039003e+01
1.504378937654059314e+02 2.174738149625824235e+01
1.504296700629474230e+02 2.164775033818750316e+01
1.504219291081661538e+02 2.154808051045755235e+01
1.504146710827280060e+02 2.144837435213530696e+01
1.504078961569654496e+02 2.134863420314026072e+01
1.504016044898735061e+02 2.124886240418961592e+01
1.503957962291059403e+02 2.114906129674336555e+01
1.503904715109719916e+02 2.104923322294928667e+01
1.503856304604329068e+02 2.094938052558802610e+01
1.503812731910992113e+02 2.084950554801807598e+01
1.503773998052279808e+02 2.074961063412084172e+01
1.503740103937204537e+02 2.064969812824557494e+01
1.503711050361198431e+02 2.054977037515438454e+01
1.503686838006095172e+02 2.044982971996718035e+01
1.503667467440114365e+02 2.034987850810670551e+01
1.503652939117847041e+02 2.024991908524339834e+01
1.503643253380246563e+02 2.014995379724044611e+01
1.503638410454618963e+02 2.004998499009863977e+01
1.503638410454618963e+02 1.995001500990136378e+01
1.503643253380246563e+02 1.985004620275955034e+01
1.503652939117847041e+02 1.975008091475659455e+01
1.503667467440114365e+02 1.965012149189330160e+01
1.503686838006095172e+02 1.955017028003282675e+01
1.503711050361198431e+02 1.945022962484562257e+01
1.503740103937204537e+02 1.935030187175442862e+01
1.503773998052279808e+02 1.925038936587916538e+01
1.503812731910992113e+02 1.915049445198192757e+01
1.503856304604328784e+02 1.905061947441198811e+01
1.503904715109719916e+02 1.895076677705072754e+01
1.503957962291059403e+02 1.885093870325664867e+01
1.504016044898735061e+02 1.875113759581038764e+01
1.504078961569654496e+02 1.865136579685974283e+01
1.504146710827280060e+02 1.855162564786468948e+01
1.504219291081661538e+02 1.845191948954244054e+01
1.504296700629474230e+02 1.835224966181250039e+01
1.504378937654059314e+02 1.825261850374176475e+01
1.504466000225465336e+02 1.815302835348961352e+01
1.504557886300494260e+02 1.805348154825308526e+01
1.504654593722749780e+02 1.795398042421194873e+01
1.504756120222687059e+02 1.785452731647393776e+01
1.504862463417666447e+02 1.775512455901994358e+01
1.504973620812009472e+02 1.765577448464921062e+01
1.505089589797057670e+02 1.755647942492461411e+01
1.505210367651232559e+02 1.745724171011791981e+01
1.505335951540100723e+02 1.735806366915516818e+01
1.505466338516440317e+02 1.725894762956190220e+01
1.505601525520309849e+02 1.715989591740865094e+01
1.505741509379119236e+02 1.706091085725627465e+01
1.505886286807706256e+02 1.696199477210143769e+01
1.506035854408411865e+02 1.686314998332207793e+01
1.506190208671160065e+02 1.676437881062297564e+01
1.506349345973541745e+02 1.666568357198123707e+01
1.506513262580897674e+02 1.656706658359195217e+01
1.506681954646408030e+02 1.646853015981383095e+01
1.506855418211180790e+02 1.637007661311487183e+01
1.507033649204346943e+02 1.627170825401809395e+01
1.507216643443153714e+02 1.617342739104731208e+01
1.507404396633064039e+02 1.607523633067302526e+01
1.507596904367856894e+02 1.597713737725815797e+01
1.507794162129731603e+02 1.587913283300410683e+01
1.507996165289411863e+02 1.578122499789662925e+01
1.508202909106257152e+02 1.568341616965190966e+01
1.508414388728371023e+02 1.558570864366261333e+01
1.508630599192717341e+02 1.548810471294405211e+01
1.508851535425235681e+02 1.539060666808033062e+01
1.509077192240960130e+02 1.529321679717060434e+01
1.509307564344142065e+02 1.519593738577538922e+01
1.509542646328372939e+02 1.509877071686293704e+01
1.509782432676713029e+02 1.500171907075560185e+01
1.510026917761819050e+02 1.490478472507642849e+01
1.510276095846077169e+02 1.480796995469557942e+01
1.510529961081737724e+02 1.471127703167701917e+01
1.510788507511052217e+02 1.461470822522520052e+01
1.511051729066413429e+02 1.451826580163176850e+01
1.511319619570496684e+02 1.442195202422240108e+01
1.511592172736407065e+02 1.432576915330368195e+01
1.511869382167824085e+02 1.422971944611008155e+01
1.512151241359154312e+02 1.413380515675094529e+01
1.512437743695682855e+02 1.403802853615761315e+01
1.512728882453728545e+02 1.394239183203059085e+01
1.513024650800802249e+02 1.384689728878682580e+01
1.513325041795766595e+02 1.375154714750696883e+01
1.513630048388999398e+02 1.365634364588288108e+01
1.513939663422558795e+02 1.356128901816501475e+01
1.514253879630351491e+02 1.346638549511003191e+01
1.514572689638303018e+02 1.337163530392847655e+01
1.514896085964530812e+02 1.327704066823244489e+01
1.515224061019520150e+02 1.318260380798344222e+01
1.515556607106301783e+02 1.308832693944027170e+01
1.515893716420632700e+02 1.299421227510705279e+01
1.516235381051179729e+02 1.290026202368123620e+01
1.516581592979704283e+02 1.280647839000182309e+01
1.516932344081251927e+02 1.271286357499759490e+01
1.517287626124341102e+02 1.261941977563548711e+01
1.517647430771158383e+02 1.252614918486898077e+01
1.518011749577752312e+02 1.243305399158672664e+01
1.518380573994233487e+02 1.234013638056106998e+01
1.518753895364973516e+02 1.224739853239683285e+01
1.519131704928808517e+02 1.215484262348016742e+01
1.519513993819245457e+02 1.206247082592741648e+01
1.519900753064669914e+02 1.197028530753417819e+01
1.520291973588555834e+02 1.187828823172441695e+01
1.520687646209680111e+02 1.178648175749972182e+01
1.521087761642336034e+02 1.169486803938858444e+01
1.521492310496553273e+02 1.160344922739587936e+01
1.521901283278316726e+02 1.151222746695238897e+01
1.522314670389790194e+02 1.142120489886446144e+01
1.522732462129541204e+02 1.133038365926379321e+01
1.523154648692768376e+02 1.123976587955723794e+01
1.523581220171532493e+02 1.114935368637683055e+01
1.524012166554988426e+02 1.105914920152986269e+01
1.524447477729619607e+02 1.096915454194912520e+01
1.524887143479476777e+02 1.087937181964316480e+01
1.525331153486415587e+02 1.078980314164676280e+01
1.525779497330341030e+02 1.070045060997147068e+01
1.526232164489450724e+02 1.061131632155630200e+01
1.526689144340481619e+02 1.052240236821848818e+01
1.527150426158960386e+02 1.043371083660440313e+01
1.527615999119453818e+02 1.034524380814059263e+01
1.528085852295824338e+02 1.025700335898492810e+01
1.528559974661484375e+02 1.016899155997791304e+01
1.529038355089657273e+02 1.008121047659401270e+01
1.529520982353637635e+02 9.993662168893235886e+00
1.530007845127054225e+02 9.906348691472770085e+00
1.530498931984136561e+02 9.819272093418792480e+00
1.530994231399982084e+02 9.732434418258335995e+00
1.531493731750827862e+02 9.645837703911359640e+00
1.531997421314322594e+02 9.559483982642912991e+00
1.532505288269801724e+02 9.473375281015467664e+00
1.533017320698565413e+02 9.387513619841312718e+00
1.533533506584157635e+02 9.301901014135161461e+00
1.534053833812648122e+02 9.216539473066841737e+00
1.534578290172917434e+02 9.131430999914190494e+00
1.535106863356942597e+02 9.046577592015996316e+00
1.535639540960086435e+02 8.961981240725116038e+00
1.536176310481389180e+02 8.877643931361777874e+00
1.536717159323860642e+02 8.793567643166964487e+00
1.537262074794776368e+02 8.709754349255995010e+00
1.537811044105976634e+02 8.626206016572181667e+00
1.538364054374164596e+02 8.542924605840681807e+00
1.538921092621210107e+02 8.459912071522492027e+00
1.539482145774453556e+02 8.377170361768586204e+00
1.540047200667012817e+02 8.294701418374177848e+00
1.540616244038092475e+02 8.212507176733149450e+00
1.541189262533295334e+02 8.130589565792634588e+00
1.541766242704934200e+02 8.048950508007790106e+00
1.542347171012349918e+02 7.967591919296623360e+00
1.542932033822227424e+02 7.886515708995039731e+00
1.543520817408915491e+02 7.805723779812053564e+00
1.544113507954750446e+02 7.725218027785118124e+00
1.544710091550379047e+02 7.645000342235663382e+00
1.545310554195085331e+02 7.565072605724703081e+00
1.545914881797119165e+02 7.485436694008688718e+00
1.546523060174027364e+02 7.406094475995478987e+00
1.547135075052985940e+02 7.327047813700508172e+00
1.547750912071135190e+02 7.248298562203034479e+00
1.548370556775917066e+02 7.169848569602642385e+00
1.548993994625413961e+02 7.091699676975851574e+00
1.549621210988689768e+02 7.013853718332956788e+00
1.550252191146134919e+02 6.936312520574924534e+00
1.550886920289808870e+02 6.859077903450545577e+00
1.551525383523790822e+02 6.782151679513731324e+00
1.552167565864526466e+02 6.705535654080968300e+00
1.552813452241182119e+02 6.629231625188976906e+00
1.553463027495996300e+02 6.553241383552478538e+00
1.554116276384636706e+02 6.477566712522188297e+00
1.554773183576557756e+02 6.402209388042953364e+00
1.555433733655359845e+02 6.327171178612111646e+00
1.556097911119152002e+02 6.252453845237932128e+00
1.556765700380915121e+02 6.178059141398311027e+00
1.557437085768867178e+02 6.103988812999665114e+00
1.558112051526833284e+02 6.030244598335873007e+00
1.558790581814611755e+02 5.956828228047552187e+00
1.559472660708349849e+02 5.883741425081408849e+00
1.560158272200914666e+02 5.810985904649809797e+00
1.560847400202270023e+02 5.738563374190530197e+00
1.561540028539853324e+02 5.666475533326702063e+00
1.562236140958955843e+02 5.594724073826894184e+00
1.562935721123104145e+02 5.523310679565431869e+00
1.563638752614443206e+02 5.452237026482858795e+00
1.564345218934120965e+02 5.381504782546651100e+00
1.565055103502677127e+02 5.311115607712016740e+00
1.565768389660431126e+02 5.241071153882961298e+00
1.566485060667873199e+02 5.171373064873559855e+00
1.567205099706057467e+02 5.102022976369299911e+00
1.567928489876996991e+02 5.033022515888776027e+00
1.568655214204059405e+02 4.964373302745434202e+00
1.569385255632365954e+02 4.896076948009598695e+00
1.570118597029191960e+02 4.828135054470664045e+00
1.570855221184368133e+02 4.760549216599475386e+00
1.571595110810685298e+02 4.693321020510902386e+00
1.572338248544299688e+02 4.626452043926628122e+00
1.573084616945139942e+02 4.559943856138101381e+00
1.573834198497317516e+02 4.493798017969753644e+00
1.574586975609536807e+02 4.428016081742301324e+00
1.575342930615508408e+02 4.362599591236406837e+00
1.576102045774363489e+02 4.297550081656329013e+00
1.576864303271070185e+02 4.232869079594015815e+00
1.577629685216852238e+02 4.168558102993213055e+00
1.578398173649608225e+02 4.104618661113818234e+00
1.579169750534332479e+02 4.041052254496532825e+00
1.579944397763539996e+02 3.977860374927612241e+00
1.580722097157689916e+02 3.915044505403805886e+00
1.581502830465612988e+02 3.852606120097650688e+00
1.582286579364939030e+02 3.790546684322819715e+00
1.583073325462528658e+02 3.728867654499705253e+00
1.583863050294902166e+02 3.667570478121316313e+00
1.584655735328676371e+02 3.606656593719211656e+00
1.585451361960995769e+02 3.546127430829884020e+00
1.586249911519971931e+02 3.485984409961027097e+00
1.587051365265120921e+02 3.426228942558349644e+00
1.587855704387801836e+02 3.366862430972389575e+00
1.588662910011661040e+02 3.307886268425587417e+00
1.589472963193071564e+02 3.249301838979626211e+00
1.590285844921580747e+02 3.191110517502956156e+00
1.591101536120354751e+02 3.133313669638464916e+00
1.591920017646626491e+02 3.075912651771510298e+00
1.592741270292144975e+02 3.018908810998038206e+00
1.593565274783626933e+02 2.962303485092970590e+00
1.594392011783207579e+02 2.906098002478838538e+00
1.595221461888895362e+02 2.850293682194578793e+00
1.596053605635027282e+02 2.794891833864600272e+00
1.596888423492725337e+02 2.739893757668010466e+00
1.597725895870355544e+02 2.685300744308161569e+00
1.598566003113986653e+02 2.631114074982317419e+00
1.599408725507852296e+02 2.577335021351583322e+00
1.600254043274813114e+02 2.523964845511091681e+00
1.601101936576821458e+02 2.471004799960383025e+00
1.601952385515386936e+02 2.418456127573950454e+00
1.602805370132041674e+02 2.366320061572164235e+00
1.603660870408811832e+02 2.314597825492270999e+00
1.604518866268684576e+02 2.263290633159666498e+00
1.605379337576081014e+02 2.212399688659473895e+00
1.606242264137327140e+02 2.161926186308232190e+00
1.607107625701129621e+02 2.111871310625883069e+00
1.607975401959049577e+02 2.062236236307963821e+00
1.608845572545980360e+02 2.013022128198066696e+00
1.609718117040623611e+02 1.964230141260479456e+00
1.610593014965971008e+02 1.915861420553063965e+00
1.611470245789782894e+02 1.867917101200433194e+00
1.612349788925070584e+02 1.820398308367281004e+00
1.613231623730580679e+02 1.773306157231946401e+00
1.614115729511277664e+02 1.726641752960315301e+00
1.615002085518830484e+02 1.680406190679832434e+00
1.615890670952099697e+02 1.634600555453793902e+00
1.616781464957625190e+02 1.589225922255920409e+00
1.617674446630115881e+02 1.544283355945111680e+00
1.618569595012939715e+02 1.499773911240453117e+00
1.619466889098616775e+02 1.455698632696442729e+00
1.620366307829310983e+02 1.412058554678530697e+00
1.621267830097324349e+02 1.368854701338804603e+00
1.622171434745593785e+02 1.326088086591958870e+00
1.623077100568185358e+02 1.283759714091498694e+00
1.623984806310793942e+02 1.241870577206221071e+00
1.624894530671241455e+02 1.200421658996834395e+00
1.625806252299975938e+02 1.159413932192958185e+00
1.626719949800573488e+02 1.118848359170257822e+00
1.627635601730240467e+02 1.078725891927835079e+00
1.628553186600315428e+02 1.039047472065981026e+00
1.629472682876775593e+02 9.998140307639467039e-01
1.630394068980740485e+02 9.610264887582040672e-01
1.631317323288978685e+02 9.226857563207602198e-01
1.632242424134415444e+02 8.847927332378446863e-01
1.633169349806641719e+02 8.473483087887778709e-01
1.634098078552422635e+02 8.103533617250846532e-01
1.635028588576208506e+02 7.738087602498886497e-01
1.635960858040646713e+02 7.377153619975445054e-01
1.636894865067093860e+02 7.020740140134833496e-01
1.637830587736128223e+02 6.668855527343637846e-01
1.638768004088066448e+02 6.321508039684360369e-01
1.639707092123476855e+02 5.978705828761157193e-01
1.640647829803695856e+02 5.640456939509519430e-01
1.641590195051347223e+02 5.306769310006416163e-01
1.642534165750857369e+02 4.977650771284700681e-01
1.643479719748976606e+02 4.653109047148902278e-01
1.644426834855297841e+02 4.333151753994393118e-01
1.645375488842776974e+02 4.017786400628331478e-01
1.646325659448256715e+02 3.707020388093340557e-01
1.647277324372986129e+02 3.400861009494313691e-01
1.648230461283145587e+02 3.099315449826782753e-01
1.649185047810371998e+02 2.802390785808341889e-01
1.650141061552280632e+02 2.510093985712913423e-01
1.651098480072993766e+02 2.222431909206932232e-01
1.652057280903665912e+02 1.939411307188336764e-01
1.653017441543010762e+02 1.661038821628366691e-01
1.653978939457830961e+02 1.387320985415385621e-01
1.654941752083544202e+02 1.118264222201901248e-01
1.655905856824716125e+02 8.538748462534684336e-02
1.656871231055587259e+02 5.941590623007897420e-02
1.657837852120606499e+02 3.391229653939831223e-02
1.658805697334961167e+02 8.877254075947860201e-03
1.659774743985111058e+02 -1.568863363403139033e-02
1.660744969329319076e+02 -3.978479007448854077e-02
1.661716350598187830e+02 -6.341064975311638818e-02
1.662688864995191409e+02 -8.656565821458883647e-02
1.663662489697211981e+02 -1.092492720535958028e-01
1.664637201855074693e+02 -1.314609589275868018e-01
1.665612978594084268e+02 -1.532001975692622864e-01
1.666589797014561896e+02 -1.744664777988234050e-01
1.667567634192381547e+02 -1.952593005359162248e-01
1.668546467179509989e+02 -2.155781778113770031e-01
1.669526273004543384e+02 -2.354226327786506090e-01
1.670507028673247589e+02 -2.547921997250064408e-01
1.671488711169097030e+02 -2.736864240824630201e-01
1.672471297453815566e+02 -2.921048624384461334e-01
1.673454764467916505e+02 -3.100470825461982827e-01
1.674439089131244316e+02 -3.275126633349358940e-01
1.675424248343516069e+02 -3.445011949197080980e-01
1.676410218984863150e+02 -3.610122786110352422e-01
1.677396977916374112e+02 -3.770455269242596330e-01
1.678384501980638390e+02 -3.926005635886333778e-01
1.679372768002289149e+02 -4.076770235561575362e-01
1.680361752788546141e+02 -4.222745530101406075e-01
1.681351433129762540e+02 -4.363928093735083280e-01
1.682341785799967226e+02 -4.500314613168505673e-01
1.683332787557410199e+02 -4.631901887661626915e-01
1.684324415145110265e+02 -4.758686829104163962e-01
1.685316645291397890e+02 -4.880666462087432933e-01
1.686309454710462319e+02 -4.997837923974586261e-01
1.687302820102899545e+02 -5.110198464967723453e-01
1.688296718156257157e+02 -5.217745448172337319e-01
1.689291125545582304e+02 -5.320476349659166715e-01
1.690286018933968535e+02 -5.418388758523633442e-01
1.691281374973104334e+02 -5.511480376942117232e-01
1.692277170303821094e+02 -5.599749020226276741e-01
1.693273381556639663e+02 -5.683192616873853353e-01
1.694269985352321157e+02 -5.761809208617734157e-01
1.695266958302414082e+02 -5.835596950471568789e-01
1.696264277009802584e+02 -5.904554110773254649e-01
1.697261918069257831e+02 -5.968679071225508892e-01
1.698259858067985704e+02 -6.027970326933882461e-01
1.699258073586175897e+02 -6.082426486442038538e-01
1.700256541197553020e+02 -6.132046271764366452e-01
1.701255237469924566e+02 -6.176828518416144220e-01
1.702254138965732864e+02 -6.216772175440681281e-01
1.703253222242603044e+02 -6.251876305434080905e-01
1.704252463853894710e+02 -6.282140084567195970e-01
1.705251840349251609e+02 -6.307562802604955721e-01
1.706251328275151877e+02 -6.328143862923170104e-01
1.707250904175458572e+02 -6.343882782522243247e-01
1.708250544591970481e+02 -6.354779192038861879e-01
1.709250226064971798e+02 -6.360832835754344217e-01
1.710249925133783506e+02 -6.362043571600857206e-01
1.711249618337313620e+02 -6.358411371164720549e-01
1.712249282214607717e+02 -6.349936319686904085e-01
1.713248893305400031e+02 -6.336618616061251430e-01
1.714248428150662278e+02 -6.318458572829719344e-01
1.715247863293157593e+02 -6.295456616174952558e-01
1.716247175277987083e+02 -6.267613285910442755e-01
1.717246340653143193e+02 -6.234929235467774333e-01
1.718245335970058818e+02 -6.197405231881241150e-01
1.719244137784157260e+02 -6.155042155770011902e-01
1.720242722655403895e+02 -6.107841001317240170e-01
1.721241067148854711e+02 -6.055802876246936250e-01
1.722239147835206836e+02 -5.998929001797819183e-01
1.723236941291349069e+02 -5.937220712694788460e-01
1.724234424100910701e+02 -5.870679457117446987e-01
1.725231572854810622e+02 -5.799306796666314767e-01
1.726228364151808705e+02 -5.723104406325951743e-01
1.727224774599052068e+02 -5.642074074425842412e-01
1.728220780812627595e+02 -5.556217702598260644e-01
1.729216359418107345e+02 -5.465537305733825235e-01
1.730211487051098800e+02 -5.370035011934142233e-01
1.731206140357793402e+02 -5.269713062461676145e-01
1.732200295995513386e+02 -5.164573811687525051e-01
1.733193930633261459e+02 -5.054619727035749577e-01
1.734187020952266494e+02 -4.939853388925818933e-01
1.735179543646530931e+02 -4.820277490711895041e-01
1.736171475423380173e+02 -4.695894838619558698e-01
1.737162793004005152e+02 -4.566708351680119904e-01
1.738153473124012578e+02 -4.432721061661979434e-01
1.739143492533968356e+02 -4.293936112999467980e-01
1.740132827999944141e+02 -4.150356762719304982e-01
1.741121456304062463e+02 -4.001986380363753426e-01
1.742109354245041857e+02 -3.848828447911856188e-01
1.743096498638740854e+02 -3.690886559697617031e-01
1.744082866318702827e+02 -3.528164422325623661e-01
1.745068434136698556e+02 -3.360665854584183876e-01
1.746053178963270511e+02 -3.188394787355370852e-01
1.747037077688275133e+02 -3.011355263523327608e-01
1.748020107221424837e+02 -2.829551437878841114e-01
1.749002244492832006e+02 -2.642987577022140044e-01
1.749983466453546441e+02 -2.451668059262779309e-01
1.750963750076100496e+02 -2.255597374516611353e-01
1.751943072355046525e+02 -2.054780124200803471e-01
1.752921410307498036e+02 -1.849221021125551090e-01
1.753898740973669135e+02 -1.638924889383623906e-01
1.754875041417413115e+02 -1.423896664237034315e-01
1.755850288726760198e+02 -1.204141392001432109e-01
1.756824460014456406e+02 -9.796642299274083143e-02
1.757797532418499316e+02 -7.504704460796673970e-02
1.758769483102675508e+02 -5.165654192132507205e-02
1.759740289257096890e+02 -2.779546386474507358e-02
1.760709928098734167e+02 -3.464370413691852946e-03
1.761678376871953731e+02 2.133616742598576366e-02
1.762645612849050281e+02 4.660556763143119952e-02
1.763611613330780870e+02 7.234323717646873320e-02
1.764576355646896673e+02 9.854857204549460903e-02
1.765539817156676179e+02 1.252209572476630228e-01
1.766501975249456393e+02 1.523597668313243503e-01
1.767462807345162616e+02 1.799643638987120653e-01
1.768422290894838795e+02 2.080341006208676902e-01
1.769380403381177018e+02 2.365683182528997008e-01
1.770337122319045307e+02 2.655663471493667771e-01
1.771292425256016543e+02 2.950275067800660622e-01
1.772246289772893704e+02 3.249511057459493202e-01
1.773198693484236799e+02 3.553364417953801535e-01
1.774149614038889240e+02 3.861828018406043839e-01
1.775099029120500234e+02 4.174894619744833335e-01
1.776046916448050297e+02 4.492556874874864548e-01
1.776993253776373365e+02 4.814807328849326495e-01
1.777938018896678898e+02 5.141638419044767261e-01
1.778881189637073419e+02 5.473042475338836255e-01
1.779822743863080063e+02 5.809011720289944947e-01
1.780762659478159264e+02 6.149538269319947403e-01
1.781700914424226596e+02 6.494614130899378779e-01
1.782637486682169765e+02 6.844231206734541217e-01
1.783572354272366454e+02 7.198381291958071415e-01
1.784505495255200174e+02 7.557056075321071376e-01
1.785436887731574132e+02 7.920247139388258972e-01
1.786366509843425945e+02 8.287945960735889628e-01
1.787294339774240655e+02 8.660143910151205660e-01
1.788220355749561747e+02 9.036832252835260704e-01
1.789144536037504167e+02 9.418002148607946822e-01
1.790066858949261643e+02 9.803644652115259817e-01
1.790987302839617996e+02 1.019375071303951330e+00
1.791905846107454181e+02 1.058831117631140017e+00
1.792822467196254479e+02 1.098731678232507392e+00
1.793737144594614392e+02 1.139075816715550360e+00
1.794649856836743140e+02 1.179862586277788949e+00
1.795560582502969282e+02 1.221091029729027611e+00
1.796469300220242360e+02 1.262760179513801262e+00
1.797375988662634541e+02 1.304869057734048710e+00
1.798280626551841408e+02 1.347416676172144889e+00
1.799183192657681900e+02 1.390402036314004164e+00
1.800083665798594836e+02 1.433824129372560208e+00
1.800982024842138003e+02 1.477681936311430633e+00
1.801878248705482122e+02 1.521974427868830304e+00
1.802772316355908231e+02 1.566700564581751109e+00
1.803664206811297959e+02 1.611859296810298048e+00
1.804553899140628630e+02 1.657449564762369931e+00
1.805441372464463541e+02 1.703470298518542592e+00
1.806326605955441664e+02 1.749920418057119065e+00
1.807209578838767072e+02 1.796798833279535046e+00
1.808090270392695516e+02 1.844104444035910007e+00
1.808968659949021855e+02 1.891836140150854106e+00
1.809844726893564655e+02 1.939992801449587745e+00
1.810718450666649346e+02 1.988573297784114402e+00
1.811589810763591686e+02 2.037576489059883755e+00
1.812458786735178364e+02 2.087001225262419268e+00
1.813325358188147334e+02 2.136846346484386316e+00
1.814189504785666145e+02 2.187110682952805973e+00
1.815051206247808864e+02 2.237793055056446434e+00
1.815910442352032987e+02 2.288892273373605235e+00
1.816767192933652382e+02 2.340407138699934109e+00
1.817621437886312492e+02 2.392336442076604897e+00
1.818473157162461291e+02 2.444678964818738365e+00
1.819322330773819090e+02 2.497433478543928942e+00
1.820168938791848063e+02 2.550598745201085649e+00
1.821012961348221779e+02 2.604173517099564350e+00
1.821854378635287333e+02 2.658156536938310666e+00
1.822693170906534874e+02 2.712546537835514471e+00
1.823529318477057757e+02 2.767342243358228870e+00
1.824362801724015526e+02 2.822542367552376419e+00
1.825193601087094919e+02 2.878145614972936528e+00
1.826021697068968024e+02 2.934150680714303405e+00
1.826847070235751005e+02 2.990556250440974395e+00
1.827669701217458851e+02 3.047361000418320032e+00
1.828489570708460406e+02 3.104563597543695153e+00
1.829306659467932263e+02 3.162162699377745412e+00
1.830120948320309537e+02 3.220156954175845243e+00
1.830932418155735490e+02 3.278545000919880437e+00
1.831741049930510599e+02 3.337325469350151508e+00
1.832546824667539909e+02 3.396496979997550625e+00
1.833349723456777269e+02 3.456058144215955252e+00
1.834149727455670700e+02 3.516007564214760350e+00
1.834946817889601789e+02 3.576343833091716107e+00
1.835740976052330211e+02 3.637065534865975280e+00
1.836532183306429147e+02 3.698171244511250677e+00
1.837320421083724966e+02 3.759659527989338557e+00
1.838105670885731797e+02 3.821528942283705987e+00
1.838887914284085809e+02 3.883778035433376630e+00
1.839667132920978361e+02 3.946405346567050998e+00
1.840443308509586586e+02 4.009409405937313764e+00
1.841216422834501714e+02 4.072788734955178569e+00
1.841986457752157378e+02 4.136541846224774943e+00
1.842753395191255379e+02 4.200667243578234178e+00
1.843517217153189733e+02 4.265163422110859415e+00
1.844277905712468453e+02 4.330028868216372118e+00
1.845035443017135037e+02 4.395262059622456974e+00
1.845789811289187696e+02 4.460861465426537720e+00
1.846540992824994873e+02 4.526825546131613365e+00
1.847288969995712478e+02 4.593152753682479883e+00
1.848033725247696850e+02 4.659841531501989209e+00
1.848775241102916880e+02 4.726890314527592452e+00
1.849513500159363844e+02 4.794297529248133571e+00
1.850248485091460680e+02 4.862061593740680365e+00
1.850980178650467565e+02 4.930180917707714272e+00
1.851708563664886640e+02 4.998653902514423208e+00
1.852433623040866166e+02 5.067478941226225331e+00
1.853155339762601272e+02 5.136654418646513065e+00
1.853873696892731857e+02 5.206178711354501942e+00
1.854588677572742483e+02 5.276050187743342335e+00
1.855300265023356303e+02 5.346267208058472775e+00
1.856008442544928698e+02 5.416828124435999925e+00
1.856713193517840637e+02 5.487731280941474665e+00
1.857414501402887481e+02 5.558975013608666416e+00
1.858112349741667515e+02 5.630557650478651865e+00
1.858806722156968476e+02 5.702477511639084895e+00
1.859497602353150967e+02 5.774732909263553537e+00
1.860184974116532430e+02 5.847322147651238922e+00
1.860868821315765729e+02 5.920243523266693231e+00
1.861549127902219425e+02 5.993495324779805955e+00
1.862225877910353802e+02 6.067075833106024163e+00
1.862899055458095177e+02 6.140983321446608301e+00
1.863568644747208793e+02 6.215216055329202405e+00
1.864234630063670011e+02 6.289772292648583729e+00
1.864896995778032647e+02 6.364650283707440792e+00
1.865555726345795904e+02 6.439848271257554657e+00
1.866210806307769019e+02 6.515364490540930476e+00
1.866862220290434493e+02 6.591197169331270089e+00
1.867509953006308763e+02 6.667344527975595625e+00
1.868153989254300029e+02 6.743804779435928154e+00
1.868794313920066372e+02 6.820576129331287873e+00
1.869430911976369600e+02 6.897656775979784882e+00
1.870063768483428532e+02 6.975044910440901802e+00
1.870692868589269153e+02 7.052738716557982457e+00
1.871318197530072780e+02 7.130736371000780949e+00
1.871939740630523374e+02 7.209036043308291397e+00
1.872557483304151447e+02 7.287635895931753538e+00
1.873171411053676820e+02 7.366534084277667205e+00
1.873781509471348556e+02 7.445728756751201161e+00
1.874387764239282319e+02 7.525218054799546863e+00
1.874990161129798025e+02 7.605000112955575986e+00
1.875588686005752379e+02 7.685073058881682684e+00
1.876183324820870837e+02 7.765435013413556575e+00
1.876774063620078721e+02 7.846084090604492189e+00
1.877360888539826078e+02 7.927018397769483471e+00
1.877943785808415669e+02 8.008236035529707308e+00
1.878522741746323845e+02 8.089735097857138513e+00
1.879097742766523993e+02 8.171513672119189664e+00
1.879668775374802578e+02 8.253569839123649388e+00
1.880235826170079179e+02 8.335901673163753856e+00
1.880798881844717414e+02 8.418507242063288487e+00
1.881357929184840430e+02 8.501384607222044920e+00
1.881912955070638702e+02 8.584531823661214034e+00
1.882463946476678984e+02 8.667946940069075623e+00
1.883010890472210406e+02 8.751627998846851497e+00
1.883553774221466313e+02 8.835573036154476867e+00
1.884092584983967527e+02 8.919780081956911744e+00
1.884627310114819636e+02 9.004247160070194766e+00
1.885157937065010572e+02 9.088972288207889605e+00
1.885684453381705907e+02 9.173953478027639719e+00
1.886206846708539047e+02 9.259188735177758645e+00
1.886725104785902545e+02 9.344676059344060093e+00
1.887239215451236305e+02 9.430413444296863901e+00
1.887749166639311511e+02 9.516398877937954026e+00
1.888254946382515413e+02 9.602630342347939774e+00
1.888756542811130430e+02 9.689105813833489123e+00
1.889253944153614952e+02 9.775823262974896011e+00
1.889747138736876764e+02 9.862780654673681369e+00
1.890236114986549296e+02 9.949975948200341591e+00
1.890720861427263060e+02 1.003740709724230662e+01
1.891201366682913374e+02 1.012507204995186072e+01
1.891677619476928669e+02 1.021296874899435103e+01
1.892149608632535092e+02 1.030109513159651158e+01
1.892617323073018269e+02 1.038944912959478373e+01
1.893080751821983654e+02 1.047802866948388889e+01
1.893539884003613452e+02 1.056683167246555044e+01
1.893994708842922989e+02 1.065585605449715878e+01
1.894445215666013098e+02 1.074509972634080945e+01
1.894891393900319656e+02 1.083456059361222401e+01
1.895333233074863415e+02 1.092423655682996753e+01
1.895770722820494143e+02 1.101412551146469454e+01
1.896203852870134767e+02 1.110422534798853178e+01
1.896632613059022958e+02 1.119453395192464207e+01
1.897056993324948166e+02 1.128504920389675981e+01
1.897476983708488945e+02 1.137576897967896450e+01
1.897892574353246005e+02 1.146669115024559460e+01
1.898303755506074140e+02 1.155781358182110452e+01
1.898710517517310450e+02 1.164913413593018809e+01
1.899112850841001432e+02 1.174065066944802815e+01
1.899510746035126374e+02 1.183236103465045552e+01
1.899904193761819613e+02 1.192426307926450590e+01
1.900293184787589098e+02 1.201635464651879381e+01
1.900677709983533532e+02 1.210863357519421157e+01
1.901057760325556387e+02 1.220109769967461943e+01
1.901433326894577078e+02 1.229374484999765826e+01
1.901804400876741852e+02 1.238657285190574342e+01
1.902170973563629275e+02 1.247957952689698047e+01
1.902533036352454587e+02 1.257276269227635979e+01
1.902890580746272633e+02 1.266612016120700268e+01
1.903243598354176527e+02 1.275964974276140929e+01
1.903592080891494334e+02 1.285334924197290896e+01
1.903936020179984325e+02 1.294721645988722969e+01
1.904275408148025690e+02 1.304124919361398227e+01
1.904610236830809811e+02 1.313544523637849615e+01
1.904940498370525575e+02 1.322980237757348476e+01
1.905266185016543545e+02 1.332431840281100044e+01
1.905587289125599568e+02 1.341899109397437684e+01
1.905903803161973258e+02 1.351381822927027088e+01
1.906215719697663644e+02 1.360879758328087519e+01
1.906523031412565956e+02 1.370392692701603465e+01
1.906825731094641299e+02 1.379920402796561341e+01
1.907123811640086615e+02 1.389462665015193821e+01
1.907417266053501521e+02 1.399019255418217078e+01
1.907706087448053154e+02 1.408589949730090929e+01
1.907990269045635898e+02 1.418174523344288041e+01
1.908269804177032540e+02 1.427772751328552303e+01
1.908544686282069449e+02 1.437384408430191485e+01
1.908814908909770622e+02 1.447009269081352123e+01
1.909080465718510027e+02 1.456647107404319108e+01
1.909341350476159391e+02 1.466297697216815266e+01
1.909597557060235147e+02 1.475960812037308401e+01
1.909849079458041388e+02 1.485636225090331664e+01
1.910095911766811980e+02 1.495323709311797344e+01
1.910338048193847840e+02 1.505023037354328608e+01
1.910575483056653923e+02 1.514733981592601708e+01
1.910808210783072809e+02 1.524456314128677548e+01
1.911036225911413453e+02 1.534189806797353484e+01
1.911259523090582491e+02 1.543934231171525617e+01
1.911478097080206737e+02 1.553689358567535095e+01
1.911691942750758244e+02 1.563454960050552600e+01
1.911901055083673668e+02 1.573230806439928209e+01
1.912105429171472792e+02 1.583016668314595599e+01
1.912305060217872779e+02 1.592812316018436647e+01
1.912499943537901288e+02 1.602617519665677293e+01
1.912690074558006756e+02 1.612432049146289259e+01
1.912875448816164976e+02 1.622255674131378456e+01
1.913056061961984256e+02 1.632088164078595582e+01
1.913231909756807454e+02 1.641929288237553308e+01
1.913402988073811457e+02 1.651778815655229238e+01
1.913569292898103527e+02 1.661636515181392326e+01
1.913730820326816797e+02 1.671502155474032492e+01
1.913887566569200658e+02 1.681375505004777438e+01
1.914039527946709711e+02 1.691256332064342160e+01
1.914186700893091313e+02 1.701144404767945417e+01
1.914329081954467711e+02 1.711039491060775930e+01
1.914466667789418750e+02 1.720941358723420578e+01
1.914599455169058047e+02 1.730849775377318878e+01
1.914727440977111428e+02 1.740764508490223861e+01
1.914850622209987989e+02 1.750685325381646607e+01
1.914968995976851716e+02 1.760611993228323513e+01
1.915082559499688557e+02 1.770544279069685700e+01
1.915191310113372367e+02 1.780481949813314912e+01
1.915295245265726862e+02 1.790424772240417894e+01
1.915394362517586160e+02 1.800372513011307873e+01
1.915488659542850769e+02 1.810324938670865436e+01
1.915578134128544150e+02 1.820281815654035285e+01
1.915662784174862452e+02 1.830242910291284630e+01
1.915742607695225672e+02 1.840207988814112383e+01
1.915817602816322562e+02 1.850176817360516424e+01
1.915887767778156672e+02 1.860149161980488230e+01
1.915953100934085569e+02 1.870124788641509284e+01
1.916013600750860633e+02 1.880103463234031835e+01
1.916069265808663147e+02 1.890084951576978867e+01
1.916120094801136418e+02 1.900069019423245464e+01
1.916166086535418174e+02 1.910055432465184566e+01
1.916207239932167283e+02 1.920043956340112601e+01
1.916243554025589333e+02 1.930034356635812998e+01
1.916275027963459365e+02 1.940026398896028326e+01
1.916301661007142911e+02 1.950019848625969487e+01
1.916323452531610769e+02 1.960014471297813188e+01
1.916340402025456626e+02 1.970010032356216811e+01
1.916352509090906722e+02 1.980006297223809142e+01
1.916359773443830932e+02 1.990003031306701331e+01
1.916362194913748169e+02 1.999999999999999645e+01
