8.404692309898095459e+01 1.990000000000000000e+02
8.404670612638327043e+01 1.991000052722131102e+02
8.404605521267549761e+01 1.992000086614500276e+02
8.404497037011356042e+01 1.993000082847700298e+02
8.404345161912370088e+01 1.994000022593032782e+02
8.404149898830213772e+01 1.994999887022863447e+02
8.403911251441449792e+01 1.995999657310975124e+02
8.403629224239516304e+01 1.996999314632924154e+02
8.403303822534637391e+01 1.997998840166393393e+02
8.402935052453726428e+01 1.998998215091547763e+02
8.402522920940270978e+01 1.999997420591386685e+02
8.402067435754197788e+01 2.000996437852101337e+02
8.401568605471736362e+01 2.001995248063425379e+02
8.401026439485242747e+01 2.002993832418992781e+02
8.400440948003038955e+01 2.003992172116688550e+02
8.399812142049205477e+01 2.004990248359005136e+02
8.399140033463388022e+01 2.005988042353395429e+02
8.398424634900560193e+01 2.006985535312626610e+02
8.397665959830798954e+01 2.007982708455133718e+02
8.396864022539021732e+01 2.008979543005374353e+02
8.396018838124720673e+01 2.009976020194180535e+02
8.395130422501677003e+01 2.010972121259113123e+02
8.394198792397665443e+01 2.011967827444815384e+02
8.393223965354131622e+01 2.012963120003365134e+02
8.392205959725870912e+01 2.013957980194628590e+02
8.391144794680676000e+01 2.014952389286613084e+02
8.390040490198977352e+01 2.015946328555818923e+02
8.388893067073470888e+01 2.016939779287593524e+02
8.387702546908720080e+01 2.017932722776481853e+02
8.386468952120755205e+01 2.018925140326580276e+02
8.385192305936648438e+01 2.019917013251888136e+02
8.383872632394074742e+01 2.020908322876658758e+02
8.382509956340864221e+01 2.021899050535752167e+02
8.381104303434528902e+01 2.022889177574986093e+02
8.379655700141782404e+01 2.023878685351486695e+02
8.378164173738042564e+01 2.024867555234040424e+02
8.376629752306914156e+01 2.025855768603444744e+02
8.375052464739667357e+01 2.026843306852858291e+02
8.373432340734682100e+01 2.027830151388151307e+02
8.371769410796902378e+01 2.028816283628255519e+02
8.370063706237249335e+01 2.029801685005514855e+02
8.368315259172044307e+01 2.030786336966033900e+02
8.366524102522389228e+01 2.031770220970028618e+02
8.364690270013561246e+01 2.032753318492173946e+02
8.362813796174368974e+01 2.033735611021953673e+02
8.360894716336505894e+01 2.034717080064008314e+02
8.358933066633882447e+01 2.035697707138483850e+02
8.356928884001948177e+01 2.036677473781379604e+02
8.354882206176996817e+01 2.037656361544895560e+02
8.352793071695451488e+01 2.038634351997779959e+02
8.350661519893142781e+01 2.039611426725676040e+02
8.348487590904566957e+01 2.040587567331469643e+02
8.346271325662132767e+01 2.041562755435634244e+02
8.344012765895386963e+01 2.042536972676578557e+02
8.341711954130229856e+01 2.043510200710990716e+02
8.339368933688112406e+01 2.044482421214184740e+02
8.336983748685230466e+01 2.045453615880445284e+02
8.334556444031677813e+01 2.046423766423372115e+02
8.332087065430616235e+01 2.047392854576224295e+02
8.329575659377402985e+01 2.048360862092265222e+02
8.327022273158725341e+01 2.049327770745104544e+02
8.324426954851701055e+01 2.050293562329042061e+02
8.321789753322981653e+01 2.051258218659411625e+02
8.319110718227824464e+01 2.052221721572921354e+02
8.316389900009161806e+01 2.053184052927997527e+02
8.313627349896654550e+01 2.054145194605125084e+02
8.310823119905720091e+01 2.055105128507188965e+02
8.307977262836557486e+01 2.056063836559816025e+02
8.305089832273151274e+01 2.057021300711712968e+02
8.302160882582268187e+01 2.057977502935008545e+02
8.299190468912422602e+01 2.058932425225591771e+02
8.296178647192850519e+01 2.059886049603450999e+02
8.293125474132446584e+01 2.060838358113013555e+02
8.290031007218701120e+01 2.061789332823481686e+02
8.286895304716618682e+01 2.062738955829172198e+02
8.283718425667618135e+01 2.063687209249852970e+02
8.280500429888419944e+01 2.064634075231079180e+02
8.277241377969924940e+01 2.065579535944529539e+02
8.273941331276068922e+01 2.066523573588342799e+02
8.270600351942671580e+01 2.067466170387451996e+02
8.267218502876258412e+01 2.068407308593919254e+02
8.263795847752886914e+01 2.069346970487270880e+02
8.260332451016941491e+01 2.070285138374829899e+02
8.256828377879915593e+01 2.071221794592049719e+02
8.253283694319198105e+01 2.072156921502846672e+02
8.249698467076814268e+01 2.073090501499931690e+02
8.246072763658182225e+01 2.074022517005142845e+02
8.242406652330835470e+01 2.074952950469775033e+02
8.238700202123135341e+01 2.075881784374911376e+02
8.234953482822979254e+01 2.076809001231752916e+02
8.231166564976480515e+01 2.077734583581947447e+02
8.227339519886639607e+01 2.078658513997918078e+02
8.223472419612005524e+01 2.079580775083192634e+02
8.219565336965317215e+01 2.080501349472730226e+02
8.215618345512132237e+01 2.081420219833247529e+02
8.211631519569441195e+01 2.082337368863547056e+02
8.207604934204269398e+01 2.083252779294841446e+02
8.203538665232262872e+01 2.084166433891078896e+02
8.199432789216263018e+01 2.085078315449267734e+02
8.195287383464859943e+01 2.085988406799800714e+02
8.191102526030942954e+01 2.086896690806777883e+02
8.186878295710225473e+01 2.087803150368329455e+02
8.182614772039767104e+01 2.088707768416937256e+02
8.178312035296470128e+01 2.089610527919757033e+02
8.173970166495570311e+01 2.090511411878938475e+02
8.169589247389113496e+01 2.091410403331945247e+02
8.165169360464416570e+01 2.092307485351875300e+02
8.160710588942507115e+01 2.093202641047777774e+02
8.156213016776567315e+01 2.094095853564973027e+02
8.151676728650343762e+01 2.094987106085368680e+02
8.147101809976560105e+01 2.095876381827776527e+02
8.142488346895302698e+01 2.096763664048229145e+02
8.137836426272403401e+01 2.097648936040294529e+02
8.133146135697802492e+01 2.098532181135390147e+02
8.128417563483897368e+01 2.099413382703098421e+02
8.123650798663884132e+01 2.100292524151478517e+02
8.118845930990076454e+01 2.101169588927378413e+02
8.114003050932220162e+01 2.102044560516748390e+02
8.109122249675783678e+01 2.102917422444950546e+02
8.104203619120249869e+01 2.103788158277068305e+02
8.099247251877375220e+01 2.104656751618218493e+02
8.094253241269456112e+01 2.105523186113857150e+02
8.089221681327566671e+01 2.106387445450089331e+02
8.084152666789785258e+01 2.107249513353975203e+02
8.079046293099419529e+01 2.108109373593837574e+02
8.073902656403198819e+01 2.108967009979566001e+02
8.068721853549472200e+01 2.109822406362923459e+02
8.063503982086379551e+01 2.110675546637848470e+02
8.058249140260019772e+01 2.111526414740759776e+02
8.052957427012596270e+01 2.112374994650858469e+02
8.047628941980555339e+01 2.113221270390429254e+02
8.042263785492713168e+01 2.114065226025141158e+02
8.036862058568362954e+01 2.114906845664348793e+02
8.031423862915372069e+01 2.115746113461390223e+02
8.025949300928273544e+01 2.116583013613885669e+02
8.020438475686330548e+01 2.117417530364035088e+02
8.014891490951599451e+01 2.118249647998915748e+02
8.009308451166975829e+01 2.119079350850776393e+02
8.003689461454226262e+01 2.119906623297333681e+02
7.998034627612013026e+01 2.120731449762065779e+02
7.992344056113894624e+01 2.121553814714505108e+02
7.986617854106330583e+01 2.122373702670532225e+02
7.980856129406654986e+01 2.123191098192666004e+02
7.975058990501054268e+01 2.124005985890354395e+02
7.969226546542516587e+01 2.124818350420265745e+02
7.963358907348785465e+01 2.125628176486575285e+02
7.957456183400282157e+01 2.126435448841255322e+02
7.951518485838036554e+01 2.127240152284360590e+02
7.945545926461582553e+01 2.128042271664315876e+02
7.939538617726863379e+01 2.128841791878200809e+02
7.933496672744109901e+01 2.129638697872033219e+02
7.927420205275707588e+01 2.130432974641054784e+02
7.921309329734060611e+01 2.131224607230010974e+02
7.915164161179433222e+01 2.132013580733434992e+02
7.908984815317788275e+01 2.132799880295926300e+02
7.902771408498600181e+01 2.133583491112432569e+02
7.896524057712672118e+01 2.134364398428525931e+02
7.890242880589930508e+01 2.135142587540683223e+02
7.883927995397209543e+01 2.135918043796561108e+02
7.877579521036025767e+01 2.136690752595272897e+02
7.871197577040335602e+01 2.137460699387662828e+02
7.864782283574291455e+01 2.138227869676580326e+02
7.858333761429972242e+01 2.138992249017153426e+02
7.851852132025113917e+01 2.139753823017059631e+02
7.845337517400818683e+01 2.140512577336798188e+02
7.838790040219262778e+01 2.141268497689958963e+02
7.832209823761382950e+01 2.142021569843492159e+02
7.825596991924555823e+01 2.142771779617976051e+02
7.818951669220265899e+01 2.143519112887883864e+02
7.812273980771759341e+01 2.144263555581850085e+02
7.805564052311692080e+01 2.145005093682934785e+02
7.798822010179758024e+01 2.145743713228888510e+02
7.792047981320311578e+01 2.146479400312414327e+02
7.785242093279980224e+01 2.147212141081429593e+02
7.778404474205257202e+01 2.147941921739327995e+02
7.771535252840092767e+01 2.148668728545237627e+02
7.764634558523474084e+01 2.149392547814280761e+02
7.757702521186979538e+01 2.150113365917831914e+02
7.750739271352338733e+01 2.150831169283773079e+02
7.743744940128978271e+01 2.151545944396750656e+02
7.736719659211544808e+01 2.152257677798428688e+02
7.729663560877432360e+01 2.152966356087743236e+02
7.722576777984285457e+01 2.153671965921154481e+02
7.715459443967506559e+01 2.154374494012897685e+02
7.708311692837732210e+01 2.155073927135233873e+02
7.701133659178319135e+01 2.155770252118697954e+02
7.693925478142809027e+01 2.156463455852347408e+02
7.686687285452374852e+01 2.157153525284009277e+02
7.679419217393278529e+01 2.157840447420525720e+02
7.672121410814295928e+01 2.158524209327997880e+02
7.664794003124143273e+01 2.159204798132031158e+02
7.657437132288885095e+01 2.159882201017975945e+02
7.650050936829347847e+01 2.160556405231169208e+02
7.642635555818500848e+01 2.161227398077176076e+02
7.635191128878838640e+01 2.161895166922026590e+02
7.627717796179760512e+01 2.162559699192455582e+02
7.620215698434923013e+01 2.163220982376138295e+02
7.612684976899591049e+01 2.163879004021926278e+02
7.605125773367983300e+01 2.164533751740081868e+02
7.597538230170597728e+01 2.165185213202511250e+02
7.589922490171534264e+01 2.165833376142997224e+02
7.582278696765803261e+01 2.166478228357429145e+02
7.574606993876628280e+01 2.167119757704033702e+02
7.566907525952728975e+01 2.167757952103602577e+02
7.559180437965611077e+01 2.168392799539720954e+02
7.551425875406832233e+01 2.169024288058993193e+02
7.543643984285259307e+01 2.169652405771267070e+02
7.535834911124324265e+01 2.170277140849860018e+02
7.527998802959264424e+01 2.170898481531778828e+02
7.520135807334349920e+01 2.171516416117943322e+02
7.512246072300111166e+01 2.172130932973406061e+02
7.504329746410547841e+01 2.172742020527570617e+02
7.496386978720333616e+01 2.173349667274410990e+02
7.488417918782008087e+01 2.173953861772686480e+02
7.480422716643160186e+01 2.174554592646158255e+02
7.472401522843605903e+01 2.175151848583803655e+02
7.464354488412553223e+01 2.175745618340028216e+02
7.456281764865754269e+01 2.176335890734878546e+02
7.448183504202657446e+01 2.176922654654251801e+02
7.440059858903545376e+01 2.177505899050105427e+02
7.431910981926658621e+01 2.178085612940665499e+02
7.423737026705322251e+01 2.178661785410633058e+02
7.415538147145051084e+01 2.179234405611389320e+02
7.407314497620656368e+01 2.179803462761201160e+02
7.399066232973338231e+01 2.180368946145422626e+02
7.390793508507765353e+01 2.180930845116697583e+02
7.382496479989158900e+01 2.181489149095160087e+02
7.374175303640352297e+01 2.182043847568633055e+02
7.365830136138856687e+01 2.182594930092827212e+02
7.357461134613902232e+01 2.183142386291537207e+02
7.349068456643489355e+01 2.183686205856836295e+02
7.340652260251411576e+01 2.184226378549271317e+02
7.332212703904291118e+01 2.184762894198055676e+02
7.323749946508584685e+01 2.185295742701259485e+02
7.315264147407597761e+01 2.185824914026001977e+02
7.306755466378484698e+01 2.186350398208637955e+02
7.298224063629234593e+01 2.186872185354947078e+02
7.289670099795661429e+01 2.187390265640319740e+02
7.281093735938375744e+01 2.187904629309941811e+02
7.272495133539752032e+01 2.188415266678978526e+02
7.263874454500893307e+01 2.188922168132756667e+02
7.255231861138571503e+01 2.189425324126945611e+02
7.246567516182184931e+01 2.189924725187737522e+02
7.237881582770684474e+01 2.190420361912024987e+02
7.229174224449504038e+01 2.190912224967578368e+02
7.220445605167485326e+01 2.191400305093222016e+02
7.211695889273784132e+01 2.191884593099007645e+02
7.202925241514783750e+01 2.192365079866388555e+02
7.194133827030985628e+01 2.192841756348389879e+02
7.185321811353902888e+01 2.193314613569780249e+02
7.176489360402945294e+01 2.193783642627240340e+02
7.167636640482292876e+01 2.194248834689530270e+02
7.158763818277766688e+01 2.194710180997655868e+02
7.149871060853686799e+01 2.195167672865034376e+02
7.140958535649730266e+01 2.195621301677656731e+02
7.132026410477777745e+01 2.196071058894250712e+02
7.123074853518753002e+01 2.196516936046441515e+02
7.114104033319452469e+01 2.196958924738911492e+02
7.105114118789384747e+01 2.197397016649557031e+02
7.096105279197570326e+01 2.197831203529646871e+02
7.087077684169371139e+01 2.198261477203976710e+02
7.078031503683293124e+01 2.198687829571022689e+02
7.068966908067778832e+01 2.199110252603094295e+02
7.059884067998007140e+01 2.199528738346485852e+02
7.050783154492677340e+01 2.199943278921626302e+02
7.041664338910788956e+01 2.200353866523226145e+02
7.032527792948414458e+01 2.200760493420426940e+02
7.023373688635471979e+01 2.201163151956943977e+02
7.014202198332475291e+01 2.201561834551213224e+02
7.005013494727300838e+01 2.201956533696531721e+02
6.995807750831927763e+01 2.202347241961200552e+02
6.986585139979180781e+01 2.202733951988664103e+02
6.977345835819473052e+01 2.203116656497647909e+02
6.968090012317530579e+01 2.203495348282297925e+02
6.958817843749115184e+01 2.203870020212313534e+02
6.949529504697750326e+01 2.204240665233083405e+02
6.940225170051427028e+01 2.204607276365818223e+02
6.930905014999316904e+01 2.204969846707681427e+02
6.921569215028466715e+01 2.205328369431919668e+02
6.912217945920498607e+01 2.205682837787991559e+02
6.902851383748300407e+01 2.206033245101694149e+02
6.893469704872710224e+01 2.206379584775288833e+02
6.884073085939193959e+01 2.206721850287625841e+02
6.874661703874519958e+01 2.207060035194267016e+02
6.865235735883427992e+01 2.207394133127606892e+02
6.855795359445296810e+01 2.207724137796992636e+02
6.846340752310791800e+01 2.208050042988841994e+02
6.836872092498531117e+01 2.208371842566761813e+02
6.827389558291723404e+01 2.208689530471662010e+02
6.817893328234815442e+01 2.209003100721870112e+02
6.808383581130134132e+01 2.209312547413244658e+02
6.798860496034511414e+01 2.209617864719285194e+02
6.789324252255916292e+01 2.209919046891242260e+02
6.779775029350085447e+01 2.210216088258226819e+02
6.770213007117129678e+01 2.210508983227315127e+02
6.760638365598160249e+01 2.210797726283655606e+02
6.751051285071891073e+01 2.211082311990572009e+02
6.741451946051249422e+01 2.211362734989665455e+02
6.731840529279975271e+01 2.211638990000916181e+02
6.722217215729213535e+01 2.211911071822782446e+02
6.712582186594116251e+01 2.212178975332298023e+02
6.702935623290422029e+01 2.212442695485170248e+02
6.693277707451045444e+01 2.212702227315872392e+02
6.683608620922652221e+01 2.212957565937740299e+02
6.673928545762244369e+01 2.213208706543061624e+02
6.664237664233721148e+01 2.213455644403167923e+02
6.654536158804452839e+01 2.213698374868523047e+02
6.644824212141847397e+01 2.213936893368811241e+02
6.635102007109907163e+01 2.214171195413022986e+02
6.625369726765785572e+01 2.214401276589538838e+02
6.615627554356343865e+01 2.214627132566213277e+02
6.605875673314696428e+01 2.214848759090456838e+02
6.596114267256760400e+01 2.215066151989314278e+02
6.586343519977799588e+01 2.215279307169545007e+02
6.576563615448955602e+01 2.215488220617699824e+02
6.566774737813797458e+01 2.215692888400194818e+02
6.556977071384839917e+01 2.215893306663388103e+02
6.547170800640083144e+01 2.216089471633650589e+02
6.537356110219536731e+01 2.216281379617436755e+02
6.527533184921739462e+01 2.216469027001355983e+02
6.517702209700286176e+01 2.216652410252238781e+02
6.507863369660340425e+01 2.216831525917204431e+02
6.498016850055147131e+01 2.217006370623724933e+02
6.488162836282555190e+01 2.217176941079690096e+02
6.478301513881511653e+01 2.217343234073468352e+02
6.468433068528584329e+01 2.217505246473966736e+02
6.458557686034448864e+01 2.217662975230691416e+02
6.448675552340404238e+01 2.217816417373804256e+02
6.438786853514865527e+01 2.217965570014178240e+02
6.428891775749860926e+01 2.218110430343452890e+02
6.418990505357523091e+01 2.218250995634086280e+02
6.409083228766589002e+01 2.218387263239407616e+02
6.399170132518882781e+01 2.218519230593664702e+02
6.389251403265804186e+01 2.218646895212075378e+02
6.379327227764818531e+01 2.218770254690871866e+02
6.369397792875933817e+01 2.218889306707347089e+02
6.359463285558189938e+01 2.219004049019897593e+02
6.349523892866130126e+01 2.219114479468067600e+02
6.339579801946286608e+01 2.219220595972587091e+02
6.329631200033650629e+01 2.219322396535413304e+02
6.319678274448152422e+01 2.219419879239766544e+02
6.309721212591131234e+01 2.219513042250167700e+02
6.299760201941803928e+01 2.219601883812472067e+02
6.289795430053743530e+01 2.219686402253902315e+02
6.279827084551338601e+01 2.219766595983080038e+02
6.269855353126265385e+01 2.219842463490056161e+02
6.259880423533954286e+01 2.219914003346338802e+02
6.249902483590050650e+01 2.219981214204920548e+02
6.239921721166884794e+01 2.220044094800303753e+02
6.229938324189927101e+01 2.220102643948524417e+02
6.219952480634255210e+01 2.220156860547173494e+02
6.209964378521012662e+01 2.220206743575419921e+02
6.199974205913868275e+01 2.220252292094027098e+02
6.189982150915476922e+01 2.220293505245372501e+02
6.179988401663935349e+01 2.220330382253463597e+02
6.169993146329240830e+01 2.220362922423951773e+02
6.159996573109750528e+01 2.220391125144145121e+02
6.149998870228633052e+01 2.220414989883021235e+02
6.140000225930329236e+01 2.220434516191236867e+02
6.130000828477003694e+01 2.220449703701135604e+02
6.120000866145003471e+01 2.220460552126754976e+02
6.110000527221311017e+01 2.220467061263832704e+02
6.100000000000000000e+01 2.220469230989809546e+02
6.089999472778689693e+01 2.220467061263832704e+02
6.079999133854996529e+01 2.220460552126754976e+02
6.069999171522996306e+01 2.220449703701135604e+02
6.059999774069671474e+01 2.220434516191236867e+02
6.050001129771367658e+01 2.220414989883021235e+02
6.040003426890249472e+01 2.220391125144145121e+02
6.030006853670759170e+01 2.220362922423951773e+02
6.020011598336065362e+01 2.220330382253463597e+02
6.010017849084523078e+01 2.220293505245372501e+02
6.000025794086131725e+01 2.220252292094027098e+02
5.990035621478988048e+01 2.220206743575419921e+02
5.980047519365745501e+01 2.220156860547173494e+02
5.970061675810072899e+01 2.220102643948524417e+02
5.960078278833115206e+01 2.220044094800303753e+02
5.950097516409949350e+01 2.219981214204920548e+02
5.940119576466045714e+01 2.219914003346338802e+02
5.930144646873734615e+01 2.219842463490056161e+02
5.920172915448662110e+01 2.219766595983080038e+02
5.910204569946257180e+01 2.219686402253902315e+02
5.900239798058195362e+01 2.219601883812472067e+02
5.890278787408869476e+01 2.219513042250167700e+02
5.880321725551847578e+01 2.219419879239766544e+02
5.870368799966349371e+01 2.219322396535413304e+02
5.860420198053714103e+01 2.219220595972587091e+02
5.850476107133869874e+01 2.219114479468067600e+02
5.840536714441810773e+01 2.219004049019897593e+02
5.830602207124066183e+01 2.218889306707347089e+02
5.820672772235182180e+01 2.218770254690871866e+02
5.810748596734195814e+01 2.218646895212075378e+02
5.800829867481118640e+01 2.218519230593664702e+02
5.790916771233410998e+01 2.218387263239407616e+02
5.781009494642476909e+01 2.218250995634086280e+02
5.771108224250140495e+01 2.218110430343452890e+02
5.761213146485133763e+01 2.217965570014178240e+02
5.751324447659595762e+01 2.217816417373804256e+02
5.741442313965551847e+01 2.217662975230691416e+02
5.731566931471417092e+01 2.217505246473966736e+02
5.721698486118487637e+01 2.217343234073468352e+02
5.711837163717445520e+01 2.217176941079690096e+02
5.701983149944852869e+01 2.217006370623724933e+02
5.692136630339660286e+01 2.216831525917204431e+02
5.682297790299713824e+01 2.216652410252238781e+02
5.672466815078259827e+01 2.216469027001355983e+02
5.662643889780463979e+01 2.216281379617436755e+02
5.652829199359916146e+01 2.216089471633650589e+02
5.643022928615160083e+01 2.215893306663388103e+02
5.633225262186203253e+01 2.215692888400194818e+02
5.623436384551043687e+01 2.215488220617699540e+02
5.613656480022201123e+01 2.215279307169545007e+02
5.603885732743239600e+01 2.215066151989314278e+02
5.594124326685304993e+01 2.214848759090456838e+02
5.584372445643656135e+01 2.214627132566213277e+02
5.574630273234214428e+01 2.214401276589538838e+02
5.564897992890092837e+01 2.214171195413022986e+02
5.555175787858152603e+01 2.213936893368811241e+02
5.545463841195547161e+01 2.213698374868523047e+02
5.535762335766279563e+01 2.213455644403167923e+02
5.526071454237755631e+01 2.213208706543061624e+02
5.516391379077347779e+01 2.212957565937740299e+02
5.506722292548955267e+01 2.212702227315872392e+02
5.497064376709578681e+01 2.212442695485170248e+02
5.487417813405884459e+01 2.212178975332298023e+02
5.477782784270786465e+01 2.211911071822782446e+02
5.468159470720025439e+01 2.211638990000916181e+02
5.458548053948750578e+01 2.211362734989665455e+02
5.448948714928108927e+01 2.211082311990572009e+02
5.439361634401840462e+01 2.210797726283655606e+02
5.429786992882871033e+01 2.210508983227315127e+02
5.420224970649915974e+01 2.210216088258226819e+02
5.410675747744082997e+01 2.209919046891242260e+02
5.401139503965489297e+01 2.209617864719285194e+02
5.391616418869865868e+01 2.209312547413244658e+02
5.382106671765183847e+01 2.209003100721870112e+02
5.372610441708277307e+01 2.208689530471662010e+02
5.363127907501469593e+01 2.208371842566761813e+02
5.353659247689208200e+01 2.208050042988841994e+02
5.344204640554703190e+01 2.207724137796992636e+02
5.334764264116572008e+01 2.207394133127606892e+02
5.325338296125481463e+01 2.207060035194267016e+02
5.315926914060806041e+01 2.206721850287625841e+02
5.306530295127289776e+01 2.206379584775288833e+02
5.297148616251700304e+01 2.206033245101694149e+02
5.287782054079502814e+01 2.205682837787991559e+02
5.278430784971533996e+01 2.205328369431919668e+02
5.269094985000683096e+01 2.204969846707681427e+02
5.259774829948572972e+01 2.204607276365818223e+02
5.250470495302249674e+01 2.204240665233083405e+02
5.241182156250884816e+01 2.203870020212313534e+02
5.231909987682470131e+01 2.203495348282297925e+02
5.222654164180526948e+01 2.203116656497647909e+02
5.213414860020819219e+01 2.202733951988664103e+02
5.204192249168072237e+01 2.202347241961200552e+02
5.194986505272699162e+01 2.201956533696531721e+02
5.185797801667524709e+01 2.201561834551213224e+02
5.176626311364528021e+01 2.201163151956943977e+02
5.167472207051585542e+01 2.200760493420426940e+02
5.158335661089211754e+01 2.200353866523226429e+02
5.149216845507322660e+01 2.199943278921626302e+02
5.140115932001992860e+01 2.199528738346486136e+02
5.131033091932221168e+01 2.199110252603094295e+02
5.121968496316706876e+01 2.198687829571022689e+02
5.112922315830628150e+01 2.198261477203976710e+02
5.103894720802430385e+01 2.197831203529646871e+02
5.094885881210616674e+01 2.197397016649557031e+02
5.085895966680546110e+01 2.196958924738911492e+02
5.076925146481248419e+01 2.196516936046441515e+02
5.067973589522222255e+01 2.196071058894250712e+02
5.059041464350270445e+01 2.195621301677656731e+02
5.050128939146313201e+01 2.195167672865034376e+02
5.041236181722234733e+01 2.194710180997656153e+02
5.032363359517707835e+01 2.194248834689530270e+02
5.023510639597055416e+01 2.193783642627240340e+02
5.014678188646097112e+01 2.193314613569780249e+02
5.005866172969015793e+01 2.192841756348389879e+02
4.997074758485216250e+01 2.192365079866388555e+02
4.988304110726215868e+01 2.191884593099007645e+02
4.979554394832514674e+01 2.191400305093222016e+02
4.970825775550495962e+01 2.190912224967578368e+02
4.962118417229315526e+01 2.190420361912024987e+02
4.953432483817814358e+01 2.189924725187737522e+02
4.944768138861428497e+01 2.189425324126945611e+02
4.936125545499107403e+01 2.188922168132756667e+02
4.927504866460247257e+01 2.188415266678978526e+02
4.918906264061624967e+01 2.187904629309941811e+02
4.910329900204339992e+01 2.187390265640320024e+02
4.901775936370765407e+01 2.186872185354947078e+02
4.893244533621516013e+01 2.186350398208637955e+02
4.884735852592402239e+01 2.185824914026001977e+02
4.876250053491416026e+01 2.185295742701259769e+02
4.867787296095708882e+01 2.184762894198055392e+02
4.859347739748588424e+01 2.184226378549271317e+02
4.850931543356511355e+01 2.183686205856836295e+02
4.842538865386097768e+01 2.183142386291537207e+02
4.834169863861143313e+01 2.182594930092827497e+02
4.825824696359646993e+01 2.182043847568633055e+02
4.817503520010842522e+01 2.181489149095160087e+02
4.809206491492234647e+01 2.180930845116697583e+02
4.800933767026662480e+01 2.180368946145422626e+02
4.792685502379343632e+01 2.179803462761201160e+02
4.784461852854949626e+01 2.179234405611389604e+02
4.776262973294677749e+01 2.178661785410633058e+02
4.768089018073341379e+01 2.178085612940665499e+02
4.759940141096454624e+01 2.177505899050105427e+02
4.751816495797342554e+01 2.176922654654251801e+02
4.743718235134246441e+01 2.176335890734878546e+02
4.735645511587448198e+01 2.175745618340028216e+02
4.727598477156394807e+01 2.175151848583803655e+02
4.719577283356840525e+01 2.174554592646158255e+02
4.711582081217992624e+01 2.173953861772686480e+02
4.703613021279666384e+01 2.173349667274410990e+02
4.695670253589452159e+01 2.172742020527570617e+02
4.687753927699888834e+01 2.172130932973406061e+02
4.679864192665650791e+01 2.171516416117943322e+02
4.672001197040735576e+01 2.170898481531778828e+02
4.664165088875675735e+01 2.170277140849860018e+02
4.656356015714740693e+01 2.169652405771267070e+02
4.648574124593167767e+01 2.169024288058993193e+02
4.640819562034387502e+01 2.168392799539720954e+02
4.633092474047271025e+01 2.167757952103602577e+02
4.625393006123372430e+01 2.167119757704033702e+02
4.617721303234196739e+01 2.166478228357429145e+02
4.610077509828465736e+01 2.165833376142997224e+02
4.602461769829402982e+01 2.165185213202511250e+02
4.594874226632017411e+01 2.164533751740081868e+02
4.587315023100408951e+01 2.163879004021926278e+02
4.579784301565076987e+01 2.163220982376138295e+02
4.572282203820238777e+01 2.162559699192455582e+02
4.564808871121161360e+01 2.161895166922026590e+02
4.557364444181499152e+01 2.161227398077176076e+02
4.549949063170652153e+01 2.160556405231169208e+02
4.542562867711114905e+01 2.159882201017975945e+02
4.535205996875858148e+01 2.159204798132031158e+02
4.527878589185703362e+01 2.158524209327997880e+02
4.520580782606721471e+01 2.157840447420525720e+02
4.513312714547625148e+01 2.157153525284009277e+02
4.506074521857191684e+01 2.156463455852347408e+02
4.498866340821680154e+01 2.155770252118697954e+02
4.491688307162269211e+01 2.155073927135233873e+02
4.484540556032494862e+01 2.154374494012897969e+02
4.477423222015714543e+01 2.153671965921154481e+02
4.470336439122568351e+01 2.152966356087743236e+02
4.463280340788455192e+01 2.152257677798428688e+02
4.456255059871021729e+01 2.151545944396750656e+02
4.449260728647660557e+01 2.150831169283773079e+02
4.442297478813021172e+01 2.150113365917831914e+02
4.435365441476525916e+01 2.149392547814280761e+02
4.428464747159906523e+01 2.148668728545237627e+02
4.421595525794743509e+01 2.147941921739327995e+02
4.414757906720021197e+01 2.147212141081429593e+02
4.407952018679687711e+01 2.146479400312414327e+02
4.401177989820241976e+01 2.145743713228888510e+02
4.394435947688307920e+01 2.145005093682934785e+02
4.387726019228240659e+01 2.144263555581850085e+02
4.381048330779734101e+01 2.143519112887883864e+02
4.374403008075444177e+01 2.142771779617976051e+02
4.367790176238617050e+01 2.142021569843492443e+02
4.361209959780737222e+01 2.141268497689958963e+02
4.354662482599181317e+01 2.140512577336798188e+02
4.348147867974886083e+01 2.139753823017059631e+02
4.341666238570027758e+01 2.138992249017153426e+02
4.335217716425707835e+01 2.138227869676580326e+02
4.328802422959664398e+01 2.137460699387662828e+02
4.322420478963974233e+01 2.136690752595272897e+02
4.316072004602790457e+01 2.135918043796561392e+02
4.309757119410069492e+01 2.135142587540683223e+02
4.303475942287328593e+01 2.134364398428525931e+02
4.297228591501400530e+01 2.133583491112432569e+02
4.291015184682212436e+01 2.132799880295926300e+02
4.284835838820566778e+01 2.132013580733434992e+02
4.278690670265940099e+01 2.131224607230011259e+02
4.272579794724293123e+01 2.130432974641054784e+02
4.266503327255890099e+01 2.129638697872033504e+02
4.260461382273136621e+01 2.128841791878200809e+02
4.254454073538417447e+01 2.128042271664315876e+02
4.248481514161963446e+01 2.127240152284360590e+02
4.242543816599717132e+01 2.126435448841255322e+02
4.236641092651215246e+01 2.125628176486575285e+02
4.230773453457483413e+01 2.124818350420265745e+02
4.224941009498945732e+01 2.124005985890354680e+02
4.219143870593345014e+01 2.123191098192666004e+02
4.213382145893670128e+01 2.122373702670532225e+02
4.207655943886105376e+01 2.121553814714505108e+02
4.201965372387987685e+01 2.120731449762065779e+02
4.196310538545773738e+01 2.119906623297333681e+02
4.190691548833024171e+01 2.119079350850776677e+02
4.185108509048400549e+01 2.118249647998915748e+02
4.179561524313669452e+01 2.117417530364035372e+02
4.174050699071726456e+01 2.116583013613885669e+02
4.168576137084627931e+01 2.115746113461390223e+02
4.163137941431637756e+01 2.114906845664348793e+02
4.157736214507286832e+01 2.114065226025141158e+02
4.152371058019444661e+01 2.113221270390429254e+02
4.147042572987403730e+01 2.112374994650858469e+02
4.141750859739980228e+01 2.111526414740759776e+02
4.136496017913620449e+01 2.110675546637848470e+02
4.131278146450529221e+01 2.109822406362923459e+02
4.126097343596801181e+01 2.108967009979566001e+02
4.120953706900580471e+01 2.108109373593837574e+02
4.115847333210214742e+01 2.107249513353975203e+02
4.110778318672433329e+01 2.106387445450089331e+02
4.105746758730543888e+01 2.105523186113857150e+02
4.100752748122625491e+01 2.104656751618218493e+02
4.095796380879751553e+01 2.103788158277068590e+02
4.090877750324216322e+01 2.102917422444950546e+02
4.085996949067779838e+01 2.102044560516748675e+02
4.081154069009922836e+01 2.101169588927378413e+02
4.076349201336115868e+01 2.100292524151478517e+02
4.071582436516102632e+01 2.099413382703098421e+02
4.066853864302197508e+01 2.098532181135390147e+02
4.062163573727596599e+01 2.097648936040294529e+02
4.057511653104697302e+01 2.096763664048229145e+02
4.052898190023439895e+01 2.095876381827776527e+02
4.048323271349656238e+01 2.094987106085368680e+02
4.043786983223432685e+01 2.094095853564973027e+02
4.039289411057492885e+01 2.093202641047777774e+02
4.034830639535584140e+01 2.092307485351875300e+02
4.030410752610886504e+01 2.091410403331945531e+02
4.026029833504429689e+01 2.090511411878938475e+02
4.021687964703530582e+01 2.089610527919757033e+02
4.017385227960232896e+01 2.088707768416937256e+02
4.013121704289774527e+01 2.087803150368329455e+02
4.008897473969057046e+01 2.086896690806777883e+02
4.004712616535140057e+01 2.085988406799800714e+02
4.000567210783737693e+01 2.085078315449267734e+02
3.996461334767737128e+01 2.084166433891078896e+02
3.992395065795731313e+01 2.083252779294841446e+02
3.988368480430558805e+01 2.082337368863547056e+02
3.984381654487867763e+01 2.081420219833247529e+02
3.980434663034682785e+01 2.080501349472730226e+02
3.976527580387994476e+01 2.079580775083192634e+02
3.972660480113360393e+01 2.078658513997918078e+02
3.968833435023519485e+01 2.077734583581947447e+02
3.965046517177020036e+01 2.076809001231752916e+02
3.961299797876864659e+01 2.075881784374911661e+02
3.957593347669164530e+01 2.074952950469775033e+02
3.953927236341817064e+01 2.074022517005142845e+02
3.950301532923185732e+01 2.073090501499931690e+02
3.946716305680801895e+01 2.072156921502846672e+02
3.943171622120084407e+01 2.071221794592049719e+02
3.939667548983059930e+01 2.070285138374830183e+02
3.936204152247113086e+01 2.069346970487271165e+02
3.932781497123741588e+01 2.068407308593919254e+02
3.929399648057328420e+01 2.067466170387451996e+02
3.926058668723930367e+01 2.066523573588342799e+02
3.922758622030075060e+01 2.065579535944529539e+02
3.919499570111580056e+01 2.064634075231079180e+02
3.916281574332381865e+01 2.063687209249853254e+02
3.913104695283381318e+01 2.062738955829172198e+02
3.909968992781298880e+01 2.061789332823481686e+02
3.906874525867553416e+01 2.060838358113013555e+02
3.903821352807149481e+01 2.059886049603451283e+02
3.900809531087577398e+01 2.058932425225591771e+02
3.897839117417731813e+01 2.057977502935008545e+02
3.894910167726848016e+01 2.057021300711712968e+02
3.892022737163443225e+01 2.056063836559816025e+02
3.889176880094279909e+01 2.055105128507189249e+02
3.886372650103345450e+01 2.054145194605125084e+02
3.883610099990838194e+01 2.053184052927997527e+02
3.880889281772176247e+01 2.052221721572921354e+02
3.878210246677018347e+01 2.051258218659411625e+02
3.875573045148298945e+01 2.050293562329042061e+02
3.872977726841274659e+01 2.049327770745104544e+02
3.870424340622597015e+01 2.048360862092265222e+02
3.867912934569384475e+01 2.047392854576224295e+02
3.865443555968322187e+01 2.046423766423372115e+02
3.863016251314769534e+01 2.045453615880445284e+02
3.860631066311886883e+01 2.044482421214184740e+02
3.858288045869770855e+01 2.043510200710990716e+02
3.855987234104613037e+01 2.042536972676578557e+02
3.853728674337867233e+01 2.041562755435634529e+02
3.851512409095433043e+01 2.040587567331469643e+02
3.849338480106857219e+01 2.039611426725676040e+02
3.847206928304548512e+01 2.038634351997779959e+02
3.845117793823003183e+01 2.037656361544895560e+02
3.843071115998051113e+01 2.036677473781379604e+02
3.841066933366117553e+01 2.035697707138483850e+02
3.839105283663494106e+01 2.034717080064008314e+02
3.837186203825631026e+01 2.033735611021953673e+02
3.835309729986438754e+01 2.032753318492173946e+02
3.833475897477610772e+01 2.031770220970028618e+02
3.831684740827957114e+01 2.030786336966034185e+02
3.829936293762749955e+01 2.029801685005514855e+02
3.828230589203097622e+01 2.028816283628255519e+02
3.826567659265317900e+01 2.027830151388151307e+02
3.824947535260332643e+01 2.026843306852858291e+02
3.823370247693085133e+01 2.025855768603444744e+02
3.821835826261958147e+01 2.024867555234040424e+02
3.820344299858217596e+01 2.023878685351486695e+02
3.818895696565471098e+01 2.022889177574986093e+02
3.817490043659135779e+01 2.021899050535752451e+02
3.816127367605925258e+01 2.020908322876658758e+02
3.814807694063351562e+01 2.019917013251888136e+02
3.813531047879244795e+01 2.018925140326580276e+02
3.812297453091279920e+01 2.017932722776481853e+02
3.811106932926529822e+01 2.016939779287593524e+02
3.809959509801022648e+01 2.015946328555818923e+02
3.808855205319324000e+01 2.014952389286613084e+02
3.807794040274129088e+01 2.013957980194628590e+02
3.806776034645868378e+01 2.012963120003365134e+02
3.805801207602334557e+01 2.011967827444815384e+02
3.804869577498322997e+01 2.010972121259113123e+02
3.803981161875279327e+01 2.009976020194180535e+02
3.803135977460978268e+01 2.008979543005374353e+02
3.802334040169201046e+01 2.007982708455134002e+02
3.801575365099439807e+01 2.006985535312626610e+02
3.800859966536612689e+01 2.005988042353395429e+02
3.800187857950794523e+01 2.004990248359005136e+02
3.799559051996961045e+01 2.003992172116688550e+02
3.798973560514757253e+01 2.002993832418992781e+02
3.798431394528263638e+01 2.001995248063425379e+02
3.797932564245802212e+01 2.000996437852101337e+02
3.797477079059729732e+01 1.999997420591386685e+02
3.797064947546273572e+01 1.998998215091547763e+02
3.796696177465362609e+01 1.997998840166393393e+02
3.796370775760483696e+01 1.996999314632924154e+02
3.796088748558550208e+01 1.995999657310975124e+02
3.795850101169786228e+01 1.994999887022863447e+02
3.795654838087629912e+01 1.994000022593032782e+02
3.795502962988644668e+01 1.993000082847700298e+02
3.795394478732450949e+01 1.992000086614500276e+02
3.795329387361673668e+01 1.991000052722131102e+02
3.795307690101903830e+01 1.990000000000000000e+02
3.795329387361673668e+01 1.988999947277868898e+02
3.795394478732450949e+01 1.987999913385499724e+02
3.795502962988644668e+01 1.986999917152299702e+02
3.795654838087629912e+01 1.985999977406966934e+02
3.795850101169786228e+01 1.985000112977136837e+02
3.796088748558550208e+01 1.984000342689024876e+02
3.796370775760483696e+01 1.983000685367076130e+02
3.796696177465362609e+01 1.982001159833606607e+02
3.797064947546273572e+01 1.981001784908452237e+02
3.797477079059729732e+01 1.980002579408613315e+02
3.797932564245802212e+01 1.979003562147898663e+02
3.798431394528263638e+01 1.978004751936574621e+02
3.798973560514757253e+01 1.977006167581007503e+02
3.799559051996961045e+01 1.976007827883311734e+02
3.800187857950794523e+01 1.975009751640994864e+02
3.800859966536612689e+01 1.974011957646604571e+02
3.801575365099439807e+01 1.973014464687373390e+02
3.802334040169201046e+01 1.972017291544866282e+02
3.803135977460978268e+01 1.971020456994625647e+02
3.803981161875279327e+01 1.970023979805819465e+02
3.804869577498322997e+01 1.969027878740887161e+02
3.805801207602334557e+01 1.968032172555184616e+02
3.806776034645868378e+01 1.967036879996634866e+02
3.807794040274129088e+01 1.966042019805371410e+02
3.808855205319324000e+01 1.965047610713386916e+02
3.809959509801022648e+01 1.964053671444181077e+02
3.811106932926529112e+01 1.963060220712406760e+02
3.812297453091279920e+01 1.962067277223518147e+02
3.813531047879244795e+01 1.961074859673419439e+02
3.814807694063351562e+01 1.960082986748111864e+02
3.816127367605925258e+01 1.959091677123341242e+02
3.817490043659135779e+01 1.958100949464247549e+02
3.818895696565471098e+01 1.957110822425013907e+02
3.820344299858217596e+01 1.956121314648513305e+02
3.821835826261957436e+01 1.955132444765959576e+02
3.823370247693085133e+01 1.954144231396555256e+02
3.824947535260332643e+01 1.953156693147141425e+02
3.826567659265317189e+01 1.952169848611848977e+02
3.828230589203097622e+01 1.951183716371744481e+02
3.829936293762749955e+01 1.950198314994485145e+02
3.831684740827956404e+01 1.949213663033966100e+02
3.833475897477610772e+01 1.948229779029971382e+02
3.835309729986439464e+01 1.947246681507826054e+02
3.837186203825631026e+01 1.946264388978046327e+02
3.839105283663494106e+01 1.945282919935991686e+02
3.841066933366117553e+01 1.944302292861516150e+02
3.843071115998051113e+01 1.943322526218620396e+02
3.845117793823003183e+01 1.942343638455104440e+02
3.847206928304548512e+01 1.941365648002220325e+02
3.849338480106857219e+01 1.940388573274323960e+02
3.851512409095433043e+01 1.939412432668530357e+02
3.853728674337866522e+01 1.938437244564365756e+02
3.855987234104613037e+01 1.937463027323421443e+02
3.858288045869770855e+01 1.936489799289009284e+02
3.860631066311886173e+01 1.935517578785815260e+02
3.863016251314769534e+01 1.934546384119554716e+02
3.865443555968322187e+01 1.933576233576627885e+02
3.867912934569383765e+01 1.932607145423775705e+02
3.870424340622597015e+01 1.931639137907734778e+02
3.872977726841274659e+01 1.930672229254895740e+02
3.875573045148298235e+01 1.929706437670957939e+02
3.878210246677018347e+01 1.928741781340588375e+02
3.880889281772175536e+01 1.927778278427078646e+02
3.883610099990838194e+01 1.926815947072002473e+02
3.886372650103345450e+01 1.925854805394874916e+02
3.889176880094279909e+01 1.924894871492811035e+02
3.892022737163442514e+01 1.923936163440183975e+02
3.894910167726848726e+01 1.922978699288287032e+02
3.897839117417731813e+01 1.922022497064991455e+02
3.900809531087576687e+01 1.921067574774408229e+02
3.903821352807149481e+01 1.920113950396549001e+02
3.906874525867553416e+01 1.919161641886986729e+02
3.909968992781298880e+01 1.918210667176518314e+02
3.913104695283380607e+01 1.917261044170827802e+02
3.916281574332381865e+01 1.916312790750147030e+02
3.919499570111580056e+01 1.915365924768920820e+02
3.922758622030075060e+01 1.914420464055470461e+02
3.926058668723930367e+01 1.913476426411657201e+02
3.929399648057328420e+01 1.912533829612548004e+02
3.932781497123741588e+01 1.911592691406080746e+02
3.936204152247113086e+01 1.910653029512729120e+02
3.939667548983059220e+01 1.909714861625170101e+02
3.943171622120084407e+01 1.908778205407950281e+02
3.946716305680801895e+01 1.907843078497153328e+02
3.950301532923184311e+01 1.906909498500068310e+02
3.953927236341816354e+01 1.905977482994857155e+02
3.957593347669164530e+01 1.905047049530224967e+02
3.961299797876863238e+01 1.904118215625088624e+02
3.965046517177019325e+01 1.903190998768247084e+02
3.968833435023519485e+01 1.902265416418052553e+02
3.972660480113360393e+01 1.901341486002081922e+02
3.976527580387994476e+01 1.900419224916807366e+02
3.980434663034682785e+01 1.899498650527269774e+02
3.984381654487867763e+01 1.898579780166752471e+02
3.988368480430558805e+01 1.897662631136452944e+02
3.992395065795731313e+01 1.896747220705158554e+02
3.996461334767737128e+01 1.895833566108921104e+02
4.000567210783736982e+01 1.894921684550732266e+02
4.004712616535140057e+01 1.894011593200199286e+02
4.008897473969057046e+01 1.893103309193222117e+02
4.013121704289773817e+01 1.892196849631670545e+02
4.017385227960232186e+01 1.891292231583063028e+02
4.021687964703529872e+01 1.890389472080242967e+02
4.026029833504429689e+01 1.889488588121061525e+02
4.030410752610885794e+01 1.888589596668054753e+02
4.034830639535583430e+01 1.887692514648124700e+02
4.039289411057492885e+01 1.886797358952222226e+02
4.043786983223432685e+01 1.885904146435026973e+02
4.048323271349656238e+01 1.885012893914631320e+02
4.052898190023439895e+01 1.884123618172223473e+02
4.057511653104697302e+01 1.883236335951770855e+02
4.062163573727596599e+01 1.882351063959705471e+02
4.066853864302197508e+01 1.881467818864609853e+02
4.071582436516101922e+01 1.880586617296901579e+02
4.076349201336115868e+01 1.879707475848521483e+02
4.081154069009922125e+01 1.878830411072621587e+02
4.085996949067779838e+01 1.877955439483251610e+02
4.090877750324216322e+01 1.877082577555049454e+02
4.095796380879750131e+01 1.876211841722931695e+02
4.100752748122624780e+01 1.875343248381781507e+02
4.105746758730543888e+01 1.874476813886142850e+02
4.110778318672433329e+01 1.873612554549910669e+02
4.115847333210214032e+01 1.872750486646024797e+02
4.120953706900579760e+01 1.871890626406162710e+02
4.126097343596801181e+01 1.871032990020433999e+02
4.131278146450528510e+01 1.870177593637076541e+02
4.136496017913620449e+01 1.869324453362151530e+02
4.141750859739980228e+01 1.868473585259240224e+02
4.147042572987403730e+01 1.867625005349141531e+02
4.152371058019443950e+01 1.866778729609571030e+02
4.157736214507286832e+01 1.865934773974858842e+02
4.163137941431637756e+01 1.865093154335650922e+02
4.168576137084627931e+01 1.864253886538609777e+02
4.174050699071726456e+01 1.863416986386114331e+02
4.179561524313669452e+01 1.862582469635964628e+02
4.185108509048399839e+01 1.861750352001084252e+02
4.190691548833024171e+01 1.860920649149223323e+02
4.196310538545772317e+01 1.860093376702666319e+02
4.201965372387986974e+01 1.859268550237934221e+02
4.207655943886105376e+01 1.858446185285494892e+02
4.213382145893669417e+01 1.857626297329467775e+02
4.219143870593344303e+01 1.856808901807333996e+02
4.224941009498945732e+01 1.855994014109645320e+02
4.230773453457481992e+01 1.855181649579734255e+02
4.236641092651214535e+01 1.854371823513424715e+02
4.242543816599717843e+01 1.853564551158744678e+02
4.248481514161963446e+01 1.852759847715639410e+02
4.254454073538417447e+01 1.851957728335684124e+02
4.260461382273135200e+01 1.851158208121799476e+02
4.266503327255890099e+01 1.850361302127966781e+02
4.272579794724292412e+01 1.849567025358945216e+02
4.278690670265939389e+01 1.848775392769989026e+02
4.284835838820565357e+01 1.847986419266565008e+02
4.291015184682212436e+01 1.847200119704073416e+02
4.297228591501399819e+01 1.846416508887567716e+02
4.303475942287327882e+01 1.845635601571474069e+02
4.309757119410069492e+01 1.844857412459316777e+02
4.316072004602789747e+01 1.844081956203438892e+02
4.322420478963974233e+01 1.843309247404727103e+02
4.328802422959664398e+01 1.842539300612337172e+02
4.335217716425707124e+01 1.841772130323419674e+02
4.341666238570027758e+01 1.841007750982846574e+02
4.348147867974886083e+01 1.840246176982940369e+02
4.354662482599181317e+01 1.839487422663201812e+02
4.361209959780736511e+01 1.838731502310041037e+02
4.367790176238615629e+01 1.837978430156507841e+02
4.374403008075444177e+01 1.837228220382023949e+02
4.381048330779734101e+01 1.836480887112116136e+02
4.387726019228239949e+01 1.835736444418149915e+02
4.394435947688307209e+01 1.834994906317065215e+02
4.401177989820241976e+01 1.834256286771111490e+02
4.407952018679687001e+01 1.833520599687585673e+02
4.414757906720019776e+01 1.832787858918570407e+02
4.421595525794743509e+01 1.832058078260672005e+02
4.428464747159906523e+01 1.831331271454762373e+02
4.435365441476525916e+01 1.830607452185719239e+02
4.442297478813020462e+01 1.829886634082168086e+02
4.449260728647659846e+01 1.829168830716226921e+02
4.456255059871021729e+01 1.828454055603249344e+02
4.463280340788454481e+01 1.827742322201571596e+02
4.470336439122567640e+01 1.827033643912256764e+02
4.477423222015714543e+01 1.826328034078845519e+02
4.484540556032493441e+01 1.825625505987102315e+02
4.491688307162267790e+01 1.824926072864766127e+02
4.498866340821680865e+01 1.824229747881302046e+02
4.506074521857190973e+01 1.823536544147652592e+02
4.513312714547625148e+01 1.822846474715990723e+02
4.520580782606720049e+01 1.822159552579474280e+02
4.527878589185702651e+01 1.821475790672002120e+02
4.535205996875858148e+01 1.820795201867968842e+02
4.542562867711113483e+01 1.820117798982024340e+02
4.549949063170651442e+01 1.819443594768830792e+02
4.557364444181499863e+01 1.818772601922823924e+02
4.564808871121159939e+01 1.818104833077973410e+02
4.572282203820238067e+01 1.817440300807544418e+02
4.579784301565077698e+01 1.816779017623861705e+02
4.587315023100408951e+01 1.816120995978073722e+02
4.594874226632015990e+01 1.815466248259918132e+02
4.602461769829402982e+01 1.814814786797488466e+02
4.610077509828465026e+01 1.814166623857002776e+02
4.617721303234195318e+01 1.813521771642570855e+02
4.625393006123371720e+01 1.812880242295966298e+02
4.633092474047271025e+01 1.812242047896397423e+02
4.640819562034388213e+01 1.811607200460279046e+02
4.648574124593166346e+01 1.810975711941007091e+02
4.656356015714740693e+01 1.810347594228732646e+02
4.664165088875675735e+01 1.809722859150139982e+02
4.672001197040734866e+01 1.809101518468221457e+02
4.679864192665649369e+01 1.808483583882056678e+02
4.687753927699890255e+01 1.807869067026593939e+02
4.695670253589451448e+01 1.807257979472429383e+02
4.703613021279665674e+01 1.806650332725589010e+02
4.711582081217992624e+01 1.806046138227313520e+02
4.719577283356840525e+01 1.805445407353841745e+02
4.727598477156394097e+01 1.804848151416196345e+02
4.735645511587446066e+01 1.804254381659971784e+02
4.743718235134246441e+01 1.803664109265121454e+02
4.751816495797342554e+01 1.803077345345748199e+02
4.759940141096453203e+01 1.802494100949894573e+02
4.768089018073339957e+01 1.801914387059334501e+02
4.776262973294678460e+01 1.801338214589366942e+02
4.784461852854948205e+01 1.800765594388610680e+02
4.792685502379342921e+01 1.800196537238798840e+02
4.800933767026661769e+01 1.799631053854577374e+02
4.809206491492234647e+01 1.799069154883302417e+02
4.817503520010841811e+01 1.798510850904839913e+02
4.825824696359646282e+01 1.797956152431366945e+02
4.834169863861141891e+01 1.797405069907172788e+02
4.842538865386097768e+01 1.796857613708462793e+02
4.850931543356509934e+01 1.796313794143163705e+02
4.859347739748587003e+01 1.795773621450728683e+02
4.867787296095708172e+01 1.795237105801944608e+02
4.876250053491415315e+01 1.794704257298740515e+02
4.884735852592401528e+01 1.794175085973998023e+02
4.893244533621515302e+01 1.793649601791362045e+02
4.901775936370766118e+01 1.793127814645052922e+02
4.910329900204339282e+01 1.792609734359680260e+02
4.918906264061624967e+01 1.792095370690057905e+02
4.927504866460246546e+01 1.791584733321021474e+02
4.936125545499107403e+01 1.791077831867243333e+02
4.944768138861427076e+01 1.790574675873054389e+02
4.953432483817813647e+01 1.790075274812262478e+02
4.962118417229314815e+01 1.789579638087975013e+02
4.970825775550495251e+01 1.789087775032421632e+02
4.979554394832514674e+01 1.788599694906777984e+02
4.988304110726215157e+01 1.788115406900992355e+02
4.997074758485216250e+01 1.787634920133611445e+02
5.005866172969015082e+01 1.787158243651610121e+02
5.014678188646097823e+01 1.786685386430219751e+02
5.023510639597053995e+01 1.786216357372759660e+02
5.032363359517707835e+01 1.785751165310469730e+02
5.041236181722234733e+01 1.785289819002343847e+02
5.050128939146313201e+01 1.784832327134965624e+02
5.059041464350269024e+01 1.784378698322343269e+02
5.067973589522221545e+01 1.783928941105749288e+02
5.076925146481247708e+01 1.783483063953558485e+02
5.085895966680546820e+01 1.783041075261088508e+02
5.094885881210614542e+01 1.782602983350442969e+02
5.103894720802430385e+01 1.782168796470353129e+02
5.112922315830628861e+01 1.781738522796023290e+02
5.121968496316704744e+01 1.781312170428977311e+02
5.131033091932219747e+01 1.780889747396905705e+02
5.140115932001993571e+01 1.780471261653513864e+02
5.149216845507321949e+01 1.780056721078373698e+02
5.158335661089211044e+01 1.779646133476773855e+02
5.167472207051584832e+01 1.779239506579573060e+02
5.176626311364528021e+01 1.778836848043056023e+02
5.185797801667524709e+01 1.778438165448786776e+02
5.194986505272697030e+01 1.778043466303468279e+02
5.204192249168072948e+01 1.777652758038799448e+02
5.213414860020819219e+01 1.777266048011335897e+02
5.222654164180525527e+01 1.776883343502352091e+02
5.231909987682468710e+01 1.776504651717702075e+02
5.241182156250886237e+01 1.776129979787686466e+02
5.250470495302248963e+01 1.775759334766916595e+02
5.259774829948571551e+01 1.775392723634181777e+02
5.269094985000683096e+01 1.775030153292318573e+02
5.278430784971533285e+01 1.774671630568080332e+02
5.287782054079502103e+01 1.774317162212008441e+02
5.297148616251698172e+01 1.773966754898306135e+02
5.306530295127290486e+01 1.773620415224711167e+02
5.315926914060807462e+01 1.773278149712374159e+02
5.325338296125480042e+01 1.772939964805732984e+02
5.334764264116570587e+01 1.772605866872393108e+02
5.344204640554704611e+01 1.772275862203007364e+02
5.353659247689207490e+01 1.771949957011158006e+02
5.363127907501468883e+01 1.771628157433238187e+02
5.372610441708276596e+01 1.771310469528337990e+02
5.382106671765183847e+01 1.770996899278129888e+02
5.391616418869865868e+01 1.770687452586755342e+02
5.401139503965487165e+01 1.770382135280715090e+02
5.410675747744081576e+01 1.770080953108757740e+02
5.420224970649915974e+01 1.769783911741773181e+02
5.429786992882869612e+01 1.769491016772684873e+02
5.439361634401839751e+01 1.769202273716344394e+02
5.448948714928108217e+01 1.768917688009427991e+02
5.458548053948749867e+01 1.768637265010334545e+02
5.468159470720024729e+01 1.768361009999083819e+02
5.477782784270786465e+01 1.768088928177217554e+02
5.487417813405884459e+01 1.767821024667701977e+02
5.497064376709578681e+01 1.767557304514829752e+02
5.506722292548955977e+01 1.767297772684127608e+02
5.516391379077346357e+01 1.767042434062259701e+02
5.526071454237756342e+01 1.766791293456938376e+02
5.535762335766278142e+01 1.766544355596832361e+02
5.545463841195545740e+01 1.766301625131476953e+02
5.555175787858151182e+01 1.766063106631188759e+02
5.564897992890092127e+01 1.765828804586977014e+02
5.574630273234213718e+01 1.765598723410461162e+02
5.584372445643656135e+01 1.765372867433786723e+02
5.594124326685304283e+01 1.765151240909543162e+02
5.603885732743239600e+01 1.764933848010685722e+02
5.613656480022201833e+01 1.764720692830454993e+02
5.623436384551042977e+01 1.764511779382300460e+02
5.633225262186203963e+01 1.764307111599805182e+02
5.643022928615161504e+01 1.764106693336611613e+02
5.652829199359916146e+01 1.763910528366349411e+02
5.662643889780462558e+01 1.763718620382563245e+02
5.672466815078259827e+01 1.763530972998644017e+02
5.682297790299713114e+01 1.763347589747761219e+02
5.692136630339660286e+01 1.763168474082795569e+02
5.701983149944850737e+01 1.762993629376275067e+02
5.711837163717445520e+01 1.762823058920309904e+02
5.721698486118488347e+01 1.762656765926531648e+02
5.731566931471414961e+01 1.762494753526033264e+02
5.741442313965550426e+01 1.762337024769308584e+02
5.751324447659596473e+01 1.762183582626195744e+02
5.761213146485133052e+01 1.762034429985821760e+02
5.771108224250139074e+01 1.761889569656547110e+02
5.781009494642476909e+01 1.761749004365913720e+02
5.790916771233410998e+01 1.761612736760592384e+02
5.800829867481117930e+01 1.761480769406335298e+02
5.810748596734194393e+01 1.761353104787924622e+02
5.820672772235182180e+01 1.761229745309128134e+02
5.830602207124066894e+01 1.761110693292652911e+02
5.840536714441809352e+01 1.760995950980102407e+02
5.850476107133869164e+01 1.760885520531932400e+02
5.860420198053714813e+01 1.760779404027412909e+02
5.870368799966348661e+01 1.760677603464586696e+02
5.880321725551846868e+01 1.760580120760233456e+02
5.890278787408868766e+01 1.760486957749832300e+02
5.900239798058195362e+01 1.760398116187527933e+02
5.910204569946256470e+01 1.760313597746097685e+02
5.920172915448659978e+01 1.760233404016919962e+02
5.930144646873735326e+01 1.760157536509943839e+02
5.940119576466046425e+01 1.760085996653661198e+02
5.950097516409947929e+01 1.760018785795079452e+02
5.960078278833114496e+01 1.759955905199696247e+02
5.970061675810072188e+01 1.759897356051475583e+02
5.980047519365744790e+01 1.759843139452826506e+02
5.990035621478987338e+01 1.759793256424580079e+02
6.000025794086131725e+01 1.759747707905972902e+02
6.010017849084523078e+01 1.759706494754627499e+02
6.020011598336065362e+01 1.759669617746536403e+02
6.030006853670759170e+01 1.759637077576048227e+02
6.040003426890248051e+01 1.759608874855854879e+02
6.050001129771367658e+01 1.759585010116978765e+02
6.059999774069670053e+01 1.759565483808763133e+02
6.069999171522995596e+01 1.759550296298864396e+02
6.079999133854995819e+01 1.759539447873245024e+02
6.089999472778688272e+01 1.759532938736167296e+02
6.099999999999999289e+01 1.759530769010190454e+02
6.110000527221311017e+01 1.759532938736167296e+02
6.120000866145003471e+01 1.759539447873245024e+02
6.130000828477003694e+01 1.759550296298864396e+02
6.140000225930329236e+01 1.759565483808763133e+02
6.149998870228631631e+01 1.759585010116978765e+02
6.159996573109751239e+01 1.759608874855854879e+02
6.169993146329240119e+01 1.759637077576048227e+02
6.179988401663933928e+01 1.759669617746536403e+02
6.189982150915475501e+01 1.759706494754627499e+02
6.199974205913867564e+01 1.759747707905972902e+02
6.209964378521011952e+01 1.759793256424580079e+02
6.219952480634254499e+01 1.759843139452826506e+02
6.229938324189927101e+01 1.759897356051475583e+02
6.239921721166884794e+01 1.759955905199696247e+02
6.249902483590051361e+01 1.760018785795079452e+02
6.259880423533952154e+01 1.760085996653661198e+02
6.269855353126263964e+01 1.760157536509943839e+02
6.279827084551339311e+01 1.760233404016919962e+02
6.289795430053742820e+01 1.760313597746097685e+02
6.299760201941803928e+01 1.760398116187527933e+02
6.309721212591130524e+01 1.760486957749832300e+02
6.319678274448152422e+01 1.760580120760233456e+02
6.329631200033650629e+01 1.760677603464586696e+02
6.339579801946284476e+01 1.760779404027412909e+02
6.349523892866130126e+01 1.760885520531932400e+02
6.359463285558189938e+01 1.760995950980102407e+02
6.369397792875932396e+01 1.761110693292652911e+02
6.379327227764817110e+01 1.761229745309128134e+02
6.389251403265804896e+01 1.761353104787924622e+02
6.399170132518881360e+01 1.761480769406335014e+02
6.409083228766589002e+01 1.761612736760592384e+02
6.418990505357523091e+01 1.761749004365913436e+02
6.428891775749859505e+01 1.761889569656547110e+02
6.438786853514865527e+01 1.762034429985821760e+02
6.448675552340402817e+01 1.762183582626195744e+02
6.458557686034448864e+01 1.762337024769308584e+02
6.468433068528584329e+01 1.762494753526033264e+02
6.478301513881511653e+01 1.762656765926531648e+02
6.488162836282553769e+01 1.762823058920309904e+02
6.498016850055148552e+01 1.762993629376275067e+02
6.507863369660339004e+01 1.763168474082795569e+02
6.517702209700286176e+01 1.763347589747761219e+02
6.527533184921739462e+01 1.763530972998644017e+02
6.537356110219536731e+01 1.763718620382563245e+02
6.547170800640083144e+01 1.763910528366349411e+02
6.556977071384838496e+01 1.764106693336611613e+02
6.566774737813796037e+01 1.764307111599805182e+02
6.576563615448957023e+01 1.764511779382300460e+02
6.586343519977798167e+01 1.764720692830454709e+02
6.596114267256758978e+01 1.764933848010685722e+02
6.605875673314695007e+01 1.765151240909543162e+02
6.615627554356342443e+01 1.765372867433786723e+02
6.625369726765785572e+01 1.765598723410461162e+02
6.635102007109907163e+01 1.765828804586977014e+02
6.644824212141847397e+01 1.766063106631188759e+02
6.654536158804452839e+01 1.766301625131476953e+02
6.664237664233721148e+01 1.766544355596832361e+02
6.673928545762242948e+01 1.766791293456938376e+02
6.683608620922653643e+01 1.767042434062259701e+02
6.693277707451042602e+01 1.767297772684127608e+02
6.702935623290420608e+01 1.767557304514829752e+02
6.712582186594114830e+01 1.767821024667701977e+02
6.722217215729213535e+01 1.768088928177217554e+02
6.731840529279973850e+01 1.768361009999083819e+02
6.741451946051249422e+01 1.768637265010334545e+02
6.751051285071891073e+01 1.768917688009427991e+02
6.760638365598160249e+01 1.769202273716344394e+02
6.770213007117129678e+01 1.769491016772684873e+02
6.779775029350084026e+01 1.769783911741773181e+02
6.789324252255917713e+01 1.770080953108757740e+02
6.798860496034511414e+01 1.770382135280714806e+02
6.808383581130134132e+01 1.770687452586755342e+02
6.817893328234815442e+01 1.770996899278129888e+02
6.827389558291721983e+01 1.771310469528337990e+02
6.836872092498529696e+01 1.771628157433238187e+02
6.846340752310791800e+01 1.771949957011158006e+02
6.855795359445293968e+01 1.772275862203007364e+02
6.865235735883427992e+01 1.772605866872393108e+02
6.874661703874519958e+01 1.772939964805732984e+02
6.884073085939191117e+01 1.773278149712374159e+02
6.893469704872708803e+01 1.773620415224711167e+02
6.902851383748301828e+01 1.773966754898306135e+02
6.912217945920497186e+01 1.774317162212008441e+02
6.921569215028465294e+01 1.774671630568080332e+02
6.930905014999316904e+01 1.775030153292318573e+02
6.940225170051427028e+01 1.775392723634181777e+02
6.949529504697750326e+01 1.775759334766916595e+02
6.958817843749113763e+01 1.776129979787686466e+02
6.968090012317530579e+01 1.776504651717702075e+02
6.977345835819474473e+01 1.776883343502352091e+02
6.986585139979179360e+01 1.777266048011335897e+02
6.995807750831926342e+01 1.777652758038799448e+02
7.005013494727302259e+01 1.778043466303468279e+02
7.014202198332475291e+01 1.778438165448786776e+02
7.023373688635470558e+01 1.778836848043056023e+02
7.032527792948414458e+01 1.779239506579573060e+02
7.041664338910788956e+01 1.779646133476773571e+02
7.050783154492677340e+01 1.780056721078373698e+02
7.059884067998005719e+01 1.780471261653513864e+02
7.068966908067780253e+01 1.780889747396905705e+02
7.078031503683294545e+01 1.781312170428977311e+02
7.087077684169371139e+01 1.781738522796023290e+02
7.096105279197568905e+01 1.782168796470352845e+02
7.105114118789384747e+01 1.782602983350442969e+02
7.114104033319452469e+01 1.783041075261088508e+02
7.123074853518751581e+01 1.783483063953558485e+02
7.132026410477777745e+01 1.783928941105749288e+02
7.140958535649730266e+01 1.784378698322343269e+02
7.149871060853686799e+01 1.784832327134965624e+02
7.158763818277763846e+01 1.785289819002343847e+02
7.167636640482291455e+01 1.785751165310469730e+02
7.176489360402945294e+01 1.786216357372759660e+02
7.185321811353901467e+01 1.786685386430219751e+02
7.194133827030984207e+01 1.787158243651610121e+02
7.202925241514783750e+01 1.787634920133611445e+02
7.211695889273784132e+01 1.788115406900992355e+02
7.220445605167485326e+01 1.788599694906777984e+02
7.229174224449504038e+01 1.789087775032421632e+02
7.237881582770684474e+01 1.789579638087975013e+02
7.246567516182184931e+01 1.790075274812262478e+02
7.255231861138572924e+01 1.790574675873054389e+02
7.263874454500891886e+01 1.791077831867243333e+02
7.272495133539753454e+01 1.791584733321021474e+02
7.281093735938374323e+01 1.792095370690057905e+02
7.289670099795660008e+01 1.792609734359679976e+02
7.298224063629233171e+01 1.793127814645052922e+02
7.306755466378483277e+01 1.793649601791362045e+02
7.315264147407597761e+01 1.794175085973998023e+02
7.323749946508584685e+01 1.794704257298740515e+02
7.332212703904291118e+01 1.795237105801944324e+02
7.340652260251411576e+01 1.795773621450728683e+02
7.349068456643489355e+01 1.796313794143163705e+02
7.357461134613900811e+01 1.796857613708462793e+02
7.365830136138856687e+01 1.797405069907172788e+02
7.374175303640353718e+01 1.797956152431366945e+02
7.382496479989157478e+01 1.798510850904839913e+02
7.390793508507763931e+01 1.799069154883302417e+02
7.399066232973336810e+01 1.799631053854577374e+02
7.407314497620656368e+01 1.800196537238798555e+02
7.415538147145051084e+01 1.800765594388610396e+02
7.423737026705320829e+01 1.801338214589366942e+02
7.431910981926660043e+01 1.801914387059334501e+02
7.440059858903545376e+01 1.802494100949894573e+02
7.448183504202656025e+01 1.803077345345748199e+02
7.456281764865752848e+01 1.803664109265121454e+02
7.464354488412553223e+01 1.804254381659971784e+02
7.472401522843604482e+01 1.804848151416196345e+02
7.480422716643158765e+01 1.805445407353841745e+02
7.488417918782006666e+01 1.806046138227313520e+02
7.496386978720333616e+01 1.806650332725589010e+02
7.504329746410547841e+01 1.807257979472429383e+02
7.512246072300109745e+01 1.807869067026593939e+02
7.520135807334349920e+01 1.808483583882056678e+02
7.527998802959264424e+01 1.809101518468221172e+02
7.535834911124322844e+01 1.809722859150139982e+02
7.543643984285257886e+01 1.810347594228732646e+02
7.551425875406833654e+01 1.810975711941007091e+02
7.559180437965611077e+01 1.811607200460279046e+02
7.566907525952728975e+01 1.812242047896397423e+02
7.574606993876628280e+01 1.812880242295966298e+02
7.582278696765803261e+01 1.813521771642570855e+02
7.589922490171534264e+01 1.814166623857002776e+02
7.597538230170596307e+01 1.814814786797488466e+02
7.605125773367983300e+01 1.815466248259918132e+02
7.612684976899591049e+01 1.816120995978073722e+02
7.620215698434921592e+01 1.816779017623861705e+02
7.627717796179760512e+01 1.817440300807544418e+02
7.635191128878838640e+01 1.818104833077973410e+02
7.642635555818499427e+01 1.818772601922823924e+02
7.650050936829347847e+01 1.819443594768830792e+02
7.657437132288885095e+01 1.820117798982024055e+02
7.664794003124141852e+01 1.820795201867968842e+02
7.672121410814295928e+01 1.821475790672002120e+02
7.679419217393279951e+01 1.822159552579474280e+02
7.686687285452373430e+01 1.822846474715990439e+02
7.693925478142809027e+01 1.823536544147652592e+02
7.701133659178319135e+01 1.824229747881302046e+02
7.708311692837730789e+01 1.824926072864766127e+02
7.715459443967505138e+01 1.825625505987102031e+02
7.722576777984285457e+01 1.826328034078845519e+02
7.729663560877430939e+01 1.827033643912256764e+02
7.736719659211544808e+01 1.827742322201571312e+02
7.743744940128978271e+01 1.828454055603249344e+02
7.750739271352338733e+01 1.829168830716226921e+02
7.757702521186979538e+01 1.829886634082168086e+02
7.764634558523472663e+01 1.830607452185718955e+02
7.771535252840094188e+01 1.831331271454762373e+02
7.778404474205255781e+01 1.832058078260672005e+02
7.785242093279978803e+01 1.832787858918570407e+02
7.792047981320311578e+01 1.833520599687585673e+02
7.798822010179758024e+01 1.834256286771111490e+02
7.805564052311692080e+01 1.834994906317065215e+02
7.812273980771759341e+01 1.835736444418149915e+02
7.818951669220265899e+01 1.836480887112116136e+02
7.825596991924555823e+01 1.837228220382023949e+02
7.832209823761382950e+01 1.837978430156507841e+02
7.838790040219262778e+01 1.838731502310040753e+02
7.845337517400818683e+01 1.839487422663201528e+02
7.851852132025113917e+01 1.840246176982940369e+02
7.858333761429972242e+01 1.841007750982846574e+02
7.864782283574291455e+01 1.841772130323419674e+02
7.871197577040335602e+01 1.842539300612337172e+02
7.877579521036025767e+01 1.843309247404727103e+02
7.883927995397209543e+01 1.844081956203438892e+02
7.890242880589929086e+01 1.844857412459316492e+02
7.896524057712672118e+01 1.845635601571474069e+02
7.902771408498600181e+01 1.846416508887567431e+02
7.908984815317786854e+01 1.847200119704073416e+02
7.915164161179433222e+01 1.847986419266565008e+02
7.921309329734060611e+01 1.848775392769989026e+02
7.927420205275706167e+01 1.849567025358945216e+02
7.933496672744109901e+01 1.850361302127966496e+02
7.939538617726863379e+01 1.851158208121799191e+02
7.945545926461582553e+01 1.851957728335684124e+02
7.951518485838036554e+01 1.852759847715639410e+02
7.957456183400282157e+01 1.853564551158744678e+02
7.963358907348785465e+01 1.854371823513424715e+02
7.969226546542518008e+01 1.855181649579734255e+02
7.975058990501052847e+01 1.855994014109645320e+02
7.980856129406654986e+01 1.856808901807333996e+02
7.986617854106330583e+01 1.857626297329467775e+02
7.992344056113894624e+01 1.858446185285494892e+02
7.998034627612011604e+01 1.859268550237934221e+02
8.003689461454226262e+01 1.860093376702666319e+02
8.009308451166975829e+01 1.860920649149223323e+02
8.014891490951599451e+01 1.861750352001084252e+02
8.020438475686329127e+01 1.862582469635964628e+02
8.025949300928272123e+01 1.863416986386114331e+02
8.031423862915372069e+01 1.864253886538609777e+02
8.036862058568361533e+01 1.865093154335650922e+02
8.042263785492713168e+01 1.865934773974858558e+02
8.047628941980555339e+01 1.866778729609570746e+02
8.052957427012594849e+01 1.867625005349141531e+02
8.058249140260019772e+01 1.868473585259240224e+02
8.063503982086379551e+01 1.869324453362151530e+02
8.068721853549472200e+01 1.870177593637076541e+02
8.073902656403198819e+01 1.871032990020433999e+02
8.079046293099419529e+01 1.871890626406162426e+02
8.084152666789785258e+01 1.872750486646024513e+02
8.089221681327566671e+01 1.873612554549910669e+02
8.094253241269456112e+01 1.874476813886142565e+02
8.099247251877375220e+01 1.875343248381781223e+02
8.104203619120248447e+01 1.876211841722931410e+02
8.109122249675783678e+01 1.877082577555049454e+02
8.114003050932220162e+01 1.877955439483251325e+02
8.118845930990076454e+01 1.878830411072621587e+02
8.123650798663884132e+01 1.879707475848521483e+02
8.128417563483897368e+01 1.880586617296901579e+02
8.133146135697802492e+01 1.881467818864609853e+02
8.137836426272403401e+01 1.882351063959705471e+02
8.142488346895302698e+01 1.883236335951770855e+02
8.147101809976560105e+01 1.884123618172223473e+02
8.151676728650343762e+01 1.885012893914631320e+02
8.156213016776567315e+01 1.885904146435026973e+02
8.160710588942507115e+01 1.886797358952222226e+02
8.165169360464415149e+01 1.887692514648124700e+02
8.169589247389113496e+01 1.888589596668054753e+02
8.173970166495568890e+01 1.889488588121061525e+02
8.178312035296470128e+01 1.890389472080242967e+02
8.182614772039767104e+01 1.891292231583062744e+02
8.186878295710225473e+01 1.892196849631670545e+02
8.191102526030942954e+01 1.893103309193221833e+02
8.195287383464859943e+01 1.894011593200199286e+02
8.199432789216263018e+01 1.894921684550732266e+02
8.203538665232262872e+01 1.895833566108921104e+02
8.207604934204269398e+01 1.896747220705158554e+02
8.211631519569441195e+01 1.897662631136452660e+02
8.215618345512132237e+01 1.898579780166752471e+02
8.219565336965317215e+01 1.899498650527269774e+02
8.223472419612005524e+01 1.900419224916807366e+02
8.227339519886639607e+01 1.901341486002081922e+02
8.231166564976480515e+01 1.902265416418052553e+02
8.234953482822979254e+01 1.903190998768246800e+02
8.238700202123136762e+01 1.904118215625088624e+02
8.242406652330835470e+01 1.905047049530224967e+02
8.246072763658182225e+01 1.905977482994857155e+02
8.249698467076814268e+01 1.906909498500068310e+02
8.253283694319196684e+01 1.907843078497153328e+02
8.256828377879915593e+01 1.908778205407950281e+02
8.260332451016940070e+01 1.909714861625169817e+02
8.263795847752888335e+01 1.910653029512729120e+02
8.267218502876258412e+01 1.911592691406080746e+02
8.270600351942670159e+01 1.912533829612548004e+02
8.273941331276068922e+01 1.913476426411657201e+02
8.277241377969924940e+01 1.914420464055470461e+02
8.280500429888419944e+01 1.915365924768920820e+02
8.283718425667618135e+01 1.916312790750146746e+02
8.286895304716618682e+01 1.917261044170827802e+02
8.290031007218701120e+01 1.918210667176518314e+02
8.293125474132446584e+01 1.919161641886986445e+02
8.296178647192850519e+01 1.920113950396548717e+02
8.299190468912422602e+01 1.921067574774408229e+02
8.302160882582268187e+01 1.922022497064991455e+02
8.305089832273151274e+01 1.922978699288287032e+02
8.307977262836556065e+01 1.923936163440183975e+02
8.310823119905720091e+01 1.924894871492810751e+02
8.313627349896654550e+01 1.925854805394874916e+02
8.316389900009161806e+01 1.926815947072002473e+02
8.319110718227824464e+01 1.927778278427078646e+02
8.321789753322981653e+01 1.928741781340588375e+02
8.324426954851701055e+01 1.929706437670957939e+02
8.327022273158725341e+01 1.930672229254895456e+02
8.329575659377402985e+01 1.931639137907734494e+02
8.332087065430616235e+01 1.932607145423775705e+02
8.334556444031677813e+01 1.933576233576627885e+02
8.336983748685230466e+01 1.934546384119554716e+02
8.339368933688112406e+01 1.935517578785814976e+02
8.341711954130229856e+01 1.936489799289009284e+02
8.344012765895386963e+01 1.937463027323421443e+02
8.346271325662132767e+01 1.938437244564365756e+02
8.348487590904566957e+01 1.939412432668530357e+02
8.350661519893142781e+01 1.940388573274323960e+02
8.352793071695451488e+01 1.941365648002220041e+02
8.354882206176996817e+01 1.942343638455104156e+02
8.356928884001949598e+01 1.943322526218620396e+02
8.358933066633882447e+01 1.944302292861516150e+02
8.360894716336505894e+01 1.945282919935991686e+02
8.362813796174368974e+01 1.946264388978046327e+02
8.364690270013561246e+01 1.947246681507826054e+02
8.366524102522387807e+01 1.948229779029971382e+02
8.368315259172044307e+01 1.949213663033966100e+02
8.370063706237249335e+01 1.950198314994485145e+02
8.371769410796902378e+01 1.951183716371744481e+02
8.373432340734683521e+01 1.952169848611848693e+02
8.375052464739667357e+01 1.953156693147141425e+02
8.376629752306914156e+01 1.954144231396554972e+02
8.378164173738042564e+01 1.955132444765959576e+02
8.379655700141782404e+01 1.956121314648513305e+02
8.381104303434528902e+01 1.957110822425013907e+02
8.382509956340864221e+01 1.958100949464247549e+02
8.383872632394074742e+01 1.959091677123340958e+02
8.385192305936648438e+01 1.960082986748111864e+02
8.386468952120755205e+01 1.961074859673419439e+02
8.387702546908720080e+01 1.962067277223518147e+02
8.388893067073470888e+01 1.963060220712406760e+02
8.390040490198977352e+01 1.964053671444180793e+02
8.391144794680676000e+01 1.965047610713386916e+02
8.392205959725870912e+01 1.966042019805371410e+02
8.393223965354131622e+01 1.967036879996634866e+02
8.394198792397665443e+01 1.968032172555184616e+02
8.395130422501677003e+01 1.969027878740886877e+02
8.396018838124720673e+01 1.970023979805819465e+02
8.396864022539021732e+01 1.971020456994625647e+02
8.397665959830798954e+01 1.972017291544865998e+02
8.398424634900560193e+01 1.973014464687373390e+02
8.399140033463388022e+01 1.974011957646604571e+02
8.399812142049205477e+01 1.975009751640994864e+02
8.400440948003038955e+01 1.976007827883311450e+02
8.401026439485242747e+01 1.977006167581007219e+02
8.401568605471736362e+01 1.978004751936574337e+02
8.402067435754197788e+01 1.979003562147898663e+02
8.402522920940270978e+01 1.980002579408613030e+02
8.402935052453726428e+01 1.981001784908452237e+02
8.403303822534637391e+01 1.982001159833606607e+02
8.403629224239516304e+01 1.983000685367075846e+02
8.403911251441449792e+01 1.984000342689024876e+02
8.404149898830213772e+01 1.985000112977136837e+02
8.404345161912370088e+01 1.985999977406966934e+02
8.404497037011356042e+01 1.986999917152299417e+02
8.404605521267549761e+01 1.987999913385499440e+02
8.404670612638327043e+01 1.988999947277868898e+02
8.404692309898095459e+01 1.990000000000000000e+02
