1.811310973749526170e+02 6.523566266840762751e+01
1.810697660810903642e+02 6.515667866753922510e+01
1.810084347872281114e+02 6.507769466667082270e+01
1.809471034933658586e+02 6.499871066580242029e+01
1.808857721995036059e+02 6.491972666493401789e+01
1.808244409056413531e+02 6.484074266406561549e+01
1.807631096117791003e+02 6.476175866319721308e+01
1.807017783179168475e+02 6.468277466232881068e+01
1.806404470240545947e+02 6.460379066146040827e+01
1.805791157301923420e+02 6.452480666059200587e+01
1.805177844363300892e+02 6.444582265972360346e+01
1.804564531424678364e+02 6.436683865885520106e+01
1.803951218486055836e+02 6.428785465798679866e+01
1.803337905547433309e+02 6.420887065711839625e+01
1.802724592608810781e+02 6.412988665624999385e+01
1.802111279670188253e+02 6.405090265538159144e+01
1.801497966731565725e+02 6.397191865451318193e+01
1.800884653792943197e+02 6.389293465364477242e+01
1.800271340854320670e+02 6.381395065277636292e+01
1.799658027915698142e+02 6.373496665190795341e+01
1.799044714977075614e+02 6.365598265103954390e+01
1.798431402038453086e+02 6.357699865017113439e+01
1.797818089099830559e+02 6.349801464930272488e+01
1.797204776161208031e+02 6.341903064843431537e+01
1.796591463222585503e+02 6.334004664756590586e+01
1.795978150283962975e+02 6.326106264669749635e+01
1.795364837345340447e+02 6.318207864582908684e+01
1.794751524406717920e+02 6.310309464496067733e+01
1.794138211468095392e+02 6.302411064409226782e+01
1.793524898529472864e+02 6.294512664322385831e+01
1.792911585590850336e+02 6.286614264235544880e+01
1.792298272652227809e+02 6.278715864148703929e+01
1.791684959713605281e+02 6.270817464061862978e+01
1.791071646774982753e+02 6.262919063975022027e+01
1.790458333836360225e+02 6.255020663888181076e+01
1.789845020897737697e+02 6.247122263801340125e+01
1.789231707959115170e+02 6.239223863714499174e+01
1.788618395020492642e+02 6.231325463627658223e+01
1.788005082081870114e+02 6.223427063540817272e+01
1.787391769143247586e+02 6.215528663453976321e+01
1.786778456204625058e+02 6.207630263367135370e+01
1.786165143266002531e+02 6.199731863280294419e+01
1.785551830327380003e+02 6.191833463193453468e+01
1.784938517388757475e+02 6.183935063106612517e+01
1.784325204450134947e+02 6.176036663019771566e+01
1.783711891511512420e+02 6.168138262932930616e+01
1.783098578572889892e+02 6.160239862846089665e+01
1.782485265634267364e+02 6.152341462759248714e+01
1.781871952695644836e+02 6.144443062672407763e+01
1.781258639757022308e+02 6.136544662585566812e+01
1.780645326818399781e+02 6.128646262498725861e+01
1.780032013879777253e+02 6.120747862411884910e+01
1.779418700941154725e+02 6.112849462325043959e+01
1.778805388002532197e+02 6.104951062238203008e+01
1.778192075063909670e+02 6.097052662151362057e+01
1.777578762125287142e+02 6.089154262064521106e+01
1.776965449186664614e+02 6.081255861977680155e+01
1.776352136248042086e+02 6.073357461890839204e+01
1.775738823309419558e+02 6.065459061803998253e+01
1.775125510370797031e+02 6.057560661717157302e+01
1.774512197432174503e+02 6.049662261630316351e+01
1.773898884493551975e+02 6.041763861543475400e+01
1.773285571554929447e+02 6.033865461456634449e+01
1.772672258616306920e+02 6.025967061369793498e+01
1.772058945677684392e+02 6.018068661282952547e+01
1.771445632739061864e+02 6.010170261196111596e+01
1.770832319800439336e+02 6.002271861109270645e+01
1.770219006861816808e+02 5.994373461022429694e+01
1.769605693923194281e+02 5.986475060935588743e+01
1.768992380984571753e+02 5.978576660848747792e+01
1.768379068045949225e+02 5.970678260761906841e+01
1.767765755107326697e+02 5.962779860675065891e+01
1.767152442168704169e+02 5.954881460588224940e+01
1.766539129230081642e+02 5.946983060501383989e+01
1.765925816291459114e+02 5.939084660414543038e+01
1.765312503352836586e+02 5.931186260327702087e+01
1.764699190414214058e+02 5.923287860240861136e+01
1.764085877475591531e+02 5.915389460154020185e+01
1.763472564536969003e+02 5.907491060067179234e+01
1.762859251598346475e+02 5.899592659980338283e+01
1.762245938659723947e+02 5.891694259893497332e+01
1.761632625721101419e+02 5.883795859806656381e+01
1.761019312782478892e+02 5.875897459719815430e+01
1.760405999843856364e+02 5.867999059632974479e+01
1.759792686905233836e+02 5.860100659546133528e+01
1.759179373966611308e+02 5.852202259459292577e+01
1.758566061027988781e+02 5.844303859372451626e+01
1.757952748089366253e+02 5.836405459285610675e+01
1.757339435150743725e+02 5.828507059198769724e+01
1.756726122212121197e+02 5.820608659111928773e+01
1.756112809273498669e+02 5.812710259025087822e+01
1.755499496334876142e+02 5.804811858938246871e+01
1.754886183396253614e+02 5.796913458851405920e+01
1.754272870457631086e+02 5.789015058764564969e+01
1.753659557519008558e+02 5.781116658677724018e+01
1.753046244580386031e+02 5.773218258590883067e+01
1.752432931641763503e+02 5.765319858504042116e+01
1.751819618703140975e+02 5.757421458417201166e+01
1.751206305764518447e+02 5.749523058330360215e+01
1.750592992825895919e+02 5.741624658243519264e+01
1.749979679887273392e+02 5.733726258156678313e+01
1.749366366948650864e+02 5.725827858069837362e+01
1.748753054010028336e+02 5.717929457982996411e+01
1.748139741071405808e+02 5.710031057896155460e+01
1.747526428132783280e+02 5.702132657809314509e+01
1.746913115194160753e+02 5.694234257722473558e+01
1.746299802255538225e+02 5.686335857635632607e+01
1.745686489316915697e+02 5.678437457548791656e+01
1.745073176378293169e+02 5.670539057461950705e+01
1.744459863439670642e+02 5.662640657375109754e+01
1.743846550501048114e+02 5.654742257288268803e+01
1.743233237562425586e+02 5.646843857201427852e+01
1.742619924623803058e+02 5.638945457114586901e+01
1.742006611685180530e+02 5.631047057027745950e+01
1.741393298746558003e+02 5.623148656940904999e+01
1.740779985807935475e+02 5.615250256854064048e+01
1.740166672869312947e+02 5.607351856767223097e+01
1.739553359930690419e+02 5.599453456680382146e+01
1.738940046992067892e+02 5.591555056593541195e+01
1.738326734053445364e+02 5.583656656506700244e+01
1.737713421114822836e+02 5.575758256419859293e+01
1.737100108176200308e+02 5.567859856333018342e+01
1.736486795237577780e+02 5.559961456246177391e+01
1.735873482298955253e+02 5.552063056159336440e+01
1.735260169360332725e+02 5.544164656072495490e+01
1.734646856421710197e+02 5.536266255985654539e+01
1.734033543483087669e+02 5.528367855898813588e+01
1.733420230544465142e+02 5.520469455811972637e+01
1.732806917605842614e+02 5.512571055725131686e+01
1.732193604667220086e+02 5.504672655638290735e+01
1.731580291728597558e+02 5.496774255551449784e+01
1.730966978789975030e+02 5.488875855464608833e+01
1.730163580777502546e+02 5.478529491427995879e+01
1.730614830861479163e+02 5.469605516071064955e+01
1.731066080945455781e+02 5.460681540714134030e+01
1.731517331029432398e+02 5.451757565357203106e+01
1.731968581113409016e+02 5.442833590000272181e+01
1.732419831197385633e+02 5.433909614643341257e+01
1.732871081281362251e+02 5.424985639286410333e+01
1.733322331365338869e+02 5.416061663929479408e+01
1.733773581449315486e+02 5.407137688572548484e+01
1.734224831533292104e+02 5.398213713215617560e+01
1.734676081617268721e+02 5.389289737858686635e+01
1.735127331701245339e+02 5.380365762501755711e+01
1.735578581785221957e+02 5.371441787144824787e+01
1.736029831869198574e+02 5.362517811787893862e+01
1.736481081953175192e+02 5.353593836430962938e+01
1.736932332037151809e+02 5.344669861074032013e+01
1.737383582121128427e+02 5.335745885717101089e+01
1.737834832205105045e+02 5.326821910360170165e+01
1.738286082289081662e+02 5.317897935003239240e+01
1.738737332373058280e+02 5.308973959646308316e+01
1.739188582457034897e+02 5.300049984289377392e+01
1.739639832541011515e+02 5.291126008932446467e+01
1.740091082624988132e+02 5.282202033575515543e+01
1.740542332708964750e+02 5.273278058218584619e+01
1.740993582792941368e+02 5.264354082861653694e+01
1.741444832876917985e+02 5.255430107504722770e+01
1.741896082960894603e+02 5.246506132147791845e+01
1.742347333044871220e+02 5.237582156790860921e+01
1.742798583128847838e+02 5.228658181433929997e+01
1.743249833212824456e+02 5.219734206076999072e+01
1.743701083296801073e+02 5.210810230720068148e+01
1.744152333380777691e+02 5.201886255363137224e+01
1.744603583464754308e+02 5.192962280006206299e+01
1.745054833548730926e+02 5.184038304649275375e+01
1.745506083632707544e+02 5.175114329292344451e+01
1.745957333716684161e+02 5.166190353935413526e+01
1.746408583800660779e+02 5.157266378578482602e+01
1.746859833884637396e+02 5.148342403221551677e+01
1.747311083968614014e+02 5.139418427864620753e+01
1.747762334052590631e+02 5.130494452507689829e+01
1.748213584136567249e+02 5.121570477150758904e+01
1.748664834220543867e+02 5.112646501793827980e+01
1.749116084304520484e+02 5.103722526436897056e+01
1.749567334388497102e+02 5.094798551079966131e+01
1.750018584472473719e+02 5.085874575723035207e+01
1.750469834556450337e+02 5.076950600366104283e+01
1.750921084640426955e+02 5.068026625009173358e+01
1.751372334724403572e+02 5.059102649652242434e+01
1.751823584808380190e+02 5.050178674295311509e+01
1.752274834892356807e+02 5.041254698938380585e+01
1.752726084976333425e+02 5.032330723581449661e+01
1.753177335060310043e+02 5.023406748224518736e+01
1.753628585144286660e+02 5.014482772867587812e+01
1.754079835228263278e+02 5.005558797510656888e+01
1.754531085312239895e+02 4.996634822153725963e+01
1.754982335396216513e+02 4.987710846796795039e+01
1.755433585480193130e+02 4.978786871439864115e+01
1.755884835564169748e+02 4.969862896082933190e+01
1.756336085648146366e+02 4.960938920726002266e+01
1.756787335732122983e+02 4.952014945369071341e+01
1.757238585816099601e+02 4.943090970012140417e+01
1.757689835900076218e+02 4.934166994655209493e+01
1.758141085984052836e+02 4.925243019298278568e+01
1.758592336068029454e+02 4.916319043941347644e+01
1.759043586152006071e+02 4.907395068584416720e+01
1.759494836235982689e+02 4.898471093227485795e+01
1.759946086319959306e+02 4.889547117870554871e+01
1.760397336403935924e+02 4.880623142513623947e+01
1.760848586487912542e+02 4.871699167156693022e+01
1.761299836571889159e+02 4.862775191799762098e+01
1.761751086655865777e+02 4.853851216442831173e+01
1.762202336739842394e+02 4.844927241085900249e+01
1.762653586823819012e+02 4.836003265728969325e+01
1.763104836907795629e+02 4.827079290372038400e+01
1.763556086991772247e+02 4.818155315015107476e+01
1.764007337075748865e+02 4.809231339658176552e+01
1.764458587159725482e+02 4.800307364301245627e+01
1.764909837243702100e+02 4.791383388944314703e+01
1.765361087327678717e+02 4.782459413587383779e+01
1.765812337411655335e+02 4.773535438230452854e+01
1.766263587495631953e+02 4.764611462873521930e+01
1.766714837579608570e+02 4.755687487516591005e+01
1.767166087663585188e+02 4.746763512159660081e+01
1.767617337747561805e+02 4.737839536802729157e+01
1.768068587831538423e+02 4.728915561445798232e+01
1.768519837915515041e+02 4.719991586088867308e+01
1.768971087999491658e+02 4.711067610731936384e+01
1.769422338083468276e+02 4.702143635375005459e+01
1.769873588167444893e+02 4.693219660018074535e+01
1.770324838251421511e+02 4.684295684661143611e+01
1.770776088335398128e+02 4.675371709304212686e+01
1.771227338419374746e+02 4.666447733947281762e+01
1.771678588503351364e+02 4.657523758590350837e+01
1.772129838587327981e+02 4.648599783233419913e+01
1.772581088671304599e+02 4.639675807876488989e+01
1.773032338755281216e+02 4.630751832519558064e+01
1.773483588839257834e+02 4.621827857162627140e+01
1.773934838923234452e+02 4.612903881805696216e+01
1.774386089007211069e+02 4.603979906448765291e+01
1.774837339091187687e+02 4.595055931091834367e+01
1.775288589175164304e+02 4.586131955734903443e+01
1.775739839259140922e+02 4.577207980377972518e+01
1.776191089343117540e+02 4.568284005021041594e+01
1.776642339427094157e+02 4.559360029664110670e+01
1.777093589511070775e+02 4.550436054307179745e+01
1.777544839595047392e+02 4.541512078950248821e+01
1.777996089679024010e+02 4.532588103593317896e+01
1.778447339763000627e+02 4.523664128236386972e+01
1.778898589846977245e+02 4.514740152879456048e+01
1.779349839930953863e+02 4.505816177522525123e+01
1.779801090014930480e+02 4.496892202165594199e+01
1.780252340098907098e+02 4.487968226808663275e+01
1.780703590182883715e+02 4.479044251451732350e+01
1.781154840266860333e+02 4.470120276094801426e+01
1.781606090350836951e+02 4.461196300737870502e+01
1.782057340434813568e+02 4.452272325380939577e+01
1.782508590518790186e+02 4.443348350024008653e+01
1.782959840602766803e+02 4.434424374667077728e+01
1.783411090686743421e+02 4.425500399310146804e+01
1.783862340770720039e+02 4.416576423953215880e+01
1.784313590854696656e+02 4.407652448596284955e+01
1.784764840938673274e+02 4.398728473239354031e+01
1.785216091022649891e+02 4.389804497882423107e+01
1.785667341106626509e+02 4.380880522525492182e+01
1.786118591190603127e+02 4.371956547168561258e+01
1.786569841274579744e+02 4.363032571811630334e+01
1.787021091358556362e+02 4.354108596454699409e+01
1.787472341442532979e+02 4.345184621097768485e+01
1.787923591526509597e+02 4.336260645740837560e+01
1.788374841610486214e+02 4.327336670383906636e+01
1.788826091694462832e+02 4.318412695026975712e+01
1.789277341778439450e+02 4.309488719670044787e+01
1.789728591862416067e+02 4.300564744313113863e+01
1.790179841946392685e+02 4.291640768956182939e+01
1.790631092030369302e+02 4.282716793599252014e+01
1.791082342114345920e+02 4.273792818242321090e+01
1.791533592198322538e+02 4.264868842885390166e+01
1.791984842282299155e+02 4.255944867528459241e+01
1.792436092366275773e+02 4.247020892171528317e+01
1.792887342450252390e+02 4.238096916814597392e+01
1.793338592534229008e+02 4.229172941457666468e+01
1.793789842618205626e+02 4.220248966100735544e+01
1.794241092702182243e+02 4.211324990743804619e+01
1.794692342786158861e+02 4.202401015386873695e+01
1.795143592870135478e+02 4.193477040029942771e+01
1.795594842954112096e+02 4.184553064673011846e+01
1.796046093038088713e+02 4.175629089316080922e+01
1.796497343122065331e+02 4.166705113959149998e+01
1.796948593206041949e+02 4.157781138602219073e+01
1.797399843290018566e+02 4.148857163245288149e+01
1.797851093373995184e+02 4.139933187888357224e+01
1.798302343457971801e+02 4.131009212531426300e+01
1.798753593541948419e+02 4.122085237174495376e+01
1.799204843625925037e+02 4.113161261817564451e+01
1.799656093709901654e+02 4.104237286460633527e+01
1.800107343793878272e+02 4.095313311103702603e+01
1.800558593877854889e+02 4.086389335746771678e+01
1.801009843961831507e+02 4.077465360389840754e+01
1.801461094045808125e+02 4.068541385032909830e+01
1.801912344129784742e+02 4.059617409675978905e+01
1.802363594213761360e+02 4.050693434319047981e+01
1.802814844297737977e+02 4.041769458962117056e+01
1.803266094381714595e+02 4.032845483605186132e+01
1.803717344465691212e+02 4.023921508248255208e+01
1.804168594549667830e+02 4.014997532891324283e+01
1.804619844633644448e+02 4.006073557534393359e+01
1.805071094717621065e+02 3.997149582177462435e+01
1.805522344801597683e+02 3.988225606820531510e+01
1.805973594885574300e+02 3.979301631463600586e+01
1.806424844969550918e+02 3.970377656106669662e+01
1.806876095053527536e+02 3.961453680749738737e+01
1.807327345137504153e+02 3.952529705392807813e+01
1.807778595221480771e+02 3.943605730035876888e+01
1.808229845305457388e+02 3.934681754678945964e+01
1.808681095389434006e+02 3.925757779322015040e+01
1.809132345473410624e+02 3.916833803965084115e+01
1.809583595557387241e+02 3.907909828608153191e+01
1.810034845641363859e+02 3.898985853251222267e+01
1.810486095725340476e+02 3.890061877894291342e+01
1.810937345809317094e+02 3.881137902537360418e+01
1.811388595893293711e+02 3.872213927180429494e+01
1.811839845977270329e+02 3.863289951823498569e+01
1.812291096061246947e+02 3.854365976466567645e+01
1.812742346145223564e+02 3.845442001109636720e+01
1.813193596229200182e+02 3.836518025752705796e+01
1.813644846313176799e+02 3.827594050395774872e+01
1.814096096397153417e+02 3.818670075038843947e+01
1.814547346481130035e+02 3.809746099681913023e+01
1.814998596565106652e+02 3.800822124324982099e+01
1.815449846649083270e+02 3.791898148968051174e+01
1.815901096733059887e+02 3.782974173611120250e+01
1.816352346817036505e+02 3.774050198254189326e+01
1.816803596901013123e+02 3.765126222897258401e+01
1.817254846984989740e+02 3.756202247540327477e+01
1.817706097068966358e+02 3.747278272183396552e+01
1.818157347152942975e+02 3.738354296826465628e+01
1.818608597236919593e+02 3.729430321469534704e+01
1.819059847320896210e+02 3.720506346112603779e+01
1.819511097404872828e+02 3.711582370755672855e+01
1.819962347488849446e+02 3.702658395398741931e+01
1.820413597572826063e+02 3.693734420041811006e+01
1.820864847656802681e+02 3.684810444684880082e+01
1.821316097740779298e+02 3.675886469327949158e+01
1.821767347824755916e+02 3.666962493971018233e+01
1.822218597908732534e+02 3.658038518614087309e+01
1.822669847992709151e+02 3.649114543257156384e+01
1.823121098076685769e+02 3.640190567900225460e+01
1.823572348160662386e+02 3.631266592543294536e+01
1.824023598244639004e+02 3.622342617186363611e+01
1.824474848328615622e+02 3.613418641829432687e+01
1.824926098412592239e+02 3.604494666472501763e+01
1.825377348496568857e+02 3.595570691115570838e+01
1.825828598580545474e+02 3.586646715758639914e+01
1.826279848664522092e+02 3.577722740401708990e+01
1.826731098748498709e+02 3.568798765044778065e+01
1.827182348832475327e+02 3.559874789687847141e+01
1.827633598916451945e+02 3.550950814330916216e+01
1.828084849000428562e+02 3.542026838973985292e+01
1.828536099084405180e+02 3.533102863617054368e+01
1.828987349168381797e+02 3.524178888260123443e+01
1.829438599252358415e+02 3.515254912903192519e+01
1.829889849336335033e+02 3.506330937546261595e+01
1.830341099420311650e+02 3.497406962189330670e+01
1.830792349504288268e+02 3.488482986832399746e+01
1.831243599588264885e+02 3.479559011475468822e+01
1.831694849672241503e+02 3.470635036118537897e+01
1.832146099756218121e+02 3.461711060761606973e+01
1.832597349840194738e+02 3.452787085404676048e+01
1.833048599924171356e+02 3.443863110047745124e+01
1.833499850008147973e+02 3.434939134690814200e+01
1.833951100092124591e+02 3.426015159333883275e+01
1.834402350176101208e+02 3.417091183976952351e+01
1.834853600260077826e+02 3.408167208620021427e+01
1.835304850344054444e+02 3.399243233263090502e+01
1.835756100428031061e+02 3.390319257906159578e+01
1.836207350512007679e+02 3.381395282549228654e+01
1.836658600595984296e+02 3.372471307192297729e+01
1.837109850679960914e+02 3.363547331835366805e+01
1.837561100763937532e+02 3.354623356478435880e+01
1.838012350847914149e+02 3.345699381121504956e+01
1.838463600931890767e+02 3.336775405764574032e+01
1.838914851015867384e+02 3.327851430407643107e+01
1.839366101099844002e+02 3.318927455050712183e+01
1.839817351183820620e+02 3.310003479693781259e+01
1.840268601267797237e+02 3.301079504336850334e+01
1.840719851351773855e+02 3.292155528979919410e+01
1.841171101435750472e+02 3.283231553622988486e+01
1.841622351519727090e+02 3.274307578266057561e+01
1.842073601603703707e+02 3.265383602909126637e+01
1.842524851687680325e+02 3.256459627552195712e+01
1.842976101771656943e+02 3.247535652195264788e+01
1.843427351855633560e+02 3.238611676838333864e+01
1.843878601939610178e+02 3.229687701481402939e+01
1.844329852023586795e+02 3.220763726124472015e+01
1.844781102107563413e+02 3.211839750767541091e+01
1.845232352191540031e+02 3.202915775410610166e+01
1.845683602275516648e+02 3.193991800053679242e+01
1.846134852359493266e+02 3.185067824696748318e+01
1.846586102443469883e+02 3.176143849339817393e+01
1.847037352527446501e+02 3.167219873982886469e+01
1.847488602611423119e+02 3.158295898625955545e+01
1.847939852695399736e+02 3.149371923269024620e+01
1.848391102779376354e+02 3.140447947912093696e+01
1.848842352863352971e+02 3.131523972555162771e+01
1.849293602947329589e+02 3.122599997198231847e+01
1.849744853031306207e+02 3.113676021841300923e+01
1.850196103115282824e+02 3.104752046484369998e+01
1.850647353199259442e+02 3.095828071127439074e+01
1.851098603283236059e+02 3.086904095770508150e+01
1.851549853367212677e+02 3.077980120413577225e+01
1.852001103451189294e+02 3.069056145056646301e+01
1.852452353535165912e+02 3.060132169699715377e+01
1.852903603619142530e+02 3.051208194342784452e+01
1.853354853703119147e+02 3.042284218985853528e+01
1.853806103787095765e+02 3.033360243628922603e+01
1.854257353871072382e+02 3.024436268271991679e+01
1.854708603955049000e+02 3.015512292915060755e+01
1.855159854039025618e+02 3.006588317558129830e+01
1.855611104123002235e+02 2.997664342201198906e+01
1.856062354206978853e+02 2.988740366844267982e+01
1.856513604290955470e+02 2.979816391487337057e+01
1.856964854374932088e+02 2.970892416130406133e+01
1.857416104458908706e+02 2.961968440773475209e+01
1.857867354542885323e+02 2.953044465416544284e+01
1.858318604626861941e+02 2.944120490059613360e+01
1.858769854710838558e+02 2.935196514702682435e+01
1.859221104794815176e+02 2.926272539345751511e+01
1.859672354878791793e+02 2.917348563988820587e+01
1.860123604962768411e+02 2.908424588631889662e+01
1.860574855046745029e+02 2.899500613274958738e+01
1.861026105130721646e+02 2.890576637918027814e+01
1.861477355214698264e+02 2.881652662561096889e+01
1.861928605298674881e+02 2.872728687204165965e+01
1.862379855382651499e+02 2.863804711847235041e+01
1.862831105466628117e+02 2.854880736490304116e+01
1.863282355550604734e+02 2.845956761133373192e+01
1.863733605634581352e+02 2.837032785776442267e+01
1.864184855718557969e+02 2.828108810419511343e+01
1.864636105802534587e+02 2.819184835062580419e+01
1.865087355886511205e+02 2.810260859705649494e+01
1.865538605970487822e+02 2.801336884348718570e+01
1.865989856054464440e+02 2.792412908991787646e+01
1.866441106138441057e+02 2.783488933634856721e+01
1.866892356222417675e+02 2.774564958277925797e+01
1.867343606306394292e+02 2.765640982920994873e+01
1.867794856390370910e+02 2.756717007564063948e+01
1.868246106474347528e+02 2.747793032207133024e+01
1.868697356558324145e+02 2.738869056850202099e+01
1.869148606642300763e+02 2.729945081493271175e+01
1.869599856726277380e+02 2.721021106136340251e+01
1.870051106810253998e+02 2.712097130779409326e+01
1.870502356894230616e+02 2.703173155422478402e+01
1.870953606978207233e+02 2.694249180065547478e+01
1.871404857062183851e+02 2.685325204708616553e+01
1.871856107146160468e+02 2.676401229351685629e+01
1.872307357230137086e+02 2.667477253994754705e+01
1.872758607314113704e+02 2.658553278637823780e+01
1.873209857398090321e+02 2.649629303280892856e+01
1.873661107482066939e+02 2.640705327923961931e+01
1.874112357566043556e+02 2.631781352567031007e+01
1.874563607650020174e+02 2.622857377210100083e+01
1.875014857733996791e+02 2.613933401853169158e+01
1.875466107817973409e+02 2.605009426496238234e+01
1.875917357901950027e+02 2.596085451139307310e+01
1.876368607985926644e+02 2.587161475782376385e+01
1.876819858069903262e+02 2.578237500425445461e+01
1.877271108153879879e+02 2.569313525068514537e+01
1.877722358237856497e+02 2.560389549711583612e+01
1.878173608321833115e+02 2.551465574354652688e+01
1.878624858405809732e+02 2.542541598997721763e+01
1.879076108489786350e+02 2.533617623640790839e+01
1.879527358573762967e+02 2.524693648283859915e+01
1.879978608657739585e+02 2.515769672926928990e+01
1.880429858741716203e+02 2.506845697569998066e+01
1.880881108825692820e+02 2.497921722213067142e+01
1.881332358909669438e+02 2.488997746856136217e+01
1.881783608993646055e+02 2.480073771499205293e+01
1.882234859077622673e+02 2.471149796142274369e+01
1.882686109161599290e+02 2.462225820785343444e+01
1.883137359245575908e+02 2.453301845428412520e+01
1.883588609329552526e+02 2.444377870071481595e+01
1.884039859413529143e+02 2.435453894714550671e+01
1.884491109497505761e+02 2.426529919357619747e+01
1.884942359581482378e+02 2.417605944000688822e+01
1.885393609665458996e+02 2.408681968643757898e+01
1.885844859749435614e+02 2.399757993286826974e+01
1.886296109833412231e+02 2.390834017929896049e+01
1.886747359917388849e+02 2.381910042572965125e+01
1.887198610001365466e+02 2.372986067216034201e+01
1.887649860085342084e+02 2.364062091859103276e+01
1.888101110169318702e+02 2.355138116502172352e+01
1.888552360253295319e+02 2.346214141145241427e+01
1.889003610337271937e+02 2.337290165788310503e+01
1.889454860421248554e+02 2.328366190431379579e+01
1.889906110505225172e+02 2.319442215074448654e+01
1.890357360589201789e+02 2.310518239717517730e+01
1.890808610673178407e+02 2.301594264360586806e+01
1.891259860757155025e+02 2.292670289003655881e+01
1.891711110841131642e+02 2.283746313646724957e+01
1.892162360925108260e+02 2.274822338289794033e+01
1.892613611009084877e+02 2.265898362932863108e+01
1.893064861093061495e+02 2.256974387575932184e+01
1.893516111177038113e+02 2.248050412219001259e+01
1.893967361261014730e+02 2.239126436862070335e+01
1.894418611344991348e+02 2.230202461505139411e+01
1.894869861428967965e+02 2.221278486148208486e+01
1.895321111512944583e+02 2.212354510791277562e+01
1.895772361596921201e+02 2.203430535434346638e+01
1.896223611680897818e+02 2.194506560077415713e+01
1.896674861764874436e+02 2.185582584720484789e+01
1.897126111848851053e+02 2.176658609363553865e+01
1.897577361932827671e+02 2.167734634006622940e+01
1.898028612016804288e+02 2.158810658649692016e+01
1.898479862100780906e+02 2.149886683292761091e+01
1.898931112184757524e+02 2.140962707935830167e+01
1.899382362268734141e+02 2.132038732578899243e+01
1.899833612352710759e+02 2.123114757221968318e+01
1.900284862436687376e+02 2.114190781865037394e+01
1.900736112520663994e+02 2.105266806508106470e+01
1.901187362604640612e+02 2.096342831151175545e+01
1.901638612688617229e+02 2.087418855794244621e+01
1.902089862772593847e+02 2.078494880437313697e+01
1.902541112856570464e+02 2.069570905080382772e+01
1.902992362940547082e+02 2.060646929723451848e+01
1.903443613024523700e+02 2.051722954366520923e+01
1.903894863108500317e+02 2.042798979009589999e+01
1.904346113192476935e+02 2.033875003652659075e+01
1.904797363276453552e+02 2.024951028295728150e+01
1.905248613360430170e+02 2.016027052938797226e+01
1.905699863444406787e+02 2.007103077581866302e+01
1.906151113528383405e+02 1.998179102224935377e+01
1.906602363612360023e+02 1.989255126868004453e+01
1.907053613696336640e+02 1.980331151511073529e+01
1.907504863780313258e+02 1.971407176154142604e+01
1.907956113864289875e+02 1.962483200797211680e+01
1.908407363948266493e+02 1.953559225440280755e+01
1.908858614032243111e+02 1.944635250083349831e+01
1.909309864116219728e+02 1.935711274726418907e+01
1.909761114200196346e+02 1.926787299369487982e+01
1.910212364284172963e+02 1.917863324012557058e+01
1.910663614368149581e+02 1.908939348655626134e+01
1.911114864452126199e+02 1.900015373298695209e+01
1.911566114536102816e+02 1.891091397941764285e+01
1.912017364620079434e+02 1.882167422584833361e+01
1.912468614704056051e+02 1.873243447227902436e+01
1.912919864788032669e+02 1.864319471870971512e+01
1.913371114872009287e+02 1.855395496514040587e+01
1.913822364955985904e+02 1.846471521157109663e+01
1.914273615039962522e+02 1.837547545800178739e+01
1.914724865123939139e+02 1.828623570443247814e+01
1.915176115207915757e+02 1.819699595086316890e+01
1.915627365291892374e+02 1.810775619729385966e+01
1.916078615375868992e+02 1.801851644372455041e+01
1.916529865459845610e+02 1.792927669015524117e+01
1.916981115543822227e+02 1.784003693658593193e+01
1.917432365627798845e+02 1.775079718301662268e+01
1.917883615711775462e+02 1.766155742944731344e+01
1.918334865795752080e+02 1.757231767587800420e+01
1.918786115879728698e+02 1.748307792230869495e+01
1.919237365963705315e+02 1.739383816873938571e+01
1.919688616047681933e+02 1.730459841517007646e+01
1.920139866131658550e+02 1.721535866160076722e+01
1.920591116215635168e+02 1.712611890803145798e+01
1.921042366299611786e+02 1.703687915446214873e+01
1.921493616383588403e+02 1.694763940089283949e+01
1.921944866467565021e+02 1.685839964732353025e+01
1.922396116551541638e+02 1.676915989375422100e+01
1.922847366635518256e+02 1.667992014018491176e+01
1.923298616719494873e+02 1.659068038661560252e+01
1.923749866803471491e+02 1.650144063304629327e+01
1.924201116887448109e+02 1.641220087947698403e+01
1.924652366971424726e+02 1.632296112590767478e+01
1.925103617055401344e+02 1.623372137233836554e+01
1.925554867139377961e+02 1.614448161876905630e+01
1.926006117223354579e+02 1.605524186519974705e+01
1.926457367307331197e+02 1.596600211163043781e+01
1.926908617391307814e+02 1.587676235806112857e+01
1.927359867475284432e+02 1.578752260449181932e+01
1.927811117559261049e+02 1.569828285092251008e+01
1.928262367643237667e+02 1.560904309735320084e+01
1.928713617727214285e+02 1.551980334378389159e+01
1.929164867811190902e+02 1.543056359021458235e+01
1.929616117895167520e+02 1.534132383664527310e+01
1.930067367979144137e+02 1.525208408307596386e+01
1.930518618063120755e+02 1.516284432950665462e+01
1.930969868147097372e+02 1.507360457593734537e+01
1.931421118231073990e+02 1.498436482236803613e+01
1.931872368315050608e+02 1.489512506879872689e+01
1.932323618399027225e+02 1.480588531522941764e+01
1.932774868483003843e+02 1.471664556166010840e+01
1.933226118566980460e+02 1.462740580809079916e+01
1.933677368650957078e+02 1.453816605452148991e+01
1.934128618734933696e+02 1.444892630095218067e+01
1.934579868818910313e+02 1.435968654738287142e+01
1.935031118902886931e+02 1.427044679381356218e+01
1.935482368986863548e+02 1.418120704024425294e+01
1.935933619070840166e+02 1.409196728667494369e+01
1.936384869154816784e+02 1.400272753310563445e+01
1.936836119238793401e+02 1.391348777953632521e+01
1.937612498962528775e+02 1.375995000152245851e+01
1.937374205639312947e+02 1.385706932463123842e+01
1.937135912316097119e+02 1.395418864774001833e+01
1.936897618992881291e+02 1.405130797084879823e+01
1.936659325669665463e+02 1.414842729395757814e+01
1.936421032346449635e+02 1.424554661706635805e+01
1.936182739023233808e+02 1.434266594017513796e+01
1.935944445700017980e+02 1.443978526328391787e+01
1.935706152376802152e+02 1.453690458639269778e+01
1.935467859053586324e+02 1.463402390950147769e+01
1.935229565730370496e+02 1.473114323261025760e+01
1.934991272407154668e+02 1.482826255571903751e+01
1.934752979083938840e+02 1.492538187882781742e+01
1.934514685760723012e+02 1.502250120193659733e+01
1.934276392437507184e+02 1.511962052504537724e+01
1.934038099114291356e+02 1.521673984815415714e+01
1.933799805791075528e+02 1.531385917126293705e+01
1.933561512467859700e+02 1.541097849437171696e+01
1.933323219144643872e+02 1.550809781748049687e+01
1.933084925821428044e+02 1.560521714058927678e+01
1.932846632498212216e+02 1.570233646369805669e+01
1.932608339174996388e+02 1.579945578680683660e+01
1.932370045851780560e+02 1.589657510991561651e+01
1.932131752528564732e+02 1.599369443302439642e+01
1.931893459205348904e+02 1.609081375613317633e+01
1.931655165882133076e+02 1.618793307924195801e+01
1.931416872558917248e+02 1.628505240235073970e+01
1.931178579235701420e+02 1.638217172545952138e+01
1.930940285912485592e+02 1.647929104856830307e+01
1.930701992589269764e+02 1.657641037167708475e+01
1.930463699266053936e+02 1.667352969478586644e+01
1.930225405942838108e+02 1.677064901789464813e+01
1.929987112619622280e+02 1.686776834100342981e+01
1.929748819296406452e+02 1.696488766411221150e+01
1.929510525973190624e+02 1.706200698722099318e+01
1.929272232649974796e+02 1.715912631032977487e+01
1.929033939326758968e+02 1.725624563343855655e+01
1.928795646003543141e+02 1.735336495654733824e+01
1.928557352680327313e+02 1.745048427965611992e+01
1.928319059357111485e+02 1.754760360276490161e+01
1.928080766033895657e+02 1.764472292587368329e+01
1.927842472710679829e+02 1.774184224898246498e+01
1.927604179387464001e+02 1.783896157209124667e+01
1.927365886064248173e+02 1.793608089520002835e+01
1.927127592741032345e+02 1.803320021830881004e+01
1.926889299417816517e+02 1.813031954141759172e+01
1.926651006094600689e+02 1.822743886452637341e+01
1.926412712771384861e+02 1.832455818763515509e+01
1.926174419448169033e+02 1.842167751074393678e+01
1.925936126124953205e+02 1.851879683385271846e+01
1.925697832801737377e+02 1.861591615696150015e+01
1.925459539478521549e+02 1.871303548007028184e+01
1.925221246155305721e+02 1.881015480317906352e+01
1.924982952832089893e+02 1.890727412628784521e+01
1.924744659508874065e+02 1.900439344939662689e+01
1.924506366185658237e+02 1.910151277250540858e+01
1.924268072862442409e+02 1.919863209561419026e+01
1.924029779539226581e+02 1.929575141872297195e+01
1.923791486216010753e+02 1.939287074183175363e+01
1.923553192892794925e+02 1.948999006494053532e+01
1.923314899569579097e+02 1.958710938804931700e+01
1.923076606246363269e+02 1.968422871115809869e+01
1.922838312923147441e+02 1.978134803426688038e+01
1.922600019599931613e+02 1.987846735737566206e+01
1.922361726276715785e+02 1.997558668048444375e+01
1.922123432953499957e+02 2.007270600359322543e+01
1.921885139630284129e+02 2.016982532670200712e+01
1.921646846307068301e+02 2.026694464981078880e+01
1.921408552983852474e+02 2.036406397291957049e+01
1.921170259660636646e+02 2.046118329602835217e+01
1.920931966337420818e+02 2.055830261913713386e+01
1.920693673014204990e+02 2.065542194224591555e+01
1.920455379690989162e+02 2.075254126535469723e+01
1.920217086367773334e+02 2.084966058846347892e+01
1.919978793044557506e+02 2.094677991157226060e+01
1.919740499721341678e+02 2.104389923468104229e+01
1.919502206398125850e+02 2.114101855778982397e+01
1.919263913074910022e+02 2.123813788089860566e+01
1.919025619751694194e+02 2.133525720400738734e+01
1.918787326428478366e+02 2.143237652711616903e+01
1.918549033105262538e+02 2.152949585022495071e+01
1.918310739782046710e+02 2.162661517333373240e+01
1.918072446458830882e+02 2.172373449644251409e+01
1.917834153135615054e+02 2.182085381955129577e+01
1.917595859812399226e+02 2.191797314266007746e+01
1.917357566489183398e+02 2.201509246576885914e+01
1.917119273165967570e+02 2.211221178887764083e+01
1.916880979842751742e+02 2.220933111198642251e+01
1.916642686519535914e+02 2.230645043509520420e+01
1.916404393196320086e+02 2.240356975820398588e+01
1.916166099873104258e+02 2.250068908131276757e+01
1.915927806549888430e+02 2.259780840442154926e+01
1.915689513226672602e+02 2.269492772753033094e+01
1.915451219903456774e+02 2.279204705063911263e+01
1.915212926580240946e+02 2.288916637374789431e+01
1.914974633257025118e+02 2.298628569685667600e+01
1.914736339933809290e+02 2.308340501996545768e+01
1.914498046610593462e+02 2.318052434307423937e+01
1.914259753287377634e+02 2.327764366618302105e+01
1.914021459964161807e+02 2.337476298929180274e+01
1.913783166640945979e+02 2.347188231240058442e+01
1.913544873317730151e+02 2.356900163550936611e+01
1.913306579994514323e+02 2.366612095861814780e+01
1.913068286671298495e+02 2.376324028172692948e+01
1.912829993348082667e+02 2.386035960483571117e+01
1.912591700024866839e+02 2.395747892794449285e+01
1.912353406701651011e+02 2.405459825105327454e+01
1.912115113378435183e+02 2.415171757416205622e+01
1.911876820055219355e+02 2.424883689727083791e+01
1.911638526732003527e+02 2.434595622037961959e+01
1.911400233408787699e+02 2.444307554348840128e+01
1.911161940085571871e+02 2.454019486659718297e+01
1.910923646762356043e+02 2.463731418970596465e+01
1.910685353439140215e+02 2.473443351281474634e+01
1.910447060115924387e+02 2.483155283592352802e+01
1.910208766792708559e+02 2.492867215903230971e+01
1.909970473469492731e+02 2.502579148214109139e+01
1.909732180146276903e+02 2.512291080524987308e+01
1.909493886823061075e+02 2.522003012835865476e+01
1.909255593499845247e+02 2.531714945146743645e+01
1.909017300176629419e+02 2.541426877457621814e+01
1.908779006853413591e+02 2.551138809768499982e+01
1.908540713530197763e+02 2.560850742079378151e+01
1.908302420206981935e+02 2.570562674390256319e+01
1.908064126883766107e+02 2.580274606701134488e+01
1.907825833560550279e+02 2.589986539012012656e+01
1.907587540237334451e+02 2.599698471322890825e+01
1.907349246914118623e+02 2.609410403633768993e+01
1.907110953590902795e+02 2.619122335944647162e+01
1.906872660267686967e+02 2.628834268255525330e+01
1.906634366944471140e+02 2.638546200566403499e+01
1.906396073621255312e+02 2.648258132877281668e+01
1.906157780298039484e+02 2.657970065188159836e+01
1.905919486974823656e+02 2.667681997499038005e+01
1.905681193651607828e+02 2.677393929809916173e+01
1.905442900328392000e+02 2.687105862120794342e+01
1.905204607005176172e+02 2.696817794431672510e+01
1.904966313681960344e+02 2.706529726742550679e+01
1.904728020358744516e+02 2.716241659053428847e+01
1.904489727035528688e+02 2.725953591364307016e+01
1.904251433712312860e+02 2.735665523675185185e+01
1.904013140389097032e+02 2.745377455986063353e+01
1.903774847065881204e+02 2.755089388296941522e+01
1.903536553742665376e+02 2.764801320607819690e+01
1.903298260419449548e+02 2.774513252918697859e+01
1.903059967096233720e+02 2.784225185229576027e+01
1.902821673773017892e+02 2.793937117540454196e+01
1.902583380449802064e+02 2.803649049851332364e+01
1.902345087126586236e+02 2.813360982162210533e+01
1.902106793803370408e+02 2.823072914473088701e+01
1.901868500480154580e+02 2.832784846783966870e+01
1.901630207156938752e+02 2.842496779094845039e+01
1.901391913833722924e+02 2.852208711405723207e+01
1.901153620510507096e+02 2.861920643716601376e+01
1.900915327187291268e+02 2.871632576027479544e+01
1.900677033864075440e+02 2.881344508338357713e+01
1.900438740540859612e+02 2.891056440649235881e+01
1.900200447217643784e+02 2.900768372960114050e+01
1.899962153894427956e+02 2.910480305270992218e+01
1.899723860571212128e+02 2.920192237581870387e+01
1.899485567247996300e+02 2.929904169892748556e+01
1.899247273924780472e+02 2.939616102203626724e+01
1.899008980601564645e+02 2.949328034514504893e+01
1.898770687278348817e+02 2.959039966825383061e+01
1.898532393955132989e+02 2.968751899136261230e+01
1.898294100631917161e+02 2.978463831447139398e+01
1.898055807308701333e+02 2.988175763758017567e+01
1.897817513985485505e+02 2.997887696068895735e+01
1.897579220662269677e+02 3.007599628379773904e+01
1.897340927339053849e+02 3.017311560690652072e+01
1.897102634015838021e+02 3.027023493001530241e+01
1.896864340692622193e+02 3.036735425312408410e+01
1.896626047369406365e+02 3.046447357623286578e+01
1.896387754046190537e+02 3.056159289934164747e+01
1.896149460722974709e+02 3.065871222245042915e+01
1.895911167399758881e+02 3.075583154555921084e+01
1.895672874076543053e+02 3.085295086866799252e+01
1.895434580753327225e+02 3.095007019177677421e+01
1.895196287430111397e+02 3.104718951488555589e+01
1.894957994106895569e+02 3.114430883799433758e+01
1.894719700783679741e+02 3.124142816110311927e+01
1.894481407460463913e+02 3.133854748421190095e+01
1.894243114137248085e+02 3.143566680732068264e+01
1.894004820814032257e+02 3.153278613042946432e+01
1.893766527490816429e+02 3.162990545353824601e+01
1.893528234167600601e+02 3.172702477664702769e+01
1.893289940844384773e+02 3.182414409975580938e+01
1.893051647521168945e+02 3.192126342286459106e+01
1.892813354197953117e+02 3.201838274597336920e+01
1.892575060874737289e+02 3.211550206908214733e+01
1.892336767551521461e+02 3.221262139219092546e+01
1.892098474228305633e+02 3.230974071529970360e+01
1.891860180905089805e+02 3.240686003840848173e+01
1.891621887581873978e+02 3.250397936151725986e+01
1.891383594258658150e+02 3.260109868462603799e+01
1.891145300935442322e+02 3.269821800773481613e+01
1.890907007612226494e+02 3.279533733084359426e+01
1.890668714289010666e+02 3.289245665395237239e+01
1.890430420965794838e+02 3.298957597706115052e+01
1.890192127642579010e+02 3.308669530016992866e+01
1.889953834319363182e+02 3.318381462327870679e+01
1.889715540996147354e+02 3.328093394638748492e+01
1.889477247672931526e+02 3.337805326949626306e+01
1.889238954349715698e+02 3.347517259260504119e+01
1.889000661026499870e+02 3.357229191571381932e+01
1.888762367703284042e+02 3.366941123882259745e+01
1.888524074380068214e+02 3.376653056193137559e+01
1.888285781056852386e+02 3.386364988504015372e+01
1.888047487733636558e+02 3.396076920814893185e+01
1.887809194410420730e+02 3.405788853125770999e+01
1.887570901087204902e+02 3.415500785436648812e+01
1.887332607763989074e+02 3.425212717747526625e+01
1.887094314440773246e+02 3.434924650058404438e+01
1.886856021117557418e+02 3.444636582369282252e+01
1.886617727794341590e+02 3.454348514680160065e+01
1.886379434471125762e+02 3.464060446991037878e+01
1.886141141147909934e+02 3.473772379301915691e+01
1.885902847824694106e+02 3.483484311612793505e+01
1.885664554501478278e+02 3.493196243923671318e+01
1.885426261178262450e+02 3.502908176234549131e+01
1.885187967855046622e+02 3.512620108545426945e+01
1.884949674531830794e+02 3.522332040856304758e+01
1.884711381208614966e+02 3.532043973167182571e+01
1.884473087885399138e+02 3.541755905478060384e+01
1.884234794562183311e+02 3.551467837788938198e+01
1.883996501238967483e+02 3.561179770099816011e+01
1.883758207915751655e+02 3.570891702410693824e+01
1.883519914592535827e+02 3.580603634721571638e+01
1.883281621269319999e+02 3.590315567032449451e+01
1.883043327946104171e+02 3.600027499343327264e+01
1.882805034622888343e+02 3.609739431654205077e+01
1.882566741299672515e+02 3.619451363965082891e+01
1.882328447976456687e+02 3.629163296275960704e+01
1.882090154653240859e+02 3.638875228586838517e+01
1.881851861330025031e+02 3.648587160897716331e+01
1.881613568006809203e+02 3.658299093208594144e+01
1.881375274683593375e+02 3.668011025519471957e+01
1.881136981360377547e+02 3.677722957830349770e+01
1.880898688037161719e+02 3.687434890141227584e+01
1.880660394713945891e+02 3.697146822452105397e+01
1.880422101390730063e+02 3.706858754762983210e+01
1.880183808067514235e+02 3.716570687073861023e+01
1.879945514744298407e+02 3.726282619384738837e+01
1.879707221421082579e+02 3.735994551695616650e+01
1.879468928097866751e+02 3.745706484006494463e+01
1.879230634774650923e+02 3.755418416317372277e+01
1.878992341451435095e+02 3.765130348628250090e+01
1.878754048128219267e+02 3.774842280939127903e+01
1.878515754805003439e+02 3.784554213250005716e+01
1.878277461481787611e+02 3.794266145560883530e+01
1.878039168158571783e+02 3.803978077871761343e+01
1.877800874835355955e+02 3.813690010182639156e+01
1.877562581512140127e+02 3.823401942493516970e+01
1.877324288188924299e+02 3.833113874804394783e+01
1.877085994865708471e+02 3.842825807115272596e+01
1.876847701542492644e+02 3.852537739426150409e+01
1.876609408219276816e+02 3.862249671737028223e+01
1.876371114896060988e+02 3.871961604047906036e+01
1.876132821572845160e+02 3.881673536358783849e+01
1.875894528249629332e+02 3.891385468669661662e+01
1.875656234926413504e+02 3.901097400980539476e+01
1.875417941603197676e+02 3.910809333291417289e+01
1.875179648279981848e+02 3.920521265602295102e+01
1.874941354956766020e+02 3.930233197913172916e+01
1.874703061633550192e+02 3.939945130224050729e+01
1.874464768310334364e+02 3.949657062534928542e+01
1.874226474987118536e+02 3.959368994845806355e+01
1.873988181663902708e+02 3.969080927156684169e+01
1.873749888340686880e+02 3.978792859467561982e+01
1.873511595017471052e+02 3.988504791778439795e+01
1.873273301694255224e+02 3.998216724089317609e+01
1.873035008371039396e+02 4.007928656400195422e+01
1.872796715047823568e+02 4.017640588711073235e+01
1.872558421724607740e+02 4.027352521021951048e+01
1.872320128401391912e+02 4.037064453332828862e+01
1.872081835078176084e+02 4.046776385643706675e+01
1.871843541754960256e+02 4.056488317954584488e+01
1.871605248431744428e+02 4.066200250265462302e+01
1.871366955108528600e+02 4.075912182576340115e+01
1.871128661785312772e+02 4.085624114887217928e+01
1.870890368462096944e+02 4.095336047198095741e+01
1.870652075138881116e+02 4.105047979508973555e+01
1.870413781815665288e+02 4.114759911819851368e+01
1.870175488492449460e+02 4.124471844130729181e+01
1.869937195169233632e+02 4.134183776441606994e+01
1.869698901846017804e+02 4.143895708752484808e+01
1.869460608522801977e+02 4.153607641063362621e+01
1.869222315199586149e+02 4.163319573374240434e+01
1.868984021876370321e+02 4.173031505685118248e+01
1.868745728553154493e+02 4.182743437995996061e+01
1.868507435229938665e+02 4.192455370306873874e+01
1.868269141906722837e+02 4.202167302617751687e+01
1.868030848583507009e+02 4.211879234928629501e+01
1.867792555260291181e+02 4.221591167239507314e+01
1.867554261937075353e+02 4.231303099550385127e+01
1.867315968613859525e+02 4.241015031861262941e+01
1.867077675290643697e+02 4.250726964172140754e+01
1.866839381967427869e+02 4.260438896483018567e+01
1.866601088644212041e+02 4.270150828793896380e+01
1.866362795320996213e+02 4.279862761104774194e+01
1.866124501997780385e+02 4.289574693415652007e+01
1.865886208674564557e+02 4.299286625726529820e+01
1.865647915351348729e+02 4.308998558037407633e+01
1.865409622028132901e+02 4.318710490348285447e+01
1.865171328704917073e+02 4.328422422659163260e+01
1.864933035381701245e+02 4.338134354970041073e+01
1.864694742058485417e+02 4.347846287280918887e+01
1.864456448735269589e+02 4.357558219591796700e+01
1.864218155412053761e+02 4.367270151902674513e+01
1.863979862088837933e+02 4.376982084213552326e+01
1.863741568765622105e+02 4.386694016524430140e+01
1.863503275442406277e+02 4.396405948835307953e+01
1.863264982119190449e+02 4.406117881146185766e+01
1.863026688795974621e+02 4.415829813457063580e+01
1.862788395472758793e+02 4.425541745767941393e+01
1.862550102149542965e+02 4.435253678078819206e+01
1.862311808826327137e+02 4.444965610389697019e+01
1.862073515503111309e+02 4.454677542700574833e+01
1.861835222179895482e+02 4.464389475011452646e+01
1.861596928856679654e+02 4.474101407322330459e+01
1.861358635533463826e+02 4.483813339633208273e+01
1.861120342210247998e+02 4.493525271944086086e+01
1.860882048887032170e+02 4.503237204254963899e+01
1.860643755563816342e+02 4.512949136565841712e+01
1.860405462240600514e+02 4.522661068876719526e+01
1.860167168917384686e+02 4.532373001187597339e+01
1.859928875594168858e+02 4.542084933498475152e+01
1.859690582270953030e+02 4.551796865809352965e+01
1.859452288947737202e+02 4.561508798120230779e+01
1.859213995624521374e+02 4.571220730431108592e+01
1.858975702301305546e+02 4.580932662741986405e+01
1.858737408978089718e+02 4.590644595052864219e+01
1.858499115654873890e+02 4.600356527363742032e+01
1.858260822331658062e+02 4.610068459674619845e+01
1.858022529008442234e+02 4.619780391985497658e+01
1.857784235685226406e+02 4.629492324296375472e+01
1.857545942362010578e+02 4.639204256607253285e+01
1.857307649038794750e+02 4.648916188918131098e+01
1.857069355715578922e+02 4.658628121229008912e+01
1.856831062392363094e+02 4.668340053539886725e+01
1.856592769069147266e+02 4.678051985850764538e+01
1.856354475745931438e+02 4.687763918161642351e+01
1.856116182422715610e+02 4.697475850472520165e+01
1.855877889099499782e+02 4.707187782783397978e+01
1.855639595776283954e+02 4.716899715094275791e+01
1.855401302453068126e+02 4.726611647405153604e+01
1.855163009129852298e+02 4.736323579716031418e+01
1.854924715806636470e+02 4.746035512026909231e+01
1.854686422483420642e+02 4.755747444337787044e+01
1.854448129160204815e+02 4.765459376648664858e+01
1.854209835836988987e+02 4.775171308959542671e+01
1.853971542513773159e+02 4.784883241270420484e+01
1.853733249190557331e+02 4.794595173581298297e+01
1.853494955867341503e+02 4.804307105892176111e+01
1.853256662544125675e+02 4.814019038203053924e+01
1.853018369220909847e+02 4.823730970513931737e+01
1.852780075897694019e+02 4.833442902824809551e+01
1.852541782574478191e+02 4.843154835135687364e+01
1.852303489251262363e+02 4.852866767446565177e+01
1.852065195928046535e+02 4.862578699757442990e+01
1.851826902604830707e+02 4.872290632068320804e+01
1.851588609281614879e+02 4.882002564379198617e+01
1.851350315958399051e+02 4.891714496690076430e+01
1.851112022635183223e+02 4.901426429000954244e+01
1.850873729311967395e+02 4.911138361311832057e+01
1.850635435988751567e+02 4.920850293622709870e+01
1.850397142665535739e+02 4.930562225933587683e+01
1.850158849342319911e+02 4.940274158244465497e+01
1.849920556019104083e+02 4.949986090555343310e+01
1.849682262695888255e+02 4.959698022866221123e+01
1.849443969372672427e+02 4.969409955177098936e+01
1.849205676049456599e+02 4.979121887487976750e+01
1.848967382726240771e+02 4.988833819798854563e+01
1.848729089403024943e+02 4.998545752109732376e+01
1.848490796079809115e+02 5.008257684420610190e+01
1.848252502756593287e+02 5.017969616731488003e+01
1.848014209433377459e+02 5.027681549042365816e+01
1.847775916110161631e+02 5.037393481353243629e+01
1.847537622786945803e+02 5.047105413664121443e+01
1.847299329463729975e+02 5.056817345974999256e+01
1.847061036140514148e+02 5.066529278285877069e+01
1.846822742817298320e+02 5.076241210596754883e+01
1.846584449494082492e+02 5.085953142907632696e+01
1.846346156170866664e+02 5.095665075218510509e+01
1.846107862847650836e+02 5.105377007529388322e+01
1.845869569524435008e+02 5.115088939840266136e+01
1.845631276201219180e+02 5.124800872151143949e+01
1.845392982878003352e+02 5.134512804462021762e+01
1.845154689554787524e+02 5.144224736772899575e+01
1.844916396231571696e+02 5.153936669083777389e+01
1.844678102908355868e+02 5.163648601394655202e+01
1.844439809585140040e+02 5.173360533705533015e+01
1.844201516261924212e+02 5.183072466016410829e+01
1.843963222938708384e+02 5.192784398327288642e+01
1.843724929615492556e+02 5.202496330638166455e+01
1.843486636292276728e+02 5.212208262949044268e+01
1.843248342969060900e+02 5.221920195259922082e+01
1.843010049645845072e+02 5.231632127570799895e+01
1.842771756322629244e+02 5.241344059881677708e+01
1.842533462999413416e+02 5.251055992192555522e+01
1.842295169676197588e+02 5.260767924503433335e+01
1.842056876352981760e+02 5.270479856814311148e+01
1.841818583029765932e+02 5.280191789125188961e+01
1.841580289706550104e+02 5.289903721436066775e+01
1.841341996383334276e+02 5.299615653746944588e+01
1.841103703060118448e+02 5.309327586057822401e+01
1.840865409736902620e+02 5.319039518368700215e+01
1.840627116413686792e+02 5.328751450679578028e+01
1.840388823090470964e+02 5.338463382990455841e+01
1.840150529767255136e+02 5.348175315301333654e+01
1.839912236444039308e+02 5.357887247612211468e+01
1.839673943120823481e+02 5.367599179923089281e+01
1.839435649797607653e+02 5.377311112233967094e+01
1.839197356474391825e+02 5.387023044544844907e+01
1.838959063151175997e+02 5.396734976855722721e+01
1.838720769827960169e+02 5.406446909166600534e+01
1.838482476504744341e+02 5.416158841477478347e+01
1.838244183181528513e+02 5.425870773788356161e+01
1.838005889858312685e+02 5.435582706099233974e+01
1.837767596535096857e+02 5.445294638410111787e+01
1.837529303211881029e+02 5.455006570720989600e+01
1.837291009888665201e+02 5.464718503031867414e+01
1.837052716565449373e+02 5.474430435342745227e+01
1.836814423242233545e+02 5.484142367653623040e+01
1.836576129919017717e+02 5.493854299964500854e+01
1.836337836595801889e+02 5.503566232275378667e+01
1.836099543272586061e+02 5.513278164586256480e+01
1.835861249949370233e+02 5.522990096897134293e+01
1.835622956626154405e+02 5.532702029208012107e+01
1.835384663302938577e+02 5.542413961518889920e+01
1.835146369979722749e+02 5.552125893829767733e+01
1.834908076656506921e+02 5.561837826140645547e+01
1.834669783333291093e+02 5.571549758451523360e+01
1.834431490010075265e+02 5.581261690762401173e+01
1.834193196686859437e+02 5.590973623073278986e+01
1.833954903363643609e+02 5.600685555384156800e+01
1.833716610040427781e+02 5.610397487695034613e+01
1.833478316717211953e+02 5.620109420005912426e+01
1.833240023393996125e+02 5.629821352316790239e+01
1.833001730070780297e+02 5.639533284627668053e+01
1.832763436747564469e+02 5.649245216938545866e+01
1.832525143424348641e+02 5.658957149249423679e+01
1.832286850101132814e+02 5.668669081560301493e+01
1.832048556777916986e+02 5.678381013871179306e+01
1.831810263454701158e+02 5.688092946182057119e+01
1.831571970131485330e+02 5.697804878492934932e+01
1.831333676808269502e+02 5.707516810803812746e+01
1.831095383485053674e+02 5.717228743114690559e+01
1.830857090161837846e+02 5.726940675425568372e+01
1.830618796838622018e+02 5.736652607736446186e+01
1.830380503515406190e+02 5.746364540047323999e+01
1.830142210192190362e+02 5.756076472358201812e+01
1.829903916868974534e+02 5.765788404669079625e+01
1.829665623545758706e+02 5.775500336979957439e+01
1.829427330222542878e+02 5.785212269290835252e+01
1.829189036899327050e+02 5.794924201601713065e+01
1.828950743576111222e+02 5.804636133912590878e+01
1.828712450252895394e+02 5.814348066223468692e+01
1.828474156929679566e+02 5.824059998534346505e+01
1.828235863606463738e+02 5.833771930845224318e+01
1.827997570283247910e+02 5.843483863156102132e+01
1.827759276960032082e+02 5.853195795466979945e+01
1.827520983636816254e+02 5.862907727777857758e+01
1.827282690313600426e+02 5.872619660088735571e+01
1.827044396990384598e+02 5.882331592399613385e+01
1.826806103667168770e+02 5.892043524710491198e+01
1.826567810343952942e+02 5.901755457021369011e+01
1.826329517020737114e+02 5.911467389332246825e+01
1.826091223697521286e+02 5.921179321643124638e+01
1.825852930374305458e+02 5.930891253954002451e+01
1.825614637051089630e+02 5.940603186264880264e+01
1.825376343727873802e+02 5.950315118575758078e+01
1.825138050404657974e+02 5.960027050886635891e+01
1.824899757081442147e+02 5.969738983197513704e+01
1.824661463758226319e+02 5.979450915508391518e+01
1.824423170435010491e+02 5.989162847819269331e+01
1.824184877111794663e+02 5.998874780130147144e+01
1.823946583788578835e+02 6.008586712441024957e+01
1.823708290465363007e+02 6.018298644751902771e+01
1.823469997142147179e+02 6.028010577062780584e+01
1.823231703818931351e+02 6.037722509373658397e+01
1.822993410495715523e+02 6.047434441684536210e+01
1.822755117172499695e+02 6.057146373995414024e+01
1.822516823849283867e+02 6.066858306306291837e+01
1.822278530526068039e+02 6.076570238617169650e+01
1.822040237202852211e+02 6.086282170928047464e+01
1.821801943879636383e+02 6.095994103238925277e+01
1.821563650556420555e+02 6.105706035549803090e+01
1.821325357233204727e+02 6.115417967860680903e+01
1.821087063909988899e+02 6.125129900171558717e+01
1.820848770586773071e+02 6.134841832482436530e+01
1.820610477263557243e+02 6.144553764793314343e+01
1.820372183940341415e+02 6.154265697104192157e+01
1.820133890617125587e+02 6.163977629415069970e+01
1.819895597293909759e+02 6.173689561725947783e+01
1.819657303970693931e+02 6.183401494036825596e+01
1.819419010647478103e+02 6.193113426347703410e+01
1.819180717324262275e+02 6.202825358658581223e+01
1.818942424001046447e+02 6.212537290969459036e+01
1.818704130677830619e+02 6.222249223280336849e+01
1.818465837354614791e+02 6.231961155591214663e+01
1.818227544031398963e+02 6.241673087902092476e+01
1.817989250708183135e+02 6.251385020212970289e+01
1.817750957384967307e+02 6.261096952523848103e+01
1.817512664061751479e+02 6.270808884834725916e+01
1.817274370738535652e+02 6.280520817145603729e+01
1.817036077415319824e+02 6.290232749456481542e+01
1.816797784092103996e+02 6.299944681767359356e+01
1.816559490768888168e+02 6.309656614078237169e+01
1.816321197445672340e+02 6.319368546389114982e+01
1.816082904122456512e+02 6.329080478699992796e+01
1.815844610799240684e+02 6.338792411010870609e+01
1.815606317476024856e+02 6.348504343321748422e+01
1.815368024152809028e+02 6.358216275632626235e+01
1.815129730829593200e+02 6.367928207943504049e+01
1.814891437506377372e+02 6.377640140254381862e+01
1.814653144183161544e+02 6.387352072565259675e+01
1.814414850859945716e+02 6.397064004876137489e+01
1.814176557536729888e+02 6.406775937187015302e+01
1.813938264213514060e+02 6.416487869497893826e+01
1.813699970890298232e+02 6.426199801808772349e+01
1.813461677567082404e+02 6.435911734119650873e+01
1.813223384243866576e+02 6.445623666430529397e+01
1.812985090920650748e+02 6.455335598741407921e+01
1.812746797597434920e+02 6.465047531052286445e+01
1.812508504274219092e+02 6.474759463363164969e+01
1.812270210951003264e+02 6.484471395674043492e+01
1.812031917627787436e+02 6.494183327984922016e+01
1.811793624304571608e+02 6.503895260295800540e+01
1.811555330981355780e+02 6.513607192606679064e+01
1.811310973749526170e+02 6.523566266840762751e+01
