8.292187033546748864e+01 1.820000000000000000e+02
8.292167751489502336e+01 1.820999825113466954e+02
8.292109905604623066e+01 1.821999635352478606e+02
8.292013496752686308e+01 1.822999415842800772e+02
8.291878526367973734e+01 1.823999151710642366e+02
8.291704996458446431e+01 1.824998828082875661e+02
8.291492909605720740e+01 1.825998430087258271e+02
8.291242268965021367e+01 1.826997942852653694e+02
8.290953078265145848e+01 1.827997351509254145e+02
8.290625341808400606e+01 1.828996641188799117e+02
8.290259064470539840e+01 1.829995797024799913e+02
8.289854251700690213e+01 1.830994804152757638e+02
8.289410909521276949e+01 1.831993647710386028e+02
8.288929044527927203e+01 1.832992312837832856e+02
8.288408663889370587e+01 1.833990784677899626e+02
8.287849775347342529e+01 1.834989048376264122e+02
8.287252387216460647e+01 1.835987089081700105e+02
8.286616508384099689e+01 1.836984891946299285e+02
8.285942148310265054e+01 1.837982442125691023e+02
8.285229317027452112e+01 1.838979724779264586e+02
8.284478025140492718e+01 1.839976725070389136e+02
8.283688283826397480e+01 1.840973428166634278e+02
8.282860104834193749e+01 1.841969819239991182e+02
8.281993500484747983e+01 1.842965883467092851e+02
8.281088483670582434e+01 1.843961606029434961e+02
8.280145067855684715e+01 1.844956972113596123e+02
8.279163267075303168e+01 1.845951966911458442e+02
8.278143095935746487e+01 1.846946575620427211e+02
8.277084569614157772e+01 1.847940783443652037e+02
8.275987703858294253e+01 1.848934575590246538e+02
8.274852514986289975e+01 1.849927937275507759e+02
8.273679019886414210e+01 1.850920853721137576e+02
8.272467236016822767e+01 1.851913310155461261e+02
8.271217181405289409e+01 1.852905291813647750e+02
8.269928874648951478e+01 1.853896783937929058e+02
8.268602334914021412e+01 1.854887771777820831e+02
8.267237581935506796e+01 1.855878240590339772e+02
8.265834636016913350e+01 1.856868175640225047e+02
8.264393518029949348e+01 1.857857562200156565e+02
8.262914249414210133e+01 1.858846385550973537e+02
8.261396852176858374e+01 1.859834630981895032e+02
8.259841348892298640e+01 1.860822283790737117e+02
8.258247762701844863e+01 1.861809329284132843e+02
8.256616117313365066e+01 1.862795752777749385e+02
8.254946437000945991e+01 1.863781539596508878e+02
8.253238746604513665e+01 1.864766675074803857e+02
8.251493071529476708e+01 1.865751144556718089e+02
8.249709437746342644e+01 1.866734933396242582e+02
8.247887871790332781e+01 1.867718026957494999e+02
8.246028400760988575e+01 1.868700410614935663e+02
8.244131052321766617e+01 1.869682069753587257e+02
8.242195854699627944e+01 1.870662989769250828e+02
8.240222836684617391e+01 1.871643156068722931e+02
8.238212027629438694e+01 1.872622554070013621e+02
8.236163457449009684e+01 1.873601169202563312e+02
8.234077156620027438e+01 1.874578986907458500e+02
8.231953156180509268e+01 1.875555992637649183e+02
8.229791487729329447e+01 1.876532171858165725e+02
8.227592183425754513e+01 1.877507510046334005e+02
8.225355275988960102e+01 1.878481992691991991e+02
8.223080798697543514e+01 1.879455605297705745e+02
8.220768785389036282e+01 1.880428333378984860e+02
8.218419270459391157e+01 1.881400162464498464e+02
8.216032288862476207e+01 1.882371078096289807e+02
8.213607876109551853e+01 1.883341065829991123e+02
8.211146068268745069e+01 1.884310111235039642e+02
8.208646901964513631e+01 1.885278199894891884e+02
8.206110414377094742e+01 1.886245317407237110e+02
8.203536643241960746e+01 1.887211449384213324e+02
8.200925626849252126e+01 1.888176581452619871e+02
8.198277404043207639e+01 1.889140699254131732e+02
8.195592014221588784e+01 1.890103788445513260e+02
8.192869497335094309e+01 1.891065834698831623e+02
8.190109893886764780e+01 1.892026823701669969e+02
8.187313244931374356e+01 1.892986741157339736e+02
8.184479592074832510e+01 1.893945572785094384e+02
8.181608977473553068e+01 1.894903304320340851e+02
8.178701443833834617e+01 1.895859921514852431e+02
8.175757034411219593e+01 1.896815410136980802e+02
8.172775793009856216e+01 1.897769755971866914e+02
8.169757763981841947e+01 1.898722944821653300e+02
8.166702992226566948e+01 1.899674962505694964e+02
8.163611523190047592e+01 1.900625794860770839e+02
8.160483402864241498e+01 1.901575427741293254e+02
8.157318677786376782e+01 1.902523847019519678e+02
8.154117395038245775e+01 1.903471038585762471e+02
8.150879602245517219e+01 1.904416988348598920e+02
8.147605347577018620e+01 1.905361682235079854e+02
8.144294679744022858e+01 1.906305106190940819e+02
8.140947647999526282e+01 1.907247246180809270e+02
8.137564302137508321e+01 1.908188088188415463e+02
8.134144692492201045e+01 1.909127618216798510e+02
8.130688869937331731e+01 1.910065822288516983e+02
8.127196885885368260e+01 1.911002686445855261e+02
8.123668792286758844e+01 1.911938196751031285e+02
8.120104641629153264e+01 1.912872339286405463e+02
8.116504486936622698e+01 1.913805100154685874e+02
8.112868381768875281e+01 1.914736465479135461e+02
8.109196380220454614e+01 1.915666421403779509e+02
8.105488536919938269e+01 1.916594954093610284e+02
8.101744907029122089e+01 1.917522049734794223e+02
8.097965546242201640e+01 1.918447694534876575e+02
8.094150510784942298e+01 1.919371874722986604e+02
8.090299857413845075e+01 1.920294576550042791e+02
8.086413643415301067e+01 1.921215786288957759e+02
8.082491926604737387e+01 1.922135490234841484e+02
8.078534765325758826e+01 1.923053674705205651e+02
8.074542218449278153e+01 1.923970326040167436e+02
8.070514345372644982e+01 1.924885430602653003e+02
8.066451206018756181e+01 1.925798974778599302e+02
8.062352860835167689e+01 1.926710944977157283e+02
8.058219370793196390e+01 1.927621327630894541e+02
8.054050797387007776e+01 1.928530109195996260e+02
8.049847202632707877e+01 1.929437276152467007e+02
8.045608649067413864e+01 1.930342815004332522e+02
8.041335199748331775e+01 1.931246712279839528e+02
8.037026918251808638e+01 1.932148954531656386e+02
8.032683868672394567e+01 1.933049528337073752e+02
8.028306115621887784e+01 1.933948420298203814e+02
8.023893724228369706e+01 1.934845617042179526e+02
8.019446760135238605e+01 1.935741105221353564e+02
8.014965289500231904e+01 1.936634871513497274e+02
8.010449378994447045e+01 1.937526902621998488e+02
8.005899095801339627e+01 1.938417185276059342e+02
8.001314507615735749e+01 1.939305706230894089e+02
7.996695682642811676e+01 1.940192452267925773e+02
7.992042689597093386e+01 1.941077410194982917e+02
7.987355597701422028e+01 1.941960566846496192e+02
7.982634476685933578e+01 1.942841909083693110e+02
7.977879396787011501e+01 1.943721423794795271e+02
7.973090428746253622e+01 1.944599097895212196e+02
7.968267643809410572e+01 1.945474918327735736e+02
7.963411113725328505e+01 1.946348872062735893e+02
7.958520910744883281e+01 1.947220946098352670e+02
7.953597107619904705e+01 1.948091127460691041e+02
7.948639777602090817e+01 1.948959403204012801e+02
7.943648994441923605e+01 1.949825760410930684e+02
7.938624832387571928e+01 1.950690186192598787e+02
7.933567366183777381e+01 1.951552667688905274e+02
7.928476671070757220e+01 1.952413192068664216e+02
7.923352822783070337e+01 1.953271746529804602e+02
7.918195897548501705e+01 1.954128318299563034e+02
7.913005972086922668e+01 1.954982894634672448e+02
7.907783123609149811e+01 1.955835462821551687e+02
7.902527429815799564e+01 1.956686010176495358e+02
7.897238968896127176e+01 1.957534524045861986e+02
7.891917819526867106e+01 1.958380991806262159e+02
7.886564060871063475e+01 1.959225400864746405e+02
7.881177772576890561e+01 1.960067738658993619e+02
7.875759034776463352e+01 1.960907992657495527e+02
7.870307928084656623e+01 1.961746150359746252e+02
7.864824533597895595e+01 1.962582199296425074e+02
7.859308932892952271e+01 1.963416127029584572e+02
7.853761208025731833e+01 1.964247921152834522e+02
7.848181441530056190e+01 1.965077569291525492e+02
7.842569716416429060e+01 1.965905059102935581e+02
7.836926116170806722e+01 1.966730378276451177e+02
7.831250724753350312e+01 1.967553514533751979e+02
7.825543626597180946e+01 1.968374455628992621e+02
7.819804906607127748e+01 1.969193189348985982e+02
7.814034650158453132e+01 1.970009703513383386e+02
7.808232943095592304e+01 1.970823985974857351e+02
7.802399871730870018e+01 1.971636024619280647e+02
7.796535522843225863e+01 1.972445807365908763e+02
7.790639983676911129e+01 1.973253322167556973e+02
7.784713341940198461e+01 1.974058557010781669e+02
7.778755685804075881e+01 1.974861499916057994e+02
7.772767103900933705e+01 1.975662138937958616e+02
7.766747685323245776e+01 1.976460462165331080e+02
7.760697519622247853e+01 1.977256457721475158e+02
7.754616696806598952e+01 1.978050113764319349e+02
7.748505307341048365e+01 1.978841418486597661e+02
7.742363442145085628e+01 1.979630360116024690e+02
7.736191192591590493e+01 1.980416926915470128e+02
7.729988650505470105e+01 1.981201107183135548e+02
7.723755908162299022e+01 1.981982889252725784e+02
7.717493058286939345e+01 1.982762261493624578e+02
7.711200194052169365e+01 1.983539212311066535e+02
7.704877409077286643e+01 1.984313730146310206e+02
7.698524797426723865e+01 1.985085803476809190e+02
7.692142453608649078e+01 1.985855420816384651e+02
7.685730472573554550e+01 1.986622570715395568e+02
7.679288949712849899e+01 1.987387241760908978e+02
7.672817980857436737e+01 1.988149422576869938e+02
7.666317662276287592e+01 1.988909101824271488e+02
7.659788090675014871e+01 1.989666268201321486e+02
7.653229363194428458e+01 1.990420910443612570e+02
7.646641577409089052e+01 1.991173017324289276e+02
7.640024831325864341e+01 1.991922577654214592e+02
7.633379223382462442e+01 1.992669580282136508e+02
7.626704852445971028e+01 1.993414014094854565e+02
7.620001817811389344e+01 1.994155868017384137e+02
7.613270219200146016e+01 1.994895131013122125e+02
7.606510156758618280e+01 1.995631792084010954e+02
7.599721731056641261e+01 1.996365840270701426e+02
7.592905043086008732e+01 1.997097264652717001e+02
7.586060194258979550e+01 1.997826054348615230e+02
7.579187286406761359e+01 1.998552198516150611e+02
7.572286421777994292e+01 1.999275686352434604e+02
7.565357703037236092e+01 1.999996507094097353e+02
7.558401233263431607e+01 2.000714650017447411e+02
7.551417115948378012e+01 2.001430104438631759e+02
7.544405454995188620e+01 2.002142859713794110e+02
7.537366354716743899e+01 2.002852905239233223e+02
7.530299919834138223e+01 2.003560230451561779e+02
7.523206255475128046e+01 2.004264824827861844e+02
7.516085467172564449e+01 2.004966677885842614e+02
7.508937660862818575e+01 2.005665779183996165e+02
7.501762942884217011e+01 2.006362118321752916e+02
7.494561419975444494e+01 2.007055684939635398e+02
7.487333199273972184e+01 2.007746468719413144e+02
7.480078388314449001e+01 2.008434459384257025e+02
7.472797095027114267e+01 2.009119646698890449e+02
7.465489427736181938e+01 2.009802020469742558e+02
7.458155495158237613e+01 2.010481570545099999e+02
7.450795406400612819e+01 2.011158286815256986e+02
7.443409270959770652e+01 2.011832159212667364e+02
7.435997198719665846e+01 2.012503177712092963e+02
7.428559299950124739e+01 2.013171332330753103e+02
7.421095685305189704e+01 2.013836613128473516e+02
7.413606465821482061e+01 2.014499010207833862e+02
7.406091752916546511e+01 2.015158513714314665e+02
7.398551658387199836e+01 2.015815113836444823e+02
7.390986294407854018e+01 2.016468800805947126e+02
7.383395773528864936e+01 2.017119564897882356e+02
7.375780208674842697e+01 2.017767396430796794e+02
7.368139713142980440e+01 2.018412285766863477e+02
7.360474400601367506e+01 2.019054223312026863e+02
7.352784385087295504e+01 2.019693199516145512e+02
7.345069781005564380e+01 2.020329204873133619e+02
7.337330703126779952e+01 2.020962229921103699e+02
7.329567266585644347e+01 2.021592265242505846e+02
7.321779586879247859e+01 2.022219301464268426e+02
7.313967779865346586e+01 2.022843329257937910e+02
7.306131961760637239e+01 2.023464339339817002e+02
7.298272249139034784e+01 2.024082322471103339e+02
7.290388758929931612e+01 2.024697269458026767e+02
7.282481608416462393e+01 2.025309171151985765e+02
7.274550915233756143e+01 2.025918018449683871e+02
7.266596797367188287e+01 2.026523802293264964e+02
7.258619373150624199e+01 2.027126513670448560e+02
7.250618761264661316e+01 2.027726143614662533e+02
7.242595080734855628e+01 2.028322683205178407e+02
7.234548450929965213e+01 2.028916123567242664e+02
7.226478991560158249e+01 2.029506455872208903e+02
7.218386822675242342e+01 2.030093671337669718e+02
7.210272064662876801e+01 2.030677761227587155e+02
7.202134838246779225e+01 2.031258716852422879e+02
7.193975264484932097e+01 2.031836529569266645e+02
7.185793464767779426e+01 2.032411190781965331e+02
7.177589560816424807e+01 2.032982691941251971e+02
7.169363674680812437e+01 2.033551024544870529e+02
7.161115928737923753e+01 2.034116180137704930e+02
7.152846445689942811e+01 2.034678150311902982e+02
7.144555348562441566e+01 2.035236926707001999e+02
7.136242760702548082e+01 2.035792501010054139e+02
7.127908805777103396e+01 2.036344864955748335e+02
7.119553607770831150e+01 2.036894010326535067e+02
7.111177290984491606e+01 2.037439928952746868e+02
7.102779980033024287e+01 2.037982612712721675e+02
7.094361799843706251e+01 2.038522053532921632e+02
7.085922875654283359e+01 2.039058243388055587e+02
7.077463333011114344e+01 2.039591174301195622e+02
7.068983297767296392e+01 2.040120838343898697e+02
7.060482896080797843e+01 2.040647227636322327e+02
7.051962254412580933e+01 2.041170334347343100e+02
7.043421499524717433e+01 2.041690150694672354e+02
7.034860758478507137e+01 2.042206668944972989e+02
7.026280158632580708e+01 2.042719881413973155e+02
7.017679827641013901e+01 2.043229780466581929e+02
7.009059893451420464e+01 2.043736358517002145e+02
7.000420484303054991e+01 2.044239608028842667e+02
6.991761728724900138e+01 2.044739521515232354e+02
6.983083755533756687e+01 2.045236091538929202e+02
6.974386693832326500e+01 2.045729310712432891e+02
6.965670673007294056e+01 2.046219171698093646e+02
6.956935822727399454e+01 2.046705667208221655e+02
6.948182272941507165e+01 2.047188790005195074e+02
6.939410153876679033e+01 2.047668532901568881e+02
6.930619596036230234e+01 2.048144888760180606e+02
6.921810730197790917e+01 2.048617850494256913e+02
6.912983687411363576e+01 2.049087411067518758e+02
6.904138598997363374e+01 2.049553563494286834e+02
6.895275596544679786e+01 2.050016300839585028e+02
6.886394811908705549e+01 2.050475616219243591e+02
6.877496377209378409e+01 2.050931502800000885e+02
6.868580424829221442e+01 2.051383953799606559e+02
6.859647087411367750e+01 2.051832962486921303e+02
6.850696497857585143e+01 2.052278522182017184e+02
6.841728789326309368e+01 2.052720626256276830e+02
6.832744095230648895e+01 2.053159268132493196e+02
6.823742549236413879e+01 2.053594441284965910e+02
6.814724285260115266e+01 2.054026139239599047e+02
6.805689437466980962e+01 2.054454355573997475e+02
6.796638140268960626e+01 2.054879083917562355e+02
6.787570528322716257e+01 2.055300317951585782e+02
6.778486736527629830e+01 2.055718051409345435e+02
6.769386900023789622e+01 2.056132278076196087e+02
6.760271154189985054e+01 2.056542991789664541e+02
6.751139634641684495e+01 2.056950186439539152e+02
6.741992477229027259e+01 2.057353855967962204e+02
6.732829818034795721e+01 2.057753994369518580e+02
6.723651793372394536e+01 2.058150595691326714e+02
6.714458539783819901e+01 2.058543654033126131e+02
6.705250194037631672e+01 2.058933163547365268e+02
6.696026893126912682e+01 2.059319118439289014e+02
6.686788774267239432e+01 2.059701512967024257e+02
6.677535974894632886e+01 2.060080341441666008e+02
6.668268632663517792e+01 2.060455598227361236e+02
6.658986885444673476e+01 2.060827277741393289e+02
6.649690871323181796e+01 2.061195374454264879e+02
6.640380728596377935e+01 2.061559882889780226e+02
6.631056595771785567e+01 2.061920797625126625e+02
6.621718611565061963e+01 2.062278113290954593e+02
6.612366914897930315e+01 2.062631824571458878e+02
6.603001644896114897e+01 2.062981926204456613e+02
6.593622940887274808e+01 2.063328412981465760e+02
6.584230942398923503e+01 2.063671279747782421e+02
6.574825789156359690e+01 2.064010521402558425e+02
6.565407621080584022e+01 2.064346132898876363e+02
6.555976578286220047e+01 2.064678109243824906e+02
6.546532801079430897e+01 2.065006445498572702e+02
6.537076429955830292e+01 2.065331136778442840e+02
6.527607605598389284e+01 2.065652178252984186e+02
6.518126468875348678e+01 2.065969565146044999e+02
6.508633160838122933e+01 2.066283292735841997e+02
6.499127822719195535e+01 2.066593356355031688e+02
6.489610595930025738e+01 2.066899751390780580e+02
6.480081622058938251e+01 2.067202473284831683e+02
6.470541042869022874e+01 2.067501517533574145e+02
6.460989000296021345e+01 2.067796879688109755e+02
6.451425636446214185e+01 2.068088555354318885e+02
6.441851093594313227e+01 2.068376540192925859e+02
6.432265514181337096e+01 2.068660829919564037e+02
6.422669040812500896e+01 2.068941420304838630e+02
6.413061816255084580e+01 2.069218307174390645e+02
6.403443983436318376e+01 2.069491486408958281e+02
6.393815685441248320e+01 2.069760953944438313e+02
6.384177065510613858e+01 2.070026705771947206e+02
6.374528267038714091e+01 2.070288737937879375e+02
6.364869433571275437e+01 2.070547046543967440e+02
6.355200708803313603e+01 2.070801627747339921e+02
6.345522236576999831e+01 2.071052477760577517e+02
6.335834160879518606e+01 2.071299592851769944e+02
6.326136625840923955e+01 2.071542969344572214e+02
6.316429775731998575e+01 2.071782603618258065e+02
6.306713754962105156e+01 2.072018492107775103e+02
6.296988708077041963e+01 2.072250631303796808e+02
6.287254779756884204e+01 2.072479017752774553e+02
6.277512114813839617e+01 2.072703648056990744e+02
6.267760858190091255e+01 2.072924518874607145e+02
6.258001154955640999e+01 2.073141626919716032e+02
6.248233150306150208e+01 2.073354968962388511e+02
6.238456989560782517e+01 2.073564541828723122e+02
6.228672818160038815e+01 2.073770342400892446e+02
6.218880781663595769e+01 2.073972367617189150e+02
6.209081025748140092e+01 2.074170614472072884e+02
6.199273696205199258e+01 2.074365080016214051e+02
6.189458938938975052e+01 2.074555761356537005e+02
6.179636899964171448e+01 2.074742655656265242e+02
6.169807725403823184e+01 2.074925760134961195e+02
6.159971561487122216e+01 2.075105072068569143e+02
6.150128554547239190e+01 2.075280588789455578e+02
6.140278851019151318e+01 2.075452307686447568e+02
6.130422597437459586e+01 2.075620226204873688e+02
6.120559940434213075e+01 2.075784341846600682e+02
6.110691026736720488e+01 2.075944652170070412e+02
6.100816003165375889e+01 2.076101154790337091e+02
6.090935016631469523e+01 2.076253847379102808e+02
6.081048214135000052e+01 2.076402727664750500e+02
6.071155742762493901e+01 2.076547793432380047e+02
6.061257749684812524e+01 2.076689042523839817e+02
6.051354382154963929e+01 2.076826472837758502e+02
6.041445787505912790e+01 2.076960082329578086e+02
6.031532113148385577e+01 2.077089869011582550e+02
6.021613506568683505e+01 2.077215830952927433e+02
6.011690115326483408e+01 2.077337966279669956e+02
6.001762087052640737e+01 2.077456273174796024e+02
5.991829569447001802e+01 2.077570749878247511e+02
5.981892710276196112e+01 2.077681394686947272e+02
5.971951657371445776e+01 2.077788205954826708e+02
5.962006558626362107e+01 2.077891182092848226e+02
5.952057561994747203e+01 2.077990321569030243e+02
5.942104815488391978e+01 2.078085622908468508e+02
5.932148467174874185e+01 2.078177084693360257e+02
5.922188665175355737e+01 2.078264705563022972e+02
5.912225557662381448e+01 2.078348484213915697e+02
5.902259292857667816e+01 2.078428419399659219e+02
5.892290019029907455e+01 2.078504509931052553e+02
5.882317884492555748e+01 2.078576754676093401e+02
5.872343037601626747e+01 2.078645152559991800e+02
5.862365626753489067e+01 2.078709702565188593e+02
5.852385800382651126e+01 2.078770403731370209e+02
5.842403706959560594e+01 2.078827255155481453e+02
5.832419494988392472e+01 2.078880255991740569e+02
5.822433313004836464e+01 2.078929405451651178e+02
5.812445309573893582e+01 2.078974702804013646e+02
5.802455633287659253e+01 2.079016147374937304e+02
5.792464432763119220e+01 2.079053738547848127e+02
5.782471856639934060e+01 2.079087475763500663e+02
5.772478053578229407e+01 2.079117358519984293e+02
5.762483172256384023e+01 2.079143386372731470e+02
5.752487361368817176e+01 2.079165558934524256e+02
5.742490769623778135e+01 2.079183875875500291e+02
5.732493545741134255e+01 2.079198336923157342e+02
5.722495838450154793e+01 2.079208941862357847e+02
5.712497796487303248e+01 2.079215690535331191e+02
5.702499568594018342e+01 2.079218582841677119e+02
5.692501303514509203e+01 2.079217618738366582e+02
5.682503149993536340e+01 2.079212798239742597e+02
5.672505256774199722e+01 2.079204121417519957e+02
5.662507772595728284e+01 2.079191588400784383e+02
5.652510846191263738e+01 2.079175199375990246e+02
5.642514626285651502e+01 2.079154954586957729e+02
5.632519261593227355e+01 2.079130854334870264e+02
5.622524900815599835e+01 2.079102898978268001e+02
5.612531692639446845e+01 2.079071088933044962e+02
5.602539785734295918e+01 2.079035424672440797e+02
5.592549328750316562e+01 2.078995906727034821e+02
5.582560470316109047e+01 2.078952535684737484e+02
5.572573359036488938e+01 2.078905312190782411e+02
5.562588143490281567e+01 2.078854236947716458e+02
5.552604972228109403e+01 2.078799310715388344e+02
5.542623993770179425e+01 2.078740534310939552e+02
5.532645356604080433e+01 2.078677908608789267e+02
5.522669209182564742e+01 2.078611434540624145e+02
5.512695699921349046e+01 2.078541113095382684e+02
5.502724977196899658e+01 2.078466945319240722e+02
5.492757189344226987e+01 2.078388932315596378e+02
5.482792484654680010e+01 2.078307075245054136e+02
5.472831011373740751e+01 2.078221375325405802e+02
5.462872917698814490e+01 2.078131833831614301e+02
5.452918351777030637e+01 2.078038452095793502e+02
5.442967461703032939e+01 2.077941231507188604e+02
5.433020395516782486e+01 2.077840173512156241e+02
5.423077301201350764e+01 2.077735279614141461e+02
5.413138326680719103e+01 2.077626551373656980e+02
5.403203619817579550e+01 2.077513990408259303e+02
5.393273328411132894e+01 2.077397598392524003e+02
5.383347600194890958e+01 2.077277377058021841e+02
5.373426582834479603e+01 2.077153328193292623e+02
5.363510423925440307e+01 2.077025453643818196e+02
5.353599270991035297e+01 2.076893755311995733e+02
5.343693271480052687e+01 2.076758235157108459e+02
5.333792572764613027e+01 2.076618895195298080e+02
5.323897322137976573e+01 2.076475737499532386e+02
5.314007666812350550e+01 2.076328764199577392e+02
5.304123753916703521e+01 2.076177977481962671e+02
5.294245730494570523e+01 2.076023379589950935e+02
5.284373743501870990e+01 2.075864972823503933e+02
5.274507939804718859e+01 2.075702759539248348e+02
5.264648466177238362e+01 2.075536742150440261e+02
5.254795469299382660e+01 2.075366923126929919e+02
5.244949095754747503e+01 2.075193304995124777e+02
5.235109492028394840e+01 2.075015890337951134e+02
5.225276804504672157e+01 2.074834681794817755e+02
5.215451179465031117e+01 2.074649682061573799e+02
5.205632763085857562e+01 2.074460893890471311e+02
5.195821701436292273e+01 2.074268320090122586e+02
5.186018140476059557e+01 2.074071963525458671e+02
5.176222226053296538e+01 2.073871827117688156e+02
5.166434103902379604e+01 2.073667913844251132e+02
5.156653919641762229e+01 2.073460226738777124e+02
5.146881818771803552e+01 2.073248768891039333e+02
5.137117946672605484e+01 2.073033543446908027e+02
5.127362448601851241e+01 2.072814553608304493e+02
5.117615469692643160e+01 2.072591802633153009e+02
5.107877154951341936e+01 2.072365293835332523e+02
5.098147649255412972e+01 2.072135030584627486e+02
5.088427097351267037e+01 2.071901016306677548e+02
5.078715643852110162e+01 2.071663254482925822e+02
5.069013433235791410e+01 2.071421748650569441e+02
5.059320609842650640e+01 2.071176502402503843e+02
5.049637317873375508e+01 2.070927519387271616e+02
5.039963701386852790e+01 2.070674803309007359e+02
5.030299904298028224e+01 2.070418357927382544e+02
5.020646070375762804e+01 2.070158187057549526e+02
5.011002343240694046e+01 2.069894294570085833e+02
5.001368866363101517e+01 2.069626684390934486e+02
4.991745783060770947e+01 2.069355360501347434e+02
4.982133236496862594e+01 2.069080326937825873e+02
4.972531369677779622e+01 2.068801587792059706e+02
4.962940325451042867e+01 2.068519147210867573e+02
4.953360246503165598e+01 2.068233009396133184e+02
4.943791275357529003e+01 2.067943178604746208e+02
4.934233554372262631e+01 2.067649659148534909e+02
4.924687225738127694e+01 2.067352455394205606e+02
4.915152431476400352e+01 2.067051571763275604e+02
4.905629313436759276e+01 2.066747012732007249e+02
4.896118013295174620e+01 2.066438782831343133e+02
4.886618672551801978e+01 2.066126886646837022e+02
4.877131432528876331e+01 2.065811328818586219e+02
4.867656434368608132e+01 2.065492114041162495e+02
4.858193819031087912e+01 2.065169247063542457e+02
4.848743727292181660e+01 2.064842732689036211e+02
4.839306299741446082e+01 2.064512575775217158e+02
4.829881676780028243e+01 2.064178781233848383e+02
4.820469998618582252e+01 2.063841354030810180e+02
4.811071405275181689e+01 2.063500299186026723e+02
4.801686036573237004e+01 2.063155621773390180e+02
4.792314032139412205e+01 2.062807326920685966e+02
4.782955531401555049e+01 2.062455419809516570e+02
4.773610673586612307e+01 2.062099905675224250e+02
4.764279597718569903e+01 2.061740789806812870e+02
4.754962442616374574e+01 2.061378077546870031e+02
4.745659346891875430e+01 2.061011774291486631e+02
4.736370448947758405e+01 2.060641885490177003e+02
4.727095886975489236e+01 2.060268416645798197e+02
4.717835798953254312e+01 2.059891373314466989e+02
4.708590322643914305e+01 2.059510761105479162e+02
4.699359595592945027e+01 2.059126585681224242e+02
4.690143755126402425e+01 2.058738852757101370e+02
4.680942938348870541e+01 2.058347568101435741e+02
4.671757282141425094e+01 2.057952737535391634e+02
4.662586923159597774e+01 2.057554366932886012e+02
4.653431997831344091e+01 2.057152462220500695e+02
4.644292642355011225e+01 2.056747029377395393e+02
4.635168992697310131e+01 2.056338074435217322e+02
4.626061184591299025e+01 2.055925603478012818e+02
4.616969353534358333e+01 2.055509622642135525e+02
4.607893634786179859e+01 2.055090138116156595e+02
4.598834163366747418e+01 2.054667156140770601e+02
4.589791074054335240e+01 2.054240683008705162e+02
4.580764501383498555e+01 2.053810725064624876e+02
4.571754579643075544e+01 2.053377288705039234e+02
4.562761442874187168e+01 2.052940380378205134e+02
4.553785224868239823e+01 2.052500006584033088e+02
4.544826059164942933e+01 2.052056173873988882e+02
4.535884079050315165e+01 2.051608888850997232e+02
4.526959417554706988e+01 2.051158158169343153e+02
4.518052207450815416e+01 2.050703988534572204e+02
4.509162581251715807e+01 2.050246386703392432e+02
4.500290671208881577e+01 2.049785359483572336e+02
4.491436609310226657e+01 2.049320913733839973e+02
4.482600527278135871e+01 2.048853056363781491e+02
4.473782556567504542e+01 2.048381794333737673e+02
4.464982828363788769e+01 2.047907134654700769e+02
4.456201473581045036e+01 2.047429084388209617e+02
4.447438622859991142e+01 2.046947650646245336e+02
4.438694406566056472e+01 2.046462840591125314e+02
4.429968954787447188e+01 2.045974661435396342e+02
4.421262397333208582e+01 2.045483120441728033e+02
4.412574863731289554e+01 2.044988224922803113e+02
4.403906483226626278e+01 2.044489982241210839e+02
4.395257384779208820e+01 2.043988399809336158e+02
4.386627697062169773e+01 2.043483485089249427e+02
4.378017548459866504e+01 2.042975245592595570e+02
4.369427067065970505e+01 2.042463688880482948e+02
4.360856380681563138e+01 2.041948822563369674e+02
4.352305616813234224e+01 2.041430654300951346e+02
4.343774902671189864e+01 2.040909191802046792e+02
4.335264365167348899e+01 2.040384442824483813e+02
4.326774130913463523e+01 2.039856415174982374e+02
4.318304326219234213e+01 2.039325116709040060e+02
4.309855077090428210e+01 2.038790555330814698e+02
4.301426509227007244e+01 2.038252738993006403e+02
4.293018748021258091e+01 2.037711675696739348e+02
4.284631918555922425e+01 2.037167373491443243e+02
4.276266145602341595e+01 2.036619840474733110e+02
4.267921553618597130e+01 2.036069084792288777e+02
4.259598266747661910e+01 2.035515114637733802e+02
4.251296408815548489e+01 2.034957938252514111e+02
4.243016103329471633e+01 2.034397563925774648e+02
4.234757473476008727e+01 2.033833999994235739e+02
4.226520642119267279e+01 2.033267254842070884e+02
4.218305731799058123e+01 2.032697336900779419e+02
4.210112864729070736e+01 2.032124254649063744e+02
4.201942162795058522e+01 2.031548016612700565e+02
4.193793747553016971e+01 2.030968631364416410e+02
4.185667740227387412e+01 2.030386107523758881e+02
4.177564261709242999e+01 2.029800453756968182e+02
4.169483432554497426e+01 2.029211678776848657e+02
4.161425372982108684e+01 2.028619791342639473e+02
4.153390202872286352e+01 2.028024800259884159e+02
4.145378041764715960e+01 2.027426714380298165e+02
4.137389008856776229e+01 2.026825542601640109e+02
4.129423223001765564e+01 2.026221293867576492e+02
4.121480802707135638e+01 2.025613977167550104e+02
4.113561866132724987e+01 2.025003601536646443e+02
4.105666531089006099e+01 2.024390176055458426e+02
4.097794915035328955e+01 2.023773709849951956e+02
4.089947135078175222e+01 2.023154212091330351e+02
4.082123307969416715e+01 2.022531691995896495e+02
4.074323550104573144e+01 2.021906158824917839e+02
4.066547977521089763e+01 2.021277621884486848e+02
4.058796705896601509e+01 2.020646090525383727e+02
4.051069850547222018e+01 2.020011574142936297e+02
4.043367526425818426e+01 2.019374082176881302e+02
4.035689848120304646e+01 2.018733624111222866e+02
4.028036929851941750e+01 2.018090209474092092e+02
4.020408885473629823e+01 2.017443847837605517e+02
4.012805828468221137e+01 2.016794548817722159e+02
4.005227871946829055e+01 2.016142322074100548e+02
3.997675128647145470e+01 2.015487177309955200e+02
3.990147710931763925e+01 2.014829124271911951e+02
3.982645730786505567e+01 2.014168172749863288e+02
3.975169299818760038e+01 2.013504332576823401e+02
3.967718529255817117e+01 2.012837613628780105e+02
3.960293529943214708e+01 2.012168025824549034e+02
3.952894412343091091e+01 2.011495579125626421e+02
3.945521286532542149e+01 2.010820283536039881e+02
3.938174262201982856e+01 2.010142149102201188e+02
3.930853448653512316e+01 2.009461185912754217e+02
3.923558954799290177e+01 2.008777404098427724e+02
3.916290889159920141e+01 2.008090813831882429e+02
3.909049359862829220e+01 2.007401425327561242e+02
3.901834474640662620e+01 2.006709248841536350e+02
3.894646340829677911e+01 2.006014294671356311e+02
3.887485065368154125e+01 2.005316573155894844e+02
3.880350754794794454e+01 2.004616094675193949e+02
3.873243515247143876e+01 2.003912869650312416e+02
3.866163452460011740e+01 2.003206908543168936e+02
3.859110671763896505e+01 2.002498221856387488e+02
3.852085278083418984e+01 2.001786820133139884e+02
3.845087375935761997e+01 2.001072713956990583e+02
3.838117069429114281e+01 2.000355913951737818e+02
3.831174462261125768e+01 1.999636430781256138e+02
3.824259657717358607e+01 1.998914275149337811e+02
3.817372758669755228e+01 1.998189457799533386e+02
3.810513867575104996e+01 1.997461989514991956e+02
3.803683086473522224e+01 1.996731881118300294e+02
3.796880516986929166e+01 1.995999143471323691e+02
3.790106260317539011e+01 1.995263787475041113e+02
3.783360417246355212e+01 1.994525824069386033e+02
3.776643088131670822e+01 1.993785264233082160e+02
3.769954372907572804e+01 1.993042118983480293e+02
3.763294371082461964e+01 1.992296399376394902e+02
3.756663181737563661e+01 1.991548116505938992e+02
3.750060903525461953e+01 1.990797281504359830e+02
3.743487634668625219e+01 1.990043905541872391e+02
3.736943472957950974e+01 1.989287999826493945e+02
3.730428515751304985e+01 1.988529575603876935e+02
3.723942859972078878e+01 1.987768644157141864e+02
3.717486602107744176e+01 1.987005216806709313e+02
3.711059838208416295e+01 1.986239304910131409e+02
3.704662663885429907e+01 1.985470919861923278e+02
3.698295174309912170e+01 1.984700073093393371e+02
3.691957464211368745e+01 1.983926776072472649e+02
3.685649627876276213e+01 1.983151040303545471e+02
3.679371759146674492e+01 1.982372877327276797e+02
3.673123951418774169e+01 1.981592298720441931e+02
3.666906297641568813e+01 1.980809316095753161e+02
3.660718890315448704e+01 1.980023941101687512e+02
3.654561821490825935e+01 1.979236185422314236e+02
3.648435182766764484e+01 1.978446060777119158e+02
3.642339065289618105e+01 1.977653578920831592e+02
3.636273559751675322e+01 1.976858751643249832e+02
3.630238756389807975e+01 1.976061590769064082e+02
3.624234744984130430e+01 1.975262108157682519e+02
3.618261614856663044e+01 1.974460315703053652e+02
3.612319454870002744e+01 1.973656225333489544e+02
3.606408353426004965e+01 1.972849849011488459e+02
3.600528398464462043e+01 1.972041198733556939e+02
3.594679677461799372e+01 1.971230286530031321e+02
3.588862277429774394e+01 1.970417124464898961e+02
3.583076284914177734e+01 1.969601724635618325e+02
3.577321785993552083e+01 1.968784099172938795e+02
3.571598866277905415e+01 1.967964260240721615e+02
3.565907610907442660e+01 1.967142220035757134e+02
3.560248104551293125e+01 1.966317990787584336e+02
3.554620431406256387e+01 1.965491584758308932e+02
3.549024675195547474e+01 1.964663014242420331e+02
3.543460919167550571e+01 1.963832291566610024e+02
3.537929246094581970e+01 1.962999429089585988e+02
3.532429738271658692e+01 1.962164439201891355e+02
3.526962477515271388e+01 1.961327334325717970e+02
3.521527545162170725e+01 1.960488126914723068e+02
3.516125022068155204e+01 1.959646829453843395e+02
3.510754988606871052e+01 1.958803454459108764e+02
3.505417524668611406e+01 1.957958014477457880e+02
3.500112709659131838e+01 1.957110522086549054e+02
3.494840622498468008e+01 1.956260989894574891e+02
3.489601341619761854e+01 1.955409430540074709e+02
3.484394944968094165e+01 1.954555856691745532e+02
3.479221509999325690e+01 1.953700281048254226e+02
3.474081113678943211e+01 1.952842716338048490e+02
3.468973832480916997e+01 1.951983175319167287e+02
3.463899742386559666e+01 1.951121670779051556e+02
3.458858918883400690e+01 1.950258215534353496e+02
3.453851436964058053e+01 1.949392822430746435e+02
3.448877371125126956e+01 1.948525504342732404e+02
3.443936795366067827e+01 1.947656274173452573e+02
3.439029783188109946e+01 1.946785144854493410e+02
3.434156407593151528e+01 1.945912129345695689e+02
3.429316741082681119e+01 1.945037240634961222e+02
3.424510855656694019e+01 1.944160491738059022e+02
3.419738822812620072e+01 1.943281895698432606e+02
3.415000713544266375e+01 1.942401465587005305e+02
3.410296598340754315e+01 1.941519214501986141e+02
3.405626547185474351e+01 1.940635155568675145e+02
3.400990629555043654e+01 1.939749301939267241e+02
3.396388914418274396e+01 1.938861666792657559e+02
3.391821470235143465e+01 1.937972263334244758e+02
3.387288364955782072e+01 1.937081104795735200e+02
3.382789666019453989e+01 1.936188204434945135e+02
3.378325440353560083e+01 1.935293575535604020e+02
3.373895754372641420e+01 1.934397231407157278e+02
3.369500673977388061e+01 1.933499185384567625e+02
3.365140264553662774e+01 1.932599450828116971e+02
3.360814590971526172e+01 1.931698041123208043e+02
3.356523717584269662e+01 1.930794969680163717e+02
3.352267708227462606e+01 1.929890249934030066e+02
3.348046626217997357e+01 1.928983895344374275e+02
3.343860534353154890e+01 1.928075919395085123e+02
3.339709494909661203e+01 1.927166335594172892e+02
3.335593569642767875e+01 1.926255157473567579e+02
3.331512819785328361e+01 1.925342398588917945e+02
3.327467306046893469e+01 1.924428072519390582e+02
3.323457088612799737e+01 1.923512192867465842e+02
3.319482227143283382e+01 1.922594773258738314e+02
3.315542780772584308e+01 1.921675827341711624e+02
3.311638808108070009e+01 1.920755368787596353e+02
3.307770367229366570e+01 1.919833411290107392e+02
3.303937515687488258e+01 1.918909968565258737e+02
3.300140310503986996e+01 1.917985054351160841e+02
3.296378808170101848e+01 1.917058682407815127e+02
3.292653064645916317e+01 1.916130866516909919e+02
3.288963135359530554e+01 1.915201620481614952e+02
3.285309075206232876e+01 1.914270958126377025e+02
3.281690938547683345e+01 1.913338893296712797e+02
3.278108779211110857e+01 1.912405439859003877e+02
3.274562650488502413e+01 1.911470611700290476e+02
3.271052605135817259e+01 1.910534422728064783e+02
3.267578695372200315e+01 1.909596886870062917e+02
3.264140972879206259e+01 1.908658018074060010e+02
3.260739488800028596e+01 1.907717830307660449e+02
3.257374293738740789e+01 1.906776337558091257e+02
3.254045437759540960e+01 1.905833553831993754e+02
3.250752970386010077e+01 1.904889493155215803e+02
3.247496940600372994e+01 1.903944169572601197e+02
3.244277396842771566e+01 1.902997597147783608e+02
3.241094387010540601e+01 1.902049789962974558e+02
3.237947958457499453e+01 1.901100762118755654e+02
3.234838157993246455e+01 1.900150527733868557e+02
3.231765031882460448e+01 1.899199100945004375e+02
3.228728625844212274e+01 1.898246495906593907e+02
3.225728985051290465e+01 1.897292726790596191e+02
3.222766154129520544e+01 1.896337807786289318e+02
3.219840177157107064e+01 1.895381753100057551e+02
3.216951097663978487e+01 1.894424576955181294e+02
3.214098958631133485e+01 1.893466293591624492e+02
3.211283802490007844e+01 1.892506917265823745e+02
3.208505671121840663e+01 1.891546462250474860e+02
3.205764605857049787e+01 1.890584942834322533e+02
3.203060647474621447e+01 1.889622373321945759e+02
3.200393836201497777e+01 1.888658768033546096e+02
3.197764211711982085e+01 1.887694141304734501e+02
3.195171813127148397e+01 1.886728507486317596e+02
3.192616679014258452e+01 1.885761880944085362e+02
3.190098847386187941e+01 1.884794276058595699e+02
3.187618355700862693e+01 1.883825707224962116e+02
3.185175240860698409e+01 1.882856188852638013e+02
3.182769539212054255e+01 1.881885735365203516e+02
3.180401286544690720e+01 1.880914361200150893e+02
3.178070518091238128e+01 1.879942080808668834e+02
3.175777268526672259e+01 1.878968908655428436e+02
3.173521571967797428e+01 1.877994859218367196e+02
3.171303461972739868e+01 1.877019946988474430e+02
3.169122971540448930e+01 1.876044186469574697e+02
3.166980133110205031e+01 1.875067592178113216e+02
3.164874978561138263e+01 1.874090178642939009e+02
3.162807539211752683e+01 1.873111960405088894e+02
3.160777845819461618e+01 1.872132952017571483e+02
3.158785928580129720e+01 1.871153168045150323e+02
3.156831817127623196e+01 1.870172623064127890e+02
3.154915540533369978e+01 1.869191331662127595e+02
3.153037127305925935e+01 1.868209308437877780e+02
3.151196605390552463e+01 1.867226568000994007e+02
3.149394002168798679e+01 1.866243124971761631e+02
3.147629344458096057e+01 1.865258993980918945e+02
3.145902658511357686e+01 1.864274189669438897e+02
3.144213970016589599e+01 1.863288726688311385e+02
3.142563304096506371e+01 1.862302619698325259e+02
3.140950685308159152e+01 1.861315883369850894e+02
3.139376137642569375e+01 1.860328532382620779e+02
3.137839684524373851e+01 1.859340581425511800e+02
3.136341348811472329e+01 1.858352045196327254e+02
3.134881152794690706e+01 1.857362938401576287e+02
3.133459118197448845e+01 1.856373275756257897e+02
3.132075266175436568e+01 1.855383071983639240e+02
3.130729617316299596e+01 1.854392341815038492e+02
3.129422191639332240e+01 1.853401099989605143e+02
3.128153008595181461e+01 1.852409361254100304e+02
3.126922087065555900e+01 1.851417140362677571e+02
3.125729445362945214e+01 1.850424452076664181e+02
3.124575101230347940e+01 1.849431311164340173e+02
3.123459071841007884e+01 1.848437732400719540e+02
3.122381373798158322e+01 1.847443730567330533e+02
3.121342023134773669e+01 1.846449320451994822e+02
3.120341035313333933e+01 1.845454516848608932e+02
3.119378425225591656e+01 1.844459334556922556e+02
3.118454207192352001e+01 1.843463788382319422e+02
3.117568394963259948e+01 1.842467893135597024e+02
3.116721001716594230e+01 1.841471663632745788e+02
3.115912040059072297e+01 1.840475114694728518e+02
3.115141522025663434e+01 1.839478261147260980e+02
3.114409459079408293e+01 1.838481117820590498e+02
3.113715862111248711e+01 1.837483699549274831e+02
3.113060741439866774e+01 1.836486021171963046e+02
3.112444106811529920e+01 1.835488097531172969e+02
3.111865967399946697e+01 1.834489943473071492e+02
3.111326331806130696e+01 1.833491573847253733e+02
3.110825208058270874e+01 1.832493003506521916e+02
3.110362603611613963e+01 1.831494247306663397e+02
3.109938525348352201e+01 1.830495320106231532e+02
3.109552979577523146e+01 1.829496236766323136e+02
3.109205972034913046e+01 1.828497012150358216e+02
3.108897507882972278e+01 1.827497661123858563e+02
3.108627591710740035e+01 1.826498198554226065e+02
3.108396227533774692e+01 1.825498639310522719e+02
3.108203418794094119e+01 1.824498998263248666e+02
3.108049168360124881e+01 1.823499290284120207e+02
3.107933478526659954e+01 1.822499530245850963e+02
3.107856351014823204e+01 1.821499733021927057e+02
3.107817786972044871e+01 1.820499913486389687e+02
3.107817786972044871e+01 1.819500086513610313e+02
3.107856351014823204e+01 1.818500266978072943e+02
3.107933478526659954e+01 1.817500469754149321e+02
3.108049168360124881e+01 1.816500709715879509e+02
3.108203418794094119e+01 1.815501001736751334e+02
3.108396227533774692e+01 1.814501360689476996e+02
3.108627591710740035e+01 1.813501801445773935e+02
3.108897507882972278e+01 1.812502338876141721e+02
3.109205972034913046e+01 1.811502987849641784e+02
3.109552979577523146e+01 1.810503763233676864e+02
3.109938525348352201e+01 1.809504679893768468e+02
3.110362603611613963e+01 1.808505752693336603e+02
3.110825208058270519e+01 1.807506996493478084e+02
3.111326331806130696e+01 1.806508426152745983e+02
3.111865967399946697e+01 1.805510056526928508e+02
3.112444106811529920e+01 1.804511902468827031e+02
3.113060741439866774e+01 1.803513978828036954e+02
3.113715862111248711e+01 1.802516300450725169e+02
3.114409459079407938e+01 1.801518882179409502e+02
3.115141522025663434e+01 1.800521738852739020e+02
3.115912040059072297e+01 1.799524885305271482e+02
3.116721001716594230e+01 1.798528336367254497e+02
3.117568394963259948e+01 1.797532106864402976e+02
3.118454207192352001e+01 1.796536211617680578e+02
3.119378425225591656e+01 1.795540665443077444e+02
3.120341035313333933e+01 1.794545483151391068e+02
3.121342023134773669e+01 1.793550679548005178e+02
3.122381373798158322e+01 1.792556269432669467e+02
3.123459071841007884e+01 1.791562267599280460e+02
3.124575101230347940e+01 1.790568688835660112e+02
3.125729445362944858e+01 1.789575547923335819e+02
3.126922087065555544e+01 1.788582859637322429e+02
3.128153008595181461e+01 1.787590638745899696e+02
3.129422191639332240e+01 1.786598900010395141e+02
3.130729617316299240e+01 1.785607658184961508e+02
3.132075266175436568e+01 1.784616928016361044e+02
3.133459118197448845e+01 1.783626724243742387e+02
3.134881152794690706e+01 1.782637061598423713e+02
3.136341348811472329e+01 1.781647954803672746e+02
3.137839684524373851e+01 1.780659418574488200e+02
3.139376137642569375e+01 1.779671467617379221e+02
3.140950685308158796e+01 1.778684116630149106e+02
3.142563304096506016e+01 1.777697380301674741e+02
3.144213970016589599e+01 1.776711273311688615e+02
3.145902658511357686e+01 1.775725810330561387e+02
3.147629344458096057e+01 1.774741006019081055e+02
3.149394002168798679e+01 1.773756875028238369e+02
3.151196605390552463e+01 1.772773431999005993e+02
3.153037127305925935e+01 1.771790691562122220e+02
3.154915540533369622e+01 1.770808668337872405e+02
3.156831817127623196e+01 1.769827376935872110e+02
3.158785928580129720e+01 1.768846831954849677e+02
3.160777845819461618e+01 1.767867047982428801e+02
3.162807539211752328e+01 1.766888039594911390e+02
3.164874978561137908e+01 1.765909821357061276e+02
3.166980133110204676e+01 1.764932407821887068e+02
3.169122971540448219e+01 1.763955813530425587e+02
3.171303461972739157e+01 1.762980053011525854e+02
3.173521571967797072e+01 1.762005140781632804e+02
3.175777268526671904e+01 1.761031091344571564e+02
3.178070518091237773e+01 1.760057919191331450e+02
3.180401286544690365e+01 1.759085638799849391e+02
3.182769539212053544e+01 1.758114264634796768e+02
3.185175240860698054e+01 1.757143811147362271e+02
3.187618355700862693e+01 1.756174292775038168e+02
3.190098847386187586e+01 1.755205723941404301e+02
3.192616679014257741e+01 1.754238119055914638e+02
3.195171813127147686e+01 1.753271492513682404e+02
3.197764211711981375e+01 1.752305858695265783e+02
3.200393836201497777e+01 1.751341231966454188e+02
3.203060647474620737e+01 1.750377626678054526e+02
3.205764605857050498e+01 1.749415057165677467e+02
3.208505671121840663e+01 1.748453537749525140e+02
3.211283802490007844e+01 1.747493082734176255e+02
3.214098958631133485e+01 1.746533706408375508e+02
3.216951097663978487e+01 1.745575423044818706e+02
3.219840177157107064e+01 1.744618246899942449e+02
3.222766154129520544e+01 1.743662192213710682e+02
3.225728985051290465e+01 1.742707273209403809e+02
3.228728625844212274e+01 1.741753504093406093e+02
3.231765031882460448e+01 1.740800899054995625e+02
3.234838157993246455e+01 1.739849472266131443e+02
3.237947958457500164e+01 1.738899237881244062e+02
3.241094387010540601e+01 1.737950210037025442e+02
3.244277396842771566e+01 1.737002402852216392e+02
3.247496940600373705e+01 1.736055830427398803e+02
3.250752970386010077e+01 1.735110506844784197e+02
3.254045437759540960e+01 1.734166446168006246e+02
3.257374293738740789e+01 1.733223662441908743e+02
3.260739488800028596e+01 1.732282169692339835e+02
3.264140972879205549e+01 1.731341981925939990e+02
3.267578695372199604e+01 1.730403113129937083e+02
3.271052605135816549e+01 1.729465577271935501e+02
3.274562650488501703e+01 1.728529388299709524e+02
3.278108779211110146e+01 1.727594560140996123e+02
3.281690938547683345e+01 1.726661106703287487e+02
3.285309075206232166e+01 1.725729041873622975e+02
3.288963135359529844e+01 1.724798379518385048e+02
3.292653064645915606e+01 1.723869133483090081e+02
3.296378808170101138e+01 1.722941317592184873e+02
3.300140310503986996e+01 1.722014945648839159e+02
3.303937515687488258e+01 1.721090031434741263e+02
3.307770367229366570e+01 1.720166588709892608e+02
3.311638808108070009e+01 1.719244631212403647e+02
3.315542780772584308e+01 1.718324172658288660e+02
3.319482227143282671e+01 1.717405226741261686e+02
3.323457088612799737e+01 1.716487807132534158e+02
3.327467306046892759e+01 1.715571927480609702e+02
3.331512819785328361e+01 1.714657601411082055e+02
3.335593569642767875e+01 1.713744842526432421e+02
3.339709494909661203e+01 1.712833664405827108e+02
3.343860534353154890e+01 1.711924080604914877e+02
3.348046626217997357e+01 1.711016104655625725e+02
3.352267708227461895e+01 1.710109750065969934e+02
3.356523717584269662e+01 1.709205030319836283e+02
3.360814590971526172e+01 1.708301958876792241e+02
3.365140264553662774e+01 1.707400549171883029e+02
3.369500673977387351e+01 1.706500814615432375e+02
3.373895754372640710e+01 1.705602768592842722e+02
3.378325440353560083e+01 1.704706424464395980e+02
3.382789666019453989e+01 1.703811795565054865e+02
3.387288364955781361e+01 1.702918895204264800e+02
3.391821470235143465e+01 1.702027736665755242e+02
3.396388914418273686e+01 1.701138333207342441e+02
3.400990629555043654e+01 1.700250698060732759e+02
3.405626547185473640e+01 1.699364844431324855e+02
3.410296598340753604e+01 1.698480785498013859e+02
3.415000713544265665e+01 1.697598534412994979e+02
3.419738822812620072e+01 1.696718104301567678e+02
3.424510855656693309e+01 1.695839508261940978e+02
3.429316741082681119e+01 1.694962759365038778e+02
3.434156407593150817e+01 1.694087870654304311e+02
3.439029783188108524e+01 1.693214855145506874e+02
3.443936795366067116e+01 1.692343725826547711e+02
3.448877371125125535e+01 1.691474495657267596e+02
3.453851436964057342e+01 1.690607177569253849e+02
3.458858918883399980e+01 1.689741784465646504e+02
3.463899742386558955e+01 1.688878329220948444e+02
3.468973832480915576e+01 1.688016824680832997e+02
3.474081113678942501e+01 1.687157283661951794e+02
3.479221509999324979e+01 1.686299718951745774e+02
3.484394944968093455e+01 1.685444143308254468e+02
3.489601341619761854e+01 1.684590569459925007e+02
3.494840622498468008e+01 1.683739010105424825e+02
3.500112709659131838e+01 1.682889477913450946e+02
3.505417524668610696e+01 1.682041985522542120e+02
3.510754988606871052e+01 1.681196545540890952e+02
3.516125022068155914e+01 1.680353170546156605e+02
3.521527545162170725e+01 1.679511873085276932e+02
3.526962477515272099e+01 1.678672665674282030e+02
3.532429738271658692e+01 1.677835560798108645e+02
3.537929246094581970e+01 1.677000570910414012e+02
3.543460919167550571e+01 1.676167708433389976e+02
3.549024675195548184e+01 1.675336985757579669e+02
3.554620431406256387e+01 1.674508415241691068e+02
3.560248104551293125e+01 1.673682009212415664e+02
3.565907610907441949e+01 1.672857779964242866e+02
3.571598866277906126e+01 1.672035739759278385e+02
3.577321785993552794e+01 1.671215900827061205e+02
3.583076284914177734e+01 1.670398275364381675e+02
3.588862277429774394e+01 1.669582875535101039e+02
3.594679677461799372e+01 1.668769713469968679e+02
3.600528398464461333e+01 1.667958801266443061e+02
3.606408353426004965e+01 1.667150150988511541e+02
3.612319454870002744e+01 1.666343774666510456e+02
3.618261614856662334e+01 1.665539684296946348e+02
3.624234744984129009e+01 1.664737891842317481e+02
3.630238756389807975e+01 1.663938409230935918e+02
3.636273559751674611e+01 1.663141248356750168e+02
3.642339065289617395e+01 1.662346421079168408e+02
3.648435182766763774e+01 1.661553939222880842e+02
3.654561821490825224e+01 1.660763814577685764e+02
3.660718890315447993e+01 1.659976058898312488e+02
3.666906297641568813e+01 1.659190683904247123e+02
3.673123951418773458e+01 1.658407701279558353e+02
3.679371759146673782e+01 1.657627122672723203e+02
3.685649627876276213e+01 1.656848959696454529e+02
3.691957464211368745e+01 1.656073223927527351e+02
3.698295174309912170e+01 1.655299926906606629e+02
3.704662663885429197e+01 1.654529080138076722e+02
3.711059838208416295e+01 1.653760695089868591e+02
3.717486602107743465e+01 1.652994783193290687e+02
3.723942859972078168e+01 1.652231355842858420e+02
3.730428515751304275e+01 1.651470424396123065e+02
3.736943472957950263e+01 1.650712000173506055e+02
3.743487634668625219e+01 1.649956094458127609e+02
3.750060903525461242e+01 1.649202718495640170e+02
3.756663181737562951e+01 1.648451883494061008e+02
3.763294371082461254e+01 1.647703600623605098e+02
3.769954372907572804e+01 1.646957881016519707e+02
3.776643088131669401e+01 1.646214735766918125e+02
3.783360417246355212e+01 1.645474175930613967e+02
3.790106260317539011e+01 1.644736212524958887e+02
3.796880516986928455e+01 1.644000856528676309e+02
3.803683086473522224e+01 1.643268118881699706e+02
3.810513867575104285e+01 1.642538010485008328e+02
3.817372758669753807e+01 1.641810542200466898e+02
3.824259657717358607e+01 1.641085724850662189e+02
3.831174462261124347e+01 1.640363569218743862e+02
3.838117069429113570e+01 1.639644086048262182e+02
3.845087375935760576e+01 1.638927286043009417e+02
3.852085278083417563e+01 1.638213179866860116e+02
3.859110671763895795e+01 1.637501778143612796e+02
3.866163452460010319e+01 1.636793091456831064e+02
3.873243515247142454e+01 1.636087130349687584e+02
3.880350754794793033e+01 1.635383905324806051e+02
3.887485065368153414e+01 1.634683426844105441e+02
3.894646340829677200e+01 1.633985705328643689e+02
3.901834474640661199e+01 1.633290751158463934e+02
3.909049359862828510e+01 1.632598574672438758e+02
3.916290889159919431e+01 1.631909186168117571e+02
3.923558954799288756e+01 1.631222595901572561e+02
3.930853448653511606e+01 1.630538814087245783e+02
3.938174262201982856e+01 1.629857850897798812e+02
3.945521286532543570e+01 1.629179716463959835e+02
3.952894412343091801e+01 1.628504420874373579e+02
3.960293529943214708e+01 1.627831974175450966e+02
3.967718529255816406e+01 1.627162386371219895e+02
3.975169299818760749e+01 1.626495667423176599e+02
3.982645730786506277e+01 1.625831827250136712e+02
3.990147710931763925e+01 1.625170875728088049e+02
3.997675128647146181e+01 1.624512822690044800e+02
4.005227871946829055e+01 1.623857677925899452e+02
4.012805828468222558e+01 1.623205451182277557e+02
4.020408885473630534e+01 1.622556152162394199e+02
4.028036929851941039e+01 1.621909790525907908e+02
4.035689848120304646e+01 1.621266375888777134e+02
4.043367526425817715e+01 1.620625917823118698e+02
4.051069850547222018e+01 1.619988425857063703e+02
4.058796705896601509e+01 1.619353909474616273e+02
4.066547977521089052e+01 1.618722378115513152e+02
4.074323550104573144e+01 1.618093841175082161e+02
4.082123307969416004e+01 1.617468308004103505e+02
4.089947135078175933e+01 1.616845787908669649e+02
4.097794915035329666e+01 1.616226290150048044e+02
4.105666531089004678e+01 1.615609823944541574e+02
4.113561866132722855e+01 1.614996398463353557e+02
4.121480802707134217e+01 1.614386022832449896e+02
4.129423223001764853e+01 1.613778706132423508e+02
4.137389008856775519e+01 1.613174457398359891e+02
4.145378041764715249e+01 1.612573285619701835e+02
4.153390202872285641e+01 1.611975199740115841e+02
4.161425372982107973e+01 1.611380208657360527e+02
4.169483432554498137e+01 1.610788321223151343e+02
4.177564261709243709e+01 1.610199546243031818e+02
4.185667740227387412e+01 1.609613892476241119e+02
4.193793747553015550e+01 1.609031368635583590e+02
4.201942162795057101e+01 1.608451983387299435e+02
4.210112864729070736e+01 1.607875745350936540e+02
4.218305731799057412e+01 1.607302663099220581e+02
4.226520642119266569e+01 1.606732745157929116e+02
4.234757473476008016e+01 1.606166000005764261e+02
4.243016103329470923e+01 1.605602436074225636e+02
4.251296408815548489e+01 1.605042061747485889e+02
4.259598266747661910e+01 1.604484885362266198e+02
4.267921553618597841e+01 1.603930915207711223e+02
4.276266145602339463e+01 1.603380159525266890e+02
4.284631918555921004e+01 1.602832626508556757e+02
4.293018748021256670e+01 1.602288324303260652e+02
4.301426509227006534e+01 1.601747261006993597e+02
4.309855077090427500e+01 1.601209444669185302e+02
4.318304326219233502e+01 1.600674883290959940e+02
4.326774130913463523e+01 1.600143584825017626e+02
4.335264365167348899e+01 1.599615557175516187e+02
4.343774902671189864e+01 1.599090808197953208e+02
4.352305616813234934e+01 1.598569345699048654e+02
4.360856380681562428e+01 1.598051177436630610e+02
4.369427067065967663e+01 1.597536311119517336e+02
4.378017548459864372e+01 1.597024754407404430e+02
4.386627697062168352e+01 1.596516514910750857e+02
4.395257384779207399e+01 1.596011600190663842e+02
4.403906483226624857e+01 1.595510017758789161e+02
4.412574863731288133e+01 1.595011775077196887e+02
4.421262397333206451e+01 1.594516879558271967e+02
4.429968954787446478e+01 1.594025338564603658e+02
4.438694406566055761e+01 1.593537159408874686e+02
4.447438622859990431e+01 1.593052349353754664e+02
4.456201473581045036e+01 1.592570915611790667e+02
4.464982828363785927e+01 1.592092865345299515e+02
4.473782556567503121e+01 1.591618205666262327e+02
4.482600527278133740e+01 1.591146943636218509e+02
4.491436609310225236e+01 1.590679086266160027e+02
4.500290671208880156e+01 1.590214640516427664e+02
4.509162581251715807e+01 1.589753613296607568e+02
4.518052207450816837e+01 1.589296011465427796e+02
4.526959417554708409e+01 1.588841841830656847e+02
4.535884079050315165e+01 1.588391111149002768e+02
4.544826059164942222e+01 1.587943826126011118e+02
4.553785224868239112e+01 1.587499993415966912e+02
4.562761442874186457e+01 1.587059619621794866e+02
4.571754579643076255e+01 1.586622711294960766e+02
4.580764501383499265e+01 1.586189274935375124e+02
4.589791074054335240e+01 1.585759316991294838e+02
4.598834163366748129e+01 1.585332843859229399e+02
4.607893634786181281e+01 1.584909861883843405e+02
4.616969353534360465e+01 1.584490377357864475e+02
4.626061184591298314e+01 1.584074396521987182e+02
4.635168992697309420e+01 1.583661925564782678e+02
4.644292642355010514e+01 1.583252970622604607e+02
4.653431997831344091e+01 1.582847537779499305e+02
4.662586923159597774e+01 1.582445633067113988e+02
4.671757282141424383e+01 1.582047262464608366e+02
4.680942938348869831e+01 1.581652431898564259e+02
4.690143755126402425e+01 1.581261147242898630e+02
4.699359595592945027e+01 1.580873414318775758e+02
4.708590322643914305e+01 1.580489238894520838e+02
4.717835798953255022e+01 1.580108626685532727e+02
4.727095886975487815e+01 1.579731583354201803e+02
4.736370448947756984e+01 1.579358114509822997e+02
4.745659346891874009e+01 1.578988225708513369e+02
4.754962442616373153e+01 1.578621922453129969e+02
4.764279597718569192e+01 1.578259210193187130e+02
4.773610673586611597e+01 1.577900094324775750e+02
4.782955531401554339e+01 1.577544580190483430e+02
4.792314032139412205e+01 1.577192673079314034e+02
4.801686036573236294e+01 1.576844378226609820e+02
4.811071405275181689e+01 1.576499700813973277e+02
4.820469998618582963e+01 1.576158645969189820e+02
4.829881676780026822e+01 1.575821218766151617e+02
4.839306299741444661e+01 1.575487424224782842e+02
4.848743727292180949e+01 1.575157267310963789e+02
4.858193819031086491e+01 1.574830752936457543e+02
4.867656434368608132e+01 1.574507885958837505e+02
4.877131432528875621e+01 1.574188671181413781e+02
4.886618672551801978e+01 1.573873113353162978e+02
4.896118013295173910e+01 1.573561217168656867e+02
4.905629313436759276e+01 1.573252987267992751e+02
4.915152431476400352e+01 1.572948428236724396e+02
4.924687225738126273e+01 1.572647544605794394e+02
4.934233554372261210e+01 1.572350340851465091e+02
4.943791275357527581e+01 1.572056821395254076e+02
4.953360246503164888e+01 1.571766990603866816e+02
4.962940325451042156e+01 1.571480852789132712e+02
4.972531369677778912e+01 1.571198412207940294e+02
4.982133236496861883e+01 1.570919673062174127e+02
4.991745783060770947e+01 1.570644639498652566e+02
5.001368866363100807e+01 1.570373315609065514e+02
5.011002343240693335e+01 1.570105705429914167e+02
5.020646070375762093e+01 1.569841812942450474e+02
5.030299904298026092e+01 1.569581642072617740e+02
5.039963701386850659e+01 1.569325196690992641e+02
5.049637317873373377e+01 1.569072480612728384e+02
5.059320609842648508e+01 1.568823497597496157e+02
5.069013433235789279e+01 1.568578251349430559e+02
5.078715643852109451e+01 1.568336745517074178e+02
5.088427097351266326e+01 1.568098983693322452e+02
5.098147649255412261e+01 1.567864969415372514e+02
5.107877154951341936e+01 1.567634706164667477e+02
5.117615469692642449e+01 1.567408197366846991e+02
5.127362448601849110e+01 1.567185446391695507e+02
5.137117946672603352e+01 1.566966456553091973e+02
5.146881818771801420e+01 1.566751231108960667e+02
5.156653919641760098e+01 1.566539773261222876e+02
5.166434103902378183e+01 1.566332086155748868e+02
5.176222226053297248e+01 1.566128172882311844e+02
5.186018140476060978e+01 1.565928036474541045e+02
5.195821701436293694e+01 1.565731679909877414e+02
5.205632763085858983e+01 1.565539106109528689e+02
5.215451179465030407e+01 1.565350317938426201e+02
5.225276804504671446e+01 1.565165318205182245e+02
5.235109492028394840e+01 1.564984109662048866e+02
5.244949095754747503e+01 1.564806695004875223e+02
5.254795469299382660e+01 1.564633076873070081e+02
5.264648466177239072e+01 1.564463257849559739e+02
5.274507939804719570e+01 1.564297240460751652e+02
5.284373743501872411e+01 1.564135027176496067e+02
5.294245730494571944e+01 1.563976620410049065e+02
5.304123753916704942e+01 1.563822022518037329e+02
5.314007666812349839e+01 1.563671235800422892e+02
5.323897322137975863e+01 1.563524262500467614e+02
5.333792572764612316e+01 1.563381104804702204e+02
5.343693271480052687e+01 1.563241764842891541e+02
5.353599270991034587e+01 1.563106244688004267e+02
5.363510423925439596e+01 1.562974546356181804e+02
5.373426582834478893e+01 1.562846671806707377e+02
5.383347600194890958e+01 1.562722622941978159e+02
5.393273328411132894e+01 1.562602401607475997e+02
5.403203619817579550e+01 1.562486009591740697e+02
5.413138326680719814e+01 1.562373448626343020e+02
5.423077301201349343e+01 1.562264720385858539e+02
5.433020395516781065e+01 1.562159826487843759e+02
5.442967461703031518e+01 1.562058768492811396e+02
5.452918351777029216e+01 1.561961547904206498e+02
5.462872917698813779e+01 1.561868166168385699e+02
5.472831011373740040e+01 1.561778624674594198e+02
5.482792484654680010e+01 1.561692924754945864e+02
5.492757189344226987e+01 1.561611067684403622e+02
5.502724977196899658e+01 1.561533054680759278e+02
5.512695699921349757e+01 1.561458886904617316e+02
5.522669209182563321e+01 1.561388565459375855e+02
5.532645356604078302e+01 1.561322091391210733e+02
5.542623993770178004e+01 1.561259465689060448e+02
5.552604972228107982e+01 1.561200689284611656e+02
5.562588143490280856e+01 1.561145763052283542e+02
5.572573359036488228e+01 1.561094687809217589e+02
5.582560470316108336e+01 1.561047464315262516e+02
5.592549328750316562e+01 1.561004093272965179e+02
5.602539785734295918e+01 1.560964575327559203e+02
5.612531692639446845e+01 1.560928911066955038e+02
5.622524900815600546e+01 1.560897101021731999e+02
5.632519261593225224e+01 1.560869145665129736e+02
5.642514626285650081e+01 1.560845045413042271e+02
5.652510846191262317e+01 1.560824800624009754e+02
5.662507772595726863e+01 1.560808411599215617e+02
5.672505256774199012e+01 1.560795878582480043e+02
5.682503149993535629e+01 1.560787201760257403e+02
5.692501303514509203e+01 1.560782381261633418e+02
5.702499568594017632e+01 1.560781417158322881e+02
5.712497796487302537e+01 1.560784309464668809e+02
5.722495838450154793e+01 1.560791058137642153e+02
5.732493545741132124e+01 1.560801663076842658e+02
5.742490769623776004e+01 1.560816124124499709e+02
5.752487361368815044e+01 1.560834441065475744e+02
5.762483172256381891e+01 1.560856613627268530e+02
5.772478053578227986e+01 1.560882641480015707e+02
5.782471856639933350e+01 1.560912524236499337e+02
5.792464432763118509e+01 1.560946261452151873e+02
5.802455633287657832e+01 1.560983852625062696e+02
5.812445309573892160e+01 1.561025297195986354e+02
5.822433313004835753e+01 1.561070594548348822e+02
5.832419494988391762e+01 1.561119744008259431e+02
5.842403706959558463e+01 1.561172744844518547e+02
5.852385800382648995e+01 1.561229596268629791e+02
5.862365626753486225e+01 1.561290297434811123e+02
5.872343037601625326e+01 1.561354847440008200e+02
5.882317884492556459e+01 1.561423245323906599e+02
5.892290019029908166e+01 1.561495490068947447e+02
5.902259292857669237e+01 1.561571580600340781e+02
5.912225557662382158e+01 1.561651515786084303e+02
5.922188665175355027e+01 1.561735294436977028e+02
5.932148467174873474e+01 1.561822915306639743e+02
5.942104815488391267e+01 1.561914377091531492e+02
5.952057561994747203e+01 1.562009678430969757e+02
5.962006558626362107e+01 1.562108817907151774e+02
5.971951657371445776e+01 1.562211794045173292e+02
5.981892710276196112e+01 1.562318605313052728e+02
5.991829569447001802e+01 1.562429250121752489e+02
6.001762087052641448e+01 1.562543726825203976e+02
6.011690115326483408e+01 1.562662033720330044e+02
6.021613506568684926e+01 1.562784169047072567e+02
6.031532113148384866e+01 1.562910130988417450e+02
6.041445787505911369e+01 1.563039917670421914e+02
6.051354382154963218e+01 1.563173527162241498e+02
6.061257749684811813e+01 1.563310957476160183e+02
6.071155742762493901e+01 1.563452206567619953e+02
6.081048214135000052e+01 1.563597272335249500e+02
6.090935016631468812e+01 1.563746152620897192e+02
6.100816003165376600e+01 1.563898845209662909e+02
6.110691026736721199e+01 1.564055347829929588e+02
6.120559940434213075e+01 1.564215658153399318e+02
6.130422597437458876e+01 1.564379773795126312e+02
6.140278851019149897e+01 1.564547692313552432e+02
6.150128554547237769e+01 1.564719411210544422e+02
6.159971561487120795e+01 1.564894927931430573e+02
6.169807725403822474e+01 1.565074239865038805e+02
6.179636899964170738e+01 1.565257344343734758e+02
6.189458938938974342e+01 1.565444238643462995e+02
6.199273696205198547e+01 1.565634919983785949e+02
6.209081025748140092e+01 1.565829385527927116e+02
6.218880781663595769e+01 1.566027632382810850e+02
6.228672818160038815e+01 1.566229657599107554e+02
6.238456989560780386e+01 1.566435458171276878e+02
6.248233150306148787e+01 1.566645031037611489e+02
6.258001154955639578e+01 1.566858373080283968e+02
6.267760858190090545e+01 1.567075481125392855e+02
6.277512114813838906e+01 1.567296351943009256e+02
6.287254779756882783e+01 1.567520982247225447e+02
6.296988708077041252e+01 1.567749368696203192e+02
6.306713754962105156e+01 1.567981507892224897e+02
6.316429775731998575e+01 1.568217396381741651e+02
6.326136625840923955e+01 1.568457030655427786e+02
6.335834160879518606e+01 1.568700407148230056e+02
6.345522236576998409e+01 1.568947522239422483e+02
6.355200708803312182e+01 1.569198372252660079e+02
6.364869433571273305e+01 1.569452953456032276e+02
6.374528267038712670e+01 1.569711262062120625e+02
6.384177065510612437e+01 1.569973294228052794e+02
6.393815685441246899e+01 1.570239046055561687e+02
6.403443983436316955e+01 1.570508513591041719e+02
6.413061816255084580e+01 1.570781692825609355e+02
6.422669040812500896e+01 1.571058579695161370e+02
6.432265514181337096e+01 1.571339170080435963e+02
6.441851093594310385e+01 1.571623459807073857e+02
6.451425636446211342e+01 1.571911444645681115e+02
6.460989000296018503e+01 1.572203120311890245e+02
6.470541042869021453e+01 1.572498482466425855e+02
6.480081622058936830e+01 1.572797526715168317e+02
6.489610595930024317e+01 1.573100248609219420e+02
6.499127822719194114e+01 1.573406643644968028e+02
6.508633160838121512e+01 1.573716707264158003e+02
6.518126468875348678e+01 1.574030434853955001e+02
6.527607605598387863e+01 1.574347821747015814e+02
6.537076429955828871e+01 1.574668863221557160e+02
6.546532801079428054e+01 1.574993554501427298e+02
6.555976578286217205e+01 1.575321890756175094e+02
6.565407621080581180e+01 1.575653867101123353e+02
6.574825789156359690e+01 1.575989478597441575e+02
6.584230942398924924e+01 1.576328720252217579e+02
6.593622940887276229e+01 1.576671587018534240e+02
6.603001644896116318e+01 1.577018073795543387e+02
6.612366914897930315e+01 1.577368175428541122e+02
6.621718611565060542e+01 1.577721886709045407e+02
6.631056595771785567e+01 1.578079202374873375e+02
6.640380728596377935e+01 1.578440117110219489e+02
6.649690871323181796e+01 1.578804625545735121e+02
6.658986885444672055e+01 1.579172722258606711e+02
6.668268632663517792e+01 1.579544401772638764e+02
6.677535974894632886e+01 1.579919658558333992e+02
6.686788774267239432e+01 1.580298487032975743e+02
6.696026893126912682e+01 1.580680881560710986e+02
6.705250194037631672e+01 1.581066836452634732e+02
6.714458539783821323e+01 1.581456345966873869e+02
6.723651793372393115e+01 1.581849404308673286e+02
6.732829818034795721e+01 1.582246005630481420e+02
6.741992477229027259e+01 1.582646144032037796e+02
6.751139634641684495e+01 1.583049813560460848e+02
6.760271154189985054e+01 1.583457008210335459e+02
6.769386900023789622e+01 1.583867721923803913e+02
6.778486736527629830e+01 1.584281948590654565e+02
6.787570528322716257e+01 1.584699682048414218e+02
6.796638140268960626e+01 1.585120916082437645e+02
6.805689437466982383e+01 1.585545644426002525e+02
6.814724285260113845e+01 1.585973860760400953e+02
6.823742549236412458e+01 1.586405558715034090e+02
6.832744095230648895e+01 1.586840731867506520e+02
6.841728789326307947e+01 1.587279373743722886e+02
6.850696497857585143e+01 1.587721477817982816e+02
6.859647087411366329e+01 1.588167037513078697e+02
6.868580424829221442e+01 1.588616046200393441e+02
6.877496377209378409e+01 1.589068497199999115e+02
6.886394811908705549e+01 1.589524383780756409e+02
6.895275596544681207e+01 1.589983699160414972e+02
6.904138598997364795e+01 1.590446436505713166e+02
6.912983687411360734e+01 1.590912588932481242e+02
6.921810730197789496e+01 1.591382149505743087e+02
6.930619596036228813e+01 1.591855111239819394e+02
6.939410153876679033e+01 1.592331467098430835e+02
6.948182272941507165e+01 1.592811209994804926e+02
6.956935822727399454e+01 1.593294332791778345e+02
6.965670673007294056e+01 1.593780828301906354e+02
6.974386693832326500e+01 1.594270689287567109e+02
6.983083755533756687e+01 1.594763908461070798e+02
6.991761728724900138e+01 1.595260478484767646e+02
7.000420484303053570e+01 1.595760391971157333e+02
7.009059893451419043e+01 1.596263641482997855e+02
7.017679827641012480e+01 1.596770219533417787e+02
7.026280158632579287e+01 1.597280118586026560e+02
7.034860758478505716e+01 1.597793331055027011e+02
7.043421499524717433e+01 1.598309849305327646e+02
7.051962254412579512e+01 1.598829665652656900e+02
7.060482896080796422e+01 1.599352772363677673e+02
7.068983297767294971e+01 1.599879161656101303e+02
7.077463333011114344e+01 1.600408825698804378e+02
7.085922875654283359e+01 1.600941756611944413e+02
7.094361799843704830e+01 1.601477946467078084e+02
7.102779980033022866e+01 1.602017387287278325e+02
7.111177290984488764e+01 1.602560071047252848e+02
7.119553607770829728e+01 1.603105989673464933e+02
7.127908805777101975e+01 1.603655135044251381e+02
7.136242760702546661e+01 1.604207498989945861e+02
7.144555348562441566e+01 1.604763073292998001e+02
7.152846445689941390e+01 1.605321849688097018e+02
7.161115928737922331e+01 1.605883819862295070e+02
7.169363674680812437e+01 1.606448975455129471e+02
7.177589560816423386e+01 1.607017308058748029e+02
7.185793464767778005e+01 1.607588809218034385e+02
7.193975264484930676e+01 1.608163470430733355e+02
7.202134838246779225e+01 1.608741283147577121e+02
7.210272064662876801e+01 1.609322238772412845e+02
7.218386822675242342e+01 1.609906328662330282e+02
7.226478991560158249e+01 1.610493544127791097e+02
7.234548450929966634e+01 1.611083876432757336e+02
7.242595080734857049e+01 1.611677316794821593e+02
7.250618761264659895e+01 1.612273856385337467e+02
7.258619373150624199e+01 1.612873486329551440e+02
7.266596797367188287e+01 1.613476197706734752e+02
7.274550915233754722e+01 1.614081981550316129e+02
7.282481608416460972e+01 1.614690828848014235e+02
7.290388758929931612e+01 1.615302730541973233e+02
7.298272249139034784e+01 1.615917677528896661e+02
7.306131961760637239e+01 1.616535660660182998e+02
7.313967779865346586e+01 1.617156670742062090e+02
7.321779586879249280e+01 1.617780698535731574e+02
7.329567266585644347e+01 1.618407734757494154e+02
7.337330703126778531e+01 1.619037770078896017e+02
7.345069781005562959e+01 1.619670795126866096e+02
7.352784385087294083e+01 1.620306800483854488e+02
7.360474400601367506e+01 1.620945776687973137e+02
7.368139713142980440e+01 1.621587714233136523e+02
7.375780208674841276e+01 1.622232603569203206e+02
7.383395773528864936e+01 1.622880435102117644e+02
7.390986294407854018e+01 1.623531199194053158e+02
7.398551658387199836e+01 1.624184886163555177e+02
7.406091752916547932e+01 1.624841486285685335e+02
7.413606465821480640e+01 1.625500989792166138e+02
7.421095685305188283e+01 1.626163386871526200e+02
7.428559299950123318e+01 1.626828667669246897e+02
7.435997198719665846e+01 1.627496822287907037e+02
7.443409270959769231e+01 1.628167840787332636e+02
7.450795406400612819e+01 1.628841713184743014e+02
7.458155495158237613e+01 1.629518429454900001e+02
7.465489427736181938e+01 1.630197979530257442e+02
7.472797095027114267e+01 1.630880353301109551e+02
7.480078388314450422e+01 1.631565540615742975e+02
7.487333199273972184e+01 1.632253531280586856e+02
7.494561419975443073e+01 1.632944315060364602e+02
7.501762942884215590e+01 1.633637881678247084e+02
7.508937660862818575e+01 1.634334220816003551e+02
7.516085467172563028e+01 1.635033322114157386e+02
7.523206255475128046e+01 1.635735175172138156e+02
7.530299919834138223e+01 1.636439769548438221e+02
7.537366354716742478e+01 1.637147094760766777e+02
7.544405454995188620e+01 1.637857140286205890e+02
7.551417115948378012e+01 1.638569895561368241e+02
7.558401233263431607e+01 1.639285349982552589e+02
7.565357703037234671e+01 1.640003492905902647e+02
7.572286421777992871e+01 1.640724313647565396e+02
7.579187286406759938e+01 1.641447801483849389e+02
7.586060194258979550e+01 1.642173945651384486e+02
7.592905043086008732e+01 1.642902735347282999e+02
7.599721731056639840e+01 1.643634159729298574e+02
7.606510156758618280e+01 1.644368207915989046e+02
7.613270219200146016e+01 1.645104868986877875e+02
7.620001817811389344e+01 1.645844131982615863e+02
7.626704852445971028e+01 1.646585985905145435e+02
7.633379223382462442e+01 1.647330419717863492e+02
7.640024831325862920e+01 1.648077422345785124e+02
7.646641577409087631e+01 1.648826982675710440e+02
7.653229363194427037e+01 1.649579089556387146e+02
7.659788090675013450e+01 1.650333731798678514e+02
7.666317662276287592e+01 1.651090898175728512e+02
7.672817980857435316e+01 1.651850577423129778e+02
7.679288949712848478e+01 1.652612758239091022e+02
7.685730472573554550e+01 1.653377429284604432e+02
7.692142453608649078e+01 1.654144579183615349e+02
7.698524797426723865e+01 1.654914196523190810e+02
7.704877409077283801e+01 1.655686269853689510e+02
7.711200194052167944e+01 1.656460787688933465e+02
7.717493058286939345e+01 1.657237738506375422e+02
7.723755908162299022e+01 1.658017110747274216e+02
7.729988650505470105e+01 1.658798892816864452e+02
7.736191192591590493e+01 1.659583073084529872e+02
7.742363442145085628e+01 1.660369639883975594e+02
7.748505307341049786e+01 1.661158581513402339e+02
7.754616696806600373e+01 1.661949886235680651e+02
7.760697519622247853e+01 1.662743542278524842e+02
7.766747685323245776e+01 1.663539537834668920e+02
7.772767103900932284e+01 1.664337861062041384e+02
7.778755685804075881e+01 1.665138500083942006e+02
7.784713341940198461e+01 1.665941442989218331e+02
7.790639983676911129e+01 1.666746677832443027e+02
7.796535522843225863e+01 1.667554192634091237e+02
7.802399871730870018e+01 1.668363975380719353e+02
7.808232943095592304e+01 1.669176014025142649e+02
7.814034650158453132e+01 1.669990296486616614e+02
7.819804906607127748e+01 1.670806810651014018e+02
7.825543626597180946e+01 1.671625544371007095e+02
7.831250724753348891e+01 1.672446485466248021e+02
7.836926116170806722e+01 1.673269621723548823e+02
7.842569716416429060e+01 1.674094940897064419e+02
7.848181441530056190e+01 1.674922430708474224e+02
7.853761208025731833e+01 1.675752078847165478e+02
7.859308932892952271e+01 1.676583872970415428e+02
7.864824533597895595e+01 1.677417800703574926e+02
7.870307928084656623e+01 1.678253849640253748e+02
7.875759034776464773e+01 1.679092007342504473e+02
7.881177772576889140e+01 1.679932261341006381e+02
7.886564060871063475e+01 1.680774599135253311e+02
7.891917819526867106e+01 1.681619008193737841e+02
7.897238968896125755e+01 1.682465475954138014e+02
7.902527429815799564e+01 1.683313989823504357e+02
7.907783123609149811e+01 1.684164537178448313e+02
7.913005972086922668e+01 1.685017105365327552e+02
7.918195897548501705e+01 1.685871681700436966e+02
7.923352822783070337e+01 1.686728253470195398e+02
7.928476671070757220e+01 1.687586807931336068e+02
7.933567366183777381e+01 1.688447332311094442e+02
7.938624832387570507e+01 1.689309813807401213e+02
7.943648994441923605e+01 1.690174239589069316e+02
7.948639777602089396e+01 1.691040596795986914e+02
7.953597107619903284e+01 1.691908872539308959e+02
7.958520910744883281e+01 1.692779053901647330e+02
7.963411113725328505e+01 1.693651127937264107e+02
7.968267643809410572e+01 1.694525081672263980e+02
7.973090428746253622e+01 1.695400902104787804e+02
7.977879396787011501e+01 1.696278576205204729e+02
7.982634476685933578e+01 1.697158090916306890e+02
7.987355597701420606e+01 1.698039433153503808e+02
7.992042689597091965e+01 1.698922589805016798e+02
7.996695682642811676e+01 1.699807547732074227e+02
8.001314507615734328e+01 1.700694293769105911e+02
8.005899095801339627e+01 1.701582814723940658e+02
8.010449378994445624e+01 1.702473097378001512e+02
8.014965289500231904e+01 1.703365128486502726e+02
8.019446760135237184e+01 1.704258894778646436e+02
8.023893724228369706e+01 1.705154382957820474e+02
8.028306115621887784e+01 1.706051579701796186e+02
8.032683868672393146e+01 1.706950471662925963e+02
8.037026918251807217e+01 1.707851045468343614e+02
8.041335199748330353e+01 1.708753287720160472e+02
8.045608649067412443e+01 1.709657184995667194e+02
8.049847202632706455e+01 1.710562723847532709e+02
8.054050797387007776e+01 1.711469890804003740e+02
8.058219370793196390e+01 1.712378672369105459e+02
8.062352860835167689e+01 1.713289055022842717e+02
8.066451206018756181e+01 1.714201025221400698e+02
8.070514345372644982e+01 1.715114569397346997e+02
8.074542218449278153e+01 1.716029673959832564e+02
8.078534765325758826e+01 1.716946325294794349e+02
8.082491926604737387e+01 1.717864509765158516e+02
8.086413643415301067e+01 1.718784213711042241e+02
8.090299857413846496e+01 1.719705423449957209e+02
8.094150510784942298e+01 1.720628125277013396e+02
8.097965546242201640e+01 1.721552305465123425e+02
8.101744907029122089e+01 1.722477950265205777e+02
8.105488536919938269e+01 1.723405045906389716e+02
8.109196380220454614e+01 1.724333578596220491e+02
8.112868381768875281e+01 1.725263534520864539e+02
8.116504486936622698e+01 1.726194899845314126e+02
8.120104641629153264e+01 1.727127660713594537e+02
8.123668792286758844e+01 1.728061803248968715e+02
8.127196885885368260e+01 1.728997313554144739e+02
8.130688869937331731e+01 1.729934177711483017e+02
8.134144692492201045e+01 1.730872381783201490e+02
8.137564302137508321e+01 1.731811911811584537e+02
8.140947647999526282e+01 1.732752753819190730e+02
8.144294679744024279e+01 1.733694893809059181e+02
8.147605347577018620e+01 1.734638317764919861e+02
8.150879602245517219e+01 1.735583011651401080e+02
8.154117395038245775e+01 1.736528961414237244e+02
8.157318677786375360e+01 1.737476152980480322e+02
8.160483402864241498e+01 1.738424572258706746e+02
8.163611523190047592e+01 1.739374205139229161e+02
8.166702992226566948e+01 1.740325037494305036e+02
8.169757763981841947e+01 1.741277055178346700e+02
8.172775793009856216e+01 1.742230244028133086e+02
8.175757034411219593e+01 1.743184589863019198e+02
8.178701443833833196e+01 1.744140078485147285e+02
8.181608977473553068e+01 1.745096695679659149e+02
8.184479592074832510e+01 1.746054427214905616e+02
8.187313244931374356e+01 1.747013258842660264e+02
8.190109893886763359e+01 1.747973176298330031e+02
8.192869497335094309e+01 1.748934165301168377e+02
8.195592014221588784e+01 1.749896211554486740e+02
8.198277404043207639e+01 1.750859300745868268e+02
8.200925626849252126e+01 1.751823418547380129e+02
8.203536643241960746e+01 1.752788550615786676e+02
8.206110414377094742e+01 1.753754682592762890e+02
8.208646901964512210e+01 1.754721800105108116e+02
8.211146068268745069e+01 1.755689888764960074e+02
8.213607876109550432e+01 1.756658934170008877e+02
8.216032288862474786e+01 1.757628921903710193e+02
8.218419270459391157e+01 1.758599837535501251e+02
8.220768785389036282e+01 1.759571666621014856e+02
8.223080798697543514e+01 1.760544394702294255e+02
8.225355275988960102e+01 1.761518007308008009e+02
8.227592183425754513e+01 1.762492489953665995e+02
8.229791487729329447e+01 1.763467828141834275e+02
8.231953156180509268e+01 1.764444007362350817e+02
8.234077156620026017e+01 1.765421013092541500e+02
8.236163457449008263e+01 1.766398830797436403e+02
8.238212027629437273e+01 1.767377445929986095e+02
8.240222836684617391e+01 1.768356843931277069e+02
8.242195854699627944e+01 1.769337010230749172e+02
8.244131052321766617e+01 1.770317930246412743e+02
8.246028400760988575e+01 1.771299589385064337e+02
8.247887871790332781e+01 1.772281973042505001e+02
8.249709437746342644e+01 1.773265066603757418e+02
8.251493071529476708e+01 1.774248855443281911e+02
8.253238746604512244e+01 1.775233324925195859e+02
8.254946437000944570e+01 1.776218460403491122e+02
8.256616117313365066e+01 1.777204247222250331e+02
8.258247762701843442e+01 1.778190670715867157e+02
8.259841348892298640e+01 1.779177716209262599e+02
8.261396852176858374e+01 1.780165369018104684e+02
8.262914249414210133e+01 1.781153614449026179e+02
8.264393518029949348e+01 1.782142437799843435e+02
8.265834636016913350e+01 1.783131824359774953e+02
8.267237581935506796e+01 1.784121759409660228e+02
8.268602334914021412e+01 1.785112228222179169e+02
8.269928874648951478e+01 1.786103216062070942e+02
8.271217181405289409e+01 1.787094708186352250e+02
8.272467236016822767e+01 1.788086689844538739e+02
8.273679019886414210e+01 1.789079146278862424e+02
8.274852514986289975e+01 1.790072062724492241e+02
8.275987703858294253e+01 1.791065424409753746e+02
8.277084569614157772e+01 1.792059216556347963e+02
8.278143095935746487e+01 1.793053424379572789e+02
8.279163267075303168e+01 1.794048033088541558e+02
8.280145067855684715e+01 1.795043027886403593e+02
8.281088483670582434e+01 1.796038393970565039e+02
8.281993500484747983e+01 1.797034116532907149e+02
8.282860104834193749e+01 1.798030180760008818e+02
8.283688283826397480e+01 1.799026571833365722e+02
8.284478025140492718e+01 1.800023274929610864e+02
8.285229317027452112e+01 1.801020275220735414e+02
8.285942148310265054e+01 1.802017557874308977e+02
8.286616508384099689e+01 1.803015108053700715e+02
8.287252387216460647e+01 1.804012910918299895e+02
8.287849775347342529e+01 1.805010951623735593e+02
8.288408663889370587e+01 1.806009215322100090e+02
8.288929044527925782e+01 1.807007687162167144e+02
8.289410909521276949e+01 1.808006352289613972e+02
8.289854251700690213e+01 1.809005195847242362e+02
8.290259064470539840e+01 1.810004202975200087e+02
8.290625341808400606e+01 1.811003358811200599e+02
8.290953078265145848e+01 1.812002648490746139e+02
8.291242268965021367e+01 1.813002057147346306e+02
8.291492909605720740e+01 1.814001569912742013e+02
8.291704996458446431e+01 1.815001171917124054e+02
8.291878526367973734e+01 1.816000848289357350e+02
8.292013496752686308e+01 1.817000584157198944e+02
8.292109905604623066e+01 1.818000364647521394e+02
8.292167751489502336e+01 1.819000174886533046e+02
8.292187033546748864e+01 1.820000000000000000e+02
