1.351064954736221466e+02 1.583710432473420155e+02
1.351408089936844874e+02 1.584649718497000492e+02
1.351751225137468282e+02 1.585589004520580829e+02
1.352094360338091690e+02 1.586528290544161166e+02
1.352437495538715098e+02 1.587467576567741503e+02
1.352780630739338505e+02 1.588406862591321840e+02
1.353123765939961913e+02 1.589346148614902177e+02
1.353466901140585321e+02 1.590285434638482513e+02
1.353810036341208729e+02 1.591224720662062850e+02
1.354153171541832137e+02 1.592164006685643187e+02
1.354496306742455545e+02 1.593103292709223524e+02
1.354839441943078953e+02 1.594042578732803861e+02
1.355182577143702360e+02 1.594981864756384198e+02
1.355525712344325768e+02 1.595921150779964535e+02
1.355868847544949176e+02 1.596860436803544872e+02
1.356211982745572584e+02 1.597799722827125208e+02
1.356555117946195992e+02 1.598739008850705545e+02
1.356898253146819400e+02 1.599678294874285882e+02
1.357241388347442808e+02 1.600617580897866219e+02
1.357584523548066215e+02 1.601556866921446556e+02
1.357927658748689623e+02 1.602496152945026893e+02
1.358270793949313031e+02 1.603435438968607230e+02
1.358613929149936439e+02 1.604374724992187566e+02
1.358957064350559847e+02 1.605314011015767903e+02
1.359300199551183255e+02 1.606253297039348240e+02
1.359643334751806663e+02 1.607192583062928577e+02
1.359986469952430070e+02 1.608131869086508914e+02
1.360329605153053478e+02 1.609071155110089251e+02
1.360672740353676886e+02 1.610010441133669588e+02
1.361015875554300294e+02 1.610949727157249924e+02
1.361359010754923702e+02 1.611889013180830261e+02
1.361702145955547110e+02 1.612828299204410598e+02
1.362045281156170518e+02 1.613767585227990935e+02
1.362388416356793925e+02 1.614706871251571272e+02
1.362731551557417333e+02 1.615646157275151609e+02
1.363074686758040741e+02 1.616585443298731946e+02
1.363417821958664149e+02 1.617524729322312282e+02
1.363760957159287557e+02 1.618464015345892619e+02
1.364104092359910965e+02 1.619403301369472956e+02
1.364447227560534373e+02 1.620342587393053293e+02
1.364790362761157780e+02 1.621281873416633630e+02
1.365133497961781188e+02 1.622221159440213967e+02
1.365476633162404596e+02 1.623160445463794304e+02
1.365819768363028004e+02 1.624099731487374640e+02
1.366162903563651412e+02 1.625039017510954977e+02
1.366506038764274820e+02 1.625978303534535314e+02
1.366849173964898227e+02 1.626917589558115651e+02
1.367192309165521635e+02 1.627856875581695988e+02
1.367535444366145043e+02 1.628796161605276325e+02
1.367878579566768451e+02 1.629735447628856662e+02
1.368221714767391859e+02 1.630674733652436998e+02
1.368564849968015267e+02 1.631614019676017335e+02
1.368907985168638675e+02 1.632553305699597672e+02
1.369251120369262082e+02 1.633492591723178009e+02
1.369594255569885490e+02 1.634431877746758346e+02
1.369937390770508898e+02 1.635371163770338683e+02
1.370280525971132306e+02 1.636310449793919020e+02
1.370623661171755714e+02 1.637249735817499356e+02
1.370966796372379122e+02 1.638189021841079693e+02
1.371309931573002530e+02 1.639128307864660030e+02
1.371653066773625937e+02 1.640067593888240367e+02
1.371996201974249345e+02 1.641006879911820704e+02
1.372339337174872753e+02 1.641946165935401041e+02
1.372682472375496161e+02 1.642885451958981378e+02
1.373025607576119569e+02 1.643824737982561714e+02
1.373368742776742977e+02 1.644764024006142051e+02
1.373711877977366385e+02 1.645703310029722388e+02
1.374055013177989792e+02 1.646642596053302725e+02
1.374398148378613200e+02 1.647581882076883062e+02
1.374741283579236608e+02 1.648521168100463399e+02
1.375084418779860016e+02 1.649460454124043736e+02
1.375427553980483424e+02 1.650399740147624073e+02
1.375770689181106832e+02 1.651339026171204409e+02
1.376113824381730240e+02 1.652278312194784746e+02
1.376456959582353647e+02 1.653217598218365083e+02
1.376800094782977055e+02 1.654156884241945420e+02
1.377143229983600463e+02 1.655096170265525757e+02
1.377486365184223871e+02 1.656035456289106094e+02
1.377829500384847279e+02 1.656974742312686431e+02
1.378172635585470687e+02 1.657914028336266767e+02
1.378515770786094095e+02 1.658853314359847104e+02
1.378858905986717502e+02 1.659792600383427441e+02
1.379202041187340910e+02 1.660731886407007778e+02
1.379545176387964318e+02 1.661671172430588115e+02
1.379888311588587726e+02 1.662610458454168452e+02
1.380231446789211134e+02 1.663549744477748789e+02
1.380574581989834542e+02 1.664489030501329125e+02
1.380917717190457950e+02 1.665428316524909462e+02
1.381260852391081357e+02 1.666367602548489799e+02
1.381603987591704765e+02 1.667306888572070136e+02
1.381947122792328173e+02 1.668246174595650473e+02
1.382290257992951581e+02 1.669185460619230810e+02
1.382633393193574989e+02 1.670124746642811147e+02
1.382976528394198397e+02 1.671064032666391483e+02
1.383319663594821805e+02 1.672003318689971820e+02
1.383662798795445212e+02 1.672942604713552157e+02
1.384005933996068620e+02 1.673881890737132494e+02
1.384349069196692028e+02 1.674821176760712831e+02
1.384692204397315436e+02 1.675760462784293168e+02
1.385035339597938844e+02 1.676699748807873505e+02
1.385378474798562252e+02 1.677639034831453841e+02
1.385721609999185659e+02 1.678578320855034178e+02
1.386064745199809067e+02 1.679517606878614515e+02
1.386407880400432475e+02 1.680456892902194852e+02
1.386751015601055883e+02 1.681396178925775189e+02
1.387094150801679291e+02 1.682335464949355526e+02
1.387437286002302699e+02 1.683274750972935863e+02
1.387780421202926107e+02 1.684214036996516199e+02
1.388123556403549514e+02 1.685153323020096536e+02
1.388466691604172922e+02 1.686092609043676873e+02
1.388809826804796330e+02 1.687031895067257210e+02
1.389152962005419738e+02 1.687971181090837547e+02
1.389496097206043146e+02 1.688910467114417884e+02
1.389839232406666554e+02 1.689849753137998221e+02
1.390182367607289962e+02 1.690789039161578557e+02
1.390525502807913369e+02 1.691728325185158894e+02
1.390868638008536777e+02 1.692667611208739231e+02
1.391211773209160185e+02 1.693606897232319568e+02
1.391554908409783593e+02 1.694546183255899905e+02
1.391898043610407001e+02 1.695485469279480242e+02
1.392241178811030409e+02 1.696424755303060579e+02
1.392584314011653817e+02 1.697364041326640915e+02
1.392927449212277224e+02 1.698303327350221252e+02
1.393270584412900632e+02 1.699242613373801589e+02
1.393613719613524040e+02 1.700181899397381926e+02
1.393956854814147448e+02 1.701121185420962263e+02
1.394299990014770856e+02 1.702060471444542600e+02
1.394643125215394264e+02 1.702999757468122937e+02
1.394986260416017672e+02 1.703939043491703274e+02
1.395329395616641079e+02 1.704878329515283610e+02
1.395672530817264487e+02 1.705817615538863947e+02
1.396015666017887895e+02 1.706756901562444284e+02
1.396358801218511303e+02 1.707696187586024621e+02
1.396701936419134711e+02 1.708635473609604958e+02
1.397045071619758119e+02 1.709574759633185295e+02
1.397388206820381527e+02 1.710514045656765632e+02
1.397731342021004934e+02 1.711453331680345968e+02
1.398074477221628342e+02 1.712392617703926305e+02
1.398417612422251750e+02 1.713331903727506642e+02
1.398760747622875158e+02 1.714271189751086979e+02
1.399103882823498566e+02 1.715210475774667316e+02
1.399447018024121974e+02 1.716149761798247653e+02
1.399790153224745382e+02 1.717089047821827990e+02
1.400133288425368789e+02 1.718028333845408326e+02
1.400476423625992197e+02 1.718967619868988663e+02
1.400819558826615605e+02 1.719906905892569000e+02
1.401162694027239013e+02 1.720846191916149337e+02
1.401505829227862421e+02 1.721785477939729674e+02
1.401848964428485829e+02 1.722724763963310011e+02
1.402192099629109237e+02 1.723664049986890348e+02
1.402535234829732644e+02 1.724603336010470684e+02
1.402878370030356052e+02 1.725542622034051021e+02
1.403221505230979460e+02 1.726481908057631358e+02
1.403564640431602868e+02 1.727421194081211695e+02
1.403907775632226276e+02 1.728360480104792032e+02
1.404250910832849684e+02 1.729299766128372369e+02
1.404594046033473091e+02 1.730239052151952706e+02
1.404937181234096499e+02 1.731178338175533042e+02
1.405280316434719907e+02 1.732117624199113379e+02
1.405623451635343315e+02 1.733056910222693716e+02
1.405966586835966723e+02 1.733996196246274053e+02
1.406309722036590131e+02 1.734935482269854390e+02
1.406652857237213539e+02 1.735874768293434727e+02
1.406995992437836946e+02 1.736814054317015064e+02
1.407339127638460354e+02 1.737753340340595400e+02
1.407682262839083762e+02 1.738692626364175737e+02
1.408025398039707170e+02 1.739631912387756074e+02
1.408368533240330578e+02 1.740571198411336411e+02
1.408711668440953986e+02 1.741510484434916748e+02
1.409054803641577394e+02 1.742449770458497085e+02
1.409397938842200801e+02 1.743389056482077422e+02
1.409741074042824209e+02 1.744328342505657758e+02
1.410084209243447617e+02 1.745267628529238095e+02
1.410427344444071025e+02 1.746206914552818432e+02
1.410770479644694433e+02 1.747146200576398769e+02
1.411113614845317841e+02 1.748085486599979106e+02
1.411456750045941249e+02 1.749024772623559443e+02
1.411799885246564656e+02 1.749964058647139780e+02
1.412143020447188064e+02 1.750903344670720116e+02
1.412486155647811472e+02 1.751842630694300453e+02
1.412829290848434880e+02 1.752781916717880790e+02
1.413172426049058288e+02 1.753721202741461127e+02
1.413515561249681696e+02 1.754660488765041464e+02
1.413858696450305104e+02 1.755599774788621801e+02
1.414201831650928511e+02 1.756539060812202138e+02
1.414544966851551919e+02 1.757478346835782474e+02
1.414888102052175327e+02 1.758417632859362811e+02
1.415231237252798735e+02 1.759356918882943148e+02
1.415574372453422143e+02 1.760296204906523485e+02
1.415917507654045551e+02 1.761235490930103822e+02
1.416260642854668959e+02 1.762174776953684159e+02
1.416603778055292366e+02 1.763114062977264496e+02
1.416946913255915774e+02 1.764053349000844833e+02
1.417290048456539182e+02 1.764992635024425169e+02
1.417633183657162590e+02 1.765931921048005506e+02
1.417976318857785998e+02 1.766871207071585843e+02
1.418319454058409406e+02 1.767810493095166180e+02
1.418662589259032814e+02 1.768749779118746517e+02
1.419005724459656221e+02 1.769689065142326854e+02
1.419348859660279629e+02 1.770628351165907191e+02
1.419691994860903037e+02 1.771567637189487527e+02
1.420035130061526445e+02 1.772506923213067864e+02
1.420378265262149853e+02 1.773446209236648201e+02
1.420721400462773261e+02 1.774385495260228538e+02
1.421064535663396668e+02 1.775324781283808875e+02
1.421407670864020076e+02 1.776264067307389212e+02
1.421750806064643484e+02 1.777203353330969549e+02
1.422093941265266892e+02 1.778142639354549885e+02
1.422437076465890300e+02 1.779081925378130222e+02
1.422780211666513708e+02 1.780021211401710559e+02
1.423123346867137116e+02 1.780960497425290896e+02
1.423466482067760523e+02 1.781899783448871233e+02
1.423809617268383931e+02 1.782839069472451570e+02
1.424152752469007339e+02 1.783778355496031907e+02
1.424495887669630747e+02 1.784717641519612243e+02
1.424839022870254155e+02 1.785656927543192580e+02
1.425182158070877563e+02 1.786596213566772917e+02
1.425525293271500971e+02 1.787535499590353254e+02
1.425868428472124378e+02 1.788474785613933591e+02
1.426211563672747786e+02 1.789414071637513928e+02
1.426554698873371194e+02 1.790353357661094265e+02
1.426897834073994602e+02 1.791292643684674601e+02
1.427240969274618010e+02 1.792231929708254938e+02
1.427584104475241418e+02 1.793171215731835275e+02
1.427927239675864826e+02 1.794110501755415612e+02
1.428270374876488233e+02 1.795049787778995949e+02
1.428613510077111641e+02 1.795989073802576286e+02
1.428956645277735049e+02 1.796928359826156623e+02
1.429299780478358457e+02 1.797867645849736959e+02
1.429642915678981865e+02 1.798806931873317296e+02
1.429986050879605273e+02 1.799746217896897633e+02
1.430329186080228681e+02 1.800685503920477970e+02
1.430672321280852088e+02 1.801624789944058307e+02
1.431015456481475496e+02 1.802564075967638644e+02
1.431358591682098904e+02 1.803503361991218981e+02
1.431701726882722312e+02 1.804442648014799317e+02
1.432044862083345720e+02 1.805381934038379654e+02
1.432387997283969128e+02 1.806321220061959991e+02
1.432731132484592536e+02 1.807260506085540328e+02
1.433074267685215943e+02 1.808199792109120665e+02
1.433417402885839351e+02 1.809139078132701002e+02
1.433760538086462759e+02 1.810078364156281339e+02
1.434103673287086167e+02 1.811017650179861675e+02
1.434446808487709575e+02 1.811956936203442012e+02
1.434789943688332983e+02 1.812896222227022349e+02
1.435133078888956391e+02 1.813835508250602686e+02
1.435476214089579798e+02 1.814774794274183023e+02
1.435819349290203206e+02 1.815714080297763360e+02
1.436162484490826614e+02 1.816653366321343697e+02
1.436505619691450022e+02 1.817592652344924034e+02
1.436848754892073430e+02 1.818531938368504370e+02
1.437191890092696838e+02 1.819471224392084707e+02
1.437535025293320246e+02 1.820410510415665044e+02
1.437878160493943653e+02 1.821349796439245381e+02
1.438221295694567061e+02 1.822289082462825718e+02
1.438564430895190469e+02 1.823228368486406055e+02
1.438907566095813877e+02 1.824167654509986392e+02
1.439250701296437285e+02 1.825106940533566728e+02
1.439593836497060693e+02 1.826046226557147065e+02
1.439936971697684100e+02 1.826985512580727402e+02
1.440280106898307508e+02 1.827924798604307739e+02
1.440623242098930916e+02 1.828864084627888076e+02
1.440966377299554324e+02 1.829803370651468413e+02
1.441309512500177732e+02 1.830742656675048750e+02
1.441652647700801140e+02 1.831681942698629086e+02
1.441995782901424548e+02 1.832621228722209423e+02
1.442338918102047955e+02 1.833560514745789760e+02
1.442682053302671363e+02 1.834499800769370097e+02
1.443025188503294771e+02 1.835439086792950434e+02
1.443368323703918179e+02 1.836378372816530771e+02
1.443711458904541587e+02 1.837317658840111108e+02
1.444054594105164995e+02 1.838256944863691444e+02
1.444397729305788403e+02 1.839196230887271781e+02
1.444740864506411810e+02 1.840135516910852118e+02
1.445083999707035218e+02 1.841074802934432455e+02
1.445427134907658626e+02 1.842014088958012792e+02
1.445770270108282034e+02 1.842953374981593129e+02
1.446113405308905442e+02 1.843892661005173466e+02
1.446456540509528850e+02 1.844831947028753802e+02
1.446799675710152258e+02 1.845771233052334139e+02
1.447142810910775665e+02 1.846710519075914476e+02
1.447485946111399073e+02 1.847649805099494813e+02
1.447829081312022481e+02 1.848589091123075150e+02
1.448172216512645889e+02 1.849528377146655487e+02
1.448515351713269297e+02 1.850467663170235824e+02
1.448858486913892705e+02 1.851406949193816160e+02
1.449201622114516113e+02 1.852346235217396497e+02
1.449544757315139520e+02 1.853285521240976834e+02
1.449887892515762928e+02 1.854224807264557171e+02
1.450231027716386336e+02 1.855164093288137508e+02
1.450574162917009744e+02 1.856103379311717845e+02
1.450917298117633152e+02 1.857042665335298182e+02
1.451260433318256560e+02 1.857981951358878518e+02
1.451603568518879968e+02 1.858921237382458855e+02
1.451946703719503375e+02 1.859860523406039192e+02
1.452289838920126783e+02 1.860799809429619529e+02
1.452632974120750191e+02 1.861739095453199866e+02
1.452976109321373599e+02 1.862678381476780203e+02
1.453319244521997007e+02 1.863617667500360540e+02
1.453662379722620415e+02 1.864556953523940876e+02
1.454005514923243823e+02 1.865496239547521213e+02
1.454348650123867230e+02 1.866435525571101550e+02
1.454691785324490638e+02 1.867374811594681887e+02
1.455034920525114046e+02 1.868314097618262224e+02
1.455378055725737454e+02 1.869253383641842561e+02
1.455721190926360862e+02 1.870192669665422898e+02
1.456064326126984270e+02 1.871131955689003235e+02
1.456407461327607678e+02 1.872071241712583571e+02
1.456750596528231085e+02 1.873010527736163908e+02
1.457093731728854493e+02 1.873949813759744245e+02
1.457436866929477901e+02 1.874889099783324582e+02
1.457780002130101309e+02 1.875828385806904919e+02
1.458123137330724717e+02 1.876767671830485256e+02
1.458466272531348125e+02 1.877706957854065593e+02
1.458809407731971532e+02 1.878646243877645929e+02
1.459152542932594940e+02 1.879585529901226266e+02
1.459495678133218348e+02 1.880524815924806603e+02
1.459838813333841756e+02 1.881464101948386940e+02
1.460181948534465164e+02 1.882403387971967277e+02
1.460525083735088572e+02 1.883342673995547614e+02
1.460868218935711980e+02 1.884281960019127951e+02
1.461211354136335387e+02 1.885221246042708287e+02
1.461554489336958795e+02 1.886160532066288624e+02
1.461897624537582203e+02 1.887099818089868961e+02
1.462240759738205611e+02 1.888039104113449298e+02
1.462583894938829019e+02 1.888978390137029635e+02
1.462927030139452427e+02 1.889917676160609972e+02
1.463270165340075835e+02 1.890856962184190309e+02
1.463613300540699242e+02 1.891796248207770645e+02
1.463956435741322650e+02 1.892735534231350982e+02
1.464299570941946058e+02 1.893674820254931319e+02
1.464642706142569466e+02 1.894614106278511656e+02
1.464985841343192874e+02 1.895553392302091993e+02
1.465328976543816282e+02 1.896492678325672330e+02
1.465672111744439690e+02 1.897431964349252667e+02
1.466015246945063097e+02 1.898371250372833003e+02
1.466358382145686505e+02 1.899310536396413340e+02
1.466701517346309913e+02 1.900249822419993677e+02
1.467044652546933321e+02 1.901189108443574014e+02
1.467387787747556729e+02 1.902128394467154351e+02
1.467730922948180137e+02 1.903067680490734688e+02
1.468074058148803545e+02 1.904006966514315025e+02
1.468417193349426952e+02 1.904946252537895361e+02
1.468760328550050360e+02 1.905885538561475698e+02
1.469103463750673768e+02 1.906824824585056035e+02
1.469446598951297176e+02 1.907764110608636372e+02
1.469789734151920584e+02 1.908703396632216709e+02
1.470132869352543992e+02 1.909642682655797046e+02
1.470476004553167400e+02 1.910581968679377383e+02
1.470819139753790807e+02 1.911521254702957719e+02
1.471162274954414215e+02 1.912460540726538056e+02
1.471505410155037623e+02 1.913399826750118393e+02
1.471848545355661031e+02 1.914339112773698730e+02
1.472191680556284439e+02 1.915278398797279067e+02
1.472534815756907847e+02 1.916217684820859404e+02
1.472877950957531255e+02 1.917156970844439741e+02
1.473221086158154662e+02 1.918096256868020077e+02
1.473564221358778070e+02 1.919035542891600414e+02
1.473907356559401478e+02 1.919974828915180751e+02
1.474250491760024886e+02 1.920914114938761088e+02
1.474593626960648294e+02 1.921853400962341425e+02
1.474936762161271702e+02 1.922792686985921762e+02
1.475279897361895109e+02 1.923731973009502099e+02
1.475623032562518517e+02 1.924671259033082436e+02
1.475966167763141925e+02 1.925610545056662772e+02
1.476309302963765333e+02 1.926549831080243109e+02
1.476652438164388741e+02 1.927489117103823446e+02
1.476995573365012149e+02 1.928428403127403783e+02
1.477338708565635557e+02 1.929367689150984120e+02
1.477681843766258964e+02 1.930306975174564457e+02
1.478024978966882372e+02 1.931246261198144794e+02
1.478368114167505780e+02 1.932185547221725130e+02
1.478711249368129188e+02 1.933124833245305467e+02
1.479054384568752596e+02 1.934064119268885804e+02
1.479397519769376004e+02 1.935003405292466141e+02
1.479740654969999412e+02 1.935942691316046478e+02
1.480083790170622819e+02 1.936881977339626815e+02
1.480426925371246227e+02 1.937821263363207152e+02
1.480770060571869635e+02 1.938760549386787488e+02
1.481113195772493043e+02 1.939699835410367825e+02
1.481456330973116451e+02 1.940639121433948162e+02
1.481799466173739859e+02 1.941578407457528499e+02
1.482142601374363267e+02 1.942517693481108836e+02
1.482485736574986674e+02 1.943456979504689173e+02
1.482828871775610082e+02 1.944396265528269510e+02
1.483172006976233490e+02 1.945335551551849846e+02
1.483515142176856898e+02 1.946274837575430183e+02
1.483858277377480306e+02 1.947214123599010520e+02
1.484201412578103714e+02 1.948153409622590857e+02
1.484544547778727122e+02 1.949092695646171194e+02
1.484887682979350529e+02 1.950031981669751531e+02
1.485230818179973937e+02 1.950971267693331868e+02
1.485573953380597345e+02 1.951910553716912204e+02
1.485917088581220753e+02 1.952849839740492541e+02
1.486260223781844161e+02 1.953789125764072878e+02
1.486603358982467569e+02 1.954728411787653215e+02
1.486946494183090977e+02 1.955667697811233552e+02
1.487289629383714384e+02 1.956606983834813889e+02
1.487632764584337792e+02 1.957546269858394226e+02
1.487975899784961200e+02 1.958485555881974562e+02
1.488319034985584608e+02 1.959424841905554899e+02
1.488662170186208016e+02 1.960364127929135236e+02
1.489005305386831424e+02 1.961303413952715573e+02
1.489348440587454832e+02 1.962242699976295910e+02
1.489691575788078239e+02 1.963181985999876247e+02
1.490034710988701647e+02 1.964121272023456584e+02
1.490377846189325055e+02 1.965060558047036920e+02
1.490720981389948463e+02 1.965999844070617257e+02
1.491353245609722933e+02 1.967730581528454934e+02
1.490413959586142596e+02 1.968073716729078342e+02
1.489474673562562259e+02 1.968416851929701750e+02
1.488535387538981922e+02 1.968759987130325158e+02
1.487596101515401585e+02 1.969103122330948565e+02
1.486656815491821249e+02 1.969446257531571973e+02
1.485717529468240912e+02 1.969789392732195381e+02
1.484778243444660575e+02 1.970132527932818789e+02
1.483838957421080238e+02 1.970475663133442197e+02
1.482899671397499901e+02 1.970818798334065605e+02
1.481960385373919564e+02 1.971161933534689013e+02
1.481021099350339227e+02 1.971505068735312420e+02
1.480081813326758891e+02 1.971848203935935828e+02
1.479142527303178554e+02 1.972191339136559236e+02
1.478203241279598217e+02 1.972534474337182644e+02
1.477263955256017880e+02 1.972877609537806052e+02
1.476324669232437543e+02 1.973220744738429460e+02
1.475385383208857206e+02 1.973563879939052867e+02
1.474446097185276869e+02 1.973907015139676275e+02
1.473506811161696533e+02 1.974250150340299683e+02
1.472567525138116196e+02 1.974593285540923091e+02
1.471628239114535859e+02 1.974936420741546499e+02
1.470688953090955522e+02 1.975279555942169907e+02
1.469749667067375185e+02 1.975622691142793315e+02
1.468810381043794848e+02 1.975965826343416722e+02
1.467871095020214511e+02 1.976308961544040130e+02
1.466931808996634174e+02 1.976652096744663538e+02
1.465992522973053838e+02 1.976995231945286946e+02
1.465053236949473501e+02 1.977338367145910354e+02
1.464113950925893164e+02 1.977681502346533762e+02
1.463174664902312827e+02 1.978024637547157170e+02
1.462235378878732490e+02 1.978367772747780577e+02
1.461296092855152153e+02 1.978710907948403985e+02
1.460356806831571816e+02 1.979054043149027393e+02
1.459417520807991480e+02 1.979397178349650801e+02
1.458478234784411143e+02 1.979740313550274209e+02
1.457538948760830806e+02 1.980083448750897617e+02
1.456599662737250469e+02 1.980426583951521025e+02
1.455660376713670132e+02 1.980769719152144432e+02
1.454721090690089795e+02 1.981112854352767840e+02
1.453781804666509458e+02 1.981455989553391248e+02
1.452842518642929122e+02 1.981799124754014656e+02
1.451903232619348785e+02 1.982142259954638064e+02
1.450963946595768448e+02 1.982485395155261472e+02
1.450024660572188111e+02 1.982828530355884880e+02
1.449085374548607774e+02 1.983171665556508287e+02
1.448146088525027437e+02 1.983514800757131695e+02
1.447206802501447100e+02 1.983857935957755103e+02
1.446267516477866764e+02 1.984201071158378511e+02
1.445328230454286427e+02 1.984544206359001919e+02
1.444388944430706090e+02 1.984887341559625327e+02
1.443449658407125753e+02 1.985230476760248735e+02
1.442510372383545416e+02 1.985573611960872142e+02
1.441571086359965079e+02 1.985916747161495550e+02
1.440631800336384742e+02 1.986259882362118958e+02
1.439692514312804406e+02 1.986603017562742366e+02
1.438753228289224069e+02 1.986946152763365774e+02
1.437813942265643732e+02 1.987289287963989182e+02
1.436874656242063395e+02 1.987632423164612590e+02
1.435935370218483058e+02 1.987975558365235997e+02
1.434996084194902721e+02 1.988318693565859405e+02
1.434056798171322384e+02 1.988661828766482813e+02
1.433117512147742048e+02 1.989004963967106221e+02
1.432178226124161711e+02 1.989348099167729629e+02
1.431238940100581374e+02 1.989691234368353037e+02
1.430299654077001037e+02 1.990034369568976444e+02
1.429360368053420700e+02 1.990377504769599852e+02
1.428421082029840363e+02 1.990720639970223260e+02
1.427481796006260026e+02 1.991063775170846668e+02
1.426542509982679690e+02 1.991406910371470076e+02
1.425603223959099353e+02 1.991750045572093484e+02
1.424663937935519016e+02 1.992093180772716892e+02
1.423724651911938679e+02 1.992436315973340299e+02
1.422785365888358342e+02 1.992779451173963707e+02
1.421846079864778005e+02 1.993122586374587115e+02
1.420906793841197668e+02 1.993465721575210523e+02
1.419967507817617332e+02 1.993808856775833931e+02
1.419028221794036995e+02 1.994151991976457339e+02
1.418088935770456658e+02 1.994495127177080747e+02
1.417149649746876321e+02 1.994838262377704154e+02
1.416210363723295984e+02 1.995181397578327562e+02
1.415271077699715647e+02 1.995524532778950970e+02
1.414331791676135310e+02 1.995867667979574378e+02
1.413392505652554973e+02 1.996210803180197786e+02
1.412453219628974637e+02 1.996553938380821194e+02
1.411513933605394300e+02 1.996897073581444602e+02
1.410574647581813963e+02 1.997240208782068009e+02
1.409635361558233626e+02 1.997583343982691417e+02
1.408696075534653289e+02 1.997926479183314825e+02
1.407756789511072952e+02 1.998269614383938233e+02
1.406817503487492615e+02 1.998612749584561641e+02
1.405878217463912279e+02 1.998955884785185049e+02
1.404938931440331942e+02 1.999299019985808457e+02
1.403999645416751605e+02 1.999642155186431864e+02
1.403060359393171268e+02 1.999985290387055272e+02
1.402121073369590931e+02 2.000328425587678680e+02
1.401181787346010594e+02 2.000671560788302088e+02
1.400242501322430257e+02 2.001014695988925496e+02
1.399303215298849921e+02 2.001357831189548904e+02
1.398363929275269584e+02 2.001700966390172312e+02
1.397424643251689247e+02 2.002044101590795719e+02
1.396485357228108910e+02 2.002387236791419127e+02
1.395546071204528573e+02 2.002730371992042535e+02
1.394606785180948236e+02 2.003073507192665943e+02
1.393667499157367899e+02 2.003416642393289351e+02
1.392728213133787563e+02 2.003759777593912759e+02
1.391788927110207226e+02 2.004102912794536167e+02
1.390849641086626889e+02 2.004446047995159574e+02
1.389910355063046552e+02 2.004789183195782982e+02
1.388971069039466215e+02 2.005132318396406390e+02
1.388031783015885878e+02 2.005475453597029798e+02
1.387092496992305541e+02 2.005818588797653206e+02
1.386153210968725205e+02 2.006161723998276614e+02
1.385213924945144868e+02 2.006504859198900022e+02
1.384274638921564531e+02 2.006847994399523429e+02
1.383335352897984194e+02 2.007191129600146837e+02
1.382396066874403857e+02 2.007534264800770245e+02
1.381456780850823520e+02 2.007877400001393653e+02
1.380517494827243183e+02 2.008220535202017061e+02
1.379578208803662847e+02 2.008563670402640469e+02
1.378638922780082510e+02 2.008906805603263876e+02
1.377699636756502173e+02 2.009249940803887284e+02
1.376760350732921836e+02 2.009593076004510692e+02
1.375821064709341499e+02 2.009936211205134100e+02
1.374881778685761162e+02 2.010279346405757508e+02
1.373942492662180825e+02 2.010622481606380916e+02
1.373003206638600489e+02 2.010965616807004324e+02
1.372063920615020152e+02 2.011308752007627731e+02
1.371124634591439815e+02 2.011651887208251139e+02
1.370185348567859478e+02 2.011995022408874547e+02
1.369246062544279141e+02 2.012338157609497955e+02
1.368306776520698804e+02 2.012681292810121363e+02
1.367367490497118467e+02 2.013024428010744771e+02
1.366428204473538131e+02 2.013367563211368179e+02
1.365488918449957794e+02 2.013710698411991586e+02
1.364549632426377457e+02 2.014053833612614994e+02
1.363610346402797120e+02 2.014396968813238402e+02
1.362671060379216783e+02 2.014740104013861810e+02
1.361731774355636446e+02 2.015083239214485218e+02
1.360792488332056109e+02 2.015426374415108626e+02
1.359853202308475772e+02 2.015769509615732034e+02
1.358913916284895436e+02 2.016112644816355441e+02
1.357974630261315099e+02 2.016455780016978849e+02
1.357035344237734762e+02 2.016798915217602257e+02
1.356096058214154425e+02 2.017142050418225665e+02
1.355156772190574088e+02 2.017485185618849073e+02
1.354217486166993751e+02 2.017828320819472481e+02
1.353278200143413414e+02 2.018171456020095889e+02
1.352338914119833078e+02 2.018514591220719296e+02
1.351399628096252741e+02 2.018857726421342704e+02
1.350460342072672404e+02 2.019200861621966112e+02
1.349521056049092067e+02 2.019543996822589520e+02
1.348581770025511730e+02 2.019887132023212928e+02
1.347642484001931393e+02 2.020230267223836336e+02
1.346703197978351056e+02 2.020573402424459744e+02
1.345763911954770720e+02 2.020916537625083151e+02
1.344824625931190383e+02 2.021259672825706559e+02
1.343885339907610046e+02 2.021602808026329967e+02
1.342946053884029709e+02 2.021945943226953375e+02
1.342006767860449372e+02 2.022289078427576783e+02
1.341067481836869035e+02 2.022632213628200191e+02
1.340128195813288698e+02 2.022975348828823599e+02
1.339188909789708362e+02 2.023318484029447006e+02
1.338249623766128025e+02 2.023661619230070414e+02
1.337310337742547688e+02 2.024004754430693822e+02
1.336371051718967351e+02 2.024347889631317230e+02
1.335431765695387014e+02 2.024691024831940638e+02
1.334492479671806677e+02 2.025034160032564046e+02
1.333553193648226340e+02 2.025377295233187454e+02
1.332613907624646004e+02 2.025720430433810861e+02
1.331674621601065667e+02 2.026063565634434269e+02
1.330735335577485330e+02 2.026406700835057677e+02
1.329796049553904993e+02 2.026749836035681085e+02
1.328856763530324656e+02 2.027092971236304493e+02
1.327917477506744319e+02 2.027436106436927901e+02
1.326978191483163982e+02 2.027779241637551308e+02
1.326038905459583646e+02 2.028122376838174716e+02
1.325099619436003309e+02 2.028465512038798124e+02
1.324160333412422972e+02 2.028808647239421532e+02
1.323221047388842635e+02 2.029151782440044940e+02
1.322281761365262298e+02 2.029494917640668348e+02
1.321342475341681961e+02 2.029838052841291756e+02
1.320403189318101624e+02 2.030181188041915163e+02
1.319463903294521288e+02 2.030524323242538571e+02
1.318524617270940951e+02 2.030867458443161979e+02
1.317585331247360614e+02 2.031210593643785387e+02
1.316646045223780277e+02 2.031553728844408795e+02
1.315706759200199940e+02 2.031896864045032203e+02
1.314767473176619603e+02 2.032239999245655611e+02
1.313828187153039266e+02 2.032583134446279018e+02
1.312888901129458930e+02 2.032926269646902426e+02
1.311949615105878593e+02 2.033269404847525834e+02
1.311010329082298256e+02 2.033612540048149242e+02
1.310071043058717919e+02 2.033955675248772650e+02
1.309131757035137582e+02 2.034298810449396058e+02
1.308192471011557245e+02 2.034641945650019466e+02
1.307253184987976908e+02 2.034985080850642873e+02
1.306313898964396572e+02 2.035328216051266281e+02
1.305374612940816235e+02 2.035671351251889689e+02
1.304435326917235898e+02 2.036014486452513097e+02
1.303496040893655561e+02 2.036357621653136505e+02
1.302556754870075224e+02 2.036700756853759913e+02
1.301617468846494887e+02 2.037043892054383321e+02
1.300678182822914550e+02 2.037387027255006728e+02
1.299738896799334213e+02 2.037730162455630136e+02
1.298799610775753877e+02 2.038073297656253544e+02
1.297860324752173540e+02 2.038416432856876952e+02
1.296921038728593203e+02 2.038759568057500360e+02
1.295981752705012866e+02 2.039102703258123768e+02
1.295042466681432529e+02 2.039445838458747176e+02
1.294103180657852192e+02 2.039788973659370583e+02
1.293163894634271855e+02 2.040132108859993991e+02
1.292224608610691519e+02 2.040475244060617399e+02
1.291285322587111182e+02 2.040818379261240807e+02
1.290346036563530845e+02 2.041161514461864215e+02
1.289406750539950508e+02 2.041504649662487623e+02
1.288467464516370171e+02 2.041847784863111031e+02
1.287528178492789834e+02 2.042190920063734438e+02
1.286588892469209497e+02 2.042534055264357846e+02
1.285649606445629161e+02 2.042877190464981254e+02
1.284710320422048824e+02 2.043220325665604662e+02
1.283771034398468487e+02 2.043563460866228070e+02
1.282831748374888150e+02 2.043906596066851478e+02
1.281892462351307813e+02 2.044249731267474885e+02
1.280953176327727476e+02 2.044592866468098293e+02
1.280013890304147139e+02 2.044936001668721701e+02
1.279074604280566945e+02 2.045279136869345109e+02
1.278135318256986750e+02 2.045622272069968517e+02
1.277196032233406555e+02 2.045965407270591925e+02
1.276256746209826360e+02 2.046308542471215333e+02
1.275317460186246166e+02 2.046651677671838740e+02
1.274378174162665971e+02 2.046994812872462148e+02
1.273438888139085776e+02 2.047337948073085556e+02
1.272499602115505581e+02 2.047681083273708964e+02
1.271560316091925387e+02 2.048024218474332372e+02
1.270621030068345192e+02 2.048367353674955780e+02
1.269681744044764997e+02 2.048710488875579188e+02
1.268742458021184802e+02 2.049053624076202595e+02
1.267803171997604608e+02 2.049396759276826003e+02
1.266863885974024413e+02 2.049739894477449411e+02
1.265924599950444218e+02 2.050083029678072819e+02
1.264985313926864023e+02 2.050426164878696227e+02
1.264046027903283829e+02 2.050769300079319635e+02
1.263106741879703634e+02 2.051112435279943043e+02
1.262167455856123439e+02 2.051455570480566450e+02
1.261228169832543244e+02 2.051798705681189858e+02
1.260288883808963050e+02 2.052141840881813266e+02
1.259349597785382855e+02 2.052484976082436674e+02
1.258410311761802660e+02 2.052828111283060082e+02
1.257471025738222465e+02 2.053171246483683490e+02
1.256531739714642271e+02 2.053514381684306898e+02
1.255592453691062076e+02 2.053857516884930305e+02
1.254653167667481881e+02 2.054200652085553713e+02
1.253713881643901686e+02 2.054543787286177121e+02
1.252774595620321492e+02 2.054886922486800529e+02
1.251835309596741297e+02 2.055230057687423937e+02
1.250896023573161102e+02 2.055573192888047345e+02
1.249956737549580907e+02 2.055916328088670753e+02
1.248935045263778818e+02 2.056289567526579845e+02
1.248591910063155410e+02 2.055350281502999508e+02
1.248248774862532002e+02 2.054410995479419171e+02
1.247905639661908594e+02 2.053471709455838834e+02
1.247562504461285187e+02 2.052532423432258497e+02
1.247219369260661779e+02 2.051593137408678160e+02
1.246876234060038371e+02 2.050653851385097823e+02
1.246533098859414963e+02 2.049714565361517487e+02
1.246189963658791555e+02 2.048775279337937150e+02
1.245846828458168147e+02 2.047835993314356813e+02
1.245503693257544739e+02 2.046896707290776476e+02
1.245160558056921332e+02 2.045957421267196139e+02
1.244817422856297924e+02 2.045018135243615802e+02
1.244474287655674516e+02 2.044078849220035465e+02
1.244131152455051108e+02 2.043139563196455128e+02
1.243788017254427700e+02 2.042200277172874792e+02
1.243444882053804292e+02 2.041260991149294455e+02
1.243101746853180885e+02 2.040321705125714118e+02
1.242758611652557477e+02 2.039382419102133781e+02
1.242415476451934069e+02 2.038443133078553444e+02
1.242072341251310661e+02 2.037503847054973107e+02
1.241729206050687253e+02 2.036564561031392770e+02
1.241386070850063845e+02 2.035625275007812434e+02
1.241042935649440437e+02 2.034685988984232097e+02
1.240699800448817030e+02 2.033746702960651760e+02
1.240356665248193622e+02 2.032807416937071423e+02
1.240013530047570214e+02 2.031868130913491086e+02
1.239670394846946806e+02 2.030928844889910749e+02
1.239327259646323398e+02 2.029989558866330412e+02
1.238984124445699990e+02 2.029050272842750076e+02
1.238640989245076582e+02 2.028110986819169739e+02
1.238297854044453175e+02 2.027171700795589402e+02
1.237954718843829767e+02 2.026232414772009065e+02
1.237611583643206359e+02 2.025293128748428728e+02
1.237268448442582951e+02 2.024353842724848391e+02
1.236925313241959543e+02 2.023414556701268054e+02
1.236582178041336135e+02 2.022475270677687718e+02
1.236239042840712727e+02 2.021535984654107381e+02
1.235895907640089320e+02 2.020596698630527044e+02
1.235552772439465912e+02 2.019657412606946707e+02
1.235209637238842504e+02 2.018718126583366370e+02
1.234866502038219096e+02 2.017778840559786033e+02
1.234523366837595688e+02 2.016839554536205696e+02
1.234180231636972280e+02 2.015900268512625360e+02
1.233837096436348872e+02 2.014960982489045023e+02
1.233493961235725465e+02 2.014021696465464686e+02
1.233150826035102057e+02 2.013082410441884349e+02
1.232807690834478649e+02 2.012143124418304012e+02
1.232464555633855241e+02 2.011203838394723675e+02
1.232121420433231833e+02 2.010264552371143338e+02
1.231778285232608425e+02 2.009325266347563002e+02
1.231435150031985017e+02 2.008385980323982665e+02
1.231092014831361610e+02 2.007446694300402328e+02
1.230748879630738202e+02 2.006507408276821991e+02
1.230405744430114794e+02 2.005568122253241654e+02
1.230062609229491386e+02 2.004628836229661317e+02
1.229719474028867978e+02 2.003689550206080980e+02
1.229376338828244570e+02 2.002750264182500644e+02
1.229033203627621162e+02 2.001810978158920307e+02
1.228690068426997755e+02 2.000871692135339970e+02
1.228346933226374347e+02 1.999932406111759633e+02
1.228003798025750939e+02 1.998993120088179296e+02
1.227660662825127531e+02 1.998053834064598959e+02
1.227317527624504123e+02 1.997114548041018622e+02
1.226974392423880715e+02 1.996175262017438286e+02
1.226631257223257307e+02 1.995235975993857949e+02
1.226288122022633900e+02 1.994296689970277612e+02
1.225944986822010492e+02 1.993357403946697275e+02
1.225601851621387084e+02 1.992418117923116938e+02
1.225258716420763676e+02 1.991478831899536601e+02
1.224915581220140268e+02 1.990539545875956264e+02
1.224572446019516860e+02 1.989600259852375927e+02
1.224229310818893453e+02 1.988660973828795591e+02
1.223886175618270045e+02 1.987721687805215254e+02
1.223543040417646637e+02 1.986782401781634917e+02
1.223199905217023229e+02 1.985843115758054580e+02
1.222856770016399821e+02 1.984903829734474243e+02
1.222513634815776413e+02 1.983964543710893906e+02
1.222170499615153005e+02 1.983025257687313569e+02
1.221827364414529598e+02 1.982085971663733233e+02
1.221484229213906190e+02 1.981146685640152896e+02
1.221141094013282782e+02 1.980207399616572559e+02
1.220797958812659374e+02 1.979268113592992222e+02
1.220454823612035966e+02 1.978328827569411885e+02
1.220111688411412558e+02 1.977389541545831548e+02
1.219768553210789150e+02 1.976450255522251211e+02
1.219425418010165743e+02 1.975510969498670875e+02
1.219082282809542335e+02 1.974571683475090538e+02
1.218739147608918927e+02 1.973632397451510201e+02
1.218396012408295519e+02 1.972693111427929864e+02
1.218052877207672111e+02 1.971753825404349527e+02
1.217709742007048703e+02 1.970814539380769190e+02
1.217366606806425295e+02 1.969875253357188853e+02
1.217023471605801888e+02 1.968935967333608517e+02
1.216680336405178480e+02 1.967996681310028180e+02
1.216337201204555072e+02 1.967057395286447843e+02
1.215994066003931664e+02 1.966118109262867506e+02
1.215650930803308256e+02 1.965178823239287169e+02
1.215307795602684848e+02 1.964239537215706832e+02
1.214964660402061440e+02 1.963300251192126495e+02
1.214621525201438033e+02 1.962360965168546159e+02
1.214278390000814625e+02 1.961421679144965822e+02
1.213935254800191217e+02 1.960482393121385485e+02
1.213592119599567809e+02 1.959543107097805148e+02
1.213248984398944401e+02 1.958603821074224811e+02
1.212905849198320993e+02 1.957664535050644474e+02
1.212562713997697585e+02 1.956725249027064137e+02
1.212219578797074178e+02 1.955785963003483801e+02
1.211876443596450770e+02 1.954846676979903464e+02
1.211533308395827362e+02 1.953907390956323127e+02
1.211190173195203954e+02 1.952968104932742790e+02
1.210847037994580546e+02 1.952028818909162453e+02
1.210503902793957138e+02 1.951089532885582116e+02
1.210160767593333730e+02 1.950150246862001779e+02
1.209817632392710323e+02 1.949210960838421443e+02
1.209474497192086915e+02 1.948271674814841106e+02
1.209131361991463507e+02 1.947332388791260769e+02
1.208788226790840099e+02 1.946393102767680432e+02
1.208445091590216691e+02 1.945453816744100095e+02
1.208101956389593283e+02 1.944514530720519758e+02
1.207758821188969875e+02 1.943575244696939421e+02
1.207415685988346468e+02 1.942635958673359085e+02
1.207072550787723060e+02 1.941696672649778748e+02
1.206729415587099652e+02 1.940757386626198411e+02
1.206386280386476244e+02 1.939818100602618074e+02
1.206043145185852836e+02 1.938878814579037737e+02
1.205700009985229428e+02 1.937939528555457400e+02
1.205356874784606021e+02 1.937000242531877063e+02
1.205013739583982613e+02 1.936060956508296726e+02
1.204670604383359205e+02 1.935121670484716390e+02
1.204327469182735797e+02 1.934182384461136053e+02
1.203984333982112389e+02 1.933243098437555716e+02
1.203641198781488981e+02 1.932303812413975379e+02
1.203298063580865573e+02 1.931364526390395042e+02
1.202954928380242166e+02 1.930425240366814705e+02
1.202611793179618758e+02 1.929485954343234368e+02
1.202268657978995350e+02 1.928546668319654032e+02
1.201925522778371942e+02 1.927607382296073695e+02
1.201582387577748534e+02 1.926668096272493358e+02
1.201239252377125126e+02 1.925728810248913021e+02
1.200896117176501718e+02 1.924789524225332684e+02
1.200552981975878311e+02 1.923850238201752347e+02
1.200209846775254903e+02 1.922910952178172010e+02
1.199866711574631495e+02 1.921971666154591674e+02
1.199523576374008087e+02 1.921032380131011337e+02
1.199180441173384679e+02 1.920093094107431000e+02
1.198837305972761271e+02 1.919153808083850663e+02
1.198494170772137863e+02 1.918214522060270326e+02
1.198151035571514456e+02 1.917275236036689989e+02
1.197807900370891048e+02 1.916335950013109652e+02
1.197464765170267640e+02 1.915396663989529316e+02
1.197121629969644232e+02 1.914457377965948979e+02
1.196778494769020824e+02 1.913518091942368642e+02
1.196435359568397416e+02 1.912578805918788305e+02
1.196092224367774008e+02 1.911639519895207968e+02
1.195749089167150601e+02 1.910700233871627631e+02
1.195405953966527193e+02 1.909760947848047294e+02
1.195062818765903785e+02 1.908821661824466958e+02
1.194719683565280377e+02 1.907882375800886621e+02
1.194376548364656969e+02 1.906943089777306284e+02
1.194033413164033561e+02 1.906003803753725947e+02
1.193690277963410153e+02 1.905064517730145610e+02
1.193347142762786746e+02 1.904125231706565273e+02
1.193004007562163338e+02 1.903185945682984936e+02
1.192660872361539930e+02 1.902246659659404600e+02
1.192317737160916522e+02 1.901307373635824263e+02
1.191974601960293114e+02 1.900368087612243926e+02
1.191631466759669706e+02 1.899428801588663589e+02
1.191288331559046298e+02 1.898489515565083252e+02
1.190945196358422891e+02 1.897550229541502915e+02
1.190602061157799483e+02 1.896610943517922578e+02
1.190258925957176075e+02 1.895671657494342242e+02
1.189915790756552667e+02 1.894732371470761905e+02
1.189572655555929259e+02 1.893793085447181568e+02
1.189229520355305851e+02 1.892853799423601231e+02
1.188886385154682443e+02 1.891914513400020894e+02
1.188543249954059036e+02 1.890975227376440557e+02
1.188200114753435628e+02 1.890035941352860220e+02
1.187856979552812220e+02 1.889096655329279884e+02
1.187513844352188812e+02 1.888157369305699547e+02
1.187170709151565404e+02 1.887218083282119210e+02
1.186827573950941996e+02 1.886278797258538873e+02
1.186484438750318589e+02 1.885339511234958536e+02
1.186141303549695181e+02 1.884400225211378199e+02
1.185798168349071773e+02 1.883460939187797862e+02
1.185455033148448365e+02 1.882521653164217526e+02
1.185111897947824957e+02 1.881582367140637189e+02
1.184768762747201549e+02 1.880643081117056852e+02
1.184425627546578141e+02 1.879703795093476515e+02
1.184082492345954734e+02 1.878764509069896178e+02
1.183739357145331326e+02 1.877825223046315841e+02
1.183396221944707918e+02 1.876885937022735504e+02
1.183053086744084510e+02 1.875946650999155167e+02
1.182709951543461102e+02 1.875007364975574831e+02
1.182366816342837694e+02 1.874068078951994494e+02
1.182023681142214286e+02 1.873128792928414157e+02
1.181680545941590879e+02 1.872189506904833820e+02
1.181337410740967471e+02 1.871250220881253483e+02
1.180994275540344063e+02 1.870310934857673146e+02
1.180651140339720655e+02 1.869371648834092809e+02
1.180308005139097247e+02 1.868432362810512473e+02
1.179964869938473839e+02 1.867493076786932136e+02
1.179621734737850431e+02 1.866553790763351799e+02
1.179278599537227024e+02 1.865614504739771462e+02
1.178935464336603616e+02 1.864675218716191125e+02
1.178592329135980208e+02 1.863735932692610788e+02
1.178249193935356800e+02 1.862796646669030451e+02
1.177906058734733392e+02 1.861857360645450115e+02
1.177562923534109984e+02 1.860918074621869778e+02
1.177219788333486576e+02 1.859978788598289441e+02
1.176876653132863169e+02 1.859039502574709104e+02
1.176533517932239761e+02 1.858100216551128767e+02
1.176190382731616353e+02 1.857160930527548430e+02
1.175847247530992945e+02 1.856221644503968093e+02
1.175504112330369537e+02 1.855282358480387757e+02
1.175160977129746129e+02 1.854343072456807420e+02
1.174817841929122721e+02 1.853403786433227083e+02
1.174474706728499314e+02 1.852464500409646746e+02
1.174131571527875906e+02 1.851525214386066409e+02
1.173788436327252498e+02 1.850585928362486072e+02
1.173445301126629090e+02 1.849646642338905735e+02
1.173102165926005682e+02 1.848707356315325399e+02
1.172759030725382274e+02 1.847768070291745062e+02
1.172415895524758866e+02 1.846828784268164725e+02
1.172072760324135459e+02 1.845889498244584388e+02
1.171729625123512051e+02 1.844950212221004051e+02
1.171386489922888643e+02 1.844010926197423714e+02
1.171043354722265235e+02 1.843071640173843377e+02
1.170700219521641827e+02 1.842132354150263041e+02
1.170357084321018419e+02 1.841193068126682704e+02
1.170013949120395012e+02 1.840253782103102367e+02
1.169670813919771604e+02 1.839314496079522030e+02
1.169327678719148196e+02 1.838375210055941693e+02
1.168984543518524788e+02 1.837435924032361356e+02
1.168641408317901380e+02 1.836496638008781019e+02
1.168298273117277972e+02 1.835557351985200683e+02
1.167955137916654564e+02 1.834618065961620346e+02
1.167612002716031157e+02 1.833678779938040009e+02
1.167268867515407749e+02 1.832739493914459672e+02
1.166925732314784341e+02 1.831800207890879335e+02
1.166582597114160933e+02 1.830860921867298998e+02
1.166239461913537525e+02 1.829921635843718661e+02
1.165896326712914117e+02 1.828982349820138325e+02
1.165553191512290709e+02 1.828043063796557988e+02
1.165210056311667302e+02 1.827103777772977651e+02
1.164866921111043894e+02 1.826164491749397314e+02
1.164523785910420486e+02 1.825225205725816977e+02
1.164180650709797078e+02 1.824285919702236640e+02
1.163837515509173670e+02 1.823346633678656303e+02
1.163494380308550262e+02 1.822407347655075966e+02
1.163151245107926854e+02 1.821468061631495630e+02
1.162808109907303447e+02 1.820528775607915293e+02
1.162464974706680039e+02 1.819589489584334956e+02
1.162121839506056631e+02 1.818650203560754619e+02
1.161778704305433223e+02 1.817710917537174282e+02
1.161435569104809815e+02 1.816771631513593945e+02
1.161092433904186407e+02 1.815832345490013608e+02
1.160749298703562999e+02 1.814893059466433272e+02
1.160406163502939592e+02 1.813953773442852935e+02
1.160063028302316184e+02 1.813014487419272598e+02
1.159719893101692776e+02 1.812075201395692261e+02
1.159376757901069368e+02 1.811135915372111924e+02
1.159033622700445960e+02 1.810196629348531587e+02
1.158690487499822552e+02 1.809257343324951250e+02
1.158347352299199144e+02 1.808318057301370914e+02
1.158004217098575737e+02 1.807378771277790577e+02
1.157661081897952329e+02 1.806439485254210240e+02
1.157317946697328921e+02 1.805500199230629903e+02
1.156974811496705513e+02 1.804560913207049566e+02
1.156631676296082105e+02 1.803621627183469229e+02
1.156288541095458697e+02 1.802682341159888892e+02
1.155945405894835289e+02 1.801743055136308556e+02
1.155602270694211882e+02 1.800803769112728219e+02
1.155259135493588474e+02 1.799864483089147882e+02
1.154916000292965066e+02 1.798925197065567545e+02
1.154572865092341658e+02 1.797985911041987208e+02
1.154229729891718250e+02 1.797046625018406871e+02
1.153886594691094842e+02 1.796107338994826534e+02
1.153543459490471434e+02 1.795168052971246198e+02
1.153200324289848027e+02 1.794228766947665861e+02
1.152857189089224619e+02 1.793289480924085524e+02
1.152514053888601211e+02 1.792350194900505187e+02
1.152170918687977803e+02 1.791410908876924850e+02
1.151827783487354395e+02 1.790471622853344513e+02
1.151484648286730987e+02 1.789532336829764176e+02
1.151141513086107580e+02 1.788593050806183840e+02
1.150798377885484172e+02 1.787653764782603503e+02
1.150455242684860764e+02 1.786714478759023166e+02
1.150112107484237356e+02 1.785775192735442829e+02
1.149768972283613948e+02 1.784835906711862492e+02
1.149425837082990540e+02 1.783896620688282155e+02
1.149082701882367132e+02 1.782957334664701818e+02
1.148739566681743725e+02 1.782018048641121482e+02
1.148396431481120317e+02 1.781078762617541145e+02
1.148053296280496909e+02 1.780139476593960808e+02
1.147710161079873501e+02 1.779200190570380471e+02
1.147367025879250093e+02 1.778260904546800134e+02
1.147023890678626685e+02 1.777321618523219797e+02
1.146680755478003277e+02 1.776382332499639460e+02
1.146337620277379870e+02 1.775443046476059124e+02
1.145994485076756462e+02 1.774503760452478787e+02
1.145651349876133054e+02 1.773564474428898450e+02
1.145308214675509646e+02 1.772625188405318113e+02
1.144965079474886238e+02 1.771685902381737776e+02
1.144621944274262830e+02 1.770746616358157439e+02
1.144278809073639422e+02 1.769807330334577102e+02
1.143935673873016015e+02 1.768868044310996765e+02
1.143592538672392607e+02 1.767928758287416429e+02
1.143249403471769199e+02 1.766989472263836092e+02
1.142906268271145791e+02 1.766050186240255755e+02
1.142563133070522383e+02 1.765110900216675418e+02
1.142219997869898975e+02 1.764171614193095081e+02
1.141876862669275567e+02 1.763232328169514744e+02
1.141533727468652160e+02 1.762293042145934407e+02
1.141190592268028752e+02 1.761353756122354071e+02
1.140847457067405344e+02 1.760414470098773734e+02
1.140504321866781936e+02 1.759475184075193397e+02
1.140161186666158528e+02 1.758535898051613060e+02
1.139818051465535120e+02 1.757596612028032723e+02
1.139474916264911712e+02 1.756657326004452386e+02
1.139131781064288305e+02 1.755718039980872049e+02
1.138788645863664897e+02 1.754778753957291713e+02
1.138445510663041489e+02 1.753839467933711376e+02
1.138102375462418081e+02 1.752900181910131039e+02
1.137759240261794673e+02 1.751960895886550702e+02
1.137416105061171265e+02 1.751021609862970365e+02
1.137072969860547857e+02 1.750082323839390028e+02
1.136729834659924450e+02 1.749143037815809691e+02
1.136386699459301042e+02 1.748203751792229355e+02
1.136043564258677634e+02 1.747264465768649018e+02
1.135700429058054226e+02 1.746325179745068681e+02
1.135357293857430818e+02 1.745385893721488344e+02
1.135014158656807410e+02 1.744446607697908007e+02
1.134671023456184002e+02 1.743507321674327670e+02
1.134327888255560595e+02 1.742568035650747333e+02
1.133984753054937187e+02 1.741628749627166997e+02
1.133641617854313779e+02 1.740689463603586660e+02
1.133298482653690371e+02 1.739750177580006323e+02
1.132955347453066963e+02 1.738810891556425986e+02
1.132612212252443555e+02 1.737871605532845649e+02
1.132269077051820148e+02 1.736932319509265312e+02
1.131925941851196740e+02 1.735993033485684975e+02
1.131582806650573332e+02 1.735053747462104639e+02
1.131239671449949924e+02 1.734114461438524302e+02
1.130896536249326516e+02 1.733175175414943965e+02
1.130553401048703108e+02 1.732235889391363628e+02
1.130210265848079700e+02 1.731296603367783291e+02
1.129867130647456293e+02 1.730357317344202954e+02
1.129523995446832885e+02 1.729418031320622617e+02
1.129180860246209477e+02 1.728478745297042281e+02
1.128837725045586069e+02 1.727539459273461944e+02
1.128494589844962661e+02 1.726600173249881607e+02
1.128151454644339253e+02 1.725660887226301270e+02
1.127808319443715845e+02 1.724721601202720933e+02
1.127465184243092438e+02 1.723782315179140596e+02
1.127122049042469030e+02 1.722843029155560259e+02
1.126778913841845622e+02 1.721903743131979923e+02
1.126435778641222214e+02 1.720964457108399586e+02
1.126092643440598806e+02 1.720025171084819249e+02
1.125749508239975398e+02 1.719085885061238912e+02
1.125406373039351990e+02 1.718146599037658575e+02
1.125063237838728583e+02 1.717207313014078238e+02
1.124720102638105175e+02 1.716268026990497901e+02
1.124376967437481767e+02 1.715328740966917564e+02
1.124033832236858359e+02 1.714389454943337228e+02
1.123690697036234951e+02 1.713450168919756891e+02
1.123347561835611543e+02 1.712510882896176554e+02
1.123004426634988135e+02 1.711571596872596217e+02
1.122661291434364728e+02 1.710632310849015880e+02
1.122318156233741320e+02 1.709693024825435543e+02
1.121975021033117912e+02 1.708753738801855206e+02
1.121631885832494504e+02 1.707814452778274870e+02
1.121288750631871096e+02 1.706875166754694533e+02
1.120945615431247688e+02 1.705935880731114196e+02
1.120602480230624280e+02 1.704996594707533859e+02
1.120259345030000873e+02 1.704057308683953522e+02
1.119916209829377465e+02 1.703118022660373185e+02
1.119573074628754057e+02 1.702178736636792848e+02
1.119229939428130649e+02 1.701239450613212512e+02
1.118886804227507241e+02 1.700300164589632175e+02
1.118543669026883833e+02 1.699360878566051838e+02
1.118200533826260425e+02 1.698421592542471501e+02
1.117857398625637018e+02 1.697482306518891164e+02
1.117514263425013610e+02 1.696543020495310827e+02
1.117171128224390202e+02 1.695603734471730490e+02
1.116827993023766794e+02 1.694664448448150154e+02
1.116484857823143386e+02 1.693725162424569817e+02
1.116141722622519978e+02 1.692785876400989480e+02
1.115798587421896571e+02 1.691846590377409143e+02
1.115455452221273163e+02 1.690907304353828806e+02
1.115112317020649755e+02 1.689968018330248469e+02
1.114769181820026347e+02 1.689028732306668132e+02
1.114426046619402939e+02 1.688089446283087796e+02
1.114082911418779531e+02 1.687150160259507459e+02
1.113739776218156123e+02 1.686210874235927122e+02
1.113396641017532716e+02 1.685271588212346785e+02
1.113053505816909308e+02 1.684332302188766448e+02
1.112710370616285900e+02 1.683393016165186111e+02
1.112367235415662492e+02 1.682453730141605774e+02
1.112024100215039084e+02 1.681514444118025438e+02
1.111680965014415676e+02 1.680575158094445101e+02
1.111337829813792268e+02 1.679635872070864764e+02
1.110994694613168861e+02 1.678696586047284427e+02
1.110651559412545453e+02 1.677757300023704090e+02
1.110308424211922045e+02 1.676818014000123753e+02
1.109965289011298637e+02 1.675878727976543416e+02
1.109622153810675229e+02 1.674939441952963080e+02
1.109279018610051821e+02 1.674000155929382743e+02
1.108646754390276783e+02 1.672269418471545350e+02
1.109586040413856978e+02 1.671926283270921942e+02
1.110525326437437172e+02 1.671583148070298535e+02
1.111464612461017367e+02 1.671240012869675127e+02
1.112403898484597562e+02 1.670896877669051719e+02
1.113343184508177757e+02 1.670553742468428311e+02
1.114282470531757951e+02 1.670210607267804903e+02
1.115221756555338146e+02 1.669867472067181495e+02
1.116161042578918341e+02 1.669524336866558087e+02
1.117100328602498536e+02 1.669181201665934680e+02
1.118039614626078730e+02 1.668838066465311272e+02
1.118978900649658925e+02 1.668494931264687864e+02
1.119918186673239120e+02 1.668151796064064456e+02
1.120857472696819315e+02 1.667808660863441048e+02
1.121796758720399509e+02 1.667465525662817640e+02
1.122736044743979704e+02 1.667122390462194232e+02
1.123675330767559899e+02 1.666779255261570825e+02
1.124614616791140094e+02 1.666436120060947417e+02
1.125553902814720288e+02 1.666092984860324009e+02
1.126493188838300483e+02 1.665749849659700601e+02
1.127432474861880678e+02 1.665406714459077193e+02
1.128371760885460873e+02 1.665063579258453785e+02
1.129311046909041067e+02 1.664720444057830377e+02
1.130250332932621262e+02 1.664377308857206970e+02
1.131189618956201457e+02 1.664034173656583562e+02
1.132128904979781652e+02 1.663691038455960154e+02
1.133068191003361846e+02 1.663347903255336746e+02
1.134007477026942041e+02 1.663004768054713338e+02
1.134946763050522236e+02 1.662661632854089930e+02
1.135886049074102431e+02 1.662318497653466522e+02
1.136825335097682625e+02 1.661975362452843115e+02
1.137764621121262820e+02 1.661632227252219707e+02
1.138703907144843015e+02 1.661289092051596299e+02
1.139643193168423210e+02 1.660945956850972891e+02
1.140582479192003404e+02 1.660602821650349483e+02
1.141521765215583599e+02 1.660259686449726075e+02
1.142461051239163794e+02 1.659916551249102667e+02
1.143400337262743989e+02 1.659573416048479260e+02
1.144339623286324183e+02 1.659230280847855852e+02
1.145278909309904378e+02 1.658887145647232444e+02
1.146218195333484573e+02 1.658544010446609036e+02
1.147157481357064768e+02 1.658200875245985628e+02
1.148096767380644962e+02 1.657857740045362220e+02
1.149036053404225157e+02 1.657514604844738813e+02
1.149975339427805352e+02 1.657171469644115405e+02
1.150914625451385547e+02 1.656828334443491997e+02
1.151853911474965741e+02 1.656485199242868589e+02
1.152793197498545936e+02 1.656142064042245181e+02
1.153732483522126131e+02 1.655798928841621773e+02
1.154671769545706326e+02 1.655455793640998365e+02
1.155611055569286520e+02 1.655112658440374958e+02
1.156550341592866715e+02 1.654769523239751550e+02
1.157489627616446910e+02 1.654426388039128142e+02
1.158428913640027105e+02 1.654083252838504734e+02
1.159368199663607299e+02 1.653740117637881326e+02
1.160307485687187494e+02 1.653396982437257918e+02
1.161246771710767689e+02 1.653053847236634510e+02
1.162186057734347884e+02 1.652710712036011103e+02
1.163125343757928079e+02 1.652367576835387695e+02
1.164064629781508273e+02 1.652024441634764287e+02
1.165003915805088468e+02 1.651681306434140879e+02
1.165943201828668663e+02 1.651338171233517471e+02
1.166882487852248858e+02 1.650995036032894063e+02
1.167821773875829052e+02 1.650651900832270655e+02
1.168761059899409247e+02 1.650308765631647248e+02
1.169700345922989442e+02 1.649965630431023840e+02
1.170639631946569637e+02 1.649622495230400432e+02
1.171578917970149831e+02 1.649279360029777024e+02
1.172518203993730026e+02 1.648936224829153616e+02
1.173457490017310221e+02 1.648593089628530208e+02
1.174396776040890416e+02 1.648249954427906800e+02
1.175336062064470610e+02 1.647906819227283393e+02
1.176275348088050805e+02 1.647563684026659985e+02
1.177214634111631000e+02 1.647220548826036577e+02
1.178153920135211195e+02 1.646877413625413169e+02
1.179093206158791389e+02 1.646534278424789761e+02
1.180032492182371584e+02 1.646191143224166353e+02
1.180971778205951779e+02 1.645848008023542945e+02
1.181911064229531974e+02 1.645504872822919538e+02
1.182850350253112168e+02 1.645161737622296130e+02
1.183789636276692363e+02 1.644818602421672722e+02
1.184728922300272558e+02 1.644475467221049314e+02
1.185668208323852753e+02 1.644132332020425906e+02
1.186607494347432947e+02 1.643789196819802498e+02
1.187546780371013142e+02 1.643446061619179090e+02
1.188486066394593337e+02 1.643102926418555683e+02
1.189425352418173532e+02 1.642759791217932275e+02
1.190364638441753726e+02 1.642416656017308867e+02
1.191303924465333921e+02 1.642073520816685459e+02
1.192243210488914116e+02 1.641730385616062051e+02
1.193182496512494311e+02 1.641387250415438643e+02
1.194121782536074505e+02 1.641044115214815236e+02
1.195061068559654700e+02 1.640700980014191828e+02
1.196000354583234895e+02 1.640357844813568420e+02
1.196939640606815090e+02 1.640014709612945012e+02
1.197878926630395284e+02 1.639671574412321604e+02
1.198818212653975479e+02 1.639328439211698196e+02
1.199757498677555674e+02 1.638985304011074788e+02
1.200696784701135869e+02 1.638642168810451381e+02
1.201636070724716063e+02 1.638299033609827973e+02
1.202575356748296258e+02 1.637955898409204565e+02
1.203514642771876453e+02 1.637612763208581157e+02
1.204453928795456648e+02 1.637269628007957749e+02
1.205393214819036842e+02 1.636926492807334341e+02
1.206332500842617037e+02 1.636583357606710933e+02
1.207271786866197232e+02 1.636240222406087526e+02
1.208211072889777427e+02 1.635897087205464118e+02
1.209150358913357621e+02 1.635553952004840710e+02
1.210089644936937816e+02 1.635210816804217302e+02
1.211028930960518011e+02 1.634867681603593894e+02
1.211968216984098206e+02 1.634524546402970486e+02
1.212907503007678400e+02 1.634181411202347078e+02
1.213846789031258595e+02 1.633838276001723671e+02
1.214786075054838790e+02 1.633495140801100263e+02
1.215725361078418985e+02 1.633152005600476855e+02
1.216664647101999179e+02 1.632808870399853447e+02
1.217603933125579374e+02 1.632465735199230039e+02
1.218543219149159569e+02 1.632122599998606631e+02
1.219482505172739764e+02 1.631779464797983223e+02
1.220421791196319958e+02 1.631436329597359816e+02
1.221361077219900153e+02 1.631093194396736408e+02
1.222300363243480348e+02 1.630750059196113000e+02
1.223239649267060543e+02 1.630406923995489592e+02
1.224178935290640737e+02 1.630063788794866184e+02
1.225118221314220932e+02 1.629720653594242776e+02
1.226057507337801127e+02 1.629377518393619368e+02
1.226996793361381322e+02 1.629034383192995961e+02
1.227936079384961516e+02 1.628691247992372553e+02
1.228875365408541711e+02 1.628348112791749145e+02
1.229814651432121906e+02 1.628004977591125737e+02
1.230753937455702101e+02 1.627661842390502329e+02
1.231693223479282295e+02 1.627318707189878921e+02
1.232632509502862490e+02 1.626975571989255513e+02
1.233571795526442685e+02 1.626632436788632106e+02
1.234511081550022880e+02 1.626289301588008698e+02
1.235450367573603074e+02 1.625946166387385290e+02
1.236389653597183269e+02 1.625603031186761882e+02
1.237328939620763464e+02 1.625259895986138474e+02
1.238268225644343659e+02 1.624916760785515066e+02
1.239207511667923853e+02 1.624573625584891658e+02
1.240146797691504048e+02 1.624230490384268251e+02
1.241086083715084243e+02 1.623887355183644843e+02
1.242025369738664438e+02 1.623544219983021435e+02
1.242964655762244632e+02 1.623201084782398027e+02
1.243903941785824827e+02 1.622857949581774619e+02
1.244843227809405022e+02 1.622514814381151211e+02
1.245782513832985217e+02 1.622171679180527804e+02
1.246721799856565411e+02 1.621828543979904396e+02
1.247661085880145606e+02 1.621485408779280988e+02
1.248600371903725801e+02 1.621142273578657580e+02
1.249539657927305996e+02 1.620799138378034172e+02
1.250478943950886190e+02 1.620456003177410764e+02
1.251418229974466385e+02 1.620112867976787356e+02
1.252357515998046580e+02 1.619769732776163949e+02
1.253296802021626775e+02 1.619426597575540541e+02
1.254236088045206969e+02 1.619083462374917133e+02
1.255175374068787164e+02 1.618740327174293725e+02
1.256114660092367359e+02 1.618397191973670317e+02
1.257053946115947554e+02 1.618054056773046909e+02
1.257993232139527748e+02 1.617710921572423501e+02
1.258932518163107943e+02 1.617367786371800094e+02
1.259871804186688138e+02 1.617024651171176686e+02
1.260811090210268333e+02 1.616681515970553278e+02
1.261750376233848527e+02 1.616338380769929870e+02
1.262689662257428722e+02 1.615995245569306462e+02
1.263628948281008917e+02 1.615652110368683054e+02
1.264568234304589112e+02 1.615308975168059646e+02
1.265507520328169306e+02 1.614965839967436239e+02
1.266446806351749501e+02 1.614622704766812831e+02
1.267386092375329696e+02 1.614279569566189423e+02
1.268325378398909891e+02 1.613936434365566015e+02
1.269264664422490085e+02 1.613593299164942607e+02
1.270203950446070280e+02 1.613250163964319199e+02
1.271143236469650475e+02 1.612907028763695791e+02
1.272082522493230670e+02 1.612563893563072384e+02
1.273021808516810864e+02 1.612220758362448976e+02
1.273961094540391059e+02 1.611877623161825568e+02
1.274900380563971254e+02 1.611534487961202160e+02
1.275839666587551449e+02 1.611191352760578752e+02
1.276778952611131643e+02 1.610848217559955344e+02
1.277718238634711838e+02 1.610505082359331936e+02
1.278657524658292033e+02 1.610161947158708529e+02
1.279596810681872228e+02 1.609818811958085121e+02
1.280536096705452564e+02 1.609475676757461713e+02
1.281475382729032901e+02 1.609132541556838305e+02
1.282414668752613238e+02 1.608789406356214897e+02
1.283353954776193575e+02 1.608446271155591489e+02
1.284293240799773912e+02 1.608103135954968081e+02
1.285232526823354249e+02 1.607760000754344674e+02
1.286171812846934586e+02 1.607416865553721266e+02
1.287111098870514923e+02 1.607073730353097858e+02
1.288050384894095259e+02 1.606730595152474450e+02
1.288989670917675596e+02 1.606387459951851042e+02
1.289928956941255933e+02 1.606044324751227634e+02
1.290868242964836270e+02 1.605701189550604226e+02
1.291807528988416607e+02 1.605358054349980819e+02
1.292746815011996944e+02 1.605014919149357411e+02
1.293686101035577281e+02 1.604671783948734003e+02
1.294625387059157617e+02 1.604328648748110595e+02
1.295564673082737954e+02 1.603985513547487187e+02
1.296503959106318291e+02 1.603642378346863779e+02
1.297443245129898628e+02 1.603299243146240372e+02
1.298382531153478965e+02 1.602956107945616964e+02
1.299321817177059302e+02 1.602612972744993556e+02
1.300261103200639639e+02 1.602269837544370148e+02
1.301200389224219975e+02 1.601926702343746740e+02
1.302139675247800312e+02 1.601583567143123332e+02
1.303078961271380649e+02 1.601240431942499924e+02
1.304018247294960986e+02 1.600897296741876517e+02
1.304957533318541323e+02 1.600554161541253109e+02
1.305896819342121660e+02 1.600211026340629701e+02
1.306836105365701997e+02 1.599867891140006293e+02
1.307775391389282333e+02 1.599524755939382885e+02
1.308714677412862670e+02 1.599181620738759477e+02
1.309653963436443007e+02 1.598838485538136069e+02
1.310593249460023344e+02 1.598495350337512662e+02
1.311532535483603681e+02 1.598152215136889254e+02
1.312471821507184018e+02 1.597809079936265846e+02
1.313411107530764355e+02 1.597465944735642438e+02
1.314350393554344691e+02 1.597122809535019030e+02
1.315289679577925028e+02 1.596779674334395622e+02
1.316228965601505365e+02 1.596436539133772214e+02
1.317168251625085702e+02 1.596093403933148807e+02
1.318107537648666039e+02 1.595750268732525399e+02
1.319046823672246376e+02 1.595407133531901991e+02
1.319986109695826713e+02 1.595063998331278583e+02
1.320925395719407049e+02 1.594720863130655175e+02
1.321864681742987386e+02 1.594377727930031767e+02
1.322803967766567723e+02 1.594034592729408359e+02
1.323743253790148060e+02 1.593691457528784952e+02
1.324682539813728397e+02 1.593348322328161544e+02
1.325621825837308734e+02 1.593005187127538136e+02
1.326561111860889071e+02 1.592662051926914728e+02
1.327500397884469407e+02 1.592318916726291320e+02
1.328439683908049744e+02 1.591975781525667912e+02
1.329378969931630081e+02 1.591632646325044504e+02
1.330318255955210418e+02 1.591289511124421097e+02
1.331257541978790755e+02 1.590946375923797689e+02
1.332196828002371092e+02 1.590603240723174281e+02
1.333136114025951429e+02 1.590260105522550873e+02
1.334075400049531765e+02 1.589916970321927465e+02
1.335014686073112102e+02 1.589573835121304057e+02
1.335953972096692439e+02 1.589230699920680649e+02
1.336893258120272776e+02 1.588887564720057242e+02
1.337832544143853113e+02 1.588544429519433834e+02
1.338771830167433450e+02 1.588201294318810426e+02
1.339711116191013787e+02 1.587858159118187018e+02
1.340650402214594124e+02 1.587515023917563610e+02
1.341589688238174460e+02 1.587171888716940202e+02
1.342528974261754797e+02 1.586828753516316795e+02
1.343468260285335134e+02 1.586485618315693387e+02
1.344407546308915471e+02 1.586142483115069979e+02
1.345346832332495808e+02 1.585799347914446571e+02
1.346286118356076145e+02 1.585456212713823163e+02
1.347225404379656482e+02 1.585113077513199755e+02
1.348164690403236818e+02 1.584769942312576347e+02
1.349103976426817155e+02 1.584426807111952940e+02
1.350043262450397492e+02 1.584083671911329532e+02
1.351064954736221466e+02 1.583710432473420155e+02
