1.604998118386502597e+02 1.089975816681575367e+02
1.604067002620762423e+02 1.089611092908302936e+02
1.603135886855022250e+02 1.089246369135030506e+02
1.602204771089282076e+02 1.088881645361758075e+02
1.601273655323541902e+02 1.088516921588485644e+02
1.600342539557801729e+02 1.088152197815213214e+02
1.599411423792061555e+02 1.087787474041940783e+02
1.598480308026321381e+02 1.087422750268668352e+02
1.597549192260581208e+02 1.087058026495395922e+02
1.596618076494841034e+02 1.086693302722123491e+02
1.595686960729100861e+02 1.086328578948851060e+02
1.594755844963360687e+02 1.085963855175578630e+02
1.593824729197620513e+02 1.085599131402306199e+02
1.592893613431880340e+02 1.085234407629033768e+02
1.591962497666140166e+02 1.084869683855761338e+02
1.591031381900399992e+02 1.084504960082488907e+02
1.590100266134659819e+02 1.084140236309216476e+02
1.589169150368919645e+02 1.083775512535944046e+02
1.588238034603179472e+02 1.083410788762671615e+02
1.587306918837439298e+02 1.083046064989399184e+02
1.586375803071699124e+02 1.082681341216126754e+02
1.585444687305958951e+02 1.082316617442854323e+02
1.584513571540218777e+02 1.081951893669581892e+02
1.583582455774478603e+02 1.081587169896309462e+02
1.582651340008738430e+02 1.081222446123037031e+02
1.581720224242998256e+02 1.080857722349764600e+02
1.580789108477258083e+02 1.080492998576492170e+02
1.579857992711517909e+02 1.080128274803219739e+02
1.578926876945777735e+02 1.079763551029947308e+02
1.577995761180037562e+02 1.079398827256674878e+02
1.577064645414297388e+02 1.079034103483402447e+02
1.576133529648557214e+02 1.078669379710130016e+02
1.575202413882817041e+02 1.078304655936857586e+02
1.574271298117076867e+02 1.077939932163585155e+02
1.573340182351336694e+02 1.077575208390312724e+02
1.572409066585596520e+02 1.077210484617040294e+02
1.571477950819856346e+02 1.076845760843767863e+02
1.570546835054116173e+02 1.076481037070495432e+02
1.569615719288375999e+02 1.076116313297223002e+02
1.568684603522635825e+02 1.075751589523950571e+02
1.567753487756895652e+02 1.075386865750678140e+02
1.566822371991155478e+02 1.075022141977405710e+02
1.565891256225415304e+02 1.074657418204133279e+02
1.564960140459675131e+02 1.074292694430860848e+02
1.564029024693934957e+02 1.073927970657588418e+02
1.563097908928194784e+02 1.073563246884315987e+02
1.562166793162454610e+02 1.073198523111043556e+02
1.561235677396714436e+02 1.072833799337771126e+02
1.560304561630974263e+02 1.072469075564498695e+02
1.559373445865234089e+02 1.072104351791226264e+02
1.558442330099493915e+02 1.071739628017953834e+02
1.557511214333753742e+02 1.071374904244681403e+02
1.556580098568013568e+02 1.071010180471408972e+02
1.555648982802273395e+02 1.070645456698136542e+02
1.554717867036533221e+02 1.070280732924864111e+02
1.553786751270793047e+02 1.069916009151591680e+02
1.552855635505052874e+02 1.069551285378319250e+02
1.551924519739312700e+02 1.069186561605046819e+02
1.550993403973572526e+02 1.068821837831774388e+02
1.550062288207832353e+02 1.068457114058501958e+02
1.549131172442092179e+02 1.068092390285229527e+02
1.548200056676352006e+02 1.067727666511957096e+02
1.547268940910611832e+02 1.067362942738684666e+02
1.546337825144871658e+02 1.066998218965412235e+02
1.545406709379131485e+02 1.066633495192139804e+02
1.544475593613391311e+02 1.066268771418867374e+02
1.543544477847651137e+02 1.065904047645594943e+02
1.542613362081910964e+02 1.065539323872322512e+02
1.541682246316170790e+02 1.065174600099050082e+02
1.540751130550430616e+02 1.064809876325777651e+02
1.539820014784690443e+02 1.064445152552505220e+02
1.538888899018950269e+02 1.064080428779232790e+02
1.537957783253210096e+02 1.063715705005960359e+02
1.537026667487469922e+02 1.063350981232687928e+02
1.536095551721729748e+02 1.062986257459415498e+02
1.535164435955989575e+02 1.062621533686143067e+02
1.534233320190249401e+02 1.062256809912870636e+02
1.533302204424509227e+02 1.061892086139598206e+02
1.532371088658769054e+02 1.061527362366325775e+02
1.531439972893028880e+02 1.061162638593053344e+02
1.530508857127288707e+02 1.060797914819780914e+02
1.529577741361548533e+02 1.060433191046508483e+02
1.528646625595808359e+02 1.060068467273236053e+02
1.527715509830068186e+02 1.059703743499963622e+02
1.526784394064328012e+02 1.059339019726691191e+02
1.525853278298587838e+02 1.058974295953418761e+02
1.524922162532847665e+02 1.058609572180146330e+02
1.523991046767107491e+02 1.058244848406873899e+02
1.523059931001367318e+02 1.057880124633601469e+02
1.522128815235627144e+02 1.057515400860329038e+02
1.521197699469886970e+02 1.057150677087056607e+02
1.520266583704146797e+02 1.056785953313784177e+02
1.519335467938406623e+02 1.056421229540511746e+02
1.518404352172666449e+02 1.056056505767239315e+02
1.517473236406926276e+02 1.055691781993966885e+02
1.516542120641186102e+02 1.055327058220694454e+02
1.515611004875445929e+02 1.054962334447422023e+02
1.514679889109705755e+02 1.054597610674149593e+02
1.513748773343965581e+02 1.054232886900877162e+02
1.512817657578225408e+02 1.053868163127604731e+02
1.511886541812485234e+02 1.053503439354332301e+02
1.510955426046745060e+02 1.053138715581059870e+02
1.510024310281004887e+02 1.052773991807787439e+02
1.509093194515264713e+02 1.052409268034515009e+02
1.508162078749524539e+02 1.052044544261242578e+02
1.507230962983784366e+02 1.051679820487970147e+02
1.506299847218044192e+02 1.051315096714697717e+02
1.505368731452304019e+02 1.050950372941425286e+02
1.504437615686563845e+02 1.050585649168152855e+02
1.503506499920823671e+02 1.050220925394880425e+02
1.502575384155083498e+02 1.049856201621607994e+02
1.501644268389343324e+02 1.049491477848335563e+02
1.500713152623603150e+02 1.049126754075063133e+02
1.499782036857862977e+02 1.048762030301790702e+02
1.498850921092122803e+02 1.048397306528518271e+02
1.497919805326382630e+02 1.048032582755245841e+02
1.496988689560642456e+02 1.047667858981973410e+02
1.496057573794902282e+02 1.047303135208700979e+02
1.495126458029162109e+02 1.046938411435428549e+02
1.494195342263421935e+02 1.046573687662156118e+02
1.493264226497681761e+02 1.046208963888883687e+02
1.492333110731941588e+02 1.045844240115611257e+02
1.491401994966201414e+02 1.045479516342338826e+02
1.490470879200461241e+02 1.045114792569066395e+02
1.489539763434721067e+02 1.044750068795793965e+02
1.488608647668980893e+02 1.044385345022521534e+02
1.487677531903240720e+02 1.044020621249249103e+02
1.486746416137500546e+02 1.043655897475976673e+02
1.485815300371760372e+02 1.043291173702704242e+02
1.484884184606020199e+02 1.042926449929431811e+02
1.483953068840280025e+02 1.042561726156159381e+02
1.483021953074539852e+02 1.042197002382886950e+02
1.482090837308799678e+02 1.041832278609614519e+02
1.481159721543059504e+02 1.041467554836342089e+02
1.480228605777319331e+02 1.041102831063069658e+02
1.479297490011579157e+02 1.040738107289797227e+02
1.478366374245838983e+02 1.040373383516524797e+02
1.477435258480098810e+02 1.040008659743252366e+02
1.476504142714358636e+02 1.039643935969979935e+02
1.475573026948618462e+02 1.039279212196707505e+02
1.474641911182878289e+02 1.038914488423435074e+02
1.473710795417138115e+02 1.038549764650162643e+02
1.472779679651397942e+02 1.038185040876890213e+02
1.471848563885657768e+02 1.037820317103617782e+02
1.470917448119917594e+02 1.037455593330345351e+02
1.469986332354177421e+02 1.037090869557072921e+02
1.469055216588437247e+02 1.036726145783800490e+02
1.468124100822697073e+02 1.036361422010528059e+02
1.467192985056956900e+02 1.035996698237255629e+02
1.466261869291216726e+02 1.035631974463983198e+02
1.465330753525476553e+02 1.035267250690710767e+02
1.464399637759736379e+02 1.034902526917438337e+02
1.463468521993996205e+02 1.034537803144165906e+02
1.462537406228256032e+02 1.034173079370893475e+02
1.461606290462515858e+02 1.033808355597621045e+02
1.460675174696775684e+02 1.033443631824348614e+02
1.459744058931035511e+02 1.033078908051076183e+02
1.458812943165295337e+02 1.032714184277803753e+02
1.457881827399555164e+02 1.032349460504531322e+02
1.456950711633814990e+02 1.031984736731258891e+02
1.456019595868074816e+02 1.031620012957986461e+02
1.455088480102334643e+02 1.031255289184714030e+02
1.454157364336594469e+02 1.030890565411441600e+02
1.453226248570854295e+02 1.030525841638169169e+02
1.452295132805114122e+02 1.030161117864896738e+02
1.451364017039373948e+02 1.029796394091624308e+02
1.450432901273633775e+02 1.029431670318351877e+02
1.449501785507893601e+02 1.029066946545079446e+02
1.448570669742153427e+02 1.028702222771807016e+02
1.447639553976413254e+02 1.028337498998534585e+02
1.446708438210673080e+02 1.027972775225262154e+02
1.445777322444932906e+02 1.027608051451989724e+02
1.444846206679192733e+02 1.027243327678717293e+02
1.443915090913452559e+02 1.026878603905444862e+02
1.442983975147712385e+02 1.026513880132172432e+02
1.442052859381972212e+02 1.026149156358900001e+02
1.441121743616232038e+02 1.025784432585627570e+02
1.440190627850491865e+02 1.025419708812355140e+02
1.439259512084751691e+02 1.025054985039082709e+02
1.438328396319011517e+02 1.024690261265810278e+02
1.437397280553271344e+02 1.024325537492537848e+02
1.436466164787531170e+02 1.023960813719265417e+02
1.435535049021790996e+02 1.023596089945992986e+02
1.434603933256050823e+02 1.023231366172720556e+02
1.433672817490310649e+02 1.022866642399448125e+02
1.432741701724570476e+02 1.022501918626175694e+02
1.431810585958830302e+02 1.022137194852903264e+02
1.430879470193090128e+02 1.021772471079630833e+02
1.429948354427349955e+02 1.021407747306358402e+02
1.429017238661609781e+02 1.021043023533085972e+02
1.428086122895869607e+02 1.020678299759813541e+02
1.427155007130129434e+02 1.020313575986541110e+02
1.426223891364389260e+02 1.019948852213268680e+02
1.425292775598649087e+02 1.019584128439996249e+02
1.424361659832908913e+02 1.019219404666723818e+02
1.423430544067168739e+02 1.018854680893451388e+02
1.422499428301428566e+02 1.018489957120178957e+02
1.421568312535688392e+02 1.018125233346906526e+02
1.420637196769948218e+02 1.017760509573634096e+02
1.419706081004208045e+02 1.017395785800361665e+02
1.418774965238467871e+02 1.017031062027089234e+02
1.417843849472727698e+02 1.016666338253816804e+02
1.416912733706987524e+02 1.016301614480544373e+02
1.415981617941247350e+02 1.015936890707271942e+02
1.415050502175507177e+02 1.015572166933999512e+02
1.414119386409767003e+02 1.015207443160727081e+02
1.413188270644026829e+02 1.014842719387454650e+02
1.412257154878286656e+02 1.014477995614182220e+02
1.411326039112546482e+02 1.014113271840909789e+02
1.410394923346806308e+02 1.013748548067637358e+02
1.409463807581066135e+02 1.013383824294364928e+02
1.408532691815325961e+02 1.013019100521092497e+02
1.407601576049585788e+02 1.012654376747820066e+02
1.406670460283845614e+02 1.012289652974547636e+02
1.405739344518105440e+02 1.011924929201275205e+02
1.404808228752365267e+02 1.011560205428002774e+02
1.403877112986625093e+02 1.011195481654730344e+02
1.402945997220884919e+02 1.010830757881457913e+02
1.402014881455144746e+02 1.010466034108185482e+02
1.401083765689404572e+02 1.010101310334913052e+02
1.400152649923664399e+02 1.009736586561640621e+02
1.399221534157924225e+02 1.009371862788368190e+02
1.398290418392184051e+02 1.009007139015095760e+02
1.397359302626443878e+02 1.008642415241823329e+02
1.396428186860703704e+02 1.008277691468550898e+02
1.395497071094963530e+02 1.007912967695278468e+02
1.394565955329223357e+02 1.007548243922006037e+02
1.393634839563483183e+02 1.007183520148733606e+02
1.392703723797743010e+02 1.006818796375461176e+02
1.391772608032002836e+02 1.006454072602188745e+02
1.390841492266262662e+02 1.006089348828916314e+02
1.389910376500522489e+02 1.005724625055643884e+02
1.388979260734782315e+02 1.005359901282371453e+02
1.388048144969042141e+02 1.004995177509099022e+02
1.387117029203301968e+02 1.004630453735826592e+02
1.386185913437561794e+02 1.004265729962554161e+02
1.385254797671821620e+02 1.003901006189281730e+02
1.384323681906081447e+02 1.003536282416009300e+02
1.383392566140341273e+02 1.003171558642736869e+02
1.382461450374601100e+02 1.002806834869464438e+02
1.381530334608860926e+02 1.002442111096192008e+02
1.380599218843120752e+02 1.002077387322919577e+02
1.379668103077380579e+02 1.001712663549647147e+02
1.378736987311640405e+02 1.001347939776374716e+02
1.377805871545900231e+02 1.000983216003102285e+02
1.376874755780160058e+02 1.000618492229829855e+02
1.375943640014419884e+02 1.000253768456557424e+02
1.375012524248679711e+02 9.998890446832849932e+01
1.374081408482939537e+02 9.995243209100125625e+01
1.373150292717199363e+02 9.991595971367401319e+01
1.372219176951459190e+02 9.987948733634677012e+01
1.371288061185719016e+02 9.984301495901952705e+01
1.370356945419978842e+02 9.980654258169228399e+01
1.369425829654238669e+02 9.977007020436504092e+01
1.368494713888498495e+02 9.973359782703779786e+01
1.367563598122758322e+02 9.969712544971055479e+01
1.366632482357018148e+02 9.966065307238331172e+01
1.365701366591277974e+02 9.962418069505606866e+01
1.364770250825537801e+02 9.958770831772882559e+01
1.363839135059797627e+02 9.955123594040158252e+01
1.362908019294057453e+02 9.951476356307433946e+01
1.361976903528317280e+02 9.947829118574709639e+01
1.361045787762577106e+02 9.944181880841985333e+01
1.360114671996836933e+02 9.940534643109261026e+01
1.359183556231096759e+02 9.936887405376536719e+01
1.358252440465356585e+02 9.933240167643812413e+01
1.357321324699616412e+02 9.929592929911088106e+01
1.356390208933876238e+02 9.925945692178363799e+01
1.355459093168136064e+02 9.922298454445639493e+01
1.354527977402395891e+02 9.918651216712915186e+01
1.353596861636655717e+02 9.915003978980190880e+01
1.352665745870915543e+02 9.911356741247466573e+01
1.351734630105175370e+02 9.907709503514742266e+01
1.350803514339435196e+02 9.904062265782017960e+01
1.349872398573695023e+02 9.900415028049293653e+01
1.348941282807954849e+02 9.896767790316569346e+01
1.348010167042214675e+02 9.893120552583845040e+01
1.347079051276474502e+02 9.889473314851120733e+01
1.346147935510734328e+02 9.885826077118396427e+01
1.345216819744994154e+02 9.882178839385672120e+01
1.344285703979253981e+02 9.878531601652947813e+01
1.343354588213513807e+02 9.874884363920223507e+01
1.342423472447773634e+02 9.871237126187499200e+01
1.341492356682033460e+02 9.867589888454774893e+01
1.340561240916293286e+02 9.863942650722050587e+01
1.339630125150553113e+02 9.860295412989326280e+01
1.338699009384812939e+02 9.856648175256601974e+01
1.337767893619072765e+02 9.853000937523877667e+01
1.336836777853332592e+02 9.849353699791153360e+01
1.335905662087592418e+02 9.845706462058429054e+01
1.334974546321852245e+02 9.842059224325704747e+01
1.334043430556112071e+02 9.838411986592980440e+01
1.333112314790371897e+02 9.834764748860256134e+01
1.332181199024631724e+02 9.831117511127531827e+01
1.331250083258891550e+02 9.827470273394807521e+01
1.330318967493151376e+02 9.823823035662083214e+01
1.329387851727411203e+02 9.820175797929358907e+01
1.328456735961671029e+02 9.816528560196634601e+01
1.327525620195930856e+02 9.812881322463910294e+01
1.326594504430190682e+02 9.809234084731185987e+01
1.325663388664450508e+02 9.805586846998461681e+01
1.324732272898710335e+02 9.801939609265737374e+01
1.323801157132970161e+02 9.798292371533013068e+01
1.322870041367229987e+02 9.794645133800288761e+01
1.321938925601489814e+02 9.790997896067564454e+01
1.321007809835749640e+02 9.787350658334840148e+01
1.320076694070009466e+02 9.783703420602115841e+01
1.319145578304269293e+02 9.780056182869391534e+01
1.318214462538529119e+02 9.776408945136667228e+01
1.317283346772788946e+02 9.772761707403942921e+01
1.316352231007048772e+02 9.769114469671218615e+01
1.315421115241308598e+02 9.765467231938494308e+01
1.314489999475568425e+02 9.761819994205770001e+01
1.313558883709828251e+02 9.758172756473045695e+01
1.312627767944088077e+02 9.754525518740321388e+01
1.311696652178347904e+02 9.750878281007597081e+01
1.310765536412607730e+02 9.747231043274872775e+01
1.309834420646867557e+02 9.743583805542148468e+01
1.308903304881127383e+02 9.739936567809424162e+01
1.307972189115387209e+02 9.736289330076699855e+01
1.307041073349647036e+02 9.732642092343975548e+01
1.306109957583906862e+02 9.728994854611251242e+01
1.305178841818166688e+02 9.725347616878526935e+01
1.304247726052426515e+02 9.721700379145802628e+01
1.303316610286686341e+02 9.718053141413078322e+01
1.302385494520946168e+02 9.714405903680354015e+01
1.301454378755205994e+02 9.710758665947629709e+01
1.300523262989465820e+02 9.707111428214905402e+01
1.299592147223725647e+02 9.703464190482181095e+01
1.298661031457985473e+02 9.699816952749456789e+01
1.297729915692245299e+02 9.696169715016732482e+01
1.296798799926505126e+02 9.692522477284008176e+01
1.295867684160764952e+02 9.688875239551283869e+01
1.294936568395024779e+02 9.685228001818559562e+01
1.294005452629284605e+02 9.681580764085835256e+01
1.293074336863544431e+02 9.677933526353110949e+01
1.292143221097804258e+02 9.674286288620386642e+01
1.291212105332064084e+02 9.670639050887662336e+01
1.290280989566323910e+02 9.666991813154938029e+01
1.289349873800583737e+02 9.663344575422213723e+01
1.288418758034843563e+02 9.659697337689489416e+01
1.287487642269103389e+02 9.656050099956765109e+01
1.286556526503363216e+02 9.652402862224040803e+01
1.285625410737623042e+02 9.648755624491316496e+01
1.284694294971882869e+02 9.645108386758592189e+01
1.283763179206142695e+02 9.641461149025867883e+01
1.282832063440402521e+02 9.637813911293143576e+01
1.281900947674662348e+02 9.634166673560419270e+01
1.280969831908922174e+02 9.630519435827694963e+01
1.280038716143182000e+02 9.626872198094970656e+01
1.279107600377441827e+02 9.623224960362246350e+01
1.278176484611701653e+02 9.619577722629522043e+01
1.277245368845961480e+02 9.615930484896797736e+01
1.276314253080221306e+02 9.612283247164073430e+01
1.275383137314481132e+02 9.608636009431349123e+01
1.274452021548740959e+02 9.604988771698624817e+01
1.273520905783000785e+02 9.601341533965900510e+01
1.272589790017260611e+02 9.597694296233176203e+01
1.271658674251520438e+02 9.594047058500451897e+01
1.270727558485780264e+02 9.590399820767727590e+01
1.269796442720040091e+02 9.586752583035003283e+01
1.268865326954299917e+02 9.583105345302278977e+01
1.267934211188559743e+02 9.579458107569554670e+01
1.267003095422819570e+02 9.575810869836830364e+01
1.266071979657079396e+02 9.572163632104106057e+01
1.265140863891339222e+02 9.568516394371381750e+01
1.264209748125599049e+02 9.564869156638657444e+01
1.263278632359858875e+02 9.561221918905933137e+01
1.262347516594118702e+02 9.557574681173208830e+01
1.261416400828378528e+02 9.553927443440484524e+01
1.260485285062638354e+02 9.550280205707760217e+01
1.259554169296898181e+02 9.546632967975035911e+01
1.258623053531158007e+02 9.542985730242311604e+01
1.257691937765417833e+02 9.539338492509587297e+01
1.256760821999677660e+02 9.535691254776862991e+01
1.255829706233937486e+02 9.532044017044138684e+01
1.254898590468197312e+02 9.528396779311414377e+01
1.253967474702457139e+02 9.524749541578690071e+01
1.253036358936716965e+02 9.521102303845965764e+01
1.252105243170976792e+02 9.517455066113241458e+01
1.251174127405236618e+02 9.513807828380517151e+01
1.250243011639496444e+02 9.510160590647792844e+01
1.249311895873756271e+02 9.506513352915068538e+01
1.248380780108016097e+02 9.502866115182344231e+01
1.247449664342275923e+02 9.499218877449619924e+01
1.246518548576535750e+02 9.495571639716895618e+01
1.245587432810795576e+02 9.491924401984171311e+01
1.244656317045055403e+02 9.488277164251447005e+01
1.243725201279315229e+02 9.484629926518722698e+01
1.242794085513575055e+02 9.480982688785998391e+01
1.241862969747834882e+02 9.477335451053274085e+01
1.240931853982094708e+02 9.473688213320549778e+01
1.240000738216354534e+02 9.470040975587825471e+01
1.239069622450614361e+02 9.466393737855101165e+01
1.238138506684874187e+02 9.462746500122376858e+01
1.237207390919134014e+02 9.459099262389652552e+01
1.236276275153393840e+02 9.455452024656928245e+01
1.235345159387653666e+02 9.451804786924203938e+01
1.234414043621913493e+02 9.448157549191479632e+01
1.233482927856173319e+02 9.444510311458755325e+01
1.232551812090433145e+02 9.440863073726031018e+01
1.231620696324692972e+02 9.437215835993306712e+01
1.230689580558952798e+02 9.433568598260582405e+01
1.229758464793212624e+02 9.429921360527858099e+01
1.228827349027472451e+02 9.426274122795133792e+01
1.227896233261732277e+02 9.422626885062409485e+01
1.226965117495992104e+02 9.418979647329685179e+01
1.226034001730251930e+02 9.415332409596960872e+01
1.225102885964511756e+02 9.411685171864236565e+01
1.224171770198771583e+02 9.408037934131512259e+01
1.223240654433031409e+02 9.404390696398787952e+01
1.222309538667291235e+02 9.400743458666063646e+01
1.221378422901551062e+02 9.397096220933339339e+01
1.220447307135810888e+02 9.393448983200615032e+01
1.219516191370070715e+02 9.389801745467890726e+01
1.218585075604330541e+02 9.386154507735166419e+01
1.217653959838590367e+02 9.382507270002442112e+01
1.216722844072850194e+02 9.378860032269717806e+01
1.215791728307110020e+02 9.375212794536993499e+01
1.214860612541369846e+02 9.371565556804269193e+01
1.213929496775629673e+02 9.367918319071544886e+01
1.212998381009889499e+02 9.364271081338820579e+01
1.212067265244149326e+02 9.360623843606096273e+01
1.211136149478409152e+02 9.356976605873371966e+01
1.210205033712668978e+02 9.353329368140647659e+01
1.209273917946928805e+02 9.349682130407923353e+01
1.208342802181188631e+02 9.346034892675199046e+01
1.207411686415448457e+02 9.342387654942474740e+01
1.206480570649708284e+02 9.338740417209750433e+01
1.205549454883968110e+02 9.335093179477026126e+01
1.204618339118227937e+02 9.331445941744301820e+01
1.203687223352487763e+02 9.327798704011577513e+01
1.202756107586747589e+02 9.324151466278853206e+01
1.201824991821007416e+02 9.320504228546128900e+01
1.200893876055267242e+02 9.316856990813404593e+01
1.199962760289527068e+02 9.313209753080680287e+01
1.199031644523786895e+02 9.309562515347955980e+01
1.198100528758046721e+02 9.305915277615231673e+01
1.197169412992306547e+02 9.302268039882507367e+01
1.196238297226566374e+02 9.298620802149783060e+01
1.195307181460826200e+02 9.294973564417058753e+01
1.194376065695086027e+02 9.291326326684334447e+01
1.193444949929345853e+02 9.287679088951610140e+01
1.192513834163605679e+02 9.284031851218885834e+01
1.191582718397865506e+02 9.280384613486161527e+01
1.190651602632125332e+02 9.276737375753437220e+01
1.189720486866385158e+02 9.273090138020712914e+01
1.188789371100644985e+02 9.269442900287988607e+01
1.187858255334904811e+02 9.265795662555264300e+01
1.186927139569164638e+02 9.262148424822539994e+01
1.185996023803424464e+02 9.258501187089815687e+01
1.185064908037684290e+02 9.254853949357091381e+01
1.184133792271944117e+02 9.251206711624367074e+01
1.183202676506203943e+02 9.247559473891642767e+01
1.182271560740463769e+02 9.243912236158918461e+01
1.181340444974723596e+02 9.240264998426194154e+01
1.180409329208983422e+02 9.236617760693469847e+01
1.179478213443243249e+02 9.232970522960745541e+01
1.178547097677503075e+02 9.229323285228021234e+01
1.177615981911762901e+02 9.225676047495296928e+01
1.176684866146022728e+02 9.222028809762572621e+01
1.175753750380282554e+02 9.218381572029848314e+01
1.174822634614542380e+02 9.214734334297124008e+01
1.173891518848802207e+02 9.211087096564399701e+01
1.172960403083062033e+02 9.207439858831675394e+01
1.172029287317321860e+02 9.203792621098951088e+01
1.171098171551581686e+02 9.200145383366226781e+01
1.170167055785841512e+02 9.196498145633502475e+01
1.169235940020101339e+02 9.192850907900778168e+01
1.168304824254361165e+02 9.189203670168053861e+01
1.167373708488620991e+02 9.185556432435329555e+01
1.166442592722880818e+02 9.181909194702605248e+01
1.165511476957140644e+02 9.178261956969880941e+01
1.164580361191400470e+02 9.174614719237156635e+01
1.163052586744616690e+02 9.168630332747201805e+01
1.163685107546735367e+02 9.160884899028634720e+01
1.164317628348854043e+02 9.153139465310067635e+01
1.164950149150972720e+02 9.145394031591500550e+01
1.165582669953091397e+02 9.137648597872933465e+01
1.166215190755210074e+02 9.129903164154366380e+01
1.166847711557328751e+02 9.122157730435799294e+01
1.167480232359447427e+02 9.114412296717232209e+01
1.168112753161566104e+02 9.106666862998665124e+01
1.168745273963684781e+02 9.098921429280098039e+01
1.169377794765803458e+02 9.091175995561530954e+01
1.170010315567922135e+02 9.083430561842963868e+01
1.170642836370040811e+02 9.075685128124396783e+01
1.171275357172159488e+02 9.067939694405829698e+01
1.171907877974278165e+02 9.060194260687262613e+01
1.172540398776396842e+02 9.052448826968695528e+01
1.173172919578515518e+02 9.044703393250128443e+01
1.173805440380634195e+02 9.036957959531561357e+01
1.174437961182752872e+02 9.029212525812994272e+01
1.175070481984871549e+02 9.021467092094427187e+01
1.175703002786990226e+02 9.013721658375860102e+01
1.176335523589108902e+02 9.005976224657293017e+01
1.176968044391227579e+02 8.998230790938725931e+01
1.177600565193346256e+02 8.990485357220158846e+01
1.178233085995464933e+02 8.982739923501591761e+01
1.178865606797583609e+02 8.974994489783024676e+01
1.179498127599702286e+02 8.967249056064457591e+01
1.180130648401820963e+02 8.959503622345890506e+01
1.180763169203939640e+02 8.951758188627323420e+01
1.181395690006058317e+02 8.944012754908756335e+01
1.182028210808176993e+02 8.936267321190189250e+01
1.182660731610295670e+02 8.928521887471622165e+01
1.183293252412414347e+02 8.920776453753055080e+01
1.183925773214533024e+02 8.913031020034487995e+01
1.184558294016651701e+02 8.905285586315920909e+01
1.185190814818770377e+02 8.897540152597353824e+01
1.185823335620889054e+02 8.889794718878786739e+01
1.186455856423007731e+02 8.882049285160219654e+01
1.187088377225126408e+02 8.874303851441652569e+01
1.187720898027245084e+02 8.866558417723085483e+01
1.188353418829363761e+02 8.858812984004518398e+01
1.188985939631482438e+02 8.851067550285951313e+01
1.189618460433601115e+02 8.843322116567384228e+01
1.190250981235719792e+02 8.835576682848817143e+01
1.190883502037838468e+02 8.827831249130250058e+01
1.191516022839957145e+02 8.820085815411682972e+01
1.192148543642075822e+02 8.812340381693115887e+01
1.192781064444194499e+02 8.804594947974548802e+01
1.193413585246313176e+02 8.796849514255981717e+01
1.194046106048431852e+02 8.789104080537414632e+01
1.194678626850550529e+02 8.781358646818847546e+01
1.195311147652669206e+02 8.773613213100280461e+01
1.195943668454787883e+02 8.765867779381713376e+01
1.196576189256906559e+02 8.758122345663146291e+01
1.197208710059025236e+02 8.750376911944579206e+01
1.197841230861143913e+02 8.742631478226012121e+01
1.198473751663262590e+02 8.734886044507445035e+01
1.199106272465381267e+02 8.727140610788877950e+01
1.199738793267499943e+02 8.719395177070310865e+01
1.200371314069618620e+02 8.711649743351743780e+01
1.201003834871737297e+02 8.703904309633176695e+01
1.201636355673855974e+02 8.696158875914609609e+01
1.202268876475974650e+02 8.688413442196042524e+01
1.202901397278093327e+02 8.680668008477475439e+01
1.203533918080212004e+02 8.672922574758908354e+01
1.204166438882330681e+02 8.665177141040341269e+01
1.204798959684449358e+02 8.657431707321774184e+01
1.205431480486568034e+02 8.649686273603207098e+01
1.206064001288686711e+02 8.641940839884640013e+01
1.206696522090805388e+02 8.634195406166072928e+01
1.207329042892924065e+02 8.626449972447505843e+01
1.207961563695042742e+02 8.618704538728938758e+01
1.208594084497161418e+02 8.610959105010371673e+01
1.209226605299280095e+02 8.603213671291804587e+01
1.209859126101398772e+02 8.595468237573237502e+01
1.210491646903517449e+02 8.587722803854670417e+01
1.211124167705636125e+02 8.579977370136103332e+01
1.211756688507754802e+02 8.572231936417536247e+01
1.212389209309873479e+02 8.564486502698969161e+01
1.213021730111992156e+02 8.556741068980402076e+01
1.213654250914110833e+02 8.548995635261834991e+01
1.214286771716229509e+02 8.541250201543267906e+01
1.214919292518348186e+02 8.533504767824700821e+01
1.215551813320466863e+02 8.525759334106133736e+01
1.216184334122585540e+02 8.518013900387566650e+01
1.216816854924704217e+02 8.510268466668999565e+01
1.217449375726822893e+02 8.502523032950432480e+01
1.218081896528941570e+02 8.494777599231865395e+01
1.218714417331060247e+02 8.487032165513298310e+01
1.219346938133178924e+02 8.479286731794731224e+01
1.219979458935297600e+02 8.471541298076164139e+01
1.220611979737416277e+02 8.463795864357597054e+01
1.221244500539534954e+02 8.456050430639029969e+01
1.221877021341653631e+02 8.448304996920462884e+01
1.222509542143772308e+02 8.440559563201895799e+01
1.223142062945890984e+02 8.432814129483328713e+01
1.223774583748009661e+02 8.425068695764761628e+01
1.224407104550128338e+02 8.417323262046194543e+01
1.225039625352247015e+02 8.409577828327627458e+01
1.225672146154365691e+02 8.401832394609060373e+01
1.226304666956484368e+02 8.394086960890493287e+01
1.226937187758603045e+02 8.386341527171926202e+01
1.227569708560721722e+02 8.378596093453359117e+01
1.228202229362840399e+02 8.370850659734792032e+01
1.228834750164959075e+02 8.363105226016224947e+01
1.229467270967077752e+02 8.355359792297657862e+01
1.230099791769196429e+02 8.347614358579090776e+01
1.230732312571315106e+02 8.339868924860523691e+01
1.231364833373433783e+02 8.332123491141956606e+01
1.231997354175552459e+02 8.324378057423389521e+01
1.232629874977671136e+02 8.316632623704822436e+01
1.233262395779789813e+02 8.308887189986255351e+01
1.233894916581908490e+02 8.301141756267688265e+01
1.234527437384027166e+02 8.293396322549121180e+01
1.235159958186145843e+02 8.285650888830554095e+01
1.235792478988264520e+02 8.277905455111987010e+01
1.236424999790383197e+02 8.270160021393419925e+01
1.237057520592501874e+02 8.262414587674852839e+01
1.237690041394620550e+02 8.254669153956285754e+01
1.238322562196739227e+02 8.246923720237718669e+01
1.238955082998857904e+02 8.239178286519151584e+01
1.239587603800976581e+02 8.231432852800584499e+01
1.240220124603095257e+02 8.223687419082017414e+01
1.240852645405213934e+02 8.215941985363450328e+01
1.241485166207332611e+02 8.208196551644883243e+01
1.242117687009451288e+02 8.200451117926316158e+01
1.242750207811569965e+02 8.192705684207749073e+01
1.243382728613688641e+02 8.184960250489181988e+01
1.244015249415807318e+02 8.177214816770614902e+01
1.244647770217925995e+02 8.169469383052047817e+01
1.245280291020044672e+02 8.161723949333480732e+01
1.245912811822163349e+02 8.153978515614913647e+01
1.246545332624282025e+02 8.146233081896346562e+01
1.247177853426400702e+02 8.138487648177779477e+01
1.247810374228519379e+02 8.130742214459212391e+01
1.248442895030638056e+02 8.122996780740645306e+01
1.249075415832756732e+02 8.115251347022078221e+01
1.249707936634875409e+02 8.107505913303511136e+01
1.250340457436994086e+02 8.099760479584944051e+01
1.250972978239112763e+02 8.092015045866376965e+01
1.251605499041231440e+02 8.084269612147809880e+01
1.252238019843350116e+02 8.076524178429242795e+01
1.252870540645468793e+02 8.068778744710675710e+01
1.253503061447587470e+02 8.061033310992108625e+01
1.254135582249706147e+02 8.053287877273541540e+01
1.254768103051824824e+02 8.045542443554974454e+01
1.255400623853943500e+02 8.037797009836407369e+01
1.256033144656062177e+02 8.030051576117840284e+01
1.256665665458180854e+02 8.022306142399273199e+01
1.257298186260299531e+02 8.014560708680706114e+01
1.257930707062418207e+02 8.006815274962139029e+01
1.258563227864536884e+02 7.999069841243571943e+01
1.259195748666655561e+02 7.991324407525004858e+01
1.259828269468774238e+02 7.983578973806437773e+01
1.260460790270892915e+02 7.975833540087870688e+01
1.261093311073011591e+02 7.968088106369303603e+01
1.261725831875130268e+02 7.960342672650736517e+01
1.262358352677248945e+02 7.952597238932169432e+01
1.262990873479367622e+02 7.944851805213602347e+01
1.263623394281486298e+02 7.937106371495035262e+01
1.264255915083604975e+02 7.929360937776468177e+01
1.264888435885723652e+02 7.921615504057901092e+01
1.265520956687842329e+02 7.913870070339334006e+01
1.266153477489961006e+02 7.906124636620766921e+01
1.266785998292079682e+02 7.898379202902199836e+01
1.267418519094198359e+02 7.890633769183632751e+01
1.268051039896317036e+02 7.882888335465065666e+01
1.268683560698435713e+02 7.875142901746498580e+01
1.269316081500554390e+02 7.867397468027931495e+01
1.269948602302673066e+02 7.859652034309364410e+01
1.270581123104791743e+02 7.851906600590797325e+01
1.271213643906910420e+02 7.844161166872230240e+01
1.271846164709029097e+02 7.836415733153663155e+01
1.272478685511147773e+02 7.828670299435096069e+01
1.273111206313266450e+02 7.820924865716528984e+01
1.273743727115385127e+02 7.813179431997961899e+01
1.274376247917503804e+02 7.805433998279394814e+01
1.275008768719622481e+02 7.797688564560827729e+01
1.275641289521741157e+02 7.789943130842260643e+01
1.276273810323859834e+02 7.782197697123693558e+01
1.276906331125978511e+02 7.774452263405126473e+01
1.277538851928097188e+02 7.766706829686559388e+01
1.278171372730215865e+02 7.758961395967992303e+01
1.278803893532334541e+02 7.751215962249425218e+01
1.279436414334453218e+02 7.743470528530858132e+01
1.280068935136571895e+02 7.735725094812291047e+01
1.280701455938690572e+02 7.727979661093723962e+01
1.281333976740809248e+02 7.720234227375156877e+01
1.281966497542927925e+02 7.712488793656589792e+01
1.282599018345046602e+02 7.704743359938022707e+01
1.283231539147165279e+02 7.696997926219455621e+01
1.283864059949283956e+02 7.689252492500888536e+01
1.284496580751402632e+02 7.681507058782321451e+01
1.285129101553521309e+02 7.673761625063754366e+01
1.285761622355639986e+02 7.666016191345187281e+01
1.286394143157758663e+02 7.658270757626620195e+01
1.287026663959877339e+02 7.650525323908053110e+01
1.287659184761996016e+02 7.642779890189486025e+01
1.288291705564114693e+02 7.635034456470918940e+01
1.288924226366233370e+02 7.627289022752351855e+01
1.289556747168352047e+02 7.619543589033784770e+01
1.290189267970470723e+02 7.611798155315217684e+01
1.290821788772589400e+02 7.604052721596650599e+01
1.291454309574708077e+02 7.596307287878083514e+01
1.292086830376826754e+02 7.588561854159516429e+01
1.292719351178945431e+02 7.580816420440949344e+01
1.293351871981064107e+02 7.573070986722382258e+01
1.293984392783182784e+02 7.565325553003815173e+01
1.294616913585301461e+02 7.557580119285248088e+01
1.295249434387420138e+02 7.549834685566681003e+01
1.295881955189538814e+02 7.542089251848113918e+01
1.296514475991657491e+02 7.534343818129546833e+01
1.297146996793776168e+02 7.526598384410979747e+01
1.297779517595894845e+02 7.518852950692412662e+01
1.298412038398013522e+02 7.511107516973845577e+01
1.299044559200132198e+02 7.503362083255278492e+01
1.299677080002250875e+02 7.495616649536711407e+01
1.300309600804369552e+02 7.487871215818144321e+01
1.300942121606488229e+02 7.480125782099577236e+01
1.301574642408606906e+02 7.472380348381010151e+01
1.302207163210725582e+02 7.464634914662443066e+01
1.302839684012844259e+02 7.456889480943875981e+01
1.303472204814962936e+02 7.449144047225308896e+01
1.304104725617081613e+02 7.441398613506741810e+01
1.304737246419200289e+02 7.433653179788174725e+01
1.305369767221318966e+02 7.425907746069607640e+01
1.306002288023437643e+02 7.418162312351040555e+01
1.306634808825556320e+02 7.410416878632473470e+01
1.307267329627674997e+02 7.402671444913906384e+01
1.308345454518737654e+02 7.389469436606452746e+01
1.308990925238748275e+02 7.397107286759531064e+01
1.309636395958758897e+02 7.404745136912609382e+01
1.310281866678769518e+02 7.412382987065687701e+01
1.310927337398780139e+02 7.420020837218766019e+01
1.311572808118790761e+02 7.427658687371844337e+01
1.312218278838801382e+02 7.435296537524922655e+01
1.312863749558812003e+02 7.442934387678000974e+01
1.313509220278822625e+02 7.450572237831079292e+01
1.314154690998833246e+02 7.458210087984157610e+01
1.314800161718843867e+02 7.465847938137235928e+01
1.315445632438854489e+02 7.473485788290314247e+01
1.316091103158865110e+02 7.481123638443392565e+01
1.316736573878875731e+02 7.488761488596470883e+01
1.317382044598886353e+02 7.496399338749549202e+01
1.318027515318896974e+02 7.504037188902627520e+01
1.318672986038907595e+02 7.511675039055705838e+01
1.319318456758918217e+02 7.519312889208784156e+01
1.319963927478928838e+02 7.526950739361862475e+01
1.320609398198939459e+02 7.534588589514940793e+01
1.321254868918950081e+02 7.542226439668019111e+01
1.321900339638960702e+02 7.549864289821097429e+01
1.322545810358971323e+02 7.557502139974175748e+01
1.323191281078981945e+02 7.565139990127254066e+01
1.323836751798992566e+02 7.572777840280332384e+01
1.324482222519003187e+02 7.580415690433410703e+01
1.325127693239013809e+02 7.588053540586489021e+01
1.325773163959024430e+02 7.595691390739567339e+01
1.326418634679035051e+02 7.603329240892645657e+01
1.327064105399045673e+02 7.610967091045723976e+01
1.327709576119056294e+02 7.618604941198802294e+01
1.328355046839066915e+02 7.626242791351880612e+01
1.329000517559077537e+02 7.633880641504958930e+01
1.329645988279088158e+02 7.641518491658037249e+01
1.330291458999098779e+02 7.649156341811115567e+01
1.330936929719109401e+02 7.656794191964193885e+01
1.331582400439120022e+02 7.664432042117272204e+01
1.332227871159130643e+02 7.672069892270350522e+01
1.332873341879141265e+02 7.679707742423428840e+01
1.333518812599151886e+02 7.687345592576507158e+01
1.334164283319162507e+02 7.694983442729585477e+01
1.334809754039173129e+02 7.702621292882663795e+01
1.335455224759183750e+02 7.710259143035742113e+01
1.336100695479194371e+02 7.717896993188820431e+01
1.336746166199204993e+02 7.725534843341898750e+01
1.337391636919215614e+02 7.733172693494977068e+01
1.338037107639226235e+02 7.740810543648055386e+01
1.338682578359236857e+02 7.748448393801133705e+01
1.339328049079247478e+02 7.756086243954212023e+01
1.339973519799258099e+02 7.763724094107290341e+01
1.340618990519268721e+02 7.771361944260368659e+01
1.341264461239279342e+02 7.778999794413446978e+01
1.341909931959289963e+02 7.786637644566525296e+01
1.342555402679300585e+02 7.794275494719603614e+01
1.343200873399311206e+02 7.801913344872681932e+01
1.343846344119321827e+02 7.809551195025760251e+01
1.344491814839332449e+02 7.817189045178838569e+01
1.345137285559343070e+02 7.824826895331916887e+01
1.345782756279353691e+02 7.832464745484995206e+01
1.346428226999364313e+02 7.840102595638073524e+01
1.347073697719374934e+02 7.847740445791151842e+01
1.347719168439385555e+02 7.855378295944230160e+01
1.348364639159396177e+02 7.863016146097308479e+01
1.349010109879406798e+02 7.870653996250386797e+01
1.349655580599417419e+02 7.878291846403465115e+01
1.350301051319428041e+02 7.885929696556543433e+01
1.350946522039438662e+02 7.893567546709621752e+01
1.351591992759449283e+02 7.901205396862700070e+01
1.352237463479459905e+02 7.908843247015778388e+01
1.352882934199470526e+02 7.916481097168856707e+01
1.353528404919481147e+02 7.924118947321935025e+01
1.354173875639491769e+02 7.931756797475013343e+01
1.354819346359502390e+02 7.939394647628091661e+01
1.355464817079513011e+02 7.947032497781169980e+01
1.356110287799523633e+02 7.954670347934248298e+01
1.356755758519534254e+02 7.962308198087326616e+01
1.357401229239544875e+02 7.969946048240404934e+01
1.358046699959555497e+02 7.977583898393483253e+01
1.358692170679566118e+02 7.985221748546561571e+01
1.359337641399576739e+02 7.992859598699639889e+01
1.359983112119587361e+02 8.000497448852718207e+01
1.360628582839597982e+02 8.008135299005796526e+01
1.361274053559608603e+02 8.015773149158874844e+01
1.361919524279619225e+02 8.023410999311953162e+01
1.362564994999629846e+02 8.031048849465031481e+01
1.363210465719640467e+02 8.038686699618109799e+01
1.363855936439651089e+02 8.046324549771188117e+01
1.364501407159661710e+02 8.053962399924266435e+01
1.365146877879672331e+02 8.061600250077344754e+01
1.365792348599682953e+02 8.069238100230423072e+01
1.366437819319693574e+02 8.076875950383501390e+01
1.367083290039704195e+02 8.084513800536579708e+01
1.367728760759714817e+02 8.092151650689658027e+01
1.368374231479725438e+02 8.099789500842736345e+01
1.369019702199736059e+02 8.107427350995814663e+01
1.369665172919746681e+02 8.115065201148892982e+01
1.370310643639757302e+02 8.122703051301971300e+01
1.370956114359767923e+02 8.130340901455049618e+01
1.371601585079778545e+02 8.137978751608127936e+01
1.372247055799789166e+02 8.145616601761206255e+01
1.372892526519799787e+02 8.153254451914284573e+01
1.373537997239810409e+02 8.160892302067362891e+01
1.374183467959821030e+02 8.168530152220441209e+01
1.374828938679831651e+02 8.176168002373519528e+01
1.375474409399842273e+02 8.183805852526597846e+01
1.376119880119852894e+02 8.191443702679676164e+01
1.376765350839863515e+02 8.199081552832754483e+01
1.377410821559874137e+02 8.206719402985832801e+01
1.378056292279884758e+02 8.214357253138911119e+01
1.378701762999895379e+02 8.221995103291989437e+01
1.379347233719906001e+02 8.229632953445067756e+01
1.379992704439916622e+02 8.237270803598146074e+01
1.380638175159927243e+02 8.244908653751224392e+01
1.381283645879937865e+02 8.252546503904302710e+01
1.381929116599948486e+02 8.260184354057381029e+01
1.382574587319959107e+02 8.267822204210459347e+01
1.383220058039969729e+02 8.275460054363537665e+01
1.383865528759980350e+02 8.283097904516615984e+01
1.384510999479990971e+02 8.290735754669694302e+01
1.385156470200001593e+02 8.298373604822772620e+01
1.385801940920012214e+02 8.306011454975850938e+01
1.386447411640022835e+02 8.313649305128929257e+01
1.387092882360033457e+02 8.321287155282007575e+01
1.387738353080044078e+02 8.328925005435085893e+01
1.388383823800054699e+02 8.336562855588164211e+01
1.389029294520065321e+02 8.344200705741242530e+01
1.389674765240075942e+02 8.351838555894320848e+01
1.390320235960086563e+02 8.359476406047399166e+01
1.390965706680097185e+02 8.367114256200477485e+01
1.391611177400107806e+02 8.374752106353555803e+01
1.392256648120118427e+02 8.382389956506634121e+01
1.392902118840129049e+02 8.390027806659712439e+01
1.393547589560139670e+02 8.397665656812790758e+01
1.394193060280150291e+02 8.405303506965869076e+01
1.394838531000160913e+02 8.412941357118947394e+01
1.395484001720171534e+02 8.420579207272025712e+01
1.396129472440182155e+02 8.428217057425104031e+01
1.396774943160192777e+02 8.435854907578182349e+01
1.397420413880203398e+02 8.443492757731260667e+01
1.398065884600214019e+02 8.451130607884338986e+01
1.398711355320224641e+02 8.458768458037417304e+01
1.399356826040235262e+02 8.466406308190495622e+01
1.400002296760245883e+02 8.474044158343573940e+01
1.400647767480256505e+02 8.481682008496652259e+01
1.401293238200267126e+02 8.489319858649730577e+01
1.401938708920277747e+02 8.496957708802808895e+01
1.402584179640288369e+02 8.504595558955887213e+01
1.403229650360298990e+02 8.512233409108965532e+01
1.403875121080309611e+02 8.519871259262043850e+01
1.404520591800320233e+02 8.527509109415122168e+01
1.405166062520330854e+02 8.535146959568200487e+01
1.405811533240341475e+02 8.542784809721278805e+01
1.406457003960352097e+02 8.550422659874357123e+01
1.407102474680362718e+02 8.558060510027435441e+01
1.407747945400373339e+02 8.565698360180513760e+01
1.408393416120383961e+02 8.573336210333592078e+01
1.409038886840394582e+02 8.580974060486670396e+01
1.409684357560405203e+02 8.588611910639748714e+01
1.410329828280415825e+02 8.596249760792827033e+01
1.410975299000426446e+02 8.603887610945905351e+01
1.411620769720437067e+02 8.611525461098983669e+01
1.412266240440447689e+02 8.619163311252061987e+01
1.412911711160458310e+02 8.626801161405140306e+01
1.413557181880468931e+02 8.634439011558218624e+01
1.414202652600479553e+02 8.642076861711296942e+01
1.414848123320490174e+02 8.649714711864375261e+01
1.415493594040500795e+02 8.657352562017453579e+01
1.416139064760511417e+02 8.664990412170531897e+01
1.416784535480522038e+02 8.672628262323610215e+01
1.417430006200532659e+02 8.680266112476688534e+01
1.418075476920543281e+02 8.687903962629766852e+01
1.418720947640553902e+02 8.695541812782845170e+01
1.419366418360564523e+02 8.703179662935923488e+01
1.420011889080575145e+02 8.710817513089001807e+01
1.420657359800585766e+02 8.718455363242080125e+01
1.421302830520596387e+02 8.726093213395158443e+01
1.421948301240607009e+02 8.733731063548236762e+01
1.422593771960617630e+02 8.741368913701315080e+01
1.423239242680628251e+02 8.749006763854393398e+01
1.423884713400638873e+02 8.756644614007471716e+01
1.424530184120649494e+02 8.764282464160550035e+01
1.425175654840660115e+02 8.771920314313628353e+01
1.425821125560670737e+02 8.779558164466706671e+01
1.426466596280681358e+02 8.787196014619784989e+01
1.427112067000691980e+02 8.794833864772863308e+01
1.427757537720702601e+02 8.802471714925941626e+01
1.428403008440713222e+02 8.810109565079019944e+01
1.429048479160723844e+02 8.817747415232098263e+01
1.429693949880734465e+02 8.825385265385176581e+01
1.430339420600745086e+02 8.833023115538254899e+01
1.430984891320755708e+02 8.840660965691333217e+01
1.431630362040766329e+02 8.848298815844411536e+01
1.432275832760776950e+02 8.855936665997489854e+01
1.432921303480787572e+02 8.863574516150568172e+01
1.433566774200798193e+02 8.871212366303646490e+01
1.434212244920808814e+02 8.878850216456724809e+01
1.434857715640819436e+02 8.886488066609803127e+01
1.435503186360830057e+02 8.894125916762881445e+01
1.436148657080840678e+02 8.901763766915959764e+01
1.436794127800851300e+02 8.909401617069038082e+01
1.437439598520861921e+02 8.917039467222116400e+01
1.438085069240872542e+02 8.924677317375194718e+01
1.438730539960883164e+02 8.932315167528273037e+01
1.439376010680893785e+02 8.939953017681351355e+01
1.440021481400904406e+02 8.947590867834429673e+01
1.440666952120915028e+02 8.955228717987507991e+01
1.441312422840925649e+02 8.962866568140586310e+01
1.441957893560936270e+02 8.970504418293664628e+01
1.442603364280946892e+02 8.978142268446742946e+01
1.443248835000957513e+02 8.985780118599821265e+01
1.443894305720968134e+02 8.993417968752899583e+01
1.444539776440978756e+02 9.001055818905977901e+01
1.445185247160989377e+02 9.008693669059056219e+01
1.445830717880999998e+02 9.016331519212134538e+01
1.446476188601010620e+02 9.023969369365212856e+01
1.447121659321021241e+02 9.031607219518291174e+01
1.447767130041031862e+02 9.039245069671369492e+01
1.448412600761042484e+02 9.046882919824447811e+01
1.449058071481053105e+02 9.054520769977526129e+01
1.449703542201063726e+02 9.062158620130604447e+01
1.450349012921074348e+02 9.069796470283682766e+01
1.450994483641084969e+02 9.077434320436761084e+01
1.451639954361095590e+02 9.085072170589839402e+01
1.452285425081106212e+02 9.092710020742917720e+01
1.452930895801116833e+02 9.100347870895996039e+01
1.453576366521127454e+02 9.107985721049074357e+01
1.454221837241138076e+02 9.115623571202152675e+01
1.454867307961148697e+02 9.123261421355230993e+01
1.455512778681159318e+02 9.130899271508309312e+01
1.456158249401169940e+02 9.138537121661387630e+01
1.456803720121180561e+02 9.146174971814465948e+01
1.457449190841191182e+02 9.153812821967544266e+01
1.458094661561201804e+02 9.161450672120622585e+01
1.458740132281212425e+02 9.169088522273700903e+01
1.459385603001223046e+02 9.176726372426779221e+01
1.460031073721233668e+02 9.184364222579857540e+01
1.460676544441244289e+02 9.192002072732935858e+01
1.461322015161254910e+02 9.199639922886014176e+01
1.461967485881265532e+02 9.207277773039092494e+01
1.462612956601276153e+02 9.214915623192170813e+01
1.463258427321286774e+02 9.222553473345249131e+01
1.463903898041297396e+02 9.230191323498327449e+01
1.464549368761308017e+02 9.237829173651405767e+01
1.465194839481318638e+02 9.245467023804484086e+01
1.465840310201329260e+02 9.253104873957562404e+01
1.466485780921339881e+02 9.260742724110640722e+01
1.467131251641350502e+02 9.268380574263719041e+01
1.467776722361361124e+02 9.276018424416797359e+01
1.468422193081371745e+02 9.283656274569875677e+01
1.469067663801382366e+02 9.291294124722953995e+01
1.469713134521392988e+02 9.298931974876032314e+01
1.470358605241403609e+02 9.306569825029110632e+01
1.471004075961414230e+02 9.314207675182188950e+01
1.471649546681424852e+02 9.321845525335267268e+01
1.472295017401435473e+02 9.329483375488345587e+01
1.472940488121446094e+02 9.337121225641423905e+01
1.473585958841456716e+02 9.344759075794502223e+01
1.474231429561467337e+02 9.352396925947580542e+01
1.474876900281477958e+02 9.360034776100658860e+01
1.475522371001488580e+02 9.367672626253737178e+01
1.476167841721499201e+02 9.375310476406815496e+01
1.476813312441509822e+02 9.382948326559893815e+01
1.477458783161520444e+02 9.390586176712972133e+01
1.478104253881531065e+02 9.398224026866050451e+01
1.478749724601541686e+02 9.405861877019128769e+01
1.479395195321552308e+02 9.413499727172207088e+01
1.480040666041562929e+02 9.421137577325285406e+01
1.480686136761573550e+02 9.428775427478363724e+01
1.481331607481584172e+02 9.436413277631442043e+01
1.481977078201594793e+02 9.444051127784520361e+01
1.482622548921605414e+02 9.451688977937598679e+01
1.483268019641616036e+02 9.459326828090676997e+01
1.483913490361626657e+02 9.466964678243755316e+01
1.484558961081637278e+02 9.474602528396833634e+01
1.485204431801647900e+02 9.482240378549911952e+01
1.485849902521658521e+02 9.489878228702990270e+01
1.486495373241669142e+02 9.497516078856068589e+01
1.487140843961679764e+02 9.505153929009146907e+01
1.487786314681690385e+02 9.512791779162225225e+01
1.488431785401701006e+02 9.520429629315303544e+01
1.489077256121711628e+02 9.528067479468381862e+01
1.489722726841722249e+02 9.535705329621460180e+01
1.490368197561732870e+02 9.543343179774538498e+01
1.491013668281743492e+02 9.550981029927616817e+01
1.491659139001754113e+02 9.558618880080695135e+01
1.492304609721764734e+02 9.566256730233773453e+01
1.492950080441775356e+02 9.573894580386851771e+01
1.493595551161785977e+02 9.581532430539930090e+01
1.494241021881796598e+02 9.589170280693008408e+01
1.494886492601807220e+02 9.596808130846086726e+01
1.495531963321817841e+02 9.604445980999165045e+01
1.496177434041828462e+02 9.612083831152243363e+01
1.496822904761839084e+02 9.619721681305321681e+01
1.497468375481849705e+02 9.627359531458399999e+01
1.498113846201860326e+02 9.634997381611478318e+01
1.498759316921870948e+02 9.642635231764556636e+01
1.499404787641881569e+02 9.650273081917634954e+01
1.500050258361892190e+02 9.657910932070713272e+01
1.500695729081902812e+02 9.665548782223791591e+01
1.501341199801913433e+02 9.673186632376869909e+01
1.501986670521924054e+02 9.680824482529948227e+01
1.502632141241934676e+02 9.688462332683026546e+01
1.503277611961945297e+02 9.696100182836104864e+01
1.503923082681955918e+02 9.703738032989183182e+01
1.504568553401966540e+02 9.711375883142261500e+01
1.505214024121977161e+02 9.719013733295339819e+01
1.505859494841987782e+02 9.726651583448418137e+01
1.506504965561998404e+02 9.734289433601496455e+01
1.507150436282009025e+02 9.741927283754574773e+01
1.507795907002019646e+02 9.749565133907653092e+01
1.508441377722030268e+02 9.757202984060731410e+01
1.509086848442040889e+02 9.764840834213809728e+01
1.509732319162051510e+02 9.772478684366888046e+01
1.510377789882062132e+02 9.780116534519966365e+01
1.511023260602072753e+02 9.787754384673044683e+01
1.511668731322083374e+02 9.795392234826123001e+01
1.512314202042093996e+02 9.803030084979201320e+01
1.512959672762104617e+02 9.810667935132279638e+01
1.513605143482115238e+02 9.818305785285357956e+01
1.514250614202125860e+02 9.825943635438436274e+01
1.514896084922136481e+02 9.833581485591514593e+01
1.515541555642147102e+02 9.841219335744592911e+01
1.516187026362157724e+02 9.848857185897671229e+01
1.516832497082168345e+02 9.856495036050749547e+01
1.517477967802178966e+02 9.864132886203827866e+01
1.518123438522189588e+02 9.871770736356906184e+01
1.518768909242200209e+02 9.879408586509984502e+01
1.519414379962210830e+02 9.887046436663062821e+01
1.520059850682221452e+02 9.894684286816141139e+01
1.520705321402232073e+02 9.902322136969219457e+01
1.521350792122242694e+02 9.909959987122297775e+01
1.521996262842253316e+02 9.917597837275376094e+01
1.522641733562263937e+02 9.925235687428454412e+01
1.523287204282274558e+02 9.932873537581532730e+01
1.523932675002285180e+02 9.940511387734611048e+01
1.524578145722295801e+02 9.948149237887689367e+01
1.525223616442306422e+02 9.955787088040767685e+01
1.525869087162317044e+02 9.963424938193846003e+01
1.526514557882327665e+02 9.971062788346924322e+01
1.527160028602338286e+02 9.978700638500002640e+01
1.527805499322348908e+02 9.986338488653080958e+01
1.528450970042359529e+02 9.993976338806159276e+01
1.529096440762370150e+02 1.000161418895923759e+02
1.529741911482380772e+02 1.000925203911231591e+02
1.530387382202391393e+02 1.001688988926539423e+02
1.531032852922402014e+02 1.002452773941847255e+02
1.531678323642412636e+02 1.003216558957155087e+02
1.532323794362423257e+02 1.003980343972462919e+02
1.532969265082433878e+02 1.004744128987770750e+02
1.533614735802444500e+02 1.005507914003078582e+02
1.534260206522455121e+02 1.006271699018386414e+02
1.534905677242465742e+02 1.007035484033694246e+02
1.535551147962476364e+02 1.007799269049002078e+02
1.536196618682486985e+02 1.008563054064309910e+02
1.536842089402497606e+02 1.009326839079617741e+02
1.537487560122508228e+02 1.010090624094925573e+02
1.538133030842518849e+02 1.010854409110233405e+02
1.538778501562529470e+02 1.011618194125541237e+02
1.539423972282540092e+02 1.012381979140849069e+02
1.540069443002550713e+02 1.013145764156156901e+02
1.540714913722561334e+02 1.013909549171464732e+02
1.541360384442571956e+02 1.014673334186772564e+02
1.542005855162582577e+02 1.015437119202080396e+02
1.542651325882593198e+02 1.016200904217388228e+02
1.543296796602603820e+02 1.016964689232696060e+02
1.543942267322614441e+02 1.017728474248003891e+02
1.544587738042625062e+02 1.018492259263311723e+02
1.545233208762635684e+02 1.019256044278619555e+02
1.545878679482646305e+02 1.020019829293927387e+02
1.546524150202656926e+02 1.020783614309235219e+02
1.547169620922667548e+02 1.021547399324543051e+02
1.547815091642678169e+02 1.022311184339850882e+02
1.548460562362688790e+02 1.023074969355158714e+02
1.549106033082699412e+02 1.023838754370466546e+02
1.549751503802710033e+02 1.024602539385774378e+02
1.550396974522720654e+02 1.025366324401082210e+02
1.551042445242731276e+02 1.026130109416390042e+02
1.551687915962741897e+02 1.026893894431697873e+02
1.552333386682752518e+02 1.027657679447005705e+02
1.552978857402763140e+02 1.028421464462313537e+02
1.553624328122773761e+02 1.029185249477621369e+02
1.554269798842784382e+02 1.029949034492929201e+02
1.554915269562795004e+02 1.030712819508237033e+02
1.555560740282805625e+02 1.031476604523544864e+02
1.556206211002816246e+02 1.032240389538852696e+02
1.556851681722826868e+02 1.033004174554160528e+02
1.557497152442837489e+02 1.033767959569468360e+02
1.558142623162848110e+02 1.034531744584776192e+02
1.558788093882858732e+02 1.035295529600084024e+02
1.559433564602869353e+02 1.036059314615391855e+02
1.560079035322879975e+02 1.036823099630699687e+02
1.560724506042890596e+02 1.037586884646007519e+02
1.561369976762901217e+02 1.038350669661315351e+02
1.562015447482911839e+02 1.039114454676623183e+02
1.562660918202922460e+02 1.039878239691931014e+02
1.563306388922933081e+02 1.040642024707238846e+02
1.563951859642943703e+02 1.041405809722546678e+02
1.564597330362954324e+02 1.042169594737854510e+02
1.565242801082964945e+02 1.042933379753162342e+02
1.565888271802975567e+02 1.043697164768470174e+02
1.566533742522986188e+02 1.044460949783778005e+02
1.567179213242996809e+02 1.045224734799085837e+02
1.567824683963007431e+02 1.045988519814393669e+02
1.568470154683018052e+02 1.046752304829701501e+02
1.569115625403028673e+02 1.047516089845009333e+02
1.569761096123039295e+02 1.048279874860317165e+02
1.570406566843049916e+02 1.049043659875624996e+02
1.571052037563060537e+02 1.049807444890932828e+02
1.571697508283071159e+02 1.050571229906240660e+02
1.572342979003081780e+02 1.051335014921548492e+02
1.572988449723092401e+02 1.052098799936856324e+02
1.573633920443103023e+02 1.052862584952164156e+02
1.574279391163113644e+02 1.053626369967471987e+02
1.574924861883124265e+02 1.054390154982779819e+02
1.575570332603134887e+02 1.055153939998087651e+02
1.576215803323145508e+02 1.055917725013395483e+02
1.576861274043156129e+02 1.056681510028703315e+02
1.577506744763166751e+02 1.057445295044011147e+02
1.578152215483177372e+02 1.058209080059318978e+02
1.578797686203187993e+02 1.058972865074626810e+02
1.579443156923198615e+02 1.059736650089934642e+02
1.580088627643209236e+02 1.060500435105242474e+02
1.580734098363219857e+02 1.061264220120550306e+02
1.581379569083230479e+02 1.062028005135858137e+02
1.582025039803241100e+02 1.062791790151165969e+02
1.582670510523251721e+02 1.063555575166473801e+02
1.583315981243262343e+02 1.064319360181781633e+02
1.583961451963272964e+02 1.065083145197089465e+02
1.584606922683283585e+02 1.065846930212397297e+02
1.585252393403294207e+02 1.066610715227705128e+02
1.585897864123304828e+02 1.067374500243012960e+02
1.586543334843315449e+02 1.068138285258320792e+02
1.587188805563326071e+02 1.068902070273628624e+02
1.587834276283336692e+02 1.069665855288936456e+02
1.588479747003347313e+02 1.070429640304244288e+02
1.589125217723357935e+02 1.071193425319552119e+02
1.589770688443368556e+02 1.071957210334859951e+02
1.590416159163379177e+02 1.072720995350167783e+02
1.591061629883389799e+02 1.073484780365475615e+02
1.591707100603400420e+02 1.074248565380783447e+02
1.592352571323411041e+02 1.075012350396091279e+02
1.592998042043421663e+02 1.075776135411399110e+02
1.593643512763432284e+02 1.076539920426706942e+02
1.594288983483442905e+02 1.077303705442014774e+02
1.594934454203453527e+02 1.078067490457322606e+02
1.595579924923464148e+02 1.078831275472630438e+02
1.596225395643474769e+02 1.079595060487938269e+02
1.596870866363485391e+02 1.080358845503246101e+02
1.597516337083496012e+02 1.081122630518553933e+02
1.598161807803506633e+02 1.081886415533861765e+02
1.598807278523517255e+02 1.082650200549169597e+02
1.599452749243527876e+02 1.083413985564477429e+02
1.600098219963538497e+02 1.084177770579785260e+02
1.600743690683549119e+02 1.084941555595093092e+02
1.601389161403559740e+02 1.085705340610400924e+02
1.602034632123570361e+02 1.086469125625708756e+02
1.602680102843580983e+02 1.087232910641016588e+02
1.603325573563591604e+02 1.087996695656324420e+02
1.603971044283602225e+02 1.088760480671632251e+02
1.604998118386502597e+02 1.089975816681575367e+02
