1.159133623180582617e+02 5.074408771280104702e+01
1.158598525959631900e+02 5.065960866426646447e+01
1.158063428738681182e+02 5.057512961573188193e+01
1.157528331517730464e+02 5.049065056719729938e+01
1.156993234296779747e+02 5.040617151866271684e+01
1.156458137075829029e+02 5.032169247012813429e+01
1.155923039854878311e+02 5.023721342159355174e+01
1.155387942633927594e+02 5.015273437305896920e+01
1.154852845412976876e+02 5.006825532452438665e+01
1.154317748192026158e+02 4.998377627598980411e+01
1.153782650971075441e+02 4.989929722745522156e+01
1.153247553750124723e+02 4.981481817892063901e+01
1.152712456529174005e+02 4.973033913038605647e+01
1.152177359308223288e+02 4.964586008185147392e+01
1.151642262087272570e+02 4.956138103331689138e+01
1.151107164866321853e+02 4.947690198478230883e+01
1.150572067645371135e+02 4.939242293624772628e+01
1.150036970424420417e+02 4.930794388771314374e+01
1.149501873203469700e+02 4.922346483917856119e+01
1.148966775982518982e+02 4.913898579064397865e+01
1.148431678761568264e+02 4.905450674210939610e+01
1.147896581540617547e+02 4.897002769357481355e+01
1.147361484319666829e+02 4.888554864504023101e+01
1.146826387098716111e+02 4.880106959650564846e+01
1.146291289877765394e+02 4.871659054797106592e+01
1.145756192656814676e+02 4.863211149943648337e+01
1.145221095435863958e+02 4.854763245090190082e+01
1.144685998214913241e+02 4.846315340236731828e+01
1.144150900993962523e+02 4.837867435383273573e+01
1.143615803773011805e+02 4.829419530529815319e+01
1.143080706552061088e+02 4.820971625676357064e+01
1.142545609331110370e+02 4.812523720822898810e+01
1.142010512110159652e+02 4.804075815969440555e+01
1.141475414889208935e+02 4.795627911115982300e+01
1.140940317668258217e+02 4.787180006262524046e+01
1.140405220447307499e+02 4.778732101409065791e+01
1.139870123226356782e+02 4.770284196555607537e+01
1.139335026005406064e+02 4.761836291702149282e+01
1.138799928784455346e+02 4.753388386848691027e+01
1.138264831563504629e+02 4.744940481995232773e+01
1.137729734342553911e+02 4.736492577141774518e+01
1.137194637121603193e+02 4.728044672288316264e+01
1.136659539900652476e+02 4.719596767434858009e+01
1.136124442679701758e+02 4.711148862581399754e+01
1.135589345458751040e+02 4.702700957727941500e+01
1.135054248237800323e+02 4.694253052874483245e+01
1.134519151016849605e+02 4.685805148021024991e+01
1.133984053795898888e+02 4.677357243167566736e+01
1.133448956574948170e+02 4.668909338314108481e+01
1.132913859353997452e+02 4.660461433460650227e+01
1.132378762133046735e+02 4.652013528607191972e+01
1.131843664912096017e+02 4.643565623753733718e+01
1.131308567691145299e+02 4.635117718900275463e+01
1.130773470470194582e+02 4.626669814046817208e+01
1.130238373249243864e+02 4.618221909193358954e+01
1.129703276028293146e+02 4.609774004339900699e+01
1.129168178807342429e+02 4.601326099486442445e+01
1.128633081586391711e+02 4.592878194632984190e+01
1.128097984365440993e+02 4.584430289779525936e+01
1.127562887144490276e+02 4.575982384926067681e+01
1.127027789923539558e+02 4.567534480072609426e+01
1.126492692702588840e+02 4.559086575219151172e+01
1.125957595481638123e+02 4.550638670365692917e+01
1.125422498260687405e+02 4.542190765512234663e+01
1.124887401039736687e+02 4.533742860658776408e+01
1.124352303818785970e+02 4.525294955805318153e+01
1.123817206597835252e+02 4.516847050951859899e+01
1.123282109376884534e+02 4.508399146098401644e+01
1.122747012155933817e+02 4.499951241244943390e+01
1.122211914934983099e+02 4.491503336391485135e+01
1.121676817714032381e+02 4.483055431538026880e+01
1.121141720493081664e+02 4.474607526684568626e+01
1.120606623272130946e+02 4.466159621831110371e+01
1.120071526051180228e+02 4.457711716977652117e+01
1.119536428830229511e+02 4.449263812124193862e+01
1.119001331609278793e+02 4.440815907270735607e+01
1.118466234388328076e+02 4.432368002417277353e+01
1.117931137167377358e+02 4.423920097563819098e+01
1.117396039946426640e+02 4.415472192710360844e+01
1.116860942725475923e+02 4.407024287856902589e+01
1.116325845504525205e+02 4.398576383003444334e+01
1.115790748283574487e+02 4.390128478149986080e+01
1.115255651062623770e+02 4.381680573296527825e+01
1.114720553841673052e+02 4.373232668443069571e+01
1.114185456620722334e+02 4.364784763589611316e+01
1.113650359399771617e+02 4.356336858736153061e+01
1.113115262178820899e+02 4.347888953882694807e+01
1.112580164957870181e+02 4.339441049029236552e+01
1.112045067736919464e+02 4.330993144175778298e+01
1.111509970515968746e+02 4.322545239322320043e+01
1.110974873295018028e+02 4.314097334468861789e+01
1.110439776074067311e+02 4.305649429615403534e+01
1.109904678853116593e+02 4.297201524761945279e+01
1.109369581632165875e+02 4.288753619908487025e+01
1.108834484411215158e+02 4.280305715055028770e+01
1.108299387190264440e+02 4.271857810201570516e+01
1.107764289969313722e+02 4.263409905348112261e+01
1.107229192748363005e+02 4.254962000494654006e+01
1.106694095527412287e+02 4.246514095641195752e+01
1.106158998306461569e+02 4.238066190787737497e+01
1.105623901085510852e+02 4.229618285934279243e+01
1.105088803864560134e+02 4.221170381080820988e+01
1.104553706643609416e+02 4.212722476227362733e+01
1.104018609422658699e+02 4.204274571373904479e+01
1.103483512201707981e+02 4.195826666520446224e+01
1.102948414980757263e+02 4.187378761666987970e+01
1.102413317759806546e+02 4.178930856813529715e+01
1.101878220538855828e+02 4.170482951960071460e+01
1.101343123317905111e+02 4.162035047106613206e+01
1.100808026096954393e+02 4.153587142253154951e+01
1.100272928876003675e+02 4.145139237399696697e+01
1.099737831655052958e+02 4.136691332546238442e+01
1.099202734434102240e+02 4.128243427692780187e+01
1.098667637213151522e+02 4.119795522839321933e+01
1.098132539992200805e+02 4.111347617985863678e+01
1.097597442771250087e+02 4.102899713132405424e+01
1.097062345550299369e+02 4.094451808278947169e+01
1.096527248329348652e+02 4.086003903425488915e+01
1.095992151108397934e+02 4.077555998572030660e+01
1.095457053887447216e+02 4.069108093718572405e+01
1.094921956666496499e+02 4.060660188865114151e+01
1.094386859445545781e+02 4.052212284011655896e+01
1.093851762224595063e+02 4.043764379158197642e+01
1.093316665003644346e+02 4.035316474304739387e+01
1.092781567782693628e+02 4.026868569451281132e+01
1.092246470561742910e+02 4.018420664597822878e+01
1.091711373340792193e+02 4.009972759744364623e+01
1.091176276119841475e+02 4.001524854890906369e+01
1.090641178898890757e+02 3.993076950037448114e+01
1.090106081677940040e+02 3.984629045183989859e+01
1.089570984456989322e+02 3.976181140330531605e+01
1.089035887236038604e+02 3.967733235477073350e+01
1.088500790015087887e+02 3.959285330623615096e+01
1.087965692794137169e+02 3.950837425770156841e+01
1.087430595573186451e+02 3.942389520916698586e+01
1.086895498352235734e+02 3.933941616063240332e+01
1.086360401131285016e+02 3.925493711209782077e+01
1.085825303910334299e+02 3.917045806356323823e+01
1.085290206689383581e+02 3.908597901502865568e+01
1.084755109468432863e+02 3.900149996649407313e+01
1.084220012247482146e+02 3.891702091795949059e+01
1.083684915026531428e+02 3.883254186942490804e+01
1.083149817805580710e+02 3.874806282089032550e+01
1.082614720584629993e+02 3.866358377235574295e+01
1.082079623363679275e+02 3.857910472382116041e+01
1.081544526142728557e+02 3.849462567528657786e+01
1.081009428921777840e+02 3.841014662675199531e+01
1.080474331700827122e+02 3.832566757821741277e+01
1.079939234479876404e+02 3.824118852968283022e+01
1.079404137258925687e+02 3.815670948114824768e+01
1.078869040037974969e+02 3.807223043261366513e+01
1.078333942817024251e+02 3.798775138407908258e+01
1.077798845596073534e+02 3.790327233554450004e+01
1.077263748375122816e+02 3.781879328700991749e+01
1.076728651154172098e+02 3.773431423847533495e+01
1.076193553933221381e+02 3.764983518994075240e+01
1.075658456712270663e+02 3.756535614140616985e+01
1.075123359491319945e+02 3.748087709287158731e+01
1.074588262270369228e+02 3.739639804433700476e+01
1.074053165049418510e+02 3.731191899580242222e+01
1.073518067828467792e+02 3.722743994726783967e+01
1.072982970607517075e+02 3.714296089873325712e+01
1.072447873386566357e+02 3.705848185019867458e+01
1.071912776165615639e+02 3.697400280166409203e+01
1.071377678944664922e+02 3.688952375312950949e+01
1.070842581723714204e+02 3.680504470459492694e+01
1.070307484502763486e+02 3.672056565606034439e+01
1.069772387281812769e+02 3.663608660752576185e+01
1.069237290060862051e+02 3.655160755899117930e+01
1.068702192839911334e+02 3.646712851045659676e+01
1.068167095618960616e+02 3.638264946192201421e+01
1.067631998398009898e+02 3.629817041338743167e+01
1.067096901177059181e+02 3.621369136485284912e+01
1.066561803956108463e+02 3.612921231631826657e+01
1.066026706735157745e+02 3.604473326778368403e+01
1.065491609514207028e+02 3.596025421924910148e+01
1.064956512293256310e+02 3.587577517071451894e+01
1.064421415072305592e+02 3.579129612217993639e+01
1.063886317851354875e+02 3.570681707364535384e+01
1.063351220630404157e+02 3.562233802511077130e+01
1.062816123409453439e+02 3.553785897657618875e+01
1.062281026188502722e+02 3.545337992804160621e+01
1.061745928967552004e+02 3.536890087950702366e+01
1.061210831746601286e+02 3.528442183097244111e+01
1.060675734525650569e+02 3.519994278243785857e+01
1.060140637304699851e+02 3.511546373390327602e+01
1.059605540083749133e+02 3.503098468536869348e+01
1.059070442862798416e+02 3.494650563683411093e+01
1.058535345641847698e+02 3.486202658829952838e+01
1.058000248420896980e+02 3.477754753976494584e+01
1.057465151199946263e+02 3.469306849123036329e+01
1.056930053978995545e+02 3.460858944269578075e+01
1.056394956758044827e+02 3.452411039416119820e+01
1.055859859537094110e+02 3.443963134562661565e+01
1.055324762316143392e+02 3.435515229709203311e+01
1.054789665095192674e+02 3.427067324855745056e+01
1.054254567874241957e+02 3.418619420002286802e+01
1.053719470653291239e+02 3.410171515148828547e+01
1.053184373432340522e+02 3.401723610295370293e+01
1.052649276211389804e+02 3.393275705441912038e+01
1.052114178990439086e+02 3.384827800588453783e+01
1.051579081769488369e+02 3.376379895734995529e+01
1.051043984548537651e+02 3.367931990881537274e+01
1.050508887327586933e+02 3.359484086028079020e+01
1.049973790106636216e+02 3.351036181174620765e+01
1.049438692885685498e+02 3.342588276321162510e+01
1.048903595664734780e+02 3.334140371467704256e+01
1.048368498443784063e+02 3.325692466614246001e+01
1.047833401222833345e+02 3.317244561760787747e+01
1.047298304001882627e+02 3.308796656907329492e+01
1.046763206780931910e+02 3.300348752053871237e+01
1.046228109559981192e+02 3.291900847200412983e+01
1.045693012339030474e+02 3.283452942346954728e+01
1.045157915118079757e+02 3.275005037493496474e+01
1.044622817897129039e+02 3.266557132640038219e+01
1.044087720676178321e+02 3.258109227786579964e+01
1.043552623455227604e+02 3.249661322933121710e+01
1.043017526234276886e+02 3.241213418079663455e+01
1.042482429013326168e+02 3.232765513226205201e+01
1.041947331792375451e+02 3.224317608372746946e+01
1.041412234571424733e+02 3.215869703519288691e+01
1.040877137350474015e+02 3.207421798665830437e+01
1.040342040129523298e+02 3.198973893812372538e+01
1.039806942908572580e+02 3.190525988958914638e+01
1.039271845687621862e+02 3.182078084105456739e+01
1.038736748466671145e+02 3.173630179251998840e+01
1.038201651245720427e+02 3.165182274398540940e+01
1.037666554024769709e+02 3.156734369545083041e+01
1.037131456803818992e+02 3.148286464691625142e+01
1.036596359582868274e+02 3.139838559838167242e+01
1.036061262361917557e+02 3.131390654984709343e+01
1.035526165140966839e+02 3.122942750131251444e+01
1.034991067920016121e+02 3.114494845277793544e+01
1.034455970699065404e+02 3.106046940424335645e+01
1.033920873478114686e+02 3.097599035570877746e+01
1.033385776257163968e+02 3.089151130717419846e+01
1.032850679036213251e+02 3.080703225863961947e+01
1.032315581815262533e+02 3.072255321010504048e+01
1.031780484594311815e+02 3.063807416157046148e+01
1.031245387373361098e+02 3.055359511303588249e+01
1.030710290152410380e+02 3.046911606450130350e+01
1.030175192931459662e+02 3.038463701596672450e+01
1.029640095710508945e+02 3.030015796743214551e+01
1.029104998489558227e+02 3.021567891889756652e+01
1.028569901268607509e+02 3.013119987036298753e+01
1.028034804047656792e+02 3.004672082182840853e+01
1.027499706826706074e+02 2.996224177329382954e+01
1.026964609605755356e+02 2.987776272475925055e+01
1.026429512384804639e+02 2.979328367622467155e+01
1.025894415163853921e+02 2.970880462769009256e+01
1.025359317942903203e+02 2.962432557915551357e+01
1.024824220721952486e+02 2.953984653062093457e+01
1.024289123501001768e+02 2.945536748208635558e+01
1.023754026280051050e+02 2.937088843355177659e+01
1.023218929059100333e+02 2.928640938501719759e+01
1.022683831838149615e+02 2.920193033648261860e+01
1.022148734617198897e+02 2.911745128794803961e+01
1.021613637396248180e+02 2.903297223941346061e+01
1.021078540175297462e+02 2.894849319087888162e+01
1.020543442954346745e+02 2.886401414234430263e+01
1.020008345733396027e+02 2.877953509380972363e+01
1.019473248512445309e+02 2.869505604527514464e+01
1.018938151291494592e+02 2.861057699674056565e+01
1.018403054070543874e+02 2.852609794820598665e+01
1.017867956849593156e+02 2.844161889967140766e+01
1.017332859628642439e+02 2.835713985113682867e+01
1.016797762407691721e+02 2.827266080260224967e+01
1.016262665186741003e+02 2.818818175406767068e+01
1.015727567965790286e+02 2.810370270553309169e+01
1.015192470744839568e+02 2.801922365699851269e+01
1.014657373523888850e+02 2.793474460846393370e+01
1.014122276302938133e+02 2.785026555992935471e+01
1.013587179081987415e+02 2.776578651139477572e+01
1.013052081861036697e+02 2.768130746286019672e+01
1.012516984640085980e+02 2.759682841432561773e+01
1.011981887419135262e+02 2.751234936579103874e+01
1.011446790198184544e+02 2.742787031725645974e+01
1.010911692977233827e+02 2.734339126872188075e+01
1.010376595756283109e+02 2.725891222018730176e+01
1.009841498535332391e+02 2.717443317165272276e+01
1.009306401314381674e+02 2.708995412311814377e+01
1.008771304093430956e+02 2.700547507458356478e+01
1.008236206872480238e+02 2.692099602604898578e+01
1.007701109651529521e+02 2.683651697751440679e+01
1.007166012430578803e+02 2.675203792897982780e+01
1.006630915209628085e+02 2.666755888044524880e+01
1.006095817988677368e+02 2.658307983191066981e+01
1.005560720767726650e+02 2.649860078337609082e+01
1.005025623546775932e+02 2.641412173484151182e+01
1.004490526325825215e+02 2.632964268630693283e+01
1.003955429104874497e+02 2.624516363777235384e+01
1.003420331883923780e+02 2.616068458923777484e+01
1.002885234662973062e+02 2.607620554070319585e+01
1.002350137442022344e+02 2.599172649216861686e+01
1.001815040221071627e+02 2.590724744363403786e+01
1.001279943000120909e+02 2.582276839509945887e+01
1.000744845779170191e+02 2.573828934656487988e+01
1.000209748558219474e+02 2.565381029803030088e+01
9.996746513372687559e+01 2.556933124949572189e+01
9.991395541163180383e+01 2.548485220096114290e+01
9.986044568953673206e+01 2.540037315242656391e+01
9.980693596744166030e+01 2.531589410389198491e+01
9.975342624534658853e+01 2.523141505535740592e+01
9.969991652325151676e+01 2.514693600682282693e+01
9.964640680115644500e+01 2.506245695828824793e+01
9.959289707906137323e+01 2.497797790975366894e+01
9.953938735696630147e+01 2.489349886121908995e+01
9.948587763487122970e+01 2.480901981268451095e+01
9.943236791277615794e+01 2.472454076414993196e+01
9.937885819068108617e+01 2.464006171561535297e+01
9.932534846858601441e+01 2.455558266708077397e+01
9.927183874649094264e+01 2.447110361854619498e+01
9.921832902439587087e+01 2.438662457001161599e+01
9.916481930230079911e+01 2.430214552147703699e+01
9.911130958020572734e+01 2.421766647294245800e+01
9.905779985811065558e+01 2.413318742440787901e+01
9.900429013601558381e+01 2.404870837587330001e+01
9.895078041392051205e+01 2.396422932733872102e+01
9.889727069182544028e+01 2.387975027880414203e+01
9.884376096973036852e+01 2.379527123026956303e+01
9.879025124763529675e+01 2.371079218173498404e+01
9.873674152554022498e+01 2.362631313320040505e+01
9.868323180344515322e+01 2.354183408466582605e+01
9.862972208135008145e+01 2.345735503613124706e+01
9.857621235925500969e+01 2.337287598759666807e+01
9.852270263715993792e+01 2.328839693906208907e+01
9.846919291506486616e+01 2.320391789052751008e+01
9.841568319296979439e+01 2.311943884199293109e+01
9.836217347087472263e+01 2.303495979345835210e+01
9.830866374877965086e+01 2.295048074492377310e+01
9.825515402668457909e+01 2.286600169638919411e+01
9.820164430458950733e+01 2.278152264785461512e+01
9.814813458249443556e+01 2.269704359932003612e+01
9.809462486039936380e+01 2.261256455078545713e+01
9.804111513830429203e+01 2.252808550225087814e+01
9.798760541620922027e+01 2.244360645371629914e+01
9.793409569411414850e+01 2.235912740518172015e+01
9.788058597201907673e+01 2.227464835664714116e+01
9.782707624992400497e+01 2.219016930811256216e+01
9.777356652782893320e+01 2.210569025957798317e+01
9.772005680573386144e+01 2.202121121104340418e+01
9.766654708363878967e+01 2.193673216250882518e+01
9.761303736154371791e+01 2.185225311397424619e+01
9.755952763944864614e+01 2.176777406543966720e+01
9.750601791735357438e+01 2.168329501690508820e+01
9.745250819525850261e+01 2.159881596837050921e+01
9.739899847316343084e+01 2.151433691983593022e+01
9.734548875106835908e+01 2.142985787130135122e+01
9.729197902897328731e+01 2.134537882276677223e+01
9.723846930687821555e+01 2.126089977423219324e+01
9.718495958478314378e+01 2.117642072569761424e+01
9.713144986268807202e+01 2.109194167716303525e+01
9.707794014059300025e+01 2.100746262862845626e+01
9.702443041849792849e+01 2.092298358009387726e+01
9.697092069640285672e+01 2.083850453155929827e+01
9.691741097430778495e+01 2.075402548302471928e+01
9.686390125221271319e+01 2.066954643449014029e+01
9.681039153011764142e+01 2.058506738595556129e+01
9.675688180802256966e+01 2.050058833742098230e+01
9.670337208592749789e+01 2.041610928888640331e+01
9.664986236383242613e+01 2.033163024035182431e+01
9.659635264173735436e+01 2.024715119181724532e+01
9.654284291964228260e+01 2.016267214328266633e+01
9.648933319754721083e+01 2.007819309474808733e+01
9.643582347545213906e+01 1.999371404621350834e+01
9.638231375335706730e+01 1.990923499767892935e+01
9.632880403126199553e+01 1.982475594914435035e+01
9.627529430916692377e+01 1.974027690060977136e+01
9.622178458707185200e+01 1.965579785207519237e+01
9.616827486497678024e+01 1.957131880354061337e+01
9.611476514288170847e+01 1.948683975500603438e+01
9.606125542078663671e+01 1.940236070647145539e+01
9.600774569869156494e+01 1.931788165793687639e+01
9.595423597659649317e+01 1.923340260940229740e+01
9.590072625450142141e+01 1.914892356086771841e+01
9.584721653240634964e+01 1.906444451233313941e+01
9.579370681031127788e+01 1.897996546379856042e+01
9.574019708821620611e+01 1.889548641526398143e+01
9.568668736612113435e+01 1.881100736672940243e+01
9.563317764402606258e+01 1.872652831819482344e+01
9.557966792193099081e+01 1.864204926966024445e+01
9.552615819983591905e+01 1.855757022112566546e+01
9.547264847774084728e+01 1.847309117259108646e+01
9.541913875564577552e+01 1.838861212405650747e+01
9.536562903355070375e+01 1.830413307552192848e+01
9.531211931145563199e+01 1.821965402698734948e+01
9.525860958936056022e+01 1.813517497845277049e+01
9.520509986726548846e+01 1.805069592991819150e+01
9.515159014517041669e+01 1.796621688138361250e+01
9.509808042307534492e+01 1.788173783284903351e+01
9.504457070098027316e+01 1.779725878431445452e+01
9.499106097888520139e+01 1.771277973577987552e+01
9.493755125679012963e+01 1.762830068724529653e+01
9.488404153469505786e+01 1.754382163871071754e+01
9.483053181259998610e+01 1.745934259017613854e+01
9.477702209050491433e+01 1.737486354164155955e+01
9.472351236840984257e+01 1.729038449310698056e+01
9.467000264631477080e+01 1.720590544457240156e+01
9.461649292421969903e+01 1.712142639603782257e+01
9.456298320212462727e+01 1.703694734750324358e+01
9.450947348002955550e+01 1.695246829896866458e+01
9.445596375793448374e+01 1.686798925043408559e+01
9.440245403583941197e+01 1.678351020189950660e+01
9.434894431374434021e+01 1.669903115336492760e+01
9.429543459164926844e+01 1.661455210483034861e+01
9.424192486955419668e+01 1.653007305629576962e+01
9.416474986868425390e+01 1.640823219469676530e+01
9.424922891721882934e+01 1.635472247260168999e+01
9.433370796575340478e+01 1.630121275050661467e+01
9.441818701428798022e+01 1.624770302841153935e+01
9.450266606282255566e+01 1.619419330631646403e+01
9.458714511135713110e+01 1.614068358422138871e+01
9.467162415989170654e+01 1.608717386212631340e+01
9.475610320842628198e+01 1.603366414003123808e+01
9.484058225696085742e+01 1.598015441793616276e+01
9.492506130549543286e+01 1.592664469584108744e+01
9.500954035403000830e+01 1.587313497374601212e+01
9.509401940256458374e+01 1.581962525165093680e+01
9.517849845109915918e+01 1.576611552955586149e+01
9.526297749963373462e+01 1.571260580746078617e+01
9.534745654816831006e+01 1.565909608536571085e+01
9.543193559670288550e+01 1.560558636327063553e+01
9.551641464523746095e+01 1.555207664117556021e+01
9.560089369377203639e+01 1.549856691908048489e+01
9.568537274230661183e+01 1.544505719698540958e+01
9.576985179084118727e+01 1.539154747489033426e+01
9.585433083937576271e+01 1.533803775279525894e+01
9.593880988791033815e+01 1.528452803070018362e+01
9.602328893644491359e+01 1.523101830860510830e+01
9.610776798497948903e+01 1.517750858651003298e+01
9.619224703351406447e+01 1.512399886441495767e+01
9.627672608204863991e+01 1.507048914231988235e+01
9.636120513058321535e+01 1.501697942022480703e+01
9.644568417911779079e+01 1.496346969812973171e+01
9.653016322765236623e+01 1.490995997603465639e+01
9.661464227618694167e+01 1.485645025393958107e+01
9.669912132472151711e+01 1.480294053184450576e+01
9.678360037325609255e+01 1.474943080974943044e+01
9.686807942179066799e+01 1.469592108765435512e+01
9.695255847032524343e+01 1.464241136555927980e+01
9.703703751885981887e+01 1.458890164346420448e+01
9.712151656739439431e+01 1.453539192136912916e+01
9.720599561592896976e+01 1.448188219927405385e+01
9.729047466446354520e+01 1.442837247717897853e+01
9.737495371299812064e+01 1.437486275508390321e+01
9.745943276153269608e+01 1.432135303298882789e+01
9.754391181006727152e+01 1.426784331089375257e+01
9.762839085860184696e+01 1.421433358879867725e+01
9.771286990713642240e+01 1.416082386670360194e+01
9.779734895567099784e+01 1.410731414460852662e+01
9.788182800420557328e+01 1.405380442251345130e+01
9.796630705274014872e+01 1.400029470041837598e+01
9.805078610127472416e+01 1.394678497832330066e+01
9.813526514980929960e+01 1.389327525622822535e+01
9.821974419834387504e+01 1.383976553413315003e+01
9.830422324687845048e+01 1.378625581203807471e+01
9.838870229541302592e+01 1.373274608994299939e+01
9.847318134394760136e+01 1.367923636784792407e+01
9.855766039248217680e+01 1.362572664575284875e+01
9.864213944101675224e+01 1.357221692365777344e+01
9.872661848955132768e+01 1.351870720156269812e+01
9.881109753808590312e+01 1.346519747946762280e+01
9.889557658662047857e+01 1.341168775737254748e+01
9.898005563515505401e+01 1.335817803527747216e+01
9.906453468368962945e+01 1.330466831318239684e+01
9.914901373222420489e+01 1.325115859108732153e+01
9.923349278075878033e+01 1.319764886899224621e+01
9.931797182929335577e+01 1.314413914689717089e+01
9.940245087782793121e+01 1.309062942480209557e+01
9.948692992636250665e+01 1.303711970270702025e+01
9.957140897489708209e+01 1.298360998061194493e+01
9.965588802343165753e+01 1.293010025851686962e+01
9.974036707196623297e+01 1.287659053642179430e+01
9.982484612050080841e+01 1.282308081432671898e+01
9.990932516903538385e+01 1.276957109223164366e+01
9.999380421756995929e+01 1.271606137013656834e+01
1.000782832661045347e+02 1.266255164804149302e+01
1.001627623146391102e+02 1.260904192594641771e+01
1.002472413631736856e+02 1.255553220385134239e+01
1.003317204117082611e+02 1.250202248175626707e+01
1.004161994602428365e+02 1.244851275966119175e+01
1.005006785087774119e+02 1.239500303756611643e+01
1.005851575573119874e+02 1.234149331547104111e+01
1.006696366058465628e+02 1.228798359337596580e+01
1.007541156543811383e+02 1.223447387128089048e+01
1.008385947029157137e+02 1.218096414918581516e+01
1.009230737514502891e+02 1.212745442709073984e+01
1.010075527999848646e+02 1.207394470499566452e+01
1.010920318485194400e+02 1.202043498290058920e+01
1.011765108970540155e+02 1.196692526080551389e+01
1.012609899455885909e+02 1.191341553871043857e+01
1.013454689941231663e+02 1.185990581661536325e+01
1.014299480426577418e+02 1.180639609452028793e+01
1.015144270911923172e+02 1.175288637242521261e+01
1.015989061397268927e+02 1.169937665033013729e+01
1.016833851882614681e+02 1.164586692823506198e+01
1.017678642367960435e+02 1.159235720613998666e+01
1.018523432853306190e+02 1.153884748404491134e+01
1.019368223338651944e+02 1.148533776194983602e+01
1.020213013823997699e+02 1.143182803985476070e+01
1.021057804309343453e+02 1.137831831775968539e+01
1.021902594794689207e+02 1.132480859566461007e+01
1.022747385280034962e+02 1.127129887356953475e+01
1.023592175765380716e+02 1.121778915147445943e+01
1.024436966250726471e+02 1.116427942937938411e+01
1.025281756736072225e+02 1.111076970728430879e+01
1.026126547221417979e+02 1.105725998518923348e+01
1.026971337706763734e+02 1.100375026309415816e+01
1.027816128192109488e+02 1.095024054099908284e+01
1.028660918677455243e+02 1.089673081890400752e+01
1.029505709162800997e+02 1.084322109680893220e+01
1.030350499648146751e+02 1.078971137471385688e+01
1.031195290133492506e+02 1.073620165261878157e+01
1.032040080618838260e+02 1.068269193052370625e+01
1.032884871104184015e+02 1.062918220842863093e+01
1.033729661589529769e+02 1.057567248633355561e+01
1.034574452074875524e+02 1.052216276423848029e+01
1.035419242560221278e+02 1.046865304214340497e+01
1.036264033045567032e+02 1.041514332004832966e+01
1.037108823530912787e+02 1.036163359795325434e+01
1.037953614016258541e+02 1.030812387585817902e+01
1.038798404501604296e+02 1.025461415376310370e+01
1.039643194986950050e+02 1.020110443166802838e+01
1.040487985472295804e+02 1.014759470957295306e+01
1.041332775957641559e+02 1.009408498747787775e+01
1.042177566442987313e+02 1.004057526538280243e+01
1.043022356928333068e+02 9.987065543287727110e+00
1.043867147413678822e+02 9.933555821192651791e+00
1.044711937899024576e+02 9.880046099097576473e+00
1.045556728384370331e+02 9.826536377002501155e+00
1.046401518869716085e+02 9.773026654907425836e+00
1.047246309355061840e+02 9.719516932812350518e+00
1.048091099840407594e+02 9.666007210717275200e+00
1.048935890325753348e+02 9.612497488622199882e+00
1.049780680811099103e+02 9.558987766527124563e+00
1.050625471296444857e+02 9.505478044432049245e+00
1.051470261781790612e+02 9.451968322336973927e+00
1.052315052267136366e+02 9.398458600241898608e+00
1.053159842752482120e+02 9.344948878146823290e+00
1.054004633237827875e+02 9.291439156051747972e+00
1.054849423723173629e+02 9.237929433956672653e+00
1.055694214208519384e+02 9.184419711861597335e+00
1.056539004693865138e+02 9.130909989766522017e+00
1.057383795179210892e+02 9.077400267671446699e+00
1.058228585664556647e+02 9.023890545576371380e+00
1.059073376149902401e+02 8.970380823481296062e+00
1.059918166635248156e+02 8.916871101386220744e+00
1.060762957120593910e+02 8.863361379291145425e+00
1.061607747605939664e+02 8.809851657196070107e+00
1.062452538091285419e+02 8.756341935100994789e+00
1.063297328576631173e+02 8.702832213005919471e+00
1.064142119061976928e+02 8.649322490910844152e+00
1.064986909547322682e+02 8.595812768815768834e+00
1.065831700032668437e+02 8.542303046720693516e+00
1.066676490518014191e+02 8.488793324625618197e+00
1.067521281003359945e+02 8.435283602530542879e+00
1.068366071488705700e+02 8.381773880435467561e+00
1.069210861974051454e+02 8.328264158340392243e+00
1.070055652459397209e+02 8.274754436245316924e+00
1.070900442944742963e+02 8.221244714150241606e+00
1.071745233430088717e+02 8.167734992055166288e+00
1.072590023915434472e+02 8.114225269960090969e+00
1.073434814400780226e+02 8.060715547865015651e+00
1.074279604886125981e+02 8.007205825769940333e+00
1.075124395371471735e+02 7.953696103674865014e+00
1.075969185856817489e+02 7.900186381579789696e+00
1.076813976342163244e+02 7.846676659484714378e+00
1.077658766827508998e+02 7.793166937389639060e+00
1.078503557312854753e+02 7.739657215294563741e+00
1.079348347798200507e+02 7.686147493199488423e+00
1.080193138283546261e+02 7.632637771104413105e+00
1.081037928768892016e+02 7.579128049009337786e+00
1.081882719254237770e+02 7.525618326914262468e+00
1.082727509739583525e+02 7.472108604819187150e+00
1.083572300224929279e+02 7.418598882724111832e+00
1.084417090710275033e+02 7.365089160629036513e+00
1.085261881195620788e+02 7.311579438533961195e+00
1.086106671680966542e+02 7.258069716438885877e+00
1.086951462166312297e+02 7.204559994343810558e+00
1.087796252651658051e+02 7.151050272248735240e+00
1.088641043137003805e+02 7.097540550153659922e+00
1.089485833622349560e+02 7.044030828058584603e+00
1.090330624107695314e+02 6.990521105963509285e+00
1.091175414593041069e+02 6.937011383868433967e+00
1.092020205078386823e+02 6.883501661773358649e+00
1.092864995563732577e+02 6.829991939678283330e+00
1.093709786049078332e+02 6.776482217583208012e+00
1.094554576534424086e+02 6.722972495488132694e+00
1.095399367019769841e+02 6.669462773393057375e+00
1.096244157505115595e+02 6.615953051297982057e+00
1.097088947990461349e+02 6.562443329202906739e+00
1.097933738475807104e+02 6.508933607107831421e+00
1.098778528961152858e+02 6.455423885012756102e+00
1.099623319446498613e+02 6.401914162917680784e+00
1.100468109931844367e+02 6.348404440822605466e+00
1.101312900417190122e+02 6.294894718727530147e+00
1.102157690902535876e+02 6.241384996632454829e+00
1.103002481387881630e+02 6.187875274537379511e+00
1.103847271873227385e+02 6.134365552442304192e+00
1.104692062358573139e+02 6.080855830347228874e+00
1.105536852843918894e+02 6.027346108252153556e+00
1.106381643329264648e+02 5.973836386157078238e+00
1.107226433814610402e+02 5.920326664062002919e+00
1.108071224299956157e+02 5.866816941966927601e+00
1.108916014785301911e+02 5.813307219871852283e+00
1.109760805270647666e+02 5.759797497776776964e+00
1.110605595755993420e+02 5.706287775681701646e+00
1.111450386241339174e+02 5.652778053586626328e+00
1.112295176726684929e+02 5.599268331491551010e+00
1.113139967212030683e+02 5.545758609396475691e+00
1.113984757697376438e+02 5.492248887301400373e+00
1.114829548182722192e+02 5.438739165206325055e+00
1.115674338668067946e+02 5.385229443111249736e+00
1.116519129153413701e+02 5.331719721016174418e+00
1.117363919638759455e+02 5.278209998921099100e+00
1.118208710124105210e+02 5.224700276826023781e+00
1.119053500609450964e+02 5.171190554730948463e+00
1.119898291094796718e+02 5.117680832635873145e+00
1.120743081580142473e+02 5.064171110540797827e+00
1.121587872065488227e+02 5.010661388445722508e+00
1.122432662550833982e+02 4.957151666350647190e+00
1.123277453036179736e+02 4.903641944255571872e+00
1.124122243521525490e+02 4.850132222160496553e+00
1.124967034006871245e+02 4.796622500065421235e+00
1.125811824492216999e+02 4.743112777970345917e+00
1.126656614977562754e+02 4.689603055875270599e+00
1.127501405462908508e+02 4.636093333780195280e+00
1.128346195948254262e+02 4.582583611685119962e+00
1.129190986433600017e+02 4.529073889590044644e+00
1.130035776918945771e+02 4.475564167494969325e+00
1.130880567404291526e+02 4.422054445399894007e+00
1.131725357889637280e+02 4.368544723304818689e+00
1.132570148374983035e+02 4.315035001209743371e+00
1.133414938860328789e+02 4.261525279114668052e+00
1.134259729345674543e+02 4.208015557019592734e+00
1.135104519831020298e+02 4.154505834924517416e+00
1.135949310316366052e+02 4.100996112829442097e+00
1.136794100801711807e+02 4.047486390734366779e+00
1.137638891287057561e+02 3.993976668639291461e+00
1.138483681772403315e+02 3.940466946544216142e+00
1.139328472257749070e+02 3.886957224449140824e+00
1.140173262743094824e+02 3.833447502354065506e+00
1.141018053228440579e+02 3.779937780258990188e+00
1.141862843713786333e+02 3.726428058163914869e+00
1.142707634199132087e+02 3.672918336068839551e+00
1.143552424684477842e+02 3.619408613973764233e+00
1.144397215169823596e+02 3.565898891878688914e+00
1.145242005655169351e+02 3.512389169783613596e+00
1.146086796140515105e+02 3.458879447688538278e+00
1.146931586625860859e+02 3.405369725593462960e+00
1.147776377111206614e+02 3.351860003498387641e+00
1.148621167596552368e+02 3.298350281403312323e+00
1.149465958081898123e+02 3.244840559308237005e+00
1.150310748567243877e+02 3.191330837213161686e+00
1.151155539052589631e+02 3.137821115118086368e+00
1.152000329537935386e+02 3.084311393023011050e+00
1.152845120023281140e+02 3.030801670927935731e+00
1.153689910508626895e+02 2.977291948832860413e+00
1.154534700993972649e+02 2.923782226737785095e+00
1.155379491479318403e+02 2.870272504642709777e+00
1.156224281964664158e+02 2.816762782547634458e+00
1.157069072450009912e+02 2.763253060452559140e+00
1.157913862935355667e+02 2.709743338357483822e+00
1.158758653420701421e+02 2.656233616262408503e+00
1.159603443906047175e+02 2.602723894167333185e+00
1.160448234391392930e+02 2.549214172072257867e+00
1.161293024876738684e+02 2.495704449977182549e+00
1.162137815362084439e+02 2.442194727882107230e+00
1.162982605847430193e+02 2.388685005787031912e+00
1.163827396332775947e+02 2.335175283691956594e+00
1.164672186818121702e+02 2.281665561596881275e+00
1.165516977303467456e+02 2.228155839501805957e+00
1.166361767788813211e+02 2.174646117406730639e+00
1.167206558274158965e+02 2.121136395311655320e+00
1.168051348759504720e+02 2.067626673216580002e+00
1.168896139244850474e+02 2.014116951121504684e+00
1.169740929730196228e+02 1.960607229026429366e+00
1.170585720215541983e+02 1.907097506931354047e+00
1.171430510700887737e+02 1.853587784836278729e+00
1.172275301186233492e+02 1.800078062741203411e+00
1.173120091671579246e+02 1.746568340646128092e+00
1.173964882156925000e+02 1.693058618551052774e+00
1.174809672642270755e+02 1.639548896455977456e+00
1.175654463127616509e+02 1.586039174360902138e+00
1.176499253612962264e+02 1.532529452265826819e+00
1.177344044098308018e+02 1.479019730170751501e+00
1.178188834583653772e+02 1.425510008075676183e+00
1.179033625068999527e+02 1.372000285980600864e+00
1.179878415554345281e+02 1.318490563885525546e+00
1.180866376819417383e+02 1.255912287198949429e+00
1.181401474040368100e+02 1.340391335733528644e+00
1.181936571261318818e+02 1.424870384268107859e+00
1.182471668482269536e+02 1.509349432802687074e+00
1.183006765703220253e+02 1.593828481337266290e+00
1.183541862924170971e+02 1.678307529871845505e+00
1.184076960145121689e+02 1.762786578406424720e+00
1.184612057366072406e+02 1.847265626941003935e+00
1.185147154587023124e+02 1.931744675475583151e+00
1.185682251807973842e+02 2.016223724010162588e+00
1.186217349028924559e+02 2.100702772544742025e+00
1.186752446249875277e+02 2.185181821079321463e+00
1.187287543470825995e+02 2.269660869613900900e+00
1.187822640691776712e+02 2.354139918148480337e+00
1.188357737912727430e+02 2.438618966683059774e+00
1.188892835133678147e+02 2.523098015217639212e+00
1.189427932354628865e+02 2.607577063752218649e+00
1.189963029575579583e+02 2.692056112286798086e+00
1.190498126796530300e+02 2.776535160821377524e+00
1.191033224017481018e+02 2.861014209355956961e+00
1.191568321238431736e+02 2.945493257890536398e+00
1.192103418459382453e+02 3.029972306425115836e+00
1.192638515680333171e+02 3.114451354959695273e+00
1.193173612901283889e+02 3.198930403494274710e+00
1.193708710122234606e+02 3.283409452028854147e+00
1.194243807343185324e+02 3.367888500563433585e+00
1.194778904564136042e+02 3.452367549098013022e+00
1.195314001785086759e+02 3.536846597632592459e+00
1.195849099006037477e+02 3.621325646167171897e+00
1.196384196226988195e+02 3.705804694701751334e+00
1.196919293447938912e+02 3.790283743236330771e+00
1.197454390668889630e+02 3.874762791770910209e+00
1.197989487889840348e+02 3.959241840305489646e+00
1.198524585110791065e+02 4.043720888840068639e+00
1.199059682331741783e+02 4.128199937374647632e+00
1.199594779552692501e+02 4.212678985909226625e+00
1.200129876773643218e+02 4.297158034443805619e+00
1.200664973994593936e+02 4.381637082978384612e+00
1.201200071215544654e+02 4.466116131512963605e+00
1.201735168436495371e+02 4.550595180047542598e+00
1.202270265657446089e+02 4.635074228582121592e+00
1.202805362878396807e+02 4.719553277116700585e+00
1.203340460099347524e+02 4.804032325651279578e+00
1.203875557320298242e+02 4.888511374185858571e+00
1.204410654541248960e+02 4.972990422720437564e+00
1.204945751762199677e+02 5.057469471255016558e+00
1.205480848983150395e+02 5.141948519789595551e+00
1.206015946204101112e+02 5.226427568324174544e+00
1.206551043425051830e+02 5.310906616858753537e+00
1.207086140646002548e+02 5.395385665393332530e+00
1.207621237866953265e+02 5.479864713927911524e+00
1.208156335087903983e+02 5.564343762462490517e+00
1.208691432308854701e+02 5.648822810997069510e+00
1.209226529529805418e+02 5.733301859531648503e+00
1.209761626750756136e+02 5.817780908066227497e+00
1.210296723971706854e+02 5.902259956600806490e+00
1.210831821192657571e+02 5.986739005135385483e+00
1.211366918413608289e+02 6.071218053669964476e+00
1.211902015634559007e+02 6.155697102204543469e+00
1.212437112855509724e+02 6.240176150739122463e+00
1.212972210076460442e+02 6.324655199273701456e+00
1.213507307297411160e+02 6.409134247808280449e+00
1.214042404518361877e+02 6.493613296342859442e+00
1.214577501739312595e+02 6.578092344877438435e+00
1.215112598960263313e+02 6.662571393412017429e+00
1.215647696181214030e+02 6.747050441946596422e+00
1.216182793402164748e+02 6.831529490481175415e+00
1.216717890623115466e+02 6.916008539015754408e+00
1.217252987844066183e+02 7.000487587550333402e+00
1.217788085065016901e+02 7.084966636084912395e+00
1.218323182285967619e+02 7.169445684619491388e+00
1.218858279506918336e+02 7.253924733154070381e+00
1.219393376727869054e+02 7.338403781688649374e+00
1.219928473948819772e+02 7.422882830223228368e+00
1.220463571169770489e+02 7.507361878757807361e+00
1.220998668390721207e+02 7.591840927292386354e+00
1.221533765611671924e+02 7.676319975826965347e+00
1.222068862832622642e+02 7.760799024361544340e+00
1.222603960053573360e+02 7.845278072896123334e+00
1.223139057274524077e+02 7.929757121430702327e+00
1.223674154495474795e+02 8.014236169965281320e+00
1.224209251716425513e+02 8.098715218499860313e+00
1.224744348937376230e+02 8.183194267034439306e+00
1.225279446158326948e+02 8.267673315569018300e+00
1.225814543379277666e+02 8.352152364103597293e+00
1.226349640600228383e+02 8.436631412638176286e+00
1.226884737821179101e+02 8.521110461172755279e+00
1.227419835042129819e+02 8.605589509707334273e+00
1.227954932263080536e+02 8.690068558241913266e+00
1.228490029484031254e+02 8.774547606776492259e+00
1.229025126704981972e+02 8.859026655311071252e+00
1.229560223925932689e+02 8.943505703845650245e+00
1.230095321146883407e+02 9.027984752380229239e+00
1.230630418367834125e+02 9.112463800914808232e+00
1.231165515588784842e+02 9.196942849449387225e+00
1.231700612809735560e+02 9.281421897983966218e+00
1.232235710030686278e+02 9.365900946518545211e+00
1.232770807251636995e+02 9.450379995053124205e+00
1.233305904472587713e+02 9.534859043587703198e+00
1.233841001693538431e+02 9.619338092122282191e+00
1.234376098914489148e+02 9.703817140656861184e+00
1.234911196135439866e+02 9.788296189191440178e+00
1.235446293356390584e+02 9.872775237726019171e+00
1.235981390577341301e+02 9.957254286260598164e+00
1.236516487798292019e+02 1.004173333479517716e+01
1.237051585019242737e+02 1.012621238332975615e+01
1.237586682240193454e+02 1.021069143186433514e+01
1.238121779461144172e+02 1.029517048039891414e+01
1.238656876682094889e+02 1.037964952893349313e+01
1.239191973903045607e+02 1.046412857746807212e+01
1.239727071123996325e+02 1.054860762600265112e+01
1.240262168344947042e+02 1.063308667453723011e+01
1.240797265565897760e+02 1.071756572307180910e+01
1.241332362786848478e+02 1.080204477160638810e+01
1.241867460007799195e+02 1.088652382014096709e+01
1.242402557228749913e+02 1.097100286867554608e+01
1.242937654449700631e+02 1.105548191721012508e+01
1.243472751670651348e+02 1.113996096574470407e+01
1.244007848891602066e+02 1.122444001427928306e+01
1.244542946112552784e+02 1.130891906281386206e+01
1.245078043333503501e+02 1.139339811134844105e+01
1.245613140554454219e+02 1.147787715988302004e+01
1.246148237775404937e+02 1.156235620841759903e+01
1.246683334996355654e+02 1.164683525695217803e+01
1.247218432217306372e+02 1.173131430548675702e+01
1.247753529438257090e+02 1.181579335402133601e+01
1.248288626659207807e+02 1.190027240255591501e+01
1.248823723880158525e+02 1.198475145109049400e+01
1.249358821101109243e+02 1.206923049962507299e+01
1.249893918322059960e+02 1.215370954815965199e+01
1.250429015543010678e+02 1.223818859669423098e+01
1.250964112763961396e+02 1.232266764522880997e+01
1.251499209984912113e+02 1.240714669376338897e+01
1.252034307205862831e+02 1.249162574229796796e+01
1.252569404426813549e+02 1.257610479083254695e+01
1.253104501647764266e+02 1.266058383936712595e+01
1.253639598868714984e+02 1.274506288790170494e+01
1.254174696089665701e+02 1.282954193643628393e+01
1.254709793310616419e+02 1.291402098497086293e+01
1.255244890531567137e+02 1.299850003350544192e+01
1.255779987752517854e+02 1.308297908204002091e+01
1.256315084973468572e+02 1.316745813057459991e+01
1.256850182194419290e+02 1.325193717910917890e+01
1.257385279415370007e+02 1.333641622764375789e+01
1.257920376636320725e+02 1.342089527617833689e+01
1.258455473857271443e+02 1.350537432471291588e+01
1.258990571078222160e+02 1.358985337324749487e+01
1.259525668299172878e+02 1.367433242178207387e+01
1.260060765520123596e+02 1.375881147031665286e+01
1.260595862741074313e+02 1.384329051885123185e+01
1.261130959962025031e+02 1.392776956738581084e+01
1.261666057182975749e+02 1.401224861592038984e+01
1.262201154403926466e+02 1.409672766445496883e+01
1.262736251624877184e+02 1.418120671298954782e+01
1.263271348845827902e+02 1.426568576152412682e+01
1.263806446066778619e+02 1.435016481005870581e+01
1.264341543287729337e+02 1.443464385859328480e+01
1.264876640508680055e+02 1.451912290712786380e+01
1.265411737729630772e+02 1.460360195566244279e+01
1.265946834950581490e+02 1.468808100419702178e+01
1.266481932171532208e+02 1.477256005273160078e+01
1.267017029392482925e+02 1.485703910126617977e+01
1.267552126613433643e+02 1.494151814980075876e+01
1.268087223834384361e+02 1.502599719833533776e+01
1.268622321055335078e+02 1.511047624686991675e+01
1.269157418276285796e+02 1.519495529540449574e+01
1.269692515497236514e+02 1.527943434393907474e+01
1.270227612718187231e+02 1.536391339247365373e+01
1.270762709939137949e+02 1.544839244100823272e+01
1.271297807160088666e+02 1.553287148954281172e+01
1.271832904381039384e+02 1.561735053807739071e+01
1.272368001601990102e+02 1.570182958661196970e+01
1.272903098822940819e+02 1.578630863514654870e+01
1.273438196043891537e+02 1.587078768368112769e+01
1.273973293264842255e+02 1.595526673221570668e+01
1.274508390485792972e+02 1.603974578075028745e+01
1.275043487706743690e+02 1.612422482928486644e+01
1.275578584927694408e+02 1.620870387781944544e+01
1.276113682148645125e+02 1.629318292635402443e+01
1.276648779369595843e+02 1.637766197488860342e+01
1.277183876590546561e+02 1.646214102342318242e+01
1.277718973811497278e+02 1.654662007195776141e+01
1.278254071032447996e+02 1.663109912049234040e+01
1.278789168253398714e+02 1.671557816902691940e+01
1.279324265474349431e+02 1.680005721756149839e+01
1.279859362695300149e+02 1.688453626609607738e+01
1.280394459916250867e+02 1.696901531463065638e+01
1.280929557137201584e+02 1.705349436316523537e+01
1.281464654358152302e+02 1.713797341169981436e+01
1.281999751579103020e+02 1.722245246023439336e+01
1.282534848800053737e+02 1.730693150876897235e+01
1.283069946021004455e+02 1.739141055730355134e+01
1.283605043241955173e+02 1.747588960583813034e+01
1.284140140462905890e+02 1.756036865437270933e+01
1.284675237683856608e+02 1.764484770290728832e+01
1.285210334904807326e+02 1.772932675144186732e+01
1.285745432125758043e+02 1.781380579997644631e+01
1.286280529346708761e+02 1.789828484851102530e+01
1.286815626567659478e+02 1.798276389704560430e+01
1.287350723788610196e+02 1.806724294558018329e+01
1.287885821009560914e+02 1.815172199411476228e+01
1.288420918230511631e+02 1.823620104264934128e+01
1.288956015451462349e+02 1.832068009118392027e+01
1.289491112672413067e+02 1.840515913971849926e+01
1.290026209893363784e+02 1.848963818825307825e+01
1.290561307114314502e+02 1.857411723678765725e+01
1.291096404335265220e+02 1.865859628532223624e+01
1.291631501556215937e+02 1.874307533385681523e+01
1.292166598777166655e+02 1.882755438239139423e+01
1.292701695998117373e+02 1.891203343092597322e+01
1.293236793219068090e+02 1.899651247946055221e+01
1.293771890440018808e+02 1.908099152799513121e+01
1.294306987660969526e+02 1.916547057652971020e+01
1.294842084881920243e+02 1.924994962506428919e+01
1.295377182102870961e+02 1.933442867359886819e+01
1.295912279323821679e+02 1.941890772213344718e+01
1.296447376544772396e+02 1.950338677066802617e+01
1.296982473765723114e+02 1.958786581920260517e+01
1.297517570986673832e+02 1.967234486773718416e+01
1.298052668207624549e+02 1.975682391627176315e+01
1.298587765428575267e+02 1.984130296480634215e+01
1.299122862649525985e+02 1.992578201334092114e+01
1.299657959870476702e+02 2.001026106187550013e+01
1.300193057091427420e+02 2.009474011041007913e+01
1.300728154312378138e+02 2.017921915894465812e+01
1.301263251533328855e+02 2.026369820747923711e+01
1.301798348754279573e+02 2.034817725601381611e+01
1.302333445975230291e+02 2.043265630454839510e+01
1.302868543196181008e+02 2.051713535308297409e+01
1.303403640417131726e+02 2.060161440161755309e+01
1.303938737638082443e+02 2.068609345015213208e+01
1.304473834859033161e+02 2.077057249868671107e+01
1.305008932079983879e+02 2.085505154722129006e+01
1.305544029300934596e+02 2.093953059575586906e+01
1.306079126521885314e+02 2.102400964429044805e+01
1.306614223742836032e+02 2.110848869282502704e+01
1.307149320963786749e+02 2.119296774135960604e+01
1.307684418184737467e+02 2.127744678989418503e+01
1.308219515405688185e+02 2.136192583842876402e+01
1.308754612626638902e+02 2.144640488696334302e+01
1.309289709847589620e+02 2.153088393549792201e+01
1.309824807068540338e+02 2.161536298403250100e+01
1.310359904289491055e+02 2.169984203256708000e+01
1.310895001510441773e+02 2.178432108110165899e+01
1.311430098731392491e+02 2.186880012963623798e+01
1.311965195952343208e+02 2.195327917817081698e+01
1.312500293173293926e+02 2.203775822670539597e+01
1.313035390394244644e+02 2.212223727523997496e+01
1.313570487615195361e+02 2.220671632377455396e+01
1.314105584836146079e+02 2.229119537230913295e+01
1.314640682057096797e+02 2.237567442084371194e+01
1.315175779278047514e+02 2.246015346937829094e+01
1.315710876498998232e+02 2.254463251791286993e+01
1.316245973719948950e+02 2.262911156644744892e+01
1.316781070940899667e+02 2.271359061498202792e+01
1.317316168161850385e+02 2.279806966351660691e+01
1.317851265382801103e+02 2.288254871205118590e+01
1.318386362603751820e+02 2.296702776058576490e+01
1.318921459824702538e+02 2.305150680912034389e+01
1.319456557045653255e+02 2.313598585765492288e+01
1.319991654266603973e+02 2.322046490618950187e+01
1.320526751487554691e+02 2.330494395472408087e+01
1.321061848708505408e+02 2.338942300325865986e+01
1.321596945929456126e+02 2.347390205179323885e+01
1.322132043150406844e+02 2.355838110032781785e+01
1.322667140371357561e+02 2.364286014886239684e+01
1.323202237592308279e+02 2.372733919739697583e+01
1.323737334813258997e+02 2.381181824593155483e+01
1.324272432034209714e+02 2.389629729446613382e+01
1.324807529255160432e+02 2.398077634300071281e+01
1.325342626476111150e+02 2.406525539153529181e+01
1.325877723697061867e+02 2.414973444006987080e+01
1.326412820918012585e+02 2.423421348860444979e+01
1.326947918138963303e+02 2.431869253713902879e+01
1.327483015359914020e+02 2.440317158567360778e+01
1.328018112580864738e+02 2.448765063420818677e+01
1.328553209801815456e+02 2.457212968274276577e+01
1.329088307022766173e+02 2.465660873127734476e+01
1.329623404243716891e+02 2.474108777981192375e+01
1.330158501464667609e+02 2.482556682834650275e+01
1.330693598685618326e+02 2.491004587688108174e+01
1.331228695906569044e+02 2.499452492541566073e+01
1.331763793127519762e+02 2.507900397395023973e+01
1.332298890348470479e+02 2.516348302248481872e+01
1.332833987569421197e+02 2.524796207101939771e+01
1.333369084790371915e+02 2.533244111955397670e+01
1.333904182011322632e+02 2.541692016808855570e+01
1.334439279232273350e+02 2.550139921662313469e+01
1.334974376453224068e+02 2.558587826515771368e+01
1.335509473674174785e+02 2.567035731369229268e+01
1.336044570895125503e+02 2.575483636222687167e+01
1.336579668116076220e+02 2.583931541076145066e+01
1.337114765337026938e+02 2.592379445929602966e+01
1.337649862557977656e+02 2.600827350783060865e+01
1.338184959778928373e+02 2.609275255636518764e+01
1.338720056999879091e+02 2.617723160489976664e+01
1.339255154220829809e+02 2.626171065343434563e+01
1.339790251441780526e+02 2.634618970196892462e+01
1.340325348662731244e+02 2.643066875050350362e+01
1.340860445883681962e+02 2.651514779903808261e+01
1.341395543104632679e+02 2.659962684757266160e+01
1.341930640325583397e+02 2.668410589610724060e+01
1.342465737546534115e+02 2.676858494464181959e+01
1.343000834767484832e+02 2.685306399317639858e+01
1.343535931988435550e+02 2.693754304171097758e+01
1.344071029209386268e+02 2.702202209024555657e+01
1.344606126430336985e+02 2.710650113878013556e+01
1.345141223651287703e+02 2.719098018731471456e+01
1.345676320872238421e+02 2.727545923584929355e+01
1.346211418093189138e+02 2.735993828438387254e+01
1.346746515314139856e+02 2.744441733291845154e+01
1.347281612535090574e+02 2.752889638145303053e+01
1.347816709756041291e+02 2.761337542998760952e+01
1.348351806976992009e+02 2.769785447852218851e+01
1.348886904197942727e+02 2.778233352705676751e+01
1.349422001418893444e+02 2.786681257559134650e+01
1.349957098639844162e+02 2.795129162412592549e+01
1.350492195860794880e+02 2.803577067266050449e+01
1.351027293081745597e+02 2.812024972119508348e+01
1.351562390302696315e+02 2.820472876972966247e+01
1.352097487523647033e+02 2.828920781826424147e+01
1.352632584744597750e+02 2.837368686679882046e+01
1.353167681965548468e+02 2.845816591533339945e+01
1.353702779186499185e+02 2.854264496386797845e+01
1.354237876407449903e+02 2.862712401240255744e+01
1.354772973628400621e+02 2.871160306093713643e+01
1.355308070849351338e+02 2.879608210947171543e+01
1.355843168070302056e+02 2.888056115800629442e+01
1.356378265291252774e+02 2.896504020654087341e+01
1.356913362512203491e+02 2.904951925507545241e+01
1.357448459733154209e+02 2.913399830361003140e+01
1.357983556954104927e+02 2.921847735214461039e+01
1.358518654175055644e+02 2.930295640067918939e+01
1.359053751396006362e+02 2.938743544921376838e+01
1.359588848616957080e+02 2.947191449774834737e+01
1.360123945837907797e+02 2.955639354628292637e+01
1.360659043058858515e+02 2.964087259481750536e+01
1.361194140279809233e+02 2.972535164335208435e+01
1.361729237500759950e+02 2.980983069188666335e+01
1.362264334721710668e+02 2.989430974042124234e+01
1.362799431942661386e+02 2.997878878895582133e+01
1.363334529163612103e+02 3.006326783749040032e+01
1.363869626384562821e+02 3.014774688602497932e+01
1.364404723605513539e+02 3.023222593455955831e+01
1.364939820826464256e+02 3.031670498309413730e+01
1.365474918047414974e+02 3.040118403162871630e+01
1.366010015268365692e+02 3.048566308016329529e+01
1.366545112489316409e+02 3.057014212869787428e+01
1.367080209710267127e+02 3.065462117723245328e+01
1.367615306931217845e+02 3.073910022576703227e+01
1.368150404152168562e+02 3.082357927430161126e+01
1.368685501373119280e+02 3.090805832283619026e+01
1.369220598594069997e+02 3.099253737137076925e+01
1.369755695815020715e+02 3.107701641990534824e+01
1.370290793035971433e+02 3.116149546843992724e+01
1.370825890256922150e+02 3.124597451697450623e+01
1.371360987477872868e+02 3.133045356550908522e+01
1.371896084698823586e+02 3.141493261404366422e+01
1.372431181919774303e+02 3.149941166257824321e+01
1.372966279140725021e+02 3.158389071111282220e+01
1.373501376361675739e+02 3.166836975964740120e+01
1.374036473582626456e+02 3.175284880818198019e+01
1.374571570803577174e+02 3.183732785671655918e+01
1.375106668024527892e+02 3.192180690525113818e+01
1.375641765245478609e+02 3.200628595378572072e+01
1.376176862466429327e+02 3.209076500232030327e+01
1.376711959687380045e+02 3.217524405085488581e+01
1.377247056908330762e+02 3.225972309938946836e+01
1.377782154129281480e+02 3.234420214792405091e+01
1.378317251350232198e+02 3.242868119645863345e+01
1.378852348571182915e+02 3.251316024499321600e+01
1.379387445792133633e+02 3.259763929352779854e+01
1.379922543013084351e+02 3.268211834206238109e+01
1.380457640234035068e+02 3.276659739059696363e+01
1.380992737454985786e+02 3.285107643913154618e+01
1.381527834675936504e+02 3.293555548766612873e+01
1.382062931896887221e+02 3.302003453620071127e+01
1.382598029117837939e+02 3.310451358473529382e+01
1.383133126338788657e+02 3.318899263326987636e+01
1.383668223559739374e+02 3.327347168180445891e+01
1.384203320780690092e+02 3.335795073033904146e+01
1.384738418001640810e+02 3.344242977887362400e+01
1.385273515222591527e+02 3.352690882740820655e+01
1.385808612443542245e+02 3.361138787594278909e+01
1.386343709664492962e+02 3.369586692447737164e+01
1.386878806885443680e+02 3.378034597301195419e+01
1.387413904106394398e+02 3.386482502154653673e+01
1.387949001327345115e+02 3.394930407008111928e+01
1.388484098548295833e+02 3.403378311861570182e+01
1.389019195769246551e+02 3.411826216715028437e+01
1.389554292990197268e+02 3.420274121568486692e+01
1.390089390211147986e+02 3.428722026421944946e+01
1.390624487432098704e+02 3.437169931275403201e+01
1.391159584653049421e+02 3.445617836128861455e+01
1.391694681874000139e+02 3.454065740982319710e+01
1.392229779094950857e+02 3.462513645835777965e+01
1.392764876315901574e+02 3.470961550689236219e+01
1.393299973536852292e+02 3.479409455542694474e+01
1.393835070757803010e+02 3.487857360396152728e+01
1.394370167978753727e+02 3.496305265249610983e+01
1.394905265199704445e+02 3.504753170103069237e+01
1.395440362420655163e+02 3.513201074956527492e+01
1.395975459641605880e+02 3.521648979809985747e+01
1.396510556862556598e+02 3.530096884663444001e+01
1.397045654083507316e+02 3.538544789516902256e+01
1.397580751304458033e+02 3.546992694370360510e+01
1.398352501313157461e+02 3.559176780530323470e+01
1.397507710827811707e+02 3.564527752739831357e+01
1.396662920342465952e+02 3.569878724949339244e+01
1.395818129857120198e+02 3.575229697158847131e+01
1.394973339371774443e+02 3.580580669368355018e+01
1.394128548886428689e+02 3.585931641577862905e+01
1.393283758401082935e+02 3.591282613787370792e+01
1.392438967915737180e+02 3.596633585996878679e+01
1.391594177430391426e+02 3.601984558206386566e+01
1.390749386945045671e+02 3.607335530415894453e+01
1.389904596459699917e+02 3.612686502625402341e+01
1.389059805974354163e+02 3.618037474834910228e+01
1.388215015489008408e+02 3.623388447044418115e+01
1.387370225003662654e+02 3.628739419253926002e+01
1.386525434518316899e+02 3.634090391463433889e+01
1.385680644032971145e+02 3.639441363672941776e+01
1.384835853547625391e+02 3.644792335882449663e+01
1.383991063062279636e+02 3.650143308091957550e+01
1.383146272576933882e+02 3.655494280301465437e+01
1.382301482091588127e+02 3.660845252510973324e+01
1.381456691606242373e+02 3.666196224720481212e+01
1.380611901120896619e+02 3.671547196929989099e+01
1.379767110635550864e+02 3.676898169139496986e+01
1.378922320150205110e+02 3.682249141349004873e+01
1.378077529664859355e+02 3.687600113558512760e+01
1.377232739179513601e+02 3.692951085768020647e+01
1.376387948694167846e+02 3.698302057977528534e+01
1.375543158208822092e+02 3.703653030187036421e+01
1.374698367723476338e+02 3.709004002396544308e+01
1.373853577238130583e+02 3.714354974606052195e+01
1.373008786752784829e+02 3.719705946815560083e+01
1.372163996267439074e+02 3.725056919025067970e+01
1.371319205782093320e+02 3.730407891234575857e+01
1.370474415296747566e+02 3.735758863444083744e+01
1.369629624811401811e+02 3.741109835653591631e+01
1.368784834326056057e+02 3.746460807863099518e+01
1.367940043840710302e+02 3.751811780072607405e+01
1.367095253355364548e+02 3.757162752282115292e+01
1.366250462870018794e+02 3.762513724491623179e+01
1.365405672384673039e+02 3.767864696701131066e+01
1.364560881899327285e+02 3.773215668910638954e+01
1.363716091413981530e+02 3.778566641120146841e+01
1.362871300928635776e+02 3.783917613329654728e+01
1.362026510443290022e+02 3.789268585539162615e+01
1.361181719957944267e+02 3.794619557748670502e+01
1.360336929472598513e+02 3.799970529958178389e+01
1.359492138987252758e+02 3.805321502167686276e+01
1.358647348501907004e+02 3.810672474377194163e+01
1.357802558016561250e+02 3.816023446586702050e+01
1.356957767531215495e+02 3.821374418796209937e+01
1.356112977045869741e+02 3.826725391005717825e+01
1.355268186560523986e+02 3.832076363215225712e+01
1.354423396075178232e+02 3.837427335424733599e+01
1.353578605589832478e+02 3.842778307634241486e+01
1.352733815104486723e+02 3.848129279843749373e+01
1.351889024619140969e+02 3.853480252053257260e+01
1.351044234133795214e+02 3.858831224262765147e+01
1.350199443648449460e+02 3.864182196472273034e+01
1.349354653163103706e+02 3.869533168681780921e+01
1.348509862677757951e+02 3.874884140891288808e+01
1.347665072192412197e+02 3.880235113100796696e+01
1.346820281707066442e+02 3.885586085310304583e+01
1.345975491221720688e+02 3.890937057519812470e+01
1.345130700736374934e+02 3.896288029729320357e+01
1.344285910251029179e+02 3.901639001938828244e+01
1.343441119765683425e+02 3.906989974148336131e+01
1.342596329280337670e+02 3.912340946357844018e+01
1.341751538794991916e+02 3.917691918567351905e+01
1.340906748309646161e+02 3.923042890776859792e+01
1.340061957824300407e+02 3.928393862986367679e+01
1.339217167338954653e+02 3.933744835195875567e+01
1.338372376853608898e+02 3.939095807405383454e+01
1.337527586368263144e+02 3.944446779614891341e+01
1.336682795882917389e+02 3.949797751824399228e+01
1.335838005397571635e+02 3.955148724033907115e+01
1.334993214912225881e+02 3.960499696243415002e+01
1.334148424426880126e+02 3.965850668452922889e+01
1.333303633941534372e+02 3.971201640662430776e+01
1.332458843456188617e+02 3.976552612871938663e+01
1.331614052970842863e+02 3.981903585081446550e+01
1.330769262485497109e+02 3.987254557290954438e+01
1.329924472000151354e+02 3.992605529500462325e+01
1.329079681514805600e+02 3.997956501709970212e+01
1.328234891029459845e+02 4.003307473919478099e+01
1.327390100544114091e+02 4.008658446128985986e+01
1.326545310058768337e+02 4.014009418338493873e+01
1.325700519573422582e+02 4.019360390548001760e+01
1.324855729088076828e+02 4.024711362757509647e+01
1.324010938602731073e+02 4.030062334967017534e+01
1.323166148117385319e+02 4.035413307176525421e+01
1.322321357632039565e+02 4.040764279386033309e+01
1.321476567146693810e+02 4.046115251595541196e+01
1.320631776661348056e+02 4.051466223805049083e+01
1.319786986176002301e+02 4.056817196014556970e+01
1.318942195690656547e+02 4.062168168224064857e+01
1.318097405205310793e+02 4.067519140433572744e+01
1.317252614719965038e+02 4.072870112643080631e+01
1.316407824234619284e+02 4.078221084852588518e+01
1.315563033749273529e+02 4.083572057062096405e+01
1.314718243263927775e+02 4.088923029271604292e+01
1.313873452778582021e+02 4.094274001481112180e+01
1.313028662293236266e+02 4.099624973690620067e+01
1.312183871807890512e+02 4.104975945900127954e+01
1.311339081322544757e+02 4.110326918109635841e+01
1.310494290837199003e+02 4.115677890319143728e+01
1.309649500351853249e+02 4.121028862528651615e+01
1.308804709866507494e+02 4.126379834738159502e+01
1.307959919381161740e+02 4.131730806947667389e+01
1.307115128895815985e+02 4.137081779157175276e+01
1.306270338410470231e+02 4.142432751366683163e+01
1.305425547925124476e+02 4.147783723576191051e+01
1.304580757439778722e+02 4.153134695785698938e+01
1.303735966954432968e+02 4.158485667995206825e+01
1.302891176469087213e+02 4.163836640204714712e+01
1.302046385983741459e+02 4.169187612414222599e+01
1.301201595498395704e+02 4.174538584623730486e+01
1.300356805013049950e+02 4.179889556833238373e+01
1.299512014527704196e+02 4.185240529042746260e+01
1.298667224042358441e+02 4.190591501252254147e+01
1.297822433557012687e+02 4.195942473461762035e+01
1.296977643071666932e+02 4.201293445671269922e+01
1.296132852586321178e+02 4.206644417880777809e+01
1.295288062100975424e+02 4.211995390090285696e+01
1.294443271615629669e+02 4.217346362299793583e+01
1.293598481130283915e+02 4.222697334509301470e+01
1.292753690644938160e+02 4.228048306718809357e+01
1.291908900159592406e+02 4.233399278928317244e+01
1.291064109674246652e+02 4.238750251137825131e+01
1.290219319188900897e+02 4.244101223347333018e+01
1.289374528703555143e+02 4.249452195556840906e+01
1.288529738218209388e+02 4.254803167766348793e+01
1.287684947732863634e+02 4.260154139975856680e+01
1.286840157247517880e+02 4.265505112185364567e+01
1.285995366762172125e+02 4.270856084394872454e+01
1.285150576276826371e+02 4.276207056604380341e+01
1.284305785791480616e+02 4.281558028813888228e+01
1.283460995306134862e+02 4.286909001023396115e+01
1.282616204820789108e+02 4.292259973232904002e+01
1.281771414335443353e+02 4.297610945442411889e+01
1.280926623850097599e+02 4.302961917651919777e+01
1.280081833364751844e+02 4.308312889861427664e+01
1.279237042879406090e+02 4.313663862070935551e+01
1.278392252394060336e+02 4.319014834280443438e+01
1.277547461908714581e+02 4.324365806489951325e+01
1.276702671423368827e+02 4.329716778699459212e+01
1.275857880938023072e+02 4.335067750908967099e+01
1.275013090452677318e+02 4.340418723118474986e+01
1.274168299967331563e+02 4.345769695327982873e+01
1.273323509481985809e+02 4.351120667537490760e+01
1.272478718996640055e+02 4.356471639746998648e+01
1.271633928511294300e+02 4.361822611956506535e+01
1.270789138025948546e+02 4.367173584166014422e+01
1.269944347540602791e+02 4.372524556375522309e+01
1.269099557055257037e+02 4.377875528585030196e+01
1.268254766569911283e+02 4.383226500794538083e+01
1.267409976084565528e+02 4.388577473004045970e+01
1.266565185599219774e+02 4.393928445213553857e+01
1.265720395113874019e+02 4.399279417423061744e+01
1.264875604628528265e+02 4.404630389632569631e+01
1.264030814143182511e+02 4.409981361842077519e+01
1.263186023657836756e+02 4.415332334051585406e+01
1.262341233172491002e+02 4.420683306261093293e+01
1.261496442687145247e+02 4.426034278470601180e+01
1.260651652201799493e+02 4.431385250680109067e+01
1.259806861716453739e+02 4.436736222889616954e+01
1.258962071231107984e+02 4.442087195099124841e+01
1.258117280745762230e+02 4.447438167308632728e+01
1.257272490260416475e+02 4.452789139518140615e+01
1.256427699775070721e+02 4.458140111727648502e+01
1.255582909289724967e+02 4.463491083937156390e+01
1.254738118804379212e+02 4.468842056146664277e+01
1.253893328319033458e+02 4.474193028356172164e+01
1.253048537833687703e+02 4.479544000565680051e+01
1.252203747348341949e+02 4.484894972775187938e+01
1.251358956862996195e+02 4.490245944984695825e+01
1.250514166377650440e+02 4.495596917194203712e+01
1.249669375892304686e+02 4.500947889403711599e+01
1.248824585406958931e+02 4.506298861613219486e+01
1.247979794921613177e+02 4.511649833822727373e+01
1.247135004436267423e+02 4.517000806032235261e+01
1.246290213950921668e+02 4.522351778241743148e+01
1.245445423465575914e+02 4.527702750451251035e+01
1.244600632980230159e+02 4.533053722660758922e+01
1.243755842494884405e+02 4.538404694870266809e+01
1.242911052009538651e+02 4.543755667079774696e+01
1.242066261524192896e+02 4.549106639289282583e+01
1.241221471038847142e+02 4.554457611498790470e+01
1.240376680553501387e+02 4.559808583708298357e+01
1.239531890068155633e+02 4.565159555917806244e+01
1.238687099582809878e+02 4.570510528127314132e+01
1.237842309097464124e+02 4.575861500336822019e+01
1.236997518612118370e+02 4.581212472546329906e+01
1.236152728126772615e+02 4.586563444755837793e+01
1.235307937641426861e+02 4.591914416965345680e+01
1.234463147156081106e+02 4.597265389174853567e+01
1.233618356670735352e+02 4.602616361384361454e+01
1.232773566185389598e+02 4.607967333593869341e+01
1.231928775700043843e+02 4.613318305803377228e+01
1.231083985214698089e+02 4.618669278012885115e+01
1.230239194729352334e+02 4.624020250222393003e+01
1.229394404244006580e+02 4.629371222431900890e+01
1.228549613758660826e+02 4.634722194641408777e+01
1.227704823273315071e+02 4.640073166850916664e+01
1.226860032787969317e+02 4.645424139060424551e+01
1.226015242302623562e+02 4.650775111269932438e+01
1.225170451817277808e+02 4.656126083479440325e+01
1.224325661331932054e+02 4.661477055688948212e+01
1.223480870846586299e+02 4.666828027898456099e+01
1.222636080361240545e+02 4.672179000107963986e+01
1.221791289875894790e+02 4.677529972317471874e+01
1.220946499390549036e+02 4.682880944526979761e+01
1.220101708905203282e+02 4.688231916736487648e+01
1.219256918419857527e+02 4.693582888945995535e+01
1.218412127934511773e+02 4.698933861155503422e+01
1.217567337449166018e+02 4.704284833365011309e+01
1.216722546963820264e+02 4.709635805574519196e+01
1.215877756478474510e+02 4.714986777784027083e+01
1.215032965993128755e+02 4.720337749993534970e+01
1.214188175507783001e+02 4.725688722203042857e+01
1.213343385022437246e+02 4.731039694412550745e+01
1.212498594537091492e+02 4.736390666622058632e+01
1.211653804051745738e+02 4.741741638831566519e+01
1.210809013566399983e+02 4.747092611041074406e+01
1.209964223081054229e+02 4.752443583250582293e+01
1.209119432595708474e+02 4.757794555460090180e+01
1.208274642110362720e+02 4.763145527669598067e+01
1.207429851625016965e+02 4.768496499879105954e+01
1.206585061139671211e+02 4.773847472088613841e+01
1.205740270654325457e+02 4.779198444298121728e+01
1.204895480168979702e+02 4.784549416507629616e+01
1.204050689683633948e+02 4.789900388717137503e+01
1.203205899198288193e+02 4.795251360926645390e+01
1.202361108712942439e+02 4.800602333136153277e+01
1.201516318227596685e+02 4.805953305345661164e+01
1.200671527742250930e+02 4.811304277555169051e+01
1.199826737256905176e+02 4.816655249764676938e+01
1.198981946771559421e+02 4.822006221974184825e+01
1.198137156286213667e+02 4.827357194183692712e+01
1.197292365800867913e+02 4.832708166393200599e+01
1.196447575315522158e+02 4.838059138602708487e+01
1.195602784830176404e+02 4.843410110812216374e+01
1.194757994344830649e+02 4.848761083021724261e+01
1.193913203859484895e+02 4.854112055231232148e+01
1.193068413374139141e+02 4.859463027440740035e+01
1.192223622888793386e+02 4.864813999650247922e+01
1.191378832403447632e+02 4.870164971859755809e+01
1.190534041918101877e+02 4.875515944069263696e+01
1.189689251432756123e+02 4.880866916278771583e+01
1.188844460947410369e+02 4.886217888488279470e+01
1.187999670462064614e+02 4.891568860697787358e+01
1.187154879976718860e+02 4.896919832907295245e+01
1.186310089491373105e+02 4.902270805116803132e+01
1.185465299006027351e+02 4.907621777326311019e+01
1.184620508520681597e+02 4.912972749535818906e+01
1.183775718035335842e+02 4.918323721745326793e+01
1.182930927549990088e+02 4.923674693954834680e+01
1.182086137064644333e+02 4.929025666164342567e+01
1.181241346579298579e+02 4.934376638373850454e+01
1.180396556093952825e+02 4.939727610583358342e+01
1.179551765608607070e+02 4.945078582792866229e+01
1.178706975123261316e+02 4.950429555002374116e+01
1.177862184637915561e+02 4.955780527211882003e+01
1.177017394152569807e+02 4.961131499421389890e+01
1.176172603667224053e+02 4.966482471630897777e+01
1.175327813181878298e+02 4.971833443840405664e+01
1.174483022696532544e+02 4.977184416049913551e+01
1.173638232211186789e+02 4.982535388259421438e+01
1.172793441725841035e+02 4.987886360468929325e+01
1.171948651240495280e+02 4.993237332678437213e+01
1.171103860755149526e+02 4.998588304887945100e+01
1.170259070269803772e+02 5.003939277097452987e+01
1.169414279784458017e+02 5.009290249306960874e+01
1.168569489299112263e+02 5.014641221516468761e+01
1.167724698813766508e+02 5.019992193725976648e+01
1.166879908328420754e+02 5.025343165935484535e+01
1.166035117843075000e+02 5.030694138144992422e+01
1.165190327357729245e+02 5.036045110354500309e+01
1.164345536872383491e+02 5.041396082564008196e+01
1.163500746387037736e+02 5.046747054773516084e+01
1.162655955901691982e+02 5.052098026983023971e+01
1.161811165416346228e+02 5.057448999192531858e+01
1.160966374931000473e+02 5.062799971402039745e+01
1.160121584445654719e+02 5.068150943611547632e+01
1.159133623180582617e+02 5.074408771280104702e+01
