2.118590024866773547e+02 1.550000000000000000e+02
2.118587736011945424e+02 1.551000318163706595e+02
2.118580869495394836e+02 1.552000615378762518e+02
2.118569425460920286e+02 1.553000870696955076e+02
2.118553404148182153e+02 1.554001063170950090e+02
2.118532805892699002e+02 1.555001171854728454e+02
2.118507631125839055e+02 1.556001175804026389e+02
2.118477880374812230e+02 1.557001054076773130e+02
2.118443554262657926e+02 1.558000785733530336e+02
2.118404653508233366e+02 1.559000349837929491e+02
2.118361178926197965e+02 1.559999725457111026e+02
2.118313131426995426e+02 1.560998891662163146e+02
2.118260512016836401e+02 1.561997827528559242e+02
2.118203321797675471e+02 1.562996512136596152e+02
2.118141561967189830e+02 1.563994924571833565e+02
2.118075233818752849e+02 1.564993043925529719e+02
2.118004338741408219e+02 1.565990849295081375e+02
2.117928878219839248e+02 1.566988319784460657e+02
2.117848853834339593e+02 1.567985434504652460e+02
2.117764267260778865e+02 1.568982172574092431e+02
2.117675120270568243e+02 1.569978513119104093e+02
2.117581414730622953e+02 1.570974435274335974e+02
2.117483152603322765e+02 1.571969918183197876e+02
2.117380335946472485e+02 1.572964940998299141e+02
2.117272966913257051e+02 1.573959482881883787e+02
2.117161047752197760e+02 1.574953523006268199e+02
2.117044580807103671e+02 1.575947040554275418e+02
2.116923568517024989e+02 1.576940014719673400e+02
2.116798013416199069e+02 1.577932424707609016e+02
2.116667918133999251e+02 1.578924249735044327e+02
2.116533285394879726e+02 1.579915469031191719e+02
2.116394118018317556e+02 1.580906061837948755e+02
2.116250418918754121e+02 1.581896007410332743e+02
2.116102191105534303e+02 1.582885285016915304e+02
2.115949437682843097e+02 1.583873873940257226e+02
2.115792161849641104e+02 1.584861753477340756e+02
2.115630366899596879e+02 1.585848902940005019e+02
2.115464056221017870e+02 1.586835301655377464e+02
2.115293233296780784e+02 1.587820928966308429e+02
2.115117901704257122e+02 1.588805764231802584e+02
2.114938065115238714e+02 1.589789786827451792e+02
2.114753727295861268e+02 1.590772976145866551e+02
2.114564892106525633e+02 1.591755311597108289e+02
2.114371563501815672e+02 1.592736772609119953e+02
2.114173745530416682e+02 1.593717338628156597e+02
2.113971442335030417e+02 1.594696989119216823e+02
2.113764658152287836e+02 1.595675703566471668e+02
2.113553397312660422e+02 1.596653461473694904e+02
2.113337664240370941e+02 1.597630242364692776e+02
2.113117463453298228e+02 1.598606025783731184e+02
2.112892799562884534e+02 1.599580791295965980e+02
2.112663677274038321e+02 1.600554518487869018e+02
2.112430101385035925e+02 1.601527186967657883e+02
2.112192076787420660e+02 1.602498776365720801e+02
2.111949608465901065e+02 1.603469266335044097e+02
2.111702701498245460e+02 1.604438636551638808e+02
2.111451361055176505e+02 1.605406866714965588e+02
2.111195592400263195e+02 1.606373936548360177e+02
2.110935400889809159e+02 1.607339825799457458e+02
2.110670791972741824e+02 1.608304514240616925e+02
2.110401771190498437e+02 1.609267981669344465e+02
2.110128344176908399e+02 1.610230207908717261e+02
2.109850516658077311e+02 1.611191172807804435e+02
2.109568294452265604e+02 1.612150856242091379e+02
2.109281683469767188e+02 1.613109238113898982e+02
2.108990689712785809e+02 1.614066298352805404e+02
2.108695319275309430e+02 1.615022016916067003e+02
2.108395578342981764e+02 1.615976373789036984e+02
2.108091473192974092e+02 1.616929348985585762e+02
2.107783010193852817e+02 1.617880922548517617e+02
2.107470195805446451e+02 1.618831074549990774e+02
2.107153036578709475e+02 1.619779785091933775e+02
2.106831539155587336e+02 1.620727034306461576e+02
2.106505710268874623e+02 1.621672802356292777e+02
2.106175556742076367e+02 1.622617069435164296e+02
2.105841085489263378e+02 1.623559815768246324e+02
2.105502303514928997e+02 1.624501021612556713e+02
2.105159217913840735e+02 1.625440667257373946e+02
2.104811835870893617e+02 1.626378733024650103e+02
2.104460164660957560e+02 1.627315199269423545e+02
2.104104211648727585e+02 1.628250046380229605e+02
2.103743984288566651e+02 1.629183254779511003e+02
2.103379490124352174e+02 1.630114804924028817e+02
2.103010736789316297e+02 1.631044677305271478e+02
2.102637732005887017e+02 1.631972852449862614e+02
2.102260483585525890e+02 1.632899310919969764e+02
2.101878999428565180e+02 1.633824033313710515e+02
2.101493287524040738e+02 1.634747000265559791e+02
2.101103355949527440e+02 1.635668192446755143e+02
2.100709212870966951e+02 1.636587590565700907e+02
2.100310866542499184e+02 1.637505175368372647e+02
2.099908325306288361e+02 1.638420927638720741e+02
2.099501597592347366e+02 1.639334828199071978e+02
2.099090691918363802e+02 1.640246857910532015e+02
2.098675616889519233e+02 1.641156997673385831e+02
2.098256381198309555e+02 1.642065228427497061e+02
2.097832993624363667e+02 1.642971531152708735e+02
2.097405463034259014e+02 1.643875886869240048e+02
2.096973798381336280e+02 1.644778276638084549e+02
2.096538008705511231e+02 1.645678681561406336e+02
2.096098103133085999e+02 1.646577082782936543e+02
2.095654090876557802e+02 1.647473461488367832e+02
2.095205981234425678e+02 1.648367798905748032e+02
2.094753783590996647e+02 1.649260076305873781e+02
2.094297507416188182e+02 1.650150275002682463e+02
2.093837162265330392e+02 1.651038376353643855e+02
2.093372757778965934e+02 1.651924361760150362e+02
2.092904303682647935e+02 1.652808212667906105e+02
2.092431809786736210e+02 1.653689910567316019e+02
2.091955285986192337e+02 1.654569436993873808e+02
2.091474742260372182e+02 1.655446773528547055e+02
2.090990188672816146e+02 1.656321901798165186e+02
2.090501635371040265e+02 1.657194803475802303e+02
2.090009092586321344e+02 1.658065460281162018e+02
2.089512570633484643e+02 1.658933853980960009e+02
2.089012079910686737e+02 1.659799966389306292e+02
2.088507630899198375e+02 1.660663779368084931e+02
2.087999234163184781e+02 1.661525274827334897e+02
2.087486900349484245e+02 1.662384434725629205e+02
2.086970640187385015e+02 1.663241241070451224e+02
2.086450464488401337e+02 1.664095675918572965e+02
2.085926384146046360e+02 1.664947721376429968e+02
2.085398410135604479e+02 1.665797359600497032e+02
2.084866553513900840e+02 1.666644572797660544e+02
2.084330825419070266e+02 1.667489343225591654e+02
2.083791237070324200e+02 1.668331653193118598e+02
2.083247799767715378e+02 1.669171485060596467e+02
2.082700524891901068e+02 1.670008821240275836e+02
2.082149423903904903e+02 1.670843644196673097e+02
2.081594508344877568e+02 1.671675936446935680e+02
2.081035789835854075e+02 1.672505680561209545e+02
2.080473280077509912e+02 1.673332859163003548e+02
2.079906990849918316e+02 1.674157454929553239e+02
2.079336934012301299e+02 1.674979450592184094e+02
2.078763121502781814e+02 1.675798828936672749e+02
2.078185565338135348e+02 1.676615572803607961e+02
2.077604277613535260e+02 1.677429665088749857e+02
2.077019270502302390e+02 1.678241088743387195e+02
2.076430556255648696e+02 1.679049826774695759e+02
2.075838147202420885e+02 1.679855862246093352e+02
2.075242055748841778e+02 1.680659178277595345e+02
2.074642294378251677e+02 1.681459758046166542e+02
2.074038875650846023e+02 1.682257584786075597e+02
2.073431812203412221e+02 1.683052641789244319e+02
2.072821116749065595e+02 1.683844912405598677e+02
2.072206802076983365e+02 1.684634380043416968e+02
2.071588881052135775e+02 1.685421028169677413e+02
2.070967366615017511e+02 1.686204840310404620e+02
2.070342271781375985e+02 1.686985800051014053e+02
2.069713609641940195e+02 1.687763891036656503e+02
2.069081393362144752e+02 1.688539096972559719e+02
2.068445636181855321e+02 1.689311401624370319e+02
2.067806351415091513e+02 1.690080788818493716e+02
2.067163552449746362e+02 1.690847242442432901e+02
2.066517252747308930e+02 1.691610746445124960e+02
2.065867465842578952e+02 1.692371284837278722e+02
2.065214205343386311e+02 1.693128841691707862e+02
2.064557484930304838e+02 1.693883401143665992e+02
2.063897318356364678e+02 1.694634947391178628e+02
2.063233719446766941e+02 1.695383464695373164e+02
2.062566702098591520e+02 1.696128937380809134e+02
2.061896280280508051e+02 1.696871349835806484e+02
2.061222468032481743e+02 1.697610686512772702e+02
2.060545279465480633e+02 1.698346931928528250e+02
2.059864728761179435e+02 1.699080070664630284e+02
2.059180830171663104e+02 1.699810087367696099e+02
2.058493598019127262e+02 1.700536966749725138e+02
2.057803046695579496e+02 1.701260693588418178e+02
2.057109190662537515e+02 1.701981252727496212e+02
2.056412044450725602e+02 1.702698629077018495e+02
2.055711622659771081e+02 1.703412807613698590e+02
2.055007939957899339e+02 1.704123773381217575e+02
2.054301011081624324e+02 1.704831511490539526e+02
2.053590850835442438e+02 1.705536007120221313e+02
2.052877474091520753e+02 1.706237245516723817e+02
2.052160895789386359e+02 1.706935211994721442e+02
2.051441130935613444e+02 1.707629891937408217e+02
2.050718194603509232e+02 1.708321270796805322e+02
2.049992101932797084e+02 1.709009334094065196e+02
2.049262868129301296e+02 1.709694067419774512e+02
2.048530508464627076e+02 1.710375456434256023e+02
2.047795038275841932e+02 1.711053486867869537e+02
2.047056472965153375e+02 1.711728144521309787e+02
2.046314827999587465e+02 1.712399415265904565e+02
2.045570118910664235e+02 1.713067285043909749e+02
2.044822361294071982e+02 1.713731739868804596e+02
2.044071570809341836e+02 1.714392765825584490e+02
2.043317763179518920e+02 1.715050349071051414e+02
2.042560954190833797e+02 1.715704475834105267e+02
2.041801159692371073e+02 1.716355132416031211e+02
2.041038395595737711e+02 1.717002305190787013e+02
2.040272677874730505e+02 1.717645980605288401e+02
2.039504022565000412e+02 1.718286145179692141e+02
2.038732445763718033e+02 1.718922785507679976e+02
2.037957963629234825e+02 1.719555888256737717e+02
2.037180592380746873e+02 1.720185440168435207e+02
2.036400348297952974e+02 1.720811428058703711e+02
2.035617247720715568e+02 1.721433838818113031e+02
2.034831307048717122e+02 1.722052659412143782e+02
2.034042542741118211e+02 1.722667876881463087e+02
2.033250971316210780e+02 1.723279478342194295e+02
2.032456609351074803e+02 1.723887450986186423e+02
2.031659473481228417e+02 1.724491782081284157e+02
2.030859580400281175e+02 1.725092458971593032e+02
2.030056946859585025e+02 1.725689469077744320e+02
2.029251589667881035e+02 1.726282799897160487e+02
2.028443525690950366e+02 1.726872439004314117e+02
2.027632771851259008e+02 1.727458374050989960e+02
2.026819345127603640e+02 1.728040592766544137e+02
2.026003262554757214e+02 1.728619082958158515e+02
2.025184541223110841e+02 1.729193832511099060e+02
2.024363198278317100e+02 1.729764829388967371e+02
2.023539250920929931e+02 1.730332061633953913e+02
2.022712716406044535e+02 1.730895517367087564e+02
2.021883612042937273e+02 1.731455184788485440e+02
2.021051955194701009e+02 1.732011052177599026e+02
2.020217763277884160e+02 1.732563107893460312e+02
2.019381053762123202e+02 1.733111340374925078e+02
2.018541844169778869e+02 1.733655738140915332e+02
2.017700152075568383e+02 1.734196289790659762e+02
2.016855995106197099e+02 1.734732984003932188e+02
2.016009390939990453e+02 1.735265809541288604e+02
2.015160357306522485e+02 1.735794755244303644e+02
2.014308911986245221e+02 1.736319810035802220e+02
2.013455072810116349e+02 1.736840962920093716e+02
2.012598857659225189e+02 1.737358202983200499e+02
2.011740284464419517e+02 1.737871519393087283e+02
2.010879371205928692e+02 1.738380901399888216e+02
2.010016135912987920e+02 1.738886338336131701e+02
2.009150596663459964e+02 1.739387819616962929e+02
2.008282771583457134e+02 1.739885334740367568e+02
2.007412678846962137e+02 1.740378873287389752e+02
2.006540336675446667e+02 1.740868424922350925e+02
2.005665763337489409e+02 1.741353979393066993e+02
2.004788977148394906e+02 1.741835526531062044e+02
2.003909996469809016e+02 1.742313056251781518e+02
2.003028839709334363e+02 1.742786558554803946e+02
2.002145525320145225e+02 1.743256023524050136e+02
2.001260071800600713e+02 1.743721441327989794e+02
2.000372497693857667e+02 1.744182802219849293e+02
1.999482821587482704e+02 1.744640096537814316e+02
1.998591062113061412e+02 1.745093314705233070e+02
1.997697237945810684e+02 1.745542447230815526e+02
1.996801367804184792e+02 1.745987484708834359e+02
1.995903470449486008e+02 1.746428417819319634e+02
1.995003564685468973e+02 1.746865237328255773e+02
1.994101669357950186e+02 1.747297934087773967e+02
1.993197803354410382e+02 1.747726499036343739e+02
1.992291985603600324e+02 1.748150923198963369e+02
1.991384235075144318e+02 1.748571197687346910e+02
1.990474570779143448e+02 1.748987313700110917e+02
1.989563011765775684e+02 1.749399262522959475e+02
1.988649577124899395e+02 1.749807035528864958e+02
1.987734285985651752e+02 1.750210624178249930e+02
1.986817157516048553e+02 1.750610020019166200e+02
1.985898210922582905e+02 1.751005214687470470e+02
1.984977465449823626e+02 1.751396199907000835e+02
1.984054940380011374e+02 1.751782967489749581e+02
1.983130655032654488e+02 1.752165509336034859e+02
1.982204628764125971e+02 1.752543817434669791e+02
1.981276880967256204e+02 1.752917883863131010e+02
1.980347431070929076e+02 1.753287700787723224e+02
1.979416298539672425e+02 1.753653260463745767e+02
1.978483502873252746e+02 1.754014555235651756e+02
1.977549063606265634e+02 1.754371577537210385e+02
1.976613000307726793e+02 1.754724319891665232e+02
1.975675332580662200e+02 1.755072774911890292e+02
1.974736080061698829e+02 1.755416935300544310e+02
1.973795262420650829e+02 1.755756793850224824e+02
1.972852899360110257e+02 1.756092343443618233e+02
1.971909010615032969e+02 1.756423577053648728e+02
1.970963615952325085e+02 1.756750487743626650e+02
1.970016735170430877e+02 1.757073068667391738e+02
1.969068388098915818e+02 1.757391313069458647e+02
1.968118594598053051e+02 1.757705214285156217e+02
1.967167374558406436e+02 1.758014765740769860e+02
1.966214747900414466e+02 1.758319960953676286e+02
1.965260734573973025e+02 1.758620793532481059e+02
1.964305354558017882e+02 1.758917257177151896e+02
1.963348627860106035e+02 1.759209345679150829e+02
1.962390574515995638e+02 1.759497052921564091e+02
1.961431214589228773e+02 1.759780372879230015e+02
1.960470568170709385e+02 1.760059299618865225e+02
1.959508655378282924e+02 1.760333827299189693e+02
1.958545496356315709e+02 1.760603950171047813e+02
1.957581111275272008e+02 1.760869662577530050e+02
1.956615520331292828e+02 1.761130958954089749e+02
1.955648743745771867e+02 1.761387833828661940e+02
1.954680801764932880e+02 1.761640281821775886e+02
1.953711714659405061e+02 1.761888297646668775e+02
1.952741502723798419e+02 1.762131876109395989e+02
1.951770186276280015e+02 1.762371012108940818e+02
1.950797785658147063e+02 1.762605700637319615e+02
1.949824321233401747e+02 1.762835936779688097e+02
1.948849813388323753e+02 1.763061715714443949e+02
1.947874282531045083e+02 1.763283032713327430e+02
1.946897749091120602e+02 1.763499883141520570e+02
1.945920233519102283e+02 1.763712262457744089e+02
1.944941756286109467e+02 1.763920166214353458e+02
1.943962337883399982e+02 1.764123590057430135e+02
1.942981998821942682e+02 1.764322529726874791e+02
1.942000759631986000e+02 1.764516981056495410e+02
1.941018640862629354e+02 1.764706939974093984e+02
1.940035663081392272e+02 1.764892402501554045e+02
1.939051846873783234e+02 1.765073364754920817e+02
1.938067212842869367e+02 1.765249822944485345e+02
1.937081781608844722e+02 1.765421773374862369e+02
1.936095573808598544e+02 1.765589212445067915e+02
1.935108610095282415e+02 1.765752136648595183e+02
1.934120911137878238e+02 1.765910542573487305e+02
1.933132497620766230e+02 1.766064426902409252e+02
1.932143390243289787e+02 1.766213786412717468e+02
1.931153609719323754e+02 1.766358617976526943e+02
1.930163176776839862e+02 1.766498918560776588e+02
1.929172112157473009e+02 1.766634685227293176e+02
1.928180436616086411e+02 1.766765915132853308e+02
1.927188170920337029e+02 1.766892605529241393e+02
1.926195335850241293e+02 1.767014753763309045e+02
1.925201952197739104e+02 1.767132357277029371e+02
1.924208040766258989e+02 1.767245413607550688e+02
1.923213622370281826e+02 1.767353920387249104e+02
1.922218717834906272e+02 1.767457875343776550e+02
1.921223347995410506e+02 1.767557276300109947e+02
1.920227533696817659e+02 1.767652121174595266e+02
1.919231295793458969e+02 1.767742407980992709e+02
1.918234655148536660e+02 1.767828134828517079e+02
1.917237632633686530e+02 1.767909299921877277e+02
1.916240249128542530e+02 1.767985901561315245e+02
1.915242525520297932e+02 1.768057938142640637e+02
1.914244482703268204e+02 1.768125408157263792e+02
1.913246141578454171e+02 1.768188310192228698e+02
1.912247523053103180e+02 1.768246642930241421e+02
1.911248648040272826e+02 1.768300405149698804e+02
1.910249537458391274e+02 1.768349595724713197e+02
1.909250212230820409e+02 1.768394213625135762e+02
1.908250693285416730e+02 1.768434257916579213e+02
1.907251001554094216e+02 1.768469727760436285e+02
1.906251157972384931e+02 1.768500622413898213e+02
1.905251183479001043e+02 1.768526941229969225e+02
1.904251099015396278e+02 1.768548683657481604e+02
1.903250925525327091e+02 1.768565849241104786e+02
1.902250683954415251e+02 1.768578437621358148e+02
1.901250395249707026e+02 1.768586448534615556e+02
1.900250080359236620e+02 1.768589881813112470e+02
1.899249760231586492e+02 1.768588737384949638e+02
1.898249455815448528e+02 1.768583015274093384e+02
1.897249188059185769e+02 1.768572715600376171e+02
1.896248977910393023e+02 1.768557838579493477e+02
1.895248846315459730e+02 1.768538384522999820e+02
1.894248814219129429e+02 1.768514353838301645e+02
1.893248902564062348e+02 1.768485747028649655e+02
1.892249132290395721e+02 1.768452564693126874e+02
1.891249524335306944e+02 1.768414807526637844e+02
1.890250099632573892e+02 1.768372476319892144e+02
1.889250879112136090e+02 1.768325571959389890e+02
1.888251883699657867e+02 1.768274095427401278e+02
1.887253134316089245e+02 1.768218047801947250e+02
1.886254651877227673e+02 1.768157430256776763e+02
1.885256457293279766e+02 1.768092244061341489e+02
1.884258571468425032e+02 1.768022490580769954e+02
1.883261015300376187e+02 1.767948171275838831e+02
1.882263809679942312e+02 1.767869287702941961e+02
1.881266975490591449e+02 1.767785841514058234e+02
1.880270533608013181e+02 1.767697834456716919e+02
1.879274504899681517e+02 1.767605268373960428e+02
1.878278910224417473e+02 1.767508145204306516e+02
1.877283770431952519e+02 1.767406466981707638e+02
1.876289106362492305e+02 1.767300235835508033e+02
1.875294938846279820e+02 1.767189453990398817e+02
1.874301288703159116e+02 1.767074123766372225e+02
1.873308176742139608e+02 1.766954247578672152e+02
1.872315623760959511e+02 1.766829827937744426e+02
1.871323650545651560e+02 1.766700867449183647e+02
1.870332277870107305e+02 1.766567368813679195e+02
1.869341526495640551e+02 1.766429334826956961e+02
1.868351417170555067e+02 1.766286768379723924e+02
1.867361970629708310e+02 1.766139672457604490e+02
1.866373207594077712e+02 1.765988050141079952e+02
1.865385148770326680e+02 1.765831904605422551e+02
1.864397814850371162e+02 1.765671239120630389e+02
1.863411226510946506e+02 1.765506057051358368e+02
1.862425404413173453e+02 1.765336361856847134e+02
1.861440369202126419e+02 1.765162157090851451e+02
1.860456141506401195e+02 1.764983446401565743e+02
1.859472741937681803e+02 1.764800233531546496e+02
1.858490191090310475e+02 1.764612522317635808e+02
1.857508509540855357e+02 1.764420316690879531e+02
1.856527717847678787e+02 1.764223620676445421e+02
1.855547836550509544e+02 1.764022438393539574e+02
1.854568886170008852e+02 1.763816774055318319e+02
1.853590887207344622e+02 1.763606631968801821e+02
1.852613860143758870e+02 1.763392016534783693e+02
1.851637825440140546e+02 1.763172932247737208e+02
1.850662803536596925e+02 1.762949383695722645e+02
1.849688814852024450e+02 1.762721375560291790e+02
1.848715879783682396e+02 1.762488912616387893e+02
1.847744018706765701e+02 1.762251999732247043e+02
1.846773251973976926e+02 1.762010641869295853e+02
1.845803599915101074e+02 1.761764844082048285e+02
1.844835082836580114e+02 1.761514611517998219e+02
1.843867721021086936e+02 1.761259949417512871e+02
1.842901534727100739e+02 1.761000863113723085e+02
1.841936544188483538e+02 1.760737358032411350e+02
1.840972769614055551e+02 1.760469439691897264e+02
1.840010231187171712e+02 1.760197113702924128e+02
1.839048949065300746e+02 1.759920385768539290e+02
1.838088943379600835e+02 1.759639261683975633e+02
1.837130234234499540e+02 1.759353747336530205e+02
1.836172841707272312e+02 1.759063848705441444e+02
1.835216785847621566e+02 1.758769571861762699e+02
1.834262086677258026e+02 1.758470922968236323e+02
1.833308764189479518e+02 1.758167908279163498e+02
1.832356838348754309e+02 1.757860534140274069e+02
1.831406329090302165e+02 1.757548806988594094e+02
1.830457256319676276e+02 1.757232733352309424e+02
1.829509639912346870e+02 1.756912319850630411e+02
1.828563499713285694e+02 1.756587573193652929e+02
1.827618855536549063e+02 1.756258500182217119e+02
1.826675727164864043e+02 1.755925107707766415e+02
1.825734134349213207e+02 1.755587402752201456e+02
1.824794096808422523e+02 1.755245392387735990e+02
1.823855634228746396e+02 1.754899083776746522e+02
1.822918766263456689e+02 1.754548484171623670e+02
1.821983512532431462e+02 1.754193600914620674e+02
1.821049892621742856e+02 1.753834441437697933e+02
1.820117926083247539e+02 1.753471013262368956e+02
1.819187632434177431e+02 1.753103323999542340e+02
1.818259031156731282e+02 1.752731381349361754e+02
1.817332141697665691e+02 1.752355193101046495e+02
1.816406983467888097e+02 1.751974767132725503e+02
1.815483575842051209e+02 1.751590111411275075e+02
1.814561938158146859e+02 1.751201233992150890e+02
1.813642089717099282e+02 1.750808143019218903e+02
1.812724049782364091e+02 1.750410846724585667e+02
1.811807837579522413e+02 1.750009353428425243e+02
1.810893472295879008e+02 1.749603671538805543e+02
1.809980973080060380e+02 1.749193809551511549e+02
1.809070359041614608e+02 1.748779776049868246e+02
1.808161649250609457e+02 1.748361579704559858e+02
1.807254862737234191e+02 1.747939229273449939e+02
1.806350018491401386e+02 1.747512733601395212e+02
1.805447135462348456e+02 1.747082101620063668e+02
1.804546232558240035e+02 1.746647342347744427e+02
1.803647328645774905e+02 1.746208464889161291e+02
1.802750442549787238e+02 1.745765478435280613e+02
1.801855593052854658e+02 1.745318392263119449e+02
1.800962798894905177e+02 1.744867215735550587e+02
1.800072078772822692e+02 1.744411958301107859e+02
1.799183451340057616e+02 1.743952629493786617e+02
1.798296935206234650e+02 1.743489238932845637e+02
1.797412548936763983e+02 1.743021796322603905e+02
1.796530311052452191e+02 1.742550311452239100e+02
1.795650240029114002e+02 1.742074794195581831e+02
1.794772354297186894e+02 1.741595254510908717e+02
1.793896672241342856e+02 1.741111702440733779e+02
1.793023212200104695e+02 1.740624148111598970e+02
1.792151992465462058e+02 1.740132601733860724e+02
1.791283031282488594e+02 1.739637073601477653e+02
1.790416346848958540e+02 1.739137574091793965e+02
1.789551957314966444e+02 1.738634113665322047e+02
1.788689880782548300e+02 1.738126702865524180e+02
1.787830135305299564e+02 1.737615352318591420e+02
1.786972738888000265e+02 1.737100072733220486e+02
1.786117709486235299e+02 1.736580874900390370e+02
1.785265065006020393e+02 1.736057769693135810e+02
1.784414823303426090e+02 1.735530768066319354e+02
1.783567002184203147e+02 1.734999881056403126e+02
1.782721619403411921e+02 1.734465119781216345e+02
1.781878692665048050e+02 1.733926495439723112e+02
1.781038239621672972e+02 1.733384019311787654e+02
1.780200277874044446e+02 1.732837702757938985e+02
1.779364824970747065e+02 1.732287557219131600e+02
1.778531898407825622e+02 1.731733594216506447e+02
1.777701515628417610e+02 1.731175825351150195e+02
1.776873694022389714e+02 1.730614262303851660e+02
1.776048450925971736e+02 1.730048916834857380e+02
1.775225803621394505e+02 1.729479800783625194e+02
1.774405769336528351e+02 1.728906926068576979e+02
1.773588365244520730e+02 1.728330304686847683e+02
1.772773608463438677e+02 1.727749948714035497e+02
1.771961516055908987e+02 1.727165870303948054e+02
1.771152105028760673e+02 1.726578081688348618e+02
1.770345392332669689e+02 1.725986595176698870e+02
1.769541394861803667e+02 1.725391423155902260e+02
1.768740129453468057e+02 1.724792578090044231e+02
1.767941612887752854e+02 1.724190072520131025e+02
1.767145861887182718e+02 1.723583919063826784e+02
1.766352893116365692e+02 1.722974130415189506e+02
1.765562723181643605e+02 1.722360719344406448e+02
1.764775368630746186e+02 1.721743698697524394e+02
1.763990845952442612e+02 1.721123081396182215e+02
1.763209171576197321e+02 1.720498880437340006e+02
1.762430361871825539e+02 1.719871108893006806e+02
1.761654433149151089e+02 1.719239779909966614e+02
1.760881401657663616e+02 1.718604906709503268e+02
1.760111283586179241e+02 1.717966502587123898e+02
1.759344095062501481e+02 1.717324580912279544e+02
1.758579852153083039e+02 1.716679155128086620e+02
1.757818570862689285e+02 1.716030238751043555e+02
1.757060267134064304e+02 1.715377845370749696e+02
1.756304956847595520e+02 1.714721988649619107e+02
1.755552655820981443e+02 1.714062682322595208e+02
1.754803379808901695e+02 1.713399940196863440e+02
1.754057144502684764e+02 1.712733776151561074e+02
1.753313965529981999e+02 1.712064204137487877e+02
1.752573858454438209e+02 1.711391238176812521e+02
1.751836838775366800e+02 1.710714892362779835e+02
1.751102921927424916e+02 1.710035180859416357e+02
1.750372123280290282e+02 1.709352117901231338e+02
1.749644458138339473e+02 1.708665717792921726e+02
1.748919941740327033e+02 1.707975994909069755e+02
1.748198589259066580e+02 1.707282963693843953e+02
1.747480415801113054e+02 1.706586638660695598e+02
1.746765436406446383e+02 1.705887034392055170e+02
1.746053666048156288e+02 1.705184165539026822e+02
1.745345119632129069e+02 1.704478046821081421e+02
1.744639811996735261e+02 1.703768693025748462e+02
1.743937757912518691e+02 1.703056119008307121e+02
1.743238972081887823e+02 1.702340339691473332e+02
1.742543469138806529e+02 1.701621370065088854e+02
1.741851263648489407e+02 1.700899225185807211e+02
1.741162370107095114e+02 1.700173920176777642e+02
1.740476802941424239e+02 1.699445470227328769e+02
1.739794576508616046e+02 1.698713890592650841e+02
1.739115705095848057e+02 1.697979196593475706e+02
1.738440202920037336e+02 1.697241403615755644e+02
1.737768084127542068e+02 1.696500527110343057e+02
1.737099362793865964e+02 1.695756582592664188e+02
1.736434052923363254e+02 1.695009585642396246e+02
1.735772168448945081e+02 1.694259551903140562e+02
1.735113723231787901e+02 1.693506497082094313e+02
1.734458731061043864e+02 1.692750436949722825e+02
1.733807205653550625e+02 1.691991387339427888e+02
1.733159160653545996e+02 1.691229364147217211e+02
1.732514609632380029e+02 1.690464383331371607e+02
1.731873566088232508e+02 1.689696460912109899e+02
1.731236043445829580e+02 1.688925612971254111e+02
1.730602055056162953e+02 1.688151855651892674e+02
1.729971614196209657e+02 1.687375205158041638e+02
1.729344734068654361e+02 1.686595677754306166e+02
1.728721427801613117e+02 1.685813289765540333e+02
1.728101708448358806e+02 1.685028057576503500e+02
1.727485588987045730e+02 1.684239997631518690e+02
1.726873082320441029e+02 1.683449126434127834e+02
1.726264201275651260e+02 1.682655460546745871e+02
1.725658958603856377e+02 1.681859016590314297e+02
1.725057366980040854e+02 1.681059811243952709e+02
1.724459439002729084e+02 1.680257861244610069e+02
1.723865187193721908e+02 1.679453183386713135e+02
1.723274623997833146e+02 1.678645794521816015e+02
1.722687761782630105e+02 1.677835711558246885e+02
1.722104612838174660e+02 1.677022951460753291e+02
1.721525189376764331e+02 1.676207531250146872e+02
1.720949503532678762e+02 1.675389468002948092e+02
1.720377567361923639e+02 1.674568778851027844e+02
1.719809392841979161e+02 1.673745480981247908e+02
1.719244991871549644e+02 1.672919591635102847e+02
1.718684376270313123e+02 1.672091128108357054e+02
1.718127557778674941e+02 1.671260107750683517e+02
1.717574548057521042e+02 1.670426547965300870e+02
1.717025358687974403e+02 1.669590466208607893e+02
1.716480001171152026e+02 1.668751879989818576e+02
1.715938486927924771e+02 1.667910806870595479e+02
1.715400827298676916e+02 1.667067264464681671e+02
1.714867033543070249e+02 1.666221270437531814e+02
1.714337116839806754e+02 1.665372842505942685e+02
1.713811088286396114e+02 1.664521998437681987e+02
1.713288958898921805e+02 1.663668756051115736e+02
1.712770739611810882e+02 1.662813133214835659e+02
1.712256441277605461e+02 1.661955147847284593e+02
1.711746074666735069e+02 1.661094817916382169e+02
1.711239650467291256e+02 1.660232161439147376e+02
1.710737179284803346e+02 1.659367196481321116e+02
1.710238671642016470e+02 1.658499941156989621e+02
1.709744137978672427e+02 1.657630413628203314e+02
1.709253588651288283e+02 1.656758632104597098e+02
1.708767033932942923e+02 1.655884614843009217e+02
1.708284484013058773e+02 1.655008380147098421e+02
1.707805948997190910e+02 1.654129946366961406e+02
1.707331438906813617e+02 1.653249331898747414e+02
1.706860963679111194e+02 1.652366555184273977e+02
1.706394533166770486e+02 1.651481634710640662e+02
1.705932157137773686e+02 1.650594589009841116e+02
1.705473845275193696e+02 1.649705436658375675e+02
1.705019607176992338e+02 1.648814196276862276e+02
1.704569452355818271e+02 1.647920886529645941e+02
1.704123390238808042e+02 1.647025526124408827e+02
1.703681430167389408e+02 1.646128133811777730e+02
1.703243581397084938e+02 1.645228728384931571e+02
1.702809853097317898e+02 1.644327328679207483e+02
1.702380254351221254e+02 1.643423953571707727e+02
1.701954794155446962e+02 1.642518621980902935e+02
1.701533481419976965e+02 1.641611352866235620e+02
1.701116324967937601e+02 1.640702165227725402e+02
1.700703333535414288e+02 1.639791078105568545e+02
1.700294515771268777e+02 1.638878110579740337e+02
1.699889880236957254e+02 1.637963281769595767e+02
1.699489435406352698e+02 1.637046610833468776e+02
1.699093189665565546e+02 1.636128116968271229e+02
1.698701151312769468e+02 1.635207819409089893e+02
1.698313328558026853e+02 1.634285737428785694e+02
1.697929729523117146e+02 1.633361890337588136e+02
1.697550362241366884e+02 1.632436297482691714e+02
1.697175234657480871e+02 1.631508978247850905e+02
1.696804354627376483e+02 1.630579952052974022e+02
1.696437729918018533e+02 1.629649238353715930e+02
1.696075368207257839e+02 1.628716856641072468e+02
1.695717277083668648e+02 1.627782826440969473e+02
1.695363464046390618e+02 1.626847167313856346e+02
1.695013936504972776e+02 1.625909898854295079e+02
1.694668701779216349e+02 1.624971040690550694e+02
1.694327767099022424e+02 1.624030612484179130e+02
1.693991139604241596e+02 1.623088633929616549e+02
1.693658826344522197e+02 1.622145124753766936e+02
1.693330834279165060e+02 1.621200104715587713e+02
1.693007170276975444e+02 1.620253593605676770e+02
1.692687841116121490e+02 1.619305611245858643e+02
1.692372853483990411e+02 1.618356177488768708e+02
1.692062213977049225e+02 1.617405312217436517e+02
1.691755929100706908e+02 1.616453035344871694e+02
1.691454005269177685e+02 1.615499366813644997e+02
1.691156448805346599e+02 1.614544326595470807e+02
1.690863265940637632e+02 1.613587934690789893e+02
1.690574462814882963e+02 1.612630211128350197e+02
1.690290045476193654e+02 1.611671175964786755e+02
1.690010019880834591e+02 1.610710849284202766e+02
1.689734391893098575e+02 1.609749251197747526e+02
1.689463167285182976e+02 1.608786401843196643e+02
1.689196351737070927e+02 1.607822321384529687e+02
1.688933950836409679e+02 1.606857030011508130e+02
1.688675970078396347e+02 1.605890547939251860e+02
1.688422414865660528e+02 1.604922895407816839e+02
1.688173290508152604e+02 1.603954092681770760e+02
1.687928602223031760e+02 1.602984160049768718e+02
1.687688355134557128e+02 1.602013117824128017e+02
1.687452554273980070e+02 1.601040986340403265e+02
1.687221204579439586e+02 1.600067785956960051e+02
1.686994310895858291e+02 1.599093537054549188e+02
1.686771877974840947e+02 1.598118260035879246e+02
1.686553910474574991e+02 1.597141975325189946e+02
1.686340412959733044e+02 1.596164703367823847e+02
1.686131389901377702e+02 1.595186464629798593e+02
1.685926845676866890e+02 1.594207279597377465e+02
1.685726784569764050e+02 1.593227168776642202e+02
1.685531210769745769e+02 1.592246152693061276e+02
1.685340128372516801e+02 1.591264251891061861e+02
1.685153541379721673e+02 1.590281486933598671e+02
1.684971453698863684e+02 1.589297878401723381e+02
1.684793869143220206e+02 1.588313446894154310e+02
1.684620791431765099e+02 1.587328213026843855e+02
1.684452224189089975e+02 1.586342197432547891e+02
1.684288170945327749e+02 1.585355420760393201e+02
1.684128635136079311e+02 1.584367903675444609e+02
1.683973620102341897e+02 1.583379666858273254e+02
1.683823129090438329e+02 1.582390731004522308e+02
1.683677165251949646e+02 1.581401116824474400e+02
1.683535731643648603e+02 1.580410845042618178e+02
1.683398831227436290e+02 1.579419936397212894e+02
1.683266466870279885e+02 1.578428411639855540e+02
1.683138641344151551e+02 1.577436291535045711e+02
1.683015357325971877e+02 1.576443596859750755e+02
1.682896617397553882e+02 1.575450348402970064e+02
1.682782424045547600e+02 1.574456566965301079e+02
1.682672779661388347e+02 1.573462273358502443e+02
1.682567686541247554e+02 1.572467488405059441e+02
1.682467146885984448e+02 1.571472232937745730e+02
1.682371162801099445e+02 1.570476527799189910e+02
1.682279736296689236e+02 1.569480393841436694e+02
1.682192869287407291e+02 1.568483851925511203e+02
1.682110563592421499e+02 1.567486922920982408e+02
1.682032820935376094e+02 1.566489627705525436e+02
1.681959642944357540e+02 1.565491987164484442e+02
1.681891031151857874e+02 1.564494022190435771e+02
1.681826986994744857e+02 1.563495753682749978e+02
1.681767511814230431e+02 1.562497202547153563e+02
1.681712606855842864e+02 1.561498389695292701e+02
1.681662273269401169e+02 1.560499336044294125e+02
1.681616512108990946e+02 1.559500062516327148e+02
1.681575324332941648e+02 1.558500590038165683e+02
1.681538710803807248e+02 1.557500939540750551e+02
1.681506672288347488e+02 1.556501131958750364e+02
1.681479209457513093e+02 1.555501188230123546e+02
1.681456322886430428e+02 1.554501129295679220e+02
1.681438013054388989e+02 1.553500976098639512e+02
1.681424280344834017e+02 1.552500749584201003e+02
1.681415125045355126e+02 1.551500470699094478e+02
1.681410547347682609e+02 1.550500160391149223e+02
1.681410547347682609e+02 1.549499839608850777e+02
1.681415125045355126e+02 1.548499529300905522e+02
1.681424280344834017e+02 1.547499250415799281e+02
1.681438013054388989e+02 1.546499023901360488e+02
1.681456322886430428e+02 1.545498870704321064e+02
1.681479209457513093e+02 1.544498811769876738e+02
1.681506672288347488e+02 1.543498868041249636e+02
1.681538710803807248e+02 1.542499060459249449e+02
1.681575324332941648e+02 1.541499409961834317e+02
1.681616512108990946e+02 1.540499937483673136e+02
1.681662273269401169e+02 1.539500663955705875e+02
1.681712606855842864e+02 1.538501610304707299e+02
1.681767511814230431e+02 1.537502797452846437e+02
1.681826986994744857e+02 1.536504246317250022e+02
1.681891031151857874e+02 1.535505977809564229e+02
1.681959642944357540e+02 1.534508012835515558e+02
1.682032820935376094e+02 1.533510372294474848e+02
1.682110563592421499e+02 1.532513077079017592e+02
1.682192869287407291e+02 1.531516148074488797e+02
1.682279736296689236e+02 1.530519606158563306e+02
1.682371162801099445e+02 1.529523472200810090e+02
1.682467146885984448e+02 1.528527767062254270e+02
1.682567686541247554e+02 1.527532511594940843e+02
1.682672779661388347e+02 1.526537726641497272e+02
1.682782424045547600e+02 1.525543433034698921e+02
1.682896617397553882e+02 1.524549651597029936e+02
1.683015357325971877e+02 1.523556403140249529e+02
1.683138641344151551e+02 1.522563708464954289e+02
1.683266466870279885e+02 1.521571588360144460e+02
1.683398831227436290e+02 1.520580063602787106e+02
1.683535731643648603e+02 1.519589154957381822e+02
1.683677165251949646e+02 1.518598883175525600e+02
1.683823129090438329e+02 1.517609268995477976e+02
1.683973620102341897e+02 1.516620333141727031e+02
1.684128635136079311e+02 1.515632096324555391e+02
1.684288170945327749e+02 1.514644579239606799e+02
1.684452224189089975e+02 1.513657802567452109e+02
1.684620791431765383e+02 1.512671786973156145e+02
1.684793869143220206e+02 1.511686553105845690e+02
1.684971453698863684e+02 1.510702121598276619e+02
1.685153541379721673e+02 1.509718513066401329e+02
1.685340128372516801e+02 1.508735748108938139e+02
1.685531210769745769e+02 1.507753847306939008e+02
1.685726784569764050e+02 1.506772831223357798e+02
1.685926845676866890e+02 1.505792720402622535e+02
1.686131389901377702e+02 1.504813535370201691e+02
1.686340412959733044e+02 1.503835296632176153e+02
1.686553910474574991e+02 1.502858024674810054e+02
1.686771877974840947e+02 1.501881739964120754e+02
1.686994310895858291e+02 1.500906462945451096e+02
1.687221204579439586e+02 1.499932214043039949e+02
1.687452554273980070e+02 1.498959013659596735e+02
1.687688355134557128e+02 1.497986882175871983e+02
1.687928602223031760e+02 1.497015839950231282e+02
1.688173290508152604e+02 1.496045907318229240e+02
1.688422414865660528e+02 1.495077104592183161e+02
1.688675970078396347e+02 1.494109452060748424e+02
1.688933950836409679e+02 1.493142969988491870e+02
1.689196351737070927e+02 1.492177678615470313e+02
1.689463167285182976e+02 1.491213598156803357e+02
1.689734391893098575e+02 1.490250748802252474e+02
1.690010019880834591e+02 1.489289150715797518e+02
1.690290045476193654e+02 1.488328824035213245e+02
1.690574462814882963e+02 1.487369788871649803e+02
1.690863265940637632e+02 1.486412065309210107e+02
1.691156448805346599e+02 1.485455673404529477e+02
1.691454005269177685e+02 1.484500633186355287e+02
1.691755929100706908e+02 1.483546964655128306e+02
1.692062213977049225e+02 1.482594687782563483e+02
1.692372853483990127e+02 1.481643822511231292e+02
1.692687841116121490e+02 1.480694388754141357e+02
1.693007170276975444e+02 1.479746406394323230e+02
1.693330834279165060e+02 1.478799895284412287e+02
1.693658826344522197e+02 1.477854875246233064e+02
1.693991139604241596e+02 1.476911366070383451e+02
1.694327767099022424e+02 1.475969387515821154e+02
1.694668701779216349e+02 1.475028959309449590e+02
1.695013936504972776e+02 1.474090101145704921e+02
1.695363464046390618e+02 1.473152832686143938e+02
1.695717277083668648e+02 1.472217173559030812e+02
1.696075368207257839e+02 1.471283143358927816e+02
1.696437729918018533e+02 1.470350761646284070e+02
1.696804354627376199e+02 1.469420047947026262e+02
1.697175234657480871e+02 1.468491021752149095e+02
1.697550362241366884e+02 1.467563702517308286e+02
1.697929729523117146e+02 1.466638109662411864e+02
1.698313328558026853e+02 1.465714262571214306e+02
1.698701151312769468e+02 1.464792180590910107e+02
1.699093189665565546e+02 1.463871883031729055e+02
1.699489435406352413e+02 1.462953389166531224e+02
1.699889880236957254e+02 1.462036718230404233e+02
1.700294515771268777e+02 1.461121889420259663e+02
1.700703333535414288e+02 1.460208921894431455e+02
1.701116324967937601e+02 1.459297834772274598e+02
1.701533481419976965e+02 1.458388647133764380e+02
1.701954794155446962e+02 1.457481378019097349e+02
1.702380254351221254e+02 1.456576046428292273e+02
1.702809853097317898e+02 1.455672671320792517e+02
1.703243581397084938e+02 1.454771271615068713e+02
1.703681430167389408e+02 1.453871866188222270e+02
1.704123390238808042e+02 1.452974473875591173e+02
1.704569452355818271e+02 1.452079113470354059e+02
1.705019607176992338e+02 1.451185803723138008e+02
1.705473845275193696e+02 1.450294563341624325e+02
1.705932157137773686e+02 1.449405410990158884e+02
1.706394533166770486e+02 1.448518365289359338e+02
1.706860963679111194e+02 1.447633444815726023e+02
1.707331438906813617e+02 1.446750668101252586e+02
1.707805948997190910e+02 1.445870053633038594e+02
1.708284484013058773e+02 1.444991619852901579e+02
1.708767033932942923e+02 1.444115385156990783e+02
1.709253588651288283e+02 1.443241367895402902e+02
1.709744137978672427e+02 1.442369586371796686e+02
1.710238671642016470e+02 1.441500058843010379e+02
1.710737179284803346e+02 1.440632803518678884e+02
1.711239650467290971e+02 1.439767838560852908e+02
1.711746074666735069e+02 1.438905182083617831e+02
1.712256441277605177e+02 1.438044852152715407e+02
1.712770739611810598e+02 1.437186866785164625e+02
1.713288958898921805e+02 1.436331243948884264e+02
1.713811088286396114e+02 1.435478001562318013e+02
1.714337116839806754e+02 1.434627157494057315e+02
1.714867033543069965e+02 1.433778729562468186e+02
1.715400827298676916e+02 1.432932735535318329e+02
1.715938486927924771e+02 1.432089193129404521e+02
1.716480001171152026e+02 1.431248120010181424e+02
1.717025358687974403e+02 1.430409533791392107e+02
1.717574548057521042e+02 1.429573452034699130e+02
1.718127557778674941e+02 1.428739892249316483e+02
1.718684376270313123e+02 1.427908871891643230e+02
1.719244991871549644e+02 1.427080408364897153e+02
1.719809392841979161e+02 1.426254519018751807e+02
1.720377567361923354e+02 1.425431221148972156e+02
1.720949503532678477e+02 1.424610531997051908e+02
1.721525189376764331e+02 1.423792468749853128e+02
1.722104612838174376e+02 1.422977048539246994e+02
1.722687761782630105e+02 1.422164288441753115e+02
1.723274623997833146e+02 1.421354205478183701e+02
1.723865187193721908e+02 1.420546816613286865e+02
1.724459439002729084e+02 1.419742138755389931e+02
1.725057366980040854e+02 1.418940188756047291e+02
1.725658958603856377e+02 1.418140983409685703e+02
1.726264201275651260e+02 1.417344539453254129e+02
1.726873082320441029e+02 1.416550873565872166e+02
1.727485588987045730e+02 1.415760002368481310e+02
1.728101708448358522e+02 1.414971942423496500e+02
1.728721427801613117e+02 1.414186710234459667e+02
1.729344734068654361e+02 1.413404322245693834e+02
1.729971614196209373e+02 1.412624794841958646e+02
1.730602055056162953e+02 1.411848144348107610e+02
1.731236043445829580e+02 1.411074387028745889e+02
1.731873566088232508e+02 1.410303539087890101e+02
1.732514609632380029e+02 1.409535616668628393e+02
1.733159160653545996e+02 1.408770635852782789e+02
1.733807205653550625e+02 1.408008612660572396e+02
1.734458731061043579e+02 1.407249563050277175e+02
1.735113723231787901e+02 1.406493502917905687e+02
1.735772168448944797e+02 1.405740448096859438e+02
1.736434052923363254e+02 1.404990414357603754e+02
1.737099362793865964e+02 1.404243417407335812e+02
1.737768084127542068e+02 1.403499472889657227e+02
1.738440202920037336e+02 1.402758596384244356e+02
1.739115705095848057e+02 1.402020803406524578e+02
1.739794576508616046e+02 1.401286109407349159e+02
1.740476802941424239e+02 1.400554529772671231e+02
1.741162370107095114e+02 1.399826079823222358e+02
1.741851263648489123e+02 1.399100774814192789e+02
1.742543469138806529e+02 1.398378629934911146e+02
1.743238972081887539e+02 1.397659660308526952e+02
1.743937757912518691e+02 1.396943880991693163e+02
1.744639811996735261e+02 1.396231306974251538e+02
1.745345119632129354e+02 1.395521953178918579e+02
1.746053666048156288e+02 1.394815834460973178e+02
1.746765436406446383e+02 1.394112965607944830e+02
1.747480415801113054e+02 1.393413361339304402e+02
1.748198589259066580e+02 1.392717036306156047e+02
1.748919941740327033e+02 1.392024005090930245e+02
1.749644458138339473e+02 1.391334282207078274e+02
1.750372123280290282e+02 1.390647882098768662e+02
1.751102921927424916e+02 1.389964819140583927e+02
1.751836838775366800e+02 1.389285107637220165e+02
1.752573858454438209e+02 1.388608761823187763e+02
1.753313965529981999e+02 1.387935795862512123e+02
1.754057144502684764e+02 1.387266223848438926e+02
1.754803379808901695e+02 1.386600059803136560e+02
1.755552655820981443e+02 1.385937317677404792e+02
1.756304956847595520e+02 1.385278011350380893e+02
1.757060267134064304e+02 1.384622154629250304e+02
1.757818570862689285e+02 1.383969761248956445e+02
1.758579852153082754e+02 1.383320844871913664e+02
1.759344095062501481e+02 1.382675419087720456e+02
1.760111283586179525e+02 1.382033497412876102e+02
1.760881401657663901e+02 1.381395093290496732e+02
1.761654433149151373e+02 1.380760220090033386e+02
1.762430361871825539e+02 1.380128891106993194e+02
1.763209171576197036e+02 1.379501119562659994e+02
1.763990845952442328e+02 1.378876918603817785e+02
1.764775368630746186e+02 1.378256301302475606e+02
1.765562723181643605e+02 1.377639280655593552e+02
1.766352893116365692e+02 1.377025869584810494e+02
1.767145861887182718e+02 1.376416080936173501e+02
1.767941612887752854e+02 1.375809927479868975e+02
1.768740129453467773e+02 1.375207421909955769e+02
1.769541394861803667e+02 1.374608576844097740e+02
1.770345392332669689e+02 1.374013404823301130e+02
1.771152105028760673e+02 1.373421918311651382e+02
1.771961516055908987e+02 1.372834129696051946e+02
1.772773608463438961e+02 1.372250051285964503e+02
1.773588365244520730e+02 1.371669695313152317e+02
1.774405769336528351e+02 1.371093073931423021e+02
1.775225803621394505e+02 1.370520199216374806e+02
1.776048450925971736e+02 1.369951083165142620e+02
1.776873694022389714e+02 1.369385737696148340e+02
1.777701515628417610e+02 1.368824174648850089e+02
1.778531898407825338e+02 1.368266405783493838e+02
1.779364824970747065e+02 1.367712442780868685e+02
1.780200277874044446e+02 1.367162297242061015e+02
1.781038239621672972e+02 1.366615980688212346e+02
1.781878692665048050e+02 1.366073504560276888e+02
1.782721619403411921e+02 1.365534880218783655e+02
1.783567002184203147e+02 1.365000118943596874e+02
1.784414823303425806e+02 1.364469231933680646e+02
1.785265065006020393e+02 1.363942230306864474e+02
1.786117709486235299e+02 1.363419125099609630e+02
1.786972738888000265e+02 1.362899927266779514e+02
1.787830135305299564e+02 1.362384647681408580e+02
1.788689880782548016e+02 1.361873297134475820e+02
1.789551957314966444e+02 1.361365886334677953e+02
1.790416346848958256e+02 1.360862425908206319e+02
1.791283031282488309e+02 1.360362926398522347e+02
1.792151992465462058e+02 1.359867398266139276e+02
1.793023212200104695e+02 1.359375851888401030e+02
1.793896672241342571e+02 1.358888297559266221e+02
1.794772354297186894e+02 1.358404745489091283e+02
1.795650240029114002e+02 1.357925205804418169e+02
1.796530311052451907e+02 1.357449688547760900e+02
1.797412548936763699e+02 1.356978203677396095e+02
1.798296935206234650e+02 1.356510761067154363e+02
1.799183451340057616e+02 1.356047370506213383e+02
1.800072078772822977e+02 1.355588041698892141e+02
1.800962798894905177e+02 1.355132784264449413e+02
1.801855593052854658e+02 1.354681607736880551e+02
1.802750442549786953e+02 1.354234521564719387e+02
1.803647328645774905e+02 1.353791535110838709e+02
1.804546232558240035e+02 1.353352657652255573e+02
1.805447135462348172e+02 1.352917898379936332e+02
1.806350018491401386e+02 1.352487266398604788e+02
1.807254862737234191e+02 1.352060770726550345e+02
1.808161649250609173e+02 1.351638420295440142e+02
1.809070359041614324e+02 1.351220223950132038e+02
1.809980973080060380e+02 1.350806190448488451e+02
1.810893472295879008e+02 1.350396328461194457e+02
1.811807837579522413e+02 1.349990646571574757e+02
1.812724049782364091e+02 1.349589153275414333e+02
1.813642089717099282e+02 1.349191856980781097e+02
1.814561938158146575e+02 1.348798766007849110e+02
1.815483575842051209e+02 1.348409888588724925e+02
1.816406983467888097e+02 1.348025232867274497e+02
1.817332141697665406e+02 1.347644806898953789e+02
1.818259031156731282e+02 1.347268618650638246e+02
1.819187632434177431e+02 1.346896676000457944e+02
1.820117926083247255e+02 1.346528986737631044e+02
1.821049892621742572e+02 1.346165558562302067e+02
1.821983512532431462e+02 1.345806399085379326e+02
1.822918766263456689e+02 1.345451515828376330e+02
1.823855634228746396e+02 1.345100916223253478e+02
1.824794096808422523e+02 1.344754607612264010e+02
1.825734134349213207e+02 1.344412597247798544e+02
1.826675727164863758e+02 1.344074892292233869e+02
1.827618855536549063e+02 1.343741499817782881e+02
1.828563499713285694e+02 1.343412426806347071e+02
1.829509639912347154e+02 1.343087680149369589e+02
1.830457256319676276e+02 1.342767266647690576e+02
1.831406329090302165e+02 1.342451193011405906e+02
1.832356838348754593e+02 1.342139465859725931e+02
1.833308764189479518e+02 1.341832091720836786e+02
1.834262086677257741e+02 1.341529077031763961e+02
1.835216785847621566e+02 1.341230428138237301e+02
1.836172841707272312e+02 1.340936151294558556e+02
1.837130234234499540e+02 1.340646252663469795e+02
1.838088943379600835e+02 1.340360738316024651e+02
1.839048949065300746e+02 1.340079614231460710e+02
1.840010231187171712e+02 1.339802886297075872e+02
1.840972769614055551e+02 1.339530560308102451e+02
1.841936544188483538e+02 1.339262641967588650e+02
1.842901534727100739e+02 1.338999136886276915e+02
1.843867721021086936e+02 1.338740050582487129e+02
1.844835082836580114e+02 1.338485388482002065e+02
1.845803599915101074e+02 1.338235155917951715e+02
1.846773251973976642e+02 1.337989358130704147e+02
1.847744018706765701e+02 1.337748000267752957e+02
1.848715879783682396e+02 1.337511087383612107e+02
1.849688814852024166e+02 1.337278624439708210e+02
1.850662803536596641e+02 1.337050616304277355e+02
1.851637825440140546e+02 1.336827067752262792e+02
1.852613860143758870e+02 1.336607983465216307e+02
1.853590887207344622e+02 1.336393368031198179e+02
1.854568886170008852e+02 1.336183225944681681e+02
1.855547836550509260e+02 1.335977561606460426e+02
1.856527717847678787e+02 1.335776379323554579e+02
1.857508509540855073e+02 1.335579683309120469e+02
1.858490191090310475e+02 1.335387477682364192e+02
1.859472741937681803e+02 1.335199766468453504e+02
1.860456141506401195e+02 1.335016553598434257e+02
1.861440369202126703e+02 1.334837842909148264e+02
1.862425404413173453e+02 1.334663638143152866e+02
1.863411226510946506e+02 1.334493942948641632e+02
1.864397814850371162e+02 1.334328760879369611e+02
1.865385148770326396e+02 1.334168095394577449e+02
1.866373207594077428e+02 1.334011949858920048e+02
1.867361970629708310e+02 1.333860327542395510e+02
1.868351417170555067e+02 1.333713231620276076e+02
1.869341526495640551e+02 1.333570665173043039e+02
1.870332277870107021e+02 1.333432631186320805e+02
1.871323650545651560e+02 1.333299132550816353e+02
1.872315623760959511e+02 1.333170172062255574e+02
1.873308176742139324e+02 1.333045752421327848e+02
1.874301288703159116e+02 1.332925876233627775e+02
1.875294938846279820e+02 1.332810546009601183e+02
1.876289106362492305e+02 1.332699764164491967e+02
1.877283770431952519e+02 1.332593533018292362e+02
1.878278910224417473e+02 1.332491854795693484e+02
1.879274504899681517e+02 1.332394731626039572e+02
1.880270533608013181e+02 1.332302165543283081e+02
1.881266975490591449e+02 1.332214158485941766e+02
1.882263809679942312e+02 1.332130712297058039e+02
1.883261015300376187e+02 1.332051828724161169e+02
1.884258571468425032e+02 1.331977509419230046e+02
1.885256457293279766e+02 1.331907755938658511e+02
1.886254651877227388e+02 1.331842569743223237e+02
1.887253134316089245e+02 1.331781952198052750e+02
1.888251883699658151e+02 1.331725904572598722e+02
1.889250879112136090e+02 1.331674428040610110e+02
1.890250099632573892e+02 1.331627523680107856e+02
1.891249524335306944e+02 1.331585192473362156e+02
1.892249132290395721e+02 1.331547435306873126e+02
1.893248902564062064e+02 1.331514252971350345e+02
1.894248814219129713e+02 1.331485646161698355e+02
1.895248846315459730e+02 1.331461615477000180e+02
1.896248977910393023e+02 1.331442161420506523e+02
1.897249188059185485e+02 1.331427284399623829e+02
1.898249455815448243e+02 1.331416984725906616e+02
1.899249760231586492e+02 1.331411262615050362e+02
1.900250080359236620e+02 1.331410118186887530e+02
1.901250395249707026e+02 1.331413551465384444e+02
1.902250683954415251e+02 1.331421562378641852e+02
1.903250925525327091e+02 1.331434150758895214e+02
1.904251099015395994e+02 1.331451316342518396e+02
1.905251183479000758e+02 1.331473058770030775e+02
1.906251157972384931e+02 1.331499377586101787e+02
1.907251001554094216e+02 1.331530272239563715e+02
1.908250693285416730e+02 1.331565742083420787e+02
1.909250212230820409e+02 1.331605786374864238e+02
1.910249537458391274e+02 1.331650404275286803e+02
1.911248648040272826e+02 1.331699594850301196e+02
1.912247523053103180e+02 1.331753357069758579e+02
1.913246141578453887e+02 1.331811689807771302e+02
1.914244482703268204e+02 1.331874591842736208e+02
1.915242525520297932e+02 1.331942061857359363e+02
1.916240249128542530e+02 1.332014098438684471e+02
1.917237632633686530e+02 1.332090700078122723e+02
1.918234655148536376e+02 1.332171865171482921e+02
1.919231295793458969e+02 1.332257592019007291e+02
1.920227533696817659e+02 1.332347878825404734e+02
1.921223347995410506e+02 1.332442723699890053e+02
1.922218717834906272e+02 1.332542124656223450e+02
1.923213622370281826e+02 1.332646079612750896e+02
1.924208040766258989e+02 1.332754586392449312e+02
1.925201952197739104e+02 1.332867642722970629e+02
1.926195335850241293e+02 1.332985246236690955e+02
1.927188170920337029e+02 1.333107394470758607e+02
1.928180436616086126e+02 1.333234084867146692e+02
1.929172112157473009e+02 1.333365314772706824e+02
1.930163176776839862e+02 1.333501081439223412e+02
1.931153609719323470e+02 1.333641382023473057e+02
1.932143390243289502e+02 1.333786213587282532e+02
1.933132497620765946e+02 1.333935573097590748e+02
1.934120911137878238e+02 1.334089457426512695e+02
1.935108610095282415e+02 1.334247863351404817e+02
1.936095573808598544e+02 1.334410787554932085e+02
1.937081781608844722e+02 1.334578226625137631e+02
1.938067212842869367e+02 1.334750177055514655e+02
1.939051846873782949e+02 1.334926635245079183e+02
1.940035663081392272e+02 1.335107597498445955e+02
1.941018640862629354e+02 1.335293060025906016e+02
1.942000759631986000e+02 1.335483018943504590e+02
1.942981998821942682e+02 1.335677470273125209e+02
1.943962337883399982e+02 1.335876409942569865e+02
1.944941756286109467e+02 1.336079833785646542e+02
1.945920233519102283e+02 1.336287737542255911e+02
1.946897749091120602e+02 1.336500116858479430e+02
1.947874282531044798e+02 1.336716967286672570e+02
1.948849813388323753e+02 1.336938284285556051e+02
1.949824321233401463e+02 1.337164063220311903e+02
1.950797785658147063e+02 1.337394299362680385e+02
1.951770186276280015e+02 1.337628987891059182e+02
1.952741502723798419e+02 1.337868123890604011e+02
1.953711714659405061e+02 1.338111702353331225e+02
1.954680801764932880e+02 1.338359718178224114e+02
1.955648743745771867e+02 1.338612166171338060e+02
1.956615520331292828e+02 1.338869041045910251e+02
1.957581111275272008e+02 1.339130337422469950e+02
1.958545496356315425e+02 1.339396049828952187e+02
1.959508655378282924e+02 1.339666172700810307e+02
1.960470568170709100e+02 1.339940700381134775e+02
1.961431214589228773e+02 1.340219627120769985e+02
1.962390574515995354e+02 1.340502947078435909e+02
1.963348627860105751e+02 1.340790654320849171e+02
1.964305354558017882e+02 1.341082742822848104e+02
1.965260734573973025e+02 1.341379206467518941e+02
1.966214747900414466e+02 1.341680039046323714e+02
1.967167374558406436e+02 1.341985234259230140e+02
1.968118594598053051e+02 1.342294785714843783e+02
1.969068388098915818e+02 1.342608686930541353e+02
1.970016735170430877e+02 1.342926931332608262e+02
1.970963615952325085e+02 1.343249512256373350e+02
1.971909010615032685e+02 1.343576422946350988e+02
1.972852899360110257e+02 1.343907656556381767e+02
1.973795262420650829e+02 1.344243206149775176e+02
1.974736080061698829e+02 1.344583064699455690e+02
1.975675332580662200e+02 1.344927225088109708e+02
1.976613000307726509e+02 1.345275680108334768e+02
1.977549063606265349e+02 1.345628422462789615e+02
1.978483502873252746e+02 1.345985444764348244e+02
1.979416298539672425e+02 1.346346739536254233e+02
1.980347431070928792e+02 1.346712299212276776e+02
1.981276880967256204e+02 1.347082116136868990e+02
1.982204628764125687e+02 1.347456182565330209e+02
1.983130655032654488e+02 1.347834490663965141e+02
1.984054940380011089e+02 1.348217032510250419e+02
1.984977465449823910e+02 1.348603800092999165e+02
1.985898210922583189e+02 1.348994785312529530e+02
1.986817157516048553e+02 1.349389979980833800e+02
1.987734285985651752e+02 1.349789375821750070e+02
1.988649577124899395e+02 1.350192964471135042e+02
1.989563011765775684e+02 1.350600737477040525e+02
1.990474570779143164e+02 1.351012686299889083e+02
1.991384235075144318e+02 1.351428802312653090e+02
1.992291985603600040e+02 1.351849076801036631e+02
1.993197803354410098e+02 1.352273500963656261e+02
1.994101669357950186e+02 1.352702065912226033e+02
1.995003564685468973e+02 1.353134762671743943e+02
1.995903470449485724e+02 1.353571582180680366e+02
1.996801367804184792e+02 1.354012515291165641e+02
1.997697237945810684e+02 1.354457552769184474e+02
1.998591062113061412e+02 1.354906685294766930e+02
1.999482821587482704e+02 1.355359903462185684e+02
2.000372497693857667e+02 1.355817197780150707e+02
2.001260071800600713e+02 1.356278558672010206e+02
2.002145525320145225e+02 1.356743976475949864e+02
2.003028839709334363e+02 1.357213441445196054e+02
2.003909996469809016e+02 1.357686943748218482e+02
2.004788977148394906e+02 1.358164473468937956e+02
2.005665763337489125e+02 1.358646020606933007e+02
2.006540336675446383e+02 1.359131575077649075e+02
2.007412678846962137e+02 1.359621126712610248e+02
2.008282771583456849e+02 1.360114665259632147e+02
2.009150596663459680e+02 1.360612180383037071e+02
2.010016135912987920e+02 1.361113661663868299e+02
2.010879371205928692e+02 1.361619098600111784e+02
2.011740284464419517e+02 1.362128480606912717e+02
2.012598857659225189e+02 1.362641797016799501e+02
2.013455072810116064e+02 1.363159037079906284e+02
2.014308911986245221e+02 1.363680189964197780e+02
2.015160357306522485e+02 1.364205244755696356e+02
2.016009390939990453e+02 1.364734190458711396e+02
2.016855995106197383e+02 1.365267015996067812e+02
2.017700152075568383e+02 1.365803710209340238e+02
2.018541844169778869e+02 1.366344261859084668e+02
2.019381053762123202e+02 1.366888659625074922e+02
2.020217763277884160e+02 1.367436892106539688e+02
2.021051955194701009e+02 1.367988947822400974e+02
2.021883612042936988e+02 1.368544815211514560e+02
2.022712716406044535e+02 1.369104482632912436e+02
2.023539250920929646e+02 1.369667938366046087e+02
2.024363198278317100e+02 1.370235170611032345e+02
2.025184541223110841e+02 1.370806167488900655e+02
2.026003262554757214e+02 1.371380917041841485e+02
2.026819345127603640e+02 1.371959407233455863e+02
2.027632771851259008e+02 1.372541625949010040e+02
2.028443525690950366e+02 1.373127560995685883e+02
2.029251589667881035e+02 1.373717200102839513e+02
2.030056946859584741e+02 1.374310530922255396e+02
2.030859580400281175e+02 1.374907541028406968e+02
2.031659473481228133e+02 1.375508217918715843e+02
2.032456609351074803e+02 1.376112549013813577e+02
2.033250971316210780e+02 1.376720521657805705e+02
2.034042542741117927e+02 1.377332123118536629e+02
2.034831307048717122e+02 1.377947340587855933e+02
2.035617247720715284e+02 1.378566161181886969e+02
2.036400348297952974e+02 1.379188571941296289e+02
2.037180592380746873e+02 1.379814559831564793e+02
2.037957963629234825e+02 1.380444111743262283e+02
2.038732445763718033e+02 1.381077214492320024e+02
2.039504022565000412e+02 1.381713854820307859e+02
2.040272677874730505e+02 1.382354019394711599e+02
2.041038395595737711e+02 1.382997694809212987e+02
2.041801159692371073e+02 1.383644867583968789e+02
2.042560954190833797e+02 1.384295524165894733e+02
2.043317763179518920e+02 1.384949650928948586e+02
2.044071570809341836e+02 1.385607234174415510e+02
2.044822361294071982e+02 1.386268260131195404e+02
2.045570118910663950e+02 1.386932714956089967e+02
2.046314827999587465e+02 1.387600584734095435e+02
2.047056472965153375e+02 1.388271855478689929e+02
2.047795038275841932e+02 1.388946513132130463e+02
2.048530508464627076e+02 1.389624543565743977e+02
2.049262868129301012e+02 1.390305932580225488e+02
2.049992101932797084e+02 1.390990665905934804e+02
2.050718194603508948e+02 1.391678729203194678e+02
2.051441130935613444e+02 1.392370108062591783e+02
2.052160895789386359e+02 1.393064788005278558e+02
2.052877474091520753e+02 1.393762754483276183e+02
2.053590850835442438e+02 1.394463992879778687e+02
2.054301011081624324e+02 1.395168488509460474e+02
2.055007939957899339e+02 1.395876226618782425e+02
2.055711622659771081e+02 1.396587192386301410e+02
2.056412044450725318e+02 1.397301370922981505e+02
2.057109190662537515e+02 1.398018747272503788e+02
2.057803046695579496e+02 1.398739306411581822e+02
2.058493598019127262e+02 1.399463033250274577e+02
2.059180830171663104e+02 1.400189912632303617e+02
2.059864728761179435e+02 1.400919929335369716e+02
2.060545279465480633e+02 1.401653068071471750e+02
2.061222468032481743e+02 1.402389313487227298e+02
2.061896280280507767e+02 1.403128650164193516e+02
2.062566702098591520e+02 1.403871062619190866e+02
2.063233719446766941e+02 1.404616535304626836e+02
2.063897318356364678e+02 1.405365052608821088e+02
2.064557484930304554e+02 1.406116598856333724e+02
2.065214205343386595e+02 1.406871158308292422e+02
2.065867465842578952e+02 1.407628715162721562e+02
2.066517252747308930e+02 1.408389253554875040e+02
2.067163552449746362e+02 1.409152757557566815e+02
2.067806351415091228e+02 1.409919211181506000e+02
2.068445636181855321e+02 1.410688598375629681e+02
2.069081393362144752e+02 1.411460903027440281e+02
2.069713609641940195e+02 1.412236108963343497e+02
2.070342271781375985e+02 1.413014199948985947e+02
2.070967366615017511e+02 1.413795159689595380e+02
2.071588881052135775e+02 1.414578971830322303e+02
2.072206802076983365e+02 1.415365619956582748e+02
2.072821116749065595e+02 1.416155087594401039e+02
2.073431812203412221e+02 1.416947358210755681e+02
2.074038875650846023e+02 1.417742415213924403e+02
2.074642294378251677e+02 1.418540241953833458e+02
2.075242055748841778e+02 1.419340821722404655e+02
2.075838147202420885e+02 1.420144137753906648e+02
2.076430556255648696e+02 1.420950173225304241e+02
2.077019270502302390e+02 1.421758911256612805e+02
2.077604277613535260e+02 1.422570334911250143e+02
2.078185565338135063e+02 1.423384427196392039e+02
2.078763121502781814e+02 1.424201171063327251e+02
2.079336934012301015e+02 1.425020549407815906e+02
2.079906990849918316e+02 1.425842545070446761e+02
2.080473280077509912e+02 1.426667140836996452e+02
2.081035789835853791e+02 1.427494319438790171e+02
2.081594508344877568e+02 1.428324063553064320e+02
2.082149423903904903e+02 1.429156355803326903e+02
2.082700524891901068e+02 1.429991178759724164e+02
2.083247799767715378e+02 1.430828514939403533e+02
2.083791237070324200e+02 1.431668346806881402e+02
2.084330825419070266e+02 1.432510656774408346e+02
2.084866553513900840e+02 1.433355427202339740e+02
2.085398410135604479e+02 1.434202640399502968e+02
2.085926384146046360e+02 1.435052278623569748e+02
2.086450464488401337e+02 1.435904324081427035e+02
2.086970640187385015e+02 1.436758758929548776e+02
2.087486900349484245e+02 1.437615565274370795e+02
2.087999234163184781e+02 1.438474725172664819e+02
2.088507630899198375e+02 1.439336220631915069e+02
2.089012079910686737e+02 1.440200033610693708e+02
2.089512570633484643e+02 1.441066146019039991e+02
2.090009092586321344e+02 1.441934539718837982e+02
2.090501635371040265e+02 1.442805196524197697e+02
2.090990188672816146e+02 1.443678098201834814e+02
2.091474742260371897e+02 1.444553226471452660e+02
2.091955285986192337e+02 1.445430563006126192e+02
2.092431809786736210e+02 1.446310089432683981e+02
2.092904303682647935e+02 1.447191787332093895e+02
2.093372757778965934e+02 1.448075638239849638e+02
2.093837162265330392e+02 1.448961623646356145e+02
2.094297507416188182e+02 1.449849724997317537e+02
2.094753783590996647e+02 1.450739923694126219e+02
2.095205981234425678e+02 1.451632201094251968e+02
2.095654090876557802e+02 1.452526538511632168e+02
2.096098103133085999e+02 1.453422917217063457e+02
2.096538008705511231e+02 1.454321318438593664e+02
2.096973798381336280e+02 1.455221723361915451e+02
2.097405463034259014e+02 1.456124113130759667e+02
2.097832993624363667e+02 1.457028468847291265e+02
2.098256381198309555e+02 1.457934771572502939e+02
2.098675616889519233e+02 1.458843002326614169e+02
2.099090691918363802e+02 1.459753142089467985e+02
2.099501597592347366e+02 1.460665171800928022e+02
2.099908325306288077e+02 1.461579072361279259e+02
2.100310866542499184e+02 1.462494824631627353e+02
2.100709212870966951e+02 1.463412409434299093e+02
2.101103355949527440e+02 1.464331807553244857e+02
2.101493287524040738e+02 1.465252999734439925e+02
2.101878999428564896e+02 1.466175966686289485e+02
2.102260483585525890e+02 1.467100689080030236e+02
2.102637732005886733e+02 1.468027147550137101e+02
2.103010736789316297e+02 1.468955322694728522e+02
2.103379490124352174e+02 1.469885195075971183e+02
2.103743984288566651e+02 1.470816745220488997e+02
2.104104211648727585e+02 1.471749953619770395e+02
2.104460164660957560e+02 1.472684800730576455e+02
2.104811835870893617e+02 1.473621266975349897e+02
2.105159217913840735e+02 1.474559332742626054e+02
2.105502303514928997e+02 1.475498978387443287e+02
2.105841085489263378e+02 1.476440184231753676e+02
2.106175556742076367e+02 1.477382930564835704e+02
2.106505710268874623e+02 1.478327197643707223e+02
2.106831539155587052e+02 1.479272965693538140e+02
2.107153036578709475e+02 1.480220214908065941e+02
2.107470195805446167e+02 1.481168925450008942e+02
2.107783010193852817e+02 1.482119077451482383e+02
2.108091473192974092e+02 1.483070651014414238e+02
2.108395578342981764e+02 1.484023626210962732e+02
2.108695319275309430e+02 1.484977983083932997e+02
2.108990689712785809e+02 1.485933701647194596e+02
2.109281683469767188e+02 1.486890761886101018e+02
2.109568294452265604e+02 1.487849143757908621e+02
2.109850516658077311e+02 1.488808827192195565e+02
2.110128344176908399e+02 1.489769792091282739e+02
2.110401771190498437e+02 1.490732018330655535e+02
2.110670791972741824e+02 1.491695485759383075e+02
2.110935400889809159e+02 1.492660174200542258e+02
2.111195592400263195e+02 1.493626063451639823e+02
2.111451361055176505e+02 1.494593133285034412e+02
2.111702701498245460e+02 1.495561363448361192e+02
2.111949608465901065e+02 1.496530733664955903e+02
2.112192076787420660e+02 1.497501223634279199e+02
2.112430101385035925e+02 1.498472813032341833e+02
2.112663677274038321e+02 1.499445481512130698e+02
2.112892799562884534e+02 1.500419208704034020e+02
2.113117463453298228e+02 1.501393974216268816e+02
2.113337664240370941e+02 1.502369757635307224e+02
2.113553397312660422e+02 1.503346538526305096e+02
2.113764658152287552e+02 1.504324296433528332e+02
2.113971442335030417e+02 1.505303010880783177e+02
2.114173745530416682e+02 1.506282661371843403e+02
2.114371563501815672e+02 1.507263227390880047e+02
2.114564892106525633e+02 1.508244688402891711e+02
2.114753727295861552e+02 1.509227023854133449e+02
2.114938065115238714e+02 1.510210213172548208e+02
2.115117901704256838e+02 1.511194235768197416e+02
2.115293233296780784e+02 1.512179071033691571e+02
2.115464056221017870e+02 1.513164698344622536e+02
2.115630366899596879e+02 1.514151097059994981e+02
2.115792161849641104e+02 1.515138246522659244e+02
2.115949437682843097e+02 1.516126126059742774e+02
2.116102191105534303e+02 1.517114714983084411e+02
2.116250418918754121e+02 1.518103992589667257e+02
2.116394118018317556e+02 1.519093938162050961e+02
2.116533285394879726e+02 1.520084530968807996e+02
2.116667918133999251e+02 1.521075750264955673e+02
2.116798013416199069e+02 1.522067575292390984e+02
2.116923568517024989e+02 1.523059985280326600e+02
2.117044580807103671e+02 1.524052959445724582e+02
2.117161047752197760e+02 1.525046476993731801e+02
2.117272966913257051e+02 1.526040517118115929e+02
2.117380335946472485e+02 1.527035059001700859e+02
2.117483152603322765e+02 1.528030081816802124e+02
2.117581414730622953e+02 1.529025564725664026e+02
2.117675120270568243e+02 1.530021486880895623e+02
2.117764267260778865e+02 1.531017827425907285e+02
2.117848853834339593e+02 1.532014565495347540e+02
2.117928878219839248e+02 1.533011680215539343e+02
2.118004338741408219e+02 1.534009150704918625e+02
2.118075233818752849e+02 1.535006956074470281e+02
2.118141561967189830e+02 1.536005075428166435e+02
2.118203321797675471e+02 1.537003487863403564e+02
2.118260512016836401e+02 1.538002172471440758e+02
2.118313131426995426e+02 1.539001108337836854e+02
2.118361178926197965e+02 1.540000274542888974e+02
2.118404653508233366e+02 1.540999650162070509e+02
2.118443554262657926e+02 1.541999214266469664e+02
2.118477880374812230e+02 1.542998945923226586e+02
2.118507631125839055e+02 1.543998824195973611e+02
2.118532805892699002e+02 1.544998828145271261e+02
2.118553404148182153e+02 1.545998936829049626e+02
2.118569425460920286e+02 1.546999129303044924e+02
2.118580869495394836e+02 1.547999384621237482e+02
2.118587736011945424e+02 1.548999681836293405e+02
2.118590024866773547e+02 1.550000000000000000e+02
