6.708221434684456597e+01 1.296661639474935157e+02
6.698237871301111568e+01 1.296604327855631595e+02
6.688254307917766539e+01 1.296547016236328034e+02
6.678270744534421510e+01 1.296489704617024472e+02
6.668287181151076481e+01 1.296432392997720910e+02
6.658303617767731453e+01 1.296375081378417349e+02
6.648320054384386424e+01 1.296317769759113787e+02
6.638336491001041395e+01 1.296260458139810225e+02
6.628352927617696366e+01 1.296203146520506664e+02
6.618369364234351337e+01 1.296145834901203102e+02
6.608385800851006309e+01 1.296088523281899541e+02
6.598402237467661280e+01 1.296031211662595979e+02
6.588418674084316251e+01 1.295973900043292417e+02
6.578435110700971222e+01 1.295916588423988856e+02
6.568451547317626193e+01 1.295859276804685294e+02
6.558467983934281165e+01 1.295801965185381732e+02
6.548484420550936136e+01 1.295744653566078171e+02
6.538500857167591107e+01 1.295687341946774609e+02
6.528517293784246078e+01 1.295630030327471047e+02
6.518533730400901050e+01 1.295572718708167486e+02
6.508550167017556021e+01 1.295515407088863924e+02
6.498566603634210992e+01 1.295458095469560362e+02
6.488583040250865963e+01 1.295400783850256801e+02
6.478599476867520934e+01 1.295343472230953239e+02
6.468615913484175906e+01 1.295286160611649677e+02
6.458632350100830877e+01 1.295228848992346116e+02
6.448648786717485848e+01 1.295171537373042554e+02
6.438665223334140819e+01 1.295114225753738992e+02
6.428681659950795790e+01 1.295056914134435431e+02
6.418698096567450762e+01 1.294999602515131869e+02
6.408714533184105733e+01 1.294942290895828307e+02
6.398730969800759993e+01 1.294884979276524746e+02
6.388747406417414254e+01 1.294827667657221184e+02
6.378763843034068515e+01 1.294770356037917622e+02
6.368780279650722775e+01 1.294713044418614061e+02
6.358796716267377036e+01 1.294655732799310499e+02
6.348813152884031297e+01 1.294598421180006937e+02
6.338829589500685557e+01 1.294541109560703376e+02
6.328846026117339818e+01 1.294483797941399814e+02
6.318862462733994079e+01 1.294426486322096252e+02
6.308878899350648339e+01 1.294369174702792691e+02
6.298895335967302600e+01 1.294311863083489129e+02
6.288911772583956861e+01 1.294254551464185568e+02
6.278928209200611121e+01 1.294197239844882006e+02
6.268944645817265382e+01 1.294139928225578444e+02
6.258961082433919643e+01 1.294082616606274883e+02
6.248977519050573903e+01 1.294025304986971321e+02
6.238993955667228164e+01 1.293967993367667759e+02
6.229010392283882425e+01 1.293910681748364198e+02
6.219026828900536685e+01 1.293853370129060636e+02
6.209043265517190946e+01 1.293796058509757074e+02
6.199059702133845207e+01 1.293738746890453513e+02
6.189076138750499467e+01 1.293681435271149951e+02
6.179092575367153728e+01 1.293624123651846389e+02
6.169109011983807989e+01 1.293566812032542828e+02
6.159125448600462249e+01 1.293509500413239266e+02
6.149141885217116510e+01 1.293452188793935704e+02
6.139158321833770771e+01 1.293394877174632143e+02
6.129174758450425031e+01 1.293337565555328581e+02
6.119191195067079292e+01 1.293280253936025019e+02
6.109207631683733553e+01 1.293222942316721458e+02
6.099224068300387813e+01 1.293165630697417896e+02
6.089240504917042074e+01 1.293108319078114334e+02
6.079256941533696335e+01 1.293051007458810773e+02
6.069273378150350595e+01 1.292993695839507211e+02
6.059289814767004856e+01 1.292936384220203649e+02
6.049306251383659117e+01 1.292879072600900088e+02
6.039322688000313377e+01 1.292821760981596526e+02
6.029339124616967638e+01 1.292764449362292964e+02
6.019355561233621899e+01 1.292707137742989403e+02
6.009371997850276159e+01 1.292649826123685841e+02
5.999388434466930420e+01 1.292592514504382279e+02
5.989404871083584680e+01 1.292535202885078718e+02
5.979421307700238941e+01 1.292477891265775156e+02
5.969437744316893202e+01 1.292420579646471595e+02
5.959454180933547462e+01 1.292363268027168033e+02
5.949470617550201723e+01 1.292305956407864471e+02
5.939487054166855984e+01 1.292248644788560910e+02
5.929503490783510244e+01 1.292191333169257348e+02
5.919519927400164505e+01 1.292134021549953786e+02
5.909536364016818766e+01 1.292076709930650225e+02
5.899552800633473026e+01 1.292019398311346663e+02
5.889569237250127287e+01 1.291962086692043101e+02
5.879585673866781548e+01 1.291904775072739540e+02
5.869602110483435808e+01 1.291847463453435978e+02
5.859618547100090069e+01 1.291790151834132416e+02
5.849634983716744330e+01 1.291732840214828855e+02
5.839651420333398590e+01 1.291675528595525293e+02
5.829667856950052851e+01 1.291618216976221731e+02
5.819684293566707112e+01 1.291560905356918170e+02
5.809700730183361372e+01 1.291503593737614608e+02
5.799717166800015633e+01 1.291446282118311046e+02
5.789733603416669894e+01 1.291388970499007485e+02
5.779750040033324154e+01 1.291331658879703923e+02
5.769766476649978415e+01 1.291274347260400361e+02
5.759782913266632676e+01 1.291217035641096800e+02
5.749799349883286936e+01 1.291159724021793238e+02
5.739815786499941197e+01 1.291102412402489676e+02
5.729832223116595458e+01 1.291045100783186115e+02
5.719848659733249718e+01 1.290987789163882553e+02
5.709865096349903979e+01 1.290930477544578991e+02
5.699881532966558240e+01 1.290873165925275430e+02
5.689897969583212500e+01 1.290815854305971868e+02
5.679914406199866761e+01 1.290758542686668306e+02
5.669930842816521022e+01 1.290701231067364745e+02
5.659947279433175282e+01 1.290643919448061183e+02
5.649963716049829543e+01 1.290586607828757622e+02
5.639980152666483804e+01 1.290529296209454060e+02
5.629996589283138064e+01 1.290471984590150498e+02
5.620013025899792325e+01 1.290414672970846937e+02
5.610029462516446586e+01 1.290357361351543375e+02
5.600045899133100846e+01 1.290300049732239813e+02
5.590062335749755107e+01 1.290242738112936252e+02
5.580078772366409368e+01 1.290185426493632690e+02
5.570095208983063628e+01 1.290128114874329128e+02
5.560111645599717889e+01 1.290070803255025567e+02
5.550128082216372150e+01 1.290013491635722005e+02
5.540144518833026410e+01 1.289956180016418443e+02
5.530160955449680671e+01 1.289898868397114882e+02
5.520177392066334932e+01 1.289841556777811320e+02
5.510193828682989192e+01 1.289784245158507758e+02
5.500210265299643453e+01 1.289726933539204197e+02
5.490226701916297714e+01 1.289669621919900635e+02
5.480243138532951974e+01 1.289612310300597073e+02
5.470259575149606235e+01 1.289554998681293512e+02
5.460276011766260496e+01 1.289497687061989950e+02
5.450292448382914756e+01 1.289440375442686388e+02
5.440308884999569017e+01 1.289383063823382827e+02
5.430325321616223277e+01 1.289325752204079265e+02
5.420341758232877538e+01 1.289268440584775703e+02
5.410358194849531799e+01 1.289211128965472142e+02
5.400374631466186059e+01 1.289153817346168580e+02
5.390391068082840320e+01 1.289096505726865018e+02
5.380407504699494581e+01 1.289039194107561457e+02
5.370423941316148841e+01 1.288981882488257895e+02
5.360440377932803102e+01 1.288924570868954333e+02
5.350456814549457363e+01 1.288867259249650772e+02
5.340473251166111623e+01 1.288809947630347210e+02
5.330489687782765884e+01 1.288752636011043649e+02
5.320506124399420145e+01 1.288695324391740087e+02
5.310522561016074405e+01 1.288638012772436525e+02
5.300538997632728666e+01 1.288580701153132964e+02
5.290555434249382927e+01 1.288523389533829402e+02
5.280571870866037187e+01 1.288466077914525840e+02
5.270588307482691448e+01 1.288408766295222279e+02
5.260604744099345709e+01 1.288351454675918717e+02
5.250621180715999969e+01 1.288294143056615155e+02
5.240637617332654230e+01 1.288236831437311594e+02
5.230654053949308491e+01 1.288179519818008032e+02
5.220670490565962751e+01 1.288122208198704470e+02
5.210686927182617012e+01 1.288064896579400909e+02
5.200703363799271273e+01 1.288007584960097347e+02
5.190719800415925533e+01 1.287950273340793785e+02
5.180736237032579794e+01 1.287892961721490224e+02
5.170752673649234055e+01 1.287835650102186662e+02
5.160769110265888315e+01 1.287778338482883100e+02
5.150785546882542576e+01 1.287721026863579539e+02
5.140801983499196837e+01 1.287663715244275977e+02
5.130818420115851097e+01 1.287606403624972415e+02
5.120834856732505358e+01 1.287549092005668854e+02
5.110851293349159619e+01 1.287491780386365292e+02
5.100867729965813879e+01 1.287434468767061730e+02
5.090884166582468140e+01 1.287377157147758169e+02
5.080900603199122401e+01 1.287319845528454607e+02
5.070917039815776661e+01 1.287262533909151045e+02
5.060933476432430922e+01 1.287205222289847484e+02
5.050949913049085183e+01 1.287147910670543922e+02
5.040966349665739443e+01 1.287090599051240360e+02
5.030982786282393704e+01 1.287033287431936799e+02
5.020999222899047965e+01 1.286975975812633237e+02
5.011015659515702225e+01 1.286918664193329676e+02
5.001032096132356486e+01 1.286861352574026114e+02
4.991048532749010747e+01 1.286804040954722552e+02
4.981064969365665007e+01 1.286746729335418991e+02
4.967445856556101091e+01 1.286668547490049548e+02
4.975122642363712089e+01 1.286027712412482344e+02
4.982799428171323086e+01 1.285386877334915141e+02
4.990476213978934084e+01 1.284746042257347938e+02
4.998152999786545081e+01 1.284105207179780734e+02
5.005829785594156078e+01 1.283464372102213531e+02
5.013506571401767076e+01 1.282823537024646328e+02
5.021183357209378073e+01 1.282182701947079124e+02
5.028860143016989070e+01 1.281541866869511921e+02
5.036536928824600068e+01 1.280901031791944717e+02
5.044213714632211065e+01 1.280260196714377514e+02
5.051890500439822063e+01 1.279619361636810311e+02
5.059567286247433060e+01 1.278978526559243107e+02
5.067244072055044057e+01 1.278337691481675904e+02
5.074920857862655055e+01 1.277696856404108701e+02
5.082597643670266052e+01 1.277056021326541497e+02
5.090274429477877050e+01 1.276415186248974294e+02
5.097951215285488047e+01 1.275774351171407091e+02
5.105628001093099044e+01 1.275133516093839887e+02
5.113304786900710042e+01 1.274492681016272684e+02
5.120981572708321039e+01 1.273851845938705480e+02
5.128658358515932036e+01 1.273211010861138277e+02
5.136335144323543034e+01 1.272570175783571074e+02
5.144011930131154031e+01 1.271929340706003870e+02
5.151688715938765029e+01 1.271288505628436667e+02
5.159365501746376026e+01 1.270647670550869464e+02
5.167042287553987023e+01 1.270006835473302260e+02
5.174719073361598021e+01 1.269366000395735057e+02
5.182395859169209018e+01 1.268725165318167853e+02
5.190072644976820015e+01 1.268084330240600650e+02
5.197749430784431013e+01 1.267443495163033447e+02
5.205426216592042010e+01 1.266802660085466243e+02
5.213103002399653008e+01 1.266161825007899040e+02
5.220779788207264005e+01 1.265520989930331837e+02
5.228456574014875002e+01 1.264880154852764633e+02
5.236133359822486000e+01 1.264239319775197430e+02
5.243810145630096997e+01 1.263598484697630226e+02
5.251486931437707995e+01 1.262957649620063023e+02
5.259163717245318992e+01 1.262316814542495820e+02
5.266840503052929989e+01 1.261675979464928616e+02
5.274517288860540987e+01 1.261035144387361413e+02
5.282194074668151984e+01 1.260394309309794210e+02
5.289870860475762981e+01 1.259753474232227006e+02
5.297547646283373979e+01 1.259112639154659803e+02
5.305224432090984976e+01 1.258471804077092600e+02
5.312901217898595974e+01 1.257830968999525396e+02
5.320578003706206971e+01 1.257190133921958193e+02
5.328254789513817968e+01 1.256549298844390989e+02
5.335931575321428966e+01 1.255908463766823786e+02
5.343608361129039963e+01 1.255267628689256583e+02
5.351285146936650960e+01 1.254626793611689379e+02
5.358961932744261958e+01 1.253985958534122176e+02
5.366638718551872955e+01 1.253345123456554973e+02
5.374315504359483953e+01 1.252704288378987769e+02
5.381992290167094950e+01 1.252063453301420566e+02
5.389669075974705947e+01 1.251422618223853362e+02
5.397345861782316945e+01 1.250781783146286159e+02
5.405022647589927942e+01 1.250140948068718956e+02
5.412699433397538940e+01 1.249500112991151752e+02
5.420376219205149937e+01 1.248859277913584549e+02
5.428053005012760934e+01 1.248218442836017346e+02
5.435729790820371932e+01 1.247577607758450142e+02
5.443406576627982929e+01 1.246936772680882939e+02
5.451083362435593926e+01 1.246295937603315735e+02
5.458760148243204924e+01 1.245655102525748532e+02
5.466436934050815921e+01 1.245014267448181329e+02
5.474113719858426919e+01 1.244373432370614125e+02
5.481790505666037916e+01 1.243732597293046922e+02
5.489467291473648913e+01 1.243091762215479719e+02
5.497144077281259911e+01 1.242450927137912515e+02
5.504820863088870908e+01 1.241810092060345312e+02
5.512497648896481905e+01 1.241169256982778109e+02
5.520174434704092903e+01 1.240528421905210905e+02
5.527851220511703900e+01 1.239887586827643702e+02
5.535528006319314898e+01 1.239246751750076498e+02
5.543204792126925895e+01 1.238605916672509295e+02
5.550881577934536892e+01 1.237965081594942092e+02
5.558558363742147890e+01 1.237324246517374888e+02
5.566235149549758887e+01 1.236683411439807685e+02
5.573911935357369885e+01 1.236042576362240482e+02
5.581588721164980882e+01 1.235401741284673278e+02
5.589265506972591879e+01 1.234760906207106075e+02
5.596942292780202877e+01 1.234120071129538871e+02
5.604619078587813874e+01 1.233479236051971668e+02
5.612295864395424871e+01 1.232838400974404465e+02
5.619972650203035869e+01 1.232197565896837261e+02
5.627649436010646866e+01 1.231556730819270058e+02
5.635326221818257864e+01 1.230915895741702855e+02
5.643003007625868861e+01 1.230275060664135651e+02
5.650679793433479858e+01 1.229634225586568448e+02
5.658356579241090856e+01 1.228993390509001244e+02
5.666033365048701853e+01 1.228352555431434041e+02
5.673710150856312850e+01 1.227711720353866838e+02
5.681386936663923848e+01 1.227070885276299634e+02
5.689063722471534845e+01 1.226430050198732431e+02
5.696740508279145843e+01 1.225789215121165228e+02
5.704417294086756840e+01 1.225148380043598024e+02
5.712094079894367837e+01 1.224507544966030821e+02
5.719770865701978835e+01 1.223866709888463618e+02
5.727447651509589832e+01 1.223225874810896414e+02
5.735124437317200830e+01 1.222585039733329211e+02
5.742801223124811827e+01 1.221944204655762007e+02
5.750478008932422824e+01 1.221303369578194804e+02
5.758154794740033822e+01 1.220662534500627601e+02
5.765831580547644819e+01 1.220021699423060397e+02
5.773508366355255816e+01 1.219380864345493194e+02
5.781185152162866814e+01 1.218740029267925991e+02
5.788861937970477811e+01 1.218099194190358787e+02
5.796538723778088809e+01 1.217458359112791584e+02
5.804215509585699806e+01 1.216817524035224380e+02
5.811892295393310803e+01 1.216176688957657177e+02
5.819569081200921801e+01 1.215535853880089974e+02
5.827245867008532798e+01 1.214895018802522770e+02
5.834922652816143795e+01 1.214254183724955567e+02
5.842599438623754793e+01 1.213613348647388364e+02
5.850276224431365790e+01 1.212972513569821160e+02
5.857953010238976788e+01 1.212331678492253957e+02
5.865629796046587785e+01 1.211690843414686753e+02
5.873306581854198782e+01 1.211050008337119550e+02
5.880983367661809780e+01 1.210409173259552347e+02
5.888660153469420777e+01 1.209768338181985143e+02
5.896336939277031775e+01 1.209127503104417940e+02
5.904013725084642772e+01 1.208486668026850737e+02
5.911690510892253769e+01 1.207845832949283533e+02
5.919367296699864767e+01 1.207204997871716330e+02
5.927044082507475764e+01 1.206564162794149127e+02
5.934720868315086761e+01 1.205923327716581923e+02
5.942397654122697759e+01 1.205282492639014720e+02
5.950074439930308756e+01 1.204641657561447516e+02
5.957751225737919754e+01 1.204000822483880313e+02
5.965428011545530751e+01 1.203359987406313110e+02
5.973104797353141748e+01 1.202719152328745906e+02
5.980781583160752746e+01 1.202078317251178703e+02
5.988458368968363743e+01 1.201437482173611500e+02
5.996135154775974740e+01 1.200796647096044296e+02
6.003811940583585738e+01 1.200155812018477093e+02
6.011488726391196735e+01 1.199514976940909889e+02
6.019165512198807733e+01 1.198874141863342686e+02
6.026842298006418730e+01 1.198233306785775483e+02
6.034519083814029727e+01 1.197592471708208279e+02
6.042195869621640725e+01 1.196951636630641076e+02
6.049872655429251722e+01 1.196310801553073873e+02
6.057549441236862720e+01 1.195669966475506669e+02
6.065226227044473717e+01 1.195029131397939466e+02
6.072903012852084714e+01 1.194388296320372262e+02
6.080579798659695712e+01 1.193747461242805059e+02
6.088256584467306709e+01 1.193106626165237856e+02
6.095933370274917706e+01 1.192465791087670652e+02
6.103610156082528704e+01 1.191824956010103449e+02
6.111286941890139701e+01 1.191184120932536246e+02
6.118963727697750699e+01 1.190543285854969042e+02
6.126640513505361696e+01 1.189902450777401839e+02
6.134317299312972693e+01 1.189261615699834636e+02
6.141994085120583691e+01 1.188620780622267432e+02
6.149670870928194688e+01 1.187979945544700229e+02
6.157347656735805685e+01 1.187339110467133025e+02
6.165024442543416683e+01 1.186698275389565822e+02
6.172701228351027680e+01 1.186057440311998619e+02
6.180378014158638678e+01 1.185416605234431415e+02
6.188054799966249675e+01 1.184775770156864212e+02
6.195731585773860672e+01 1.184134935079297009e+02
6.203408371581471670e+01 1.183494100001729805e+02
6.211085157389082667e+01 1.182853264924162602e+02
6.218761943196693665e+01 1.182212429846595398e+02
6.226438729004304662e+01 1.181571594769028195e+02
6.234115514811915659e+01 1.180930759691460992e+02
6.241792300619526657e+01 1.180289924613893788e+02
6.249469086427137654e+01 1.179649089536326585e+02
6.257145872234748651e+01 1.179008254458759382e+02
6.264822658042359649e+01 1.178367419381192178e+02
6.272499443849970646e+01 1.177726584303624975e+02
6.280176229657581644e+01 1.177085749226057771e+02
6.287853015465192641e+01 1.176444914148490568e+02
6.295529801272803638e+01 1.175804079070923365e+02
6.303206587080414636e+01 1.175163243993356161e+02
6.310883372888025633e+01 1.174522408915788958e+02
6.318560158695636630e+01 1.173881573838221755e+02
6.326236944503247628e+01 1.173240738760654551e+02
6.333913730310858625e+01 1.172599903683087348e+02
6.341590516118469623e+01 1.171959068605520145e+02
6.349267301926080620e+01 1.171318233527952941e+02
6.356944087733691617e+01 1.170677398450385738e+02
6.364620873541302615e+01 1.170036563372818534e+02
6.372297659348913612e+01 1.169395728295251331e+02
6.379974445156524610e+01 1.168754893217684128e+02
6.387651230964135607e+01 1.168114058140116924e+02
6.395328016771746604e+01 1.167473223062549721e+02
6.403004802579357602e+01 1.166832387984982518e+02
6.410681588386968599e+01 1.166191552907415314e+02
6.418358374194579596e+01 1.165550717829848111e+02
6.426035160002190594e+01 1.164909882752280907e+02
6.433711945809801591e+01 1.164269047674713704e+02
6.441388731617412589e+01 1.163628212597146501e+02
6.449065517425023586e+01 1.162987377519579297e+02
6.456742303232634583e+01 1.162346542442012094e+02
6.464419089040245581e+01 1.161705707364444891e+02
6.472095874847856578e+01 1.161064872286877687e+02
6.479772660655467575e+01 1.160424037209310484e+02
6.487449446463078573e+01 1.159783202131743280e+02
6.495126232270689570e+01 1.159142367054176077e+02
6.502803018078300568e+01 1.158501531976608874e+02
6.510479803885911565e+01 1.157860696899041670e+02
6.518156589693522562e+01 1.157219861821474467e+02
6.525833375501133560e+01 1.156579026743907264e+02
6.533510161308744557e+01 1.155938191666340060e+02
6.541186947116355554e+01 1.155297356588772857e+02
6.548863732923966552e+01 1.154656521511205653e+02
6.556540518731577549e+01 1.154015686433638450e+02
6.564217304539188547e+01 1.153374851356071247e+02
6.571894090346799544e+01 1.152734016278504043e+02
6.579570876154410541e+01 1.152093181200936840e+02
6.587247661962021539e+01 1.151452346123369637e+02
6.594924447769632536e+01 1.150811511045802433e+02
6.602601233577243534e+01 1.150170675968235230e+02
6.610278019384854531e+01 1.149529840890668027e+02
6.617954805192465528e+01 1.148889005813100823e+02
6.625631591000076526e+01 1.148248170735533620e+02
6.633308376807687523e+01 1.147607335657966416e+02
6.640985162615298520e+01 1.146966500580399213e+02
6.648661948422909518e+01 1.146325665502832010e+02
6.656338734230520515e+01 1.145684830425264806e+02
6.664015520038131513e+01 1.145043995347697603e+02
6.671692305845742510e+01 1.144403160270130400e+02
6.679369091653353507e+01 1.143762325192563196e+02
6.687045877460964505e+01 1.143121490114995993e+02
6.694722663268575502e+01 1.142480655037428789e+02
6.702399449076186499e+01 1.141839819959861586e+02
6.710076234883797497e+01 1.141198984882294383e+02
6.717753020691408494e+01 1.140558149804727179e+02
6.725429806499019492e+01 1.139917314727159976e+02
6.733106592306630489e+01 1.139276479649592773e+02
6.740783378114241486e+01 1.138635644572025569e+02
6.748460163921852484e+01 1.137994809494458366e+02
6.756136949729463481e+01 1.137353974416891162e+02
6.763813735537074479e+01 1.136713139339323959e+02
6.771490521344685476e+01 1.136072304261756756e+02
6.779167307152296473e+01 1.135431469184189552e+02
6.786844092959907471e+01 1.134790634106622349e+02
6.794520878767518468e+01 1.134149799029055146e+02
6.802197664575129465e+01 1.133508963951487942e+02
6.809874450382740463e+01 1.132868128873920739e+02
6.817551236190351460e+01 1.132227293796353536e+02
6.825228021997962458e+01 1.131586458718786332e+02
6.832904807805573455e+01 1.130945623641219129e+02
6.840581593613184452e+01 1.130304788563651925e+02
6.848258379420795450e+01 1.129663953486084722e+02
6.855935165228406447e+01 1.129023118408517519e+02
6.863611951036017444e+01 1.128382283330950315e+02
6.871288736843628442e+01 1.127741448253383112e+02
6.878965522651239439e+01 1.127100613175815909e+02
6.886642308458850437e+01 1.126459778098248705e+02
6.894319094266461434e+01 1.125818943020681502e+02
6.901995880074072431e+01 1.125178107943114298e+02
6.909672665881683429e+01 1.124537272865547095e+02
6.917349451689294426e+01 1.123896437787979892e+02
6.925026237496905424e+01 1.123255602710412688e+02
6.932703023304516421e+01 1.122614767632845485e+02
6.940379809112127418e+01 1.121973932555278282e+02
6.948056594919738416e+01 1.121333097477711078e+02
6.955733380727349413e+01 1.120692262400143875e+02
6.963410166534960410e+01 1.120051427322576671e+02
6.971086952342571408e+01 1.119410592245009468e+02
6.978763738150182405e+01 1.118769757167442265e+02
6.986440523957793403e+01 1.118128922089875061e+02
6.994117309765404400e+01 1.117488087012307858e+02
7.001794095573015397e+01 1.116847251934740655e+02
7.009470881380626395e+01 1.116206416857173451e+02
7.017147667188237392e+01 1.115565581779606248e+02
7.024824452995848389e+01 1.114924746702039045e+02
7.032501238803459387e+01 1.114283911624471841e+02
7.040178024611070384e+01 1.113643076546904638e+02
7.047854810418681382e+01 1.113002241469337434e+02
7.055531596226292379e+01 1.112361406391770231e+02
7.063208382033903376e+01 1.111720571314203028e+02
7.070885167841514374e+01 1.111079736236635824e+02
7.078561953649125371e+01 1.110438901159068621e+02
7.086238739456736369e+01 1.109798066081501418e+02
7.093915525264347366e+01 1.109157231003934214e+02
7.101592311071958363e+01 1.108516395926367011e+02
7.109269096879569361e+01 1.107875560848799807e+02
7.116945882687180358e+01 1.107234725771232604e+02
7.124622668494791355e+01 1.106593890693665401e+02
7.132299454302402353e+01 1.105953055616098197e+02
7.139976240110013350e+01 1.105312220538530994e+02
7.147653025917624348e+01 1.104671385460963791e+02
7.155329811725235345e+01 1.104030550383396587e+02
7.163006597532846342e+01 1.103389715305829384e+02
7.170683383340457340e+01 1.102748880228262180e+02
7.178360169148068337e+01 1.102108045150694977e+02
7.186036954955679334e+01 1.101467210073127774e+02
7.193713740763290332e+01 1.100826374995560570e+02
7.201390526570901329e+01 1.100185539917993367e+02
7.209067312378512327e+01 1.099544704840426164e+02
7.216744098186123324e+01 1.098903869762858960e+02
7.224420883993734321e+01 1.098263034685291757e+02
7.232097669801345319e+01 1.097622199607724554e+02
7.239774455608956316e+01 1.096981364530157350e+02
7.247451241416567314e+01 1.096340529452590147e+02
7.255128027224178311e+01 1.095699694375022943e+02
7.262804813031789308e+01 1.095058859297455740e+02
7.270481598839400306e+01 1.094418024219888537e+02
7.278158384647011303e+01 1.093777189142321333e+02
7.285835170454622300e+01 1.093136354064754130e+02
7.293511956262233298e+01 1.092495518987186927e+02
7.301188742069844295e+01 1.091854683909619723e+02
7.308865527877455293e+01 1.091213848832052520e+02
7.316542313685066290e+01 1.090573013754485316e+02
7.324219099492677287e+01 1.089932178676918113e+02
7.331895885300288285e+01 1.089291343599350910e+02
7.339572671107899282e+01 1.088650508521783706e+02
7.347249456915510279e+01 1.088009673444216503e+02
7.354926242723121277e+01 1.087368838366649300e+02
7.362603028530732274e+01 1.086728003289082096e+02
7.370279814338343272e+01 1.086087168211514893e+02
7.377956600145954269e+01 1.085446333133947689e+02
7.385633385953565266e+01 1.084805498056380486e+02
7.393310171761176264e+01 1.084164662978813283e+02
7.400986957568787261e+01 1.083523827901246079e+02
7.408663743376398259e+01 1.082882992823678876e+02
7.416340529184009256e+01 1.082242157746111673e+02
7.424017314991620253e+01 1.081601322668544469e+02
7.431694100799231251e+01 1.080960487590977266e+02
7.439370886606842248e+01 1.080319652513410063e+02
7.447047672414453245e+01 1.079678817435842859e+02
7.454724458222064243e+01 1.079037982358275656e+02
7.462401244029675240e+01 1.078397147280708452e+02
7.470078029837286238e+01 1.077756312203141249e+02
7.477754815644897235e+01 1.077115477125574046e+02
7.485431601452508232e+01 1.076474642048006842e+02
7.493108387260119230e+01 1.075833806970439639e+02
7.500785173067730227e+01 1.075192971892872436e+02
7.508461958875341224e+01 1.074552136815305232e+02
7.516138744682952222e+01 1.073911301737738029e+02
7.523815530490563219e+01 1.073270466660170825e+02
7.531492316298174217e+01 1.072629631582603622e+02
7.539169102105785214e+01 1.071988796505036419e+02
7.546845887913396211e+01 1.071347961427469215e+02
7.554522673721007209e+01 1.070707126349902012e+02
7.562199459528618206e+01 1.070066291272334809e+02
7.569876245336229204e+01 1.069425456194767605e+02
7.577553031143840201e+01 1.068784621117200402e+02
7.585229816951451198e+01 1.068143786039633198e+02
7.592906602759062196e+01 1.067502950962065995e+02
7.600583388566673193e+01 1.066862115884498792e+02
7.608260174374284190e+01 1.066221280806931588e+02
7.615936960181895188e+01 1.065580445729364385e+02
7.623613745989506185e+01 1.064939610651797182e+02
7.631290531797117183e+01 1.064298775574229978e+02
7.638967317604728180e+01 1.063657940496662775e+02
7.646644103412339177e+01 1.063017105419095572e+02
7.654320889219950175e+01 1.062376270341528368e+02
7.661997675027561172e+01 1.061735435263961165e+02
7.669674460835172169e+01 1.061094600186393961e+02
7.677351246642783167e+01 1.060453765108826758e+02
7.685028032450394164e+01 1.059812930031259555e+02
7.692704818258005162e+01 1.059172094953692351e+02
7.700381604065616159e+01 1.058531259876125148e+02
7.708058389873227156e+01 1.057890424798557945e+02
7.715735175680838154e+01 1.057249589720990741e+02
7.723411961488449151e+01 1.056608754643423538e+02
7.731088747296060149e+01 1.055967919565856334e+02
7.738765533103671146e+01 1.055327084488289131e+02
7.746442318911282143e+01 1.054686249410721928e+02
7.754119104718893141e+01 1.054045414333154724e+02
7.761795890526504138e+01 1.053404579255587521e+02
7.769472676334115135e+01 1.052763744178020318e+02
7.777149462141726133e+01 1.052122909100453114e+02
7.784826247949337130e+01 1.051482074022885911e+02
7.792503033756948128e+01 1.050841238945318707e+02
7.800179819564559125e+01 1.050200403867751504e+02
7.807856605372170122e+01 1.049559568790184301e+02
7.815533391179781120e+01 1.048918733712617097e+02
7.823210176987392117e+01 1.048277898635049894e+02
7.830886962795003114e+01 1.047637063557482691e+02
7.838563748602614112e+01 1.046996228479915487e+02
7.846240534410225109e+01 1.046355393402348284e+02
7.853917320217836107e+01 1.045714558324781081e+02
7.861594106025447104e+01 1.045073723247213877e+02
7.869270891833058101e+01 1.044432888169646674e+02
7.876947677640669099e+01 1.043792053092079470e+02
7.884624463448280096e+01 1.043151218014512267e+02
7.892301249255891094e+01 1.042510382936945064e+02
7.899978035063502091e+01 1.041869547859377860e+02
7.907654820871113088e+01 1.041228712781810657e+02
7.915331606678724086e+01 1.040587877704243454e+02
7.923008392486335083e+01 1.039947042626676250e+02
7.930685178293946080e+01 1.039306207549109047e+02
7.938361964101557078e+01 1.038665372471541843e+02
7.946038749909168075e+01 1.038024537393974640e+02
7.953715535716779073e+01 1.037383702316407437e+02
7.961392321524390070e+01 1.036742867238840233e+02
7.969069107332001067e+01 1.036102032161273030e+02
7.976745893139612065e+01 1.035461197083705827e+02
7.984422678947223062e+01 1.034820362006138623e+02
7.992099464754834059e+01 1.034179526928571420e+02
7.999776250562445057e+01 1.033538691851004216e+02
8.007453036370056054e+01 1.032897856773437013e+02
8.015129822177667052e+01 1.032257021695869810e+02
8.022806607985278049e+01 1.031616186618302606e+02
8.030483393792889046e+01 1.030975351540735403e+02
8.038160179600500044e+01 1.030334516463168200e+02
8.045836965408111041e+01 1.029693681385600996e+02
8.053513751215722039e+01 1.029052846308033793e+02
8.061190537023333036e+01 1.028412011230466589e+02
8.068867322830944033e+01 1.027771176152899386e+02
8.076544108638555031e+01 1.027130341075332183e+02
8.084220894446166028e+01 1.026489505997764979e+02
8.091897680253777025e+01 1.025848670920197776e+02
8.099574466061388023e+01 1.025207835842630573e+02
8.107251251868999020e+01 1.024567000765063369e+02
8.114928037676610018e+01 1.023926165687496166e+02
8.122604823484221015e+01 1.023285330609928963e+02
8.130281609291832012e+01 1.022644495532361759e+02
8.137958395099443010e+01 1.022003660454794556e+02
8.145635180907054007e+01 1.021362825377227352e+02
8.153311966714665004e+01 1.020721990299660149e+02
8.160988752522276002e+01 1.020081155222092946e+02
8.168665538329886999e+01 1.019440320144525742e+02
8.176342324137497997e+01 1.018799485066958539e+02
8.184019109945108994e+01 1.018158649989391336e+02
8.191695895752719991e+01 1.017517814911824132e+02
8.199372681560330989e+01 1.016876979834256929e+02
8.207049467367941986e+01 1.016236144756689725e+02
8.214726253175552984e+01 1.015595309679122522e+02
8.222403038983163981e+01 1.014954474601555319e+02
8.230079824790774978e+01 1.014313639523988115e+02
8.237756610598385976e+01 1.013672804446420912e+02
8.245433396405996973e+01 1.013031969368853709e+02
8.253110182213607970e+01 1.012391134291286505e+02
8.260786968021218968e+01 1.011750299213719302e+02
8.268463753828829965e+01 1.011109464136152098e+02
8.276140539636440963e+01 1.010468629058584895e+02
8.283817325444051960e+01 1.009827793981017692e+02
8.291494111251662957e+01 1.009186958903450488e+02
8.299170897059273955e+01 1.008546123825883285e+02
8.306847682866884952e+01 1.007905288748316082e+02
8.314524468674495949e+01 1.007264453670748878e+02
8.322201254482106947e+01 1.006623618593181675e+02
8.329878040289717944e+01 1.005982783515614472e+02
8.337554826097328942e+01 1.005341948438047268e+02
8.345231611904939939e+01 1.004701113360480065e+02
8.352908397712550936e+01 1.004060278282912861e+02
8.360585183520161934e+01 1.003419443205345658e+02
8.368261969327772931e+01 1.002778608127778455e+02
8.375938755135383929e+01 1.002137773050211251e+02
8.383615540942994926e+01 1.001496937972644048e+02
8.391292326750605923e+01 1.000856102895076845e+02
8.398969112558216921e+01 1.000215267817509641e+02
8.406645898365827918e+01 9.995744327399424378e+01
8.414322684173438915e+01 9.989335976623752344e+01
8.421999469981049913e+01 9.982927625848080311e+01
8.429676255788660910e+01 9.976519275072408277e+01
8.437353041596271908e+01 9.970110924296736243e+01
8.445029827403882905e+01 9.963702573521064210e+01
8.452706613211493902e+01 9.957294222745392176e+01
8.460383399019104900e+01 9.950885871969720142e+01
8.468060184826715897e+01 9.944477521194048109e+01
8.475736970634326894e+01 9.938069170418376075e+01
8.483413756441937892e+01 9.931660819642704041e+01
8.491090542249548889e+01 9.925252468867032007e+01
8.498767328057159887e+01 9.918844118091359974e+01
8.506444113864770884e+01 9.912435767315687940e+01
8.514120899672381881e+01 9.906027416540015906e+01
8.521797685479992879e+01 9.899619065764343873e+01
8.529474471287603876e+01 9.893210714988671839e+01
8.537151257095214874e+01 9.886802364212999805e+01
8.544828042902825871e+01 9.880394013437327771e+01
8.552504828710436868e+01 9.873985662661655738e+01
8.560181614518047866e+01 9.867577311885983704e+01
8.567858400325658863e+01 9.861168961110311670e+01
8.575535186133269860e+01 9.854760610334639637e+01
8.583211971940880858e+01 9.848352259558967603e+01
8.590888757748491855e+01 9.841943908783295569e+01
8.598565543556102853e+01 9.835535558007623536e+01
8.606242329363713850e+01 9.829127207231951502e+01
8.613919115171324847e+01 9.822718856456279468e+01
8.621595900978935845e+01 9.816310505680607434e+01
8.629272686786546842e+01 9.809902154904935401e+01
8.636949472594157839e+01 9.803493804129263367e+01
8.644626258401768837e+01 9.797085453353591333e+01
8.652303044209379834e+01 9.790677102577919300e+01
8.659979830016990832e+01 9.784268751802247266e+01
8.667656615824601829e+01 9.777860401026575232e+01
8.675333401632212826e+01 9.771452050250903199e+01
8.683010187439823824e+01 9.765043699475231165e+01
8.690686973247434821e+01 9.758635348699559131e+01
8.698363759055045819e+01 9.752226997923887097e+01
8.706040544862656816e+01 9.745818647148215064e+01
8.713717330670267813e+01 9.739410296372543030e+01
8.721394116477878811e+01 9.733001945596870996e+01
8.729070902285489808e+01 9.726593594821198963e+01
8.736747688093100805e+01 9.720185244045526929e+01
8.744424473900711803e+01 9.713776893269854895e+01
8.752101259708322800e+01 9.707368542494182861e+01
8.759778045515933798e+01 9.700960191718510828e+01
8.767454831323544795e+01 9.694551840942838794e+01
8.775131617131155792e+01 9.688143490167166760e+01
8.782808402938766790e+01 9.681735139391494727e+01
8.790485188746377787e+01 9.675326788615822693e+01
8.798161974553988784e+01 9.668918437840150659e+01
8.805838760361599782e+01 9.662510087064478626e+01
8.813515546169210779e+01 9.656101736288806592e+01
8.821192331976821777e+01 9.649693385513134558e+01
8.828869117784432774e+01 9.643285034737462524e+01
8.836545903592043771e+01 9.636876683961790491e+01
8.844222689399654769e+01 9.630468333186118457e+01
8.851899475207265766e+01 9.624059982410446423e+01
8.859576261014876764e+01 9.617651631634774390e+01
8.867253046822487761e+01 9.611243280859102356e+01
8.874929832630098758e+01 9.604834930083430322e+01
8.882606618437709756e+01 9.598426579307758288e+01
8.890283404245320753e+01 9.592018228532086255e+01
8.897960190052931750e+01 9.585609877756414221e+01
8.905636975860542748e+01 9.579201526980742187e+01
8.913313761668153745e+01 9.572793176205070154e+01
8.920990547475764743e+01 9.566384825429398120e+01
8.928667333283375740e+01 9.559976474653726086e+01
8.936344119090986737e+01 9.553568123878054053e+01
8.944020904898597735e+01 9.547159773102382019e+01
8.951697690706208732e+01 9.540751422326709985e+01
8.959374476513819729e+01 9.534343071551037951e+01
8.967051262321430727e+01 9.527934720775365918e+01
8.974728048129041724e+01 9.521526369999693884e+01
8.982404833936652722e+01 9.515118019224021850e+01
8.990081619744263719e+01 9.508709668448349817e+01
8.997758405551874716e+01 9.502301317672677783e+01
9.005435191359485714e+01 9.495892966897005749e+01
9.020574100184302324e+01 9.483255459410956689e+01
9.015043481853223284e+01 9.491586861506398520e+01
9.009512863522144244e+01 9.499918263601840351e+01
9.003982245191065203e+01 9.508249665697282182e+01
8.998451626859986163e+01 9.516581067792724014e+01
8.992921008528907123e+01 9.524912469888165845e+01
8.987390390197828083e+01 9.533243871983607676e+01
8.981859771866749043e+01 9.541575274079049507e+01
8.976329153535670002e+01 9.549906676174491338e+01
8.970798535204590962e+01 9.558238078269933169e+01
8.965267916873511922e+01 9.566569480365375000e+01
8.959737298542432882e+01 9.574900882460816831e+01
8.954206680211353842e+01 9.583232284556258662e+01
8.948676061880274801e+01 9.591563686651700493e+01
8.943145443549195761e+01 9.599895088747142324e+01
8.937614825218116721e+01 9.608226490842584155e+01
8.932084206887037681e+01 9.616557892938025986e+01
8.926553588555958640e+01 9.624889295033467818e+01
8.921022970224879600e+01 9.633220697128909649e+01
8.915492351893800560e+01 9.641552099224351480e+01
8.909961733562721520e+01 9.649883501319793311e+01
8.904431115231642480e+01 9.658214903415235142e+01
8.898900496900563439e+01 9.666546305510676973e+01
8.893369878569484399e+01 9.674877707606118804e+01
8.887839260238405359e+01 9.683209109701560635e+01
8.882308641907326319e+01 9.691540511797002466e+01
8.876778023576247278e+01 9.699871913892444297e+01
8.871247405245168238e+01 9.708203315987886128e+01
8.865716786914089198e+01 9.716534718083327959e+01
8.860186168583010158e+01 9.724866120178769791e+01
8.854655550251931118e+01 9.733197522274211622e+01
8.849124931920852077e+01 9.741528924369653453e+01
8.843594313589773037e+01 9.749860326465095284e+01
8.838063695258693997e+01 9.758191728560537115e+01
8.832533076927614957e+01 9.766523130655978946e+01
8.827002458596535917e+01 9.774854532751420777e+01
8.821471840265456876e+01 9.783185934846862608e+01
8.815941221934377836e+01 9.791517336942304439e+01
8.810410603603298796e+01 9.799848739037746270e+01
8.804879985272219756e+01 9.808180141133188101e+01
8.799349366941140715e+01 9.816511543228629932e+01
8.793818748610061675e+01 9.824842945324071763e+01
8.788288130278982635e+01 9.833174347419513595e+01
8.782757511947903595e+01 9.841505749514955426e+01
8.777226893616824555e+01 9.849837151610397257e+01
8.771696275285745514e+01 9.858168553705839088e+01
8.766165656954666474e+01 9.866499955801280919e+01
8.760635038623587434e+01 9.874831357896722750e+01
8.755104420292508394e+01 9.883162759992164581e+01
8.749573801961429353e+01 9.891494162087606412e+01
8.744043183630350313e+01 9.899825564183048243e+01
8.738512565299271273e+01 9.908156966278490074e+01
8.732981946968192233e+01 9.916488368373931905e+01
8.727451328637113193e+01 9.924819770469373736e+01
8.721920710306034152e+01 9.933151172564815568e+01
8.716390091974955112e+01 9.941482574660257399e+01
8.710859473643876072e+01 9.949813976755699230e+01
8.705328855312797032e+01 9.958145378851141061e+01
8.699798236981717992e+01 9.966476780946582892e+01
8.694267618650638951e+01 9.974808183042024723e+01
8.688737000319559911e+01 9.983139585137466554e+01
8.683206381988480871e+01 9.991470987232908385e+01
8.677675763657401831e+01 9.999802389328350216e+01
8.672145145326322790e+01 1.000813379142379205e+02
8.666614526995243750e+01 1.001646519351923388e+02
8.661083908664164710e+01 1.002479659561467571e+02
8.655553290333085670e+01 1.003312799771011754e+02
8.650022672002006630e+01 1.004145939980555937e+02
8.644492053670927589e+01 1.004979080190100120e+02
8.638961435339848549e+01 1.005812220399644303e+02
8.633430817008769509e+01 1.006645360609188486e+02
8.627900198677690469e+01 1.007478500818732670e+02
8.622369580346611428e+01 1.008311641028276853e+02
8.616838962015532388e+01 1.009144781237821036e+02
8.611308343684453348e+01 1.009977921447365219e+02
8.605777725353374308e+01 1.010811061656909402e+02
8.600247107022295268e+01 1.011644201866453585e+02
8.594716488691216227e+01 1.012477342075997768e+02
8.589185870360137187e+01 1.013310482285541951e+02
8.583655252029058147e+01 1.014143622495086134e+02
8.578124633697979107e+01 1.014976762704630318e+02
8.572594015366900067e+01 1.015809902914174501e+02
8.567063397035821026e+01 1.016643043123718684e+02
8.561532778704741986e+01 1.017476183333262867e+02
8.556002160373662946e+01 1.018309323542807050e+02
8.550471542042583906e+01 1.019142463752351233e+02
8.544940923711504865e+01 1.019975603961895416e+02
8.539410305380425825e+01 1.020808744171439599e+02
8.533879687049346785e+01 1.021641884380983782e+02
8.528349068718267745e+01 1.022475024590527966e+02
8.522818450387188705e+01 1.023308164800072149e+02
8.517287832056109664e+01 1.024141305009616332e+02
8.511757213725030624e+01 1.024974445219160515e+02
8.506226595393951584e+01 1.025807585428704698e+02
8.500695977062872544e+01 1.026640725638248881e+02
8.495165358731793503e+01 1.027473865847793064e+02
8.489634740400714463e+01 1.028307006057337247e+02
8.484104122069635423e+01 1.029140146266881430e+02
8.478573503738556383e+01 1.029973286476425614e+02
8.473042885407477343e+01 1.030806426685969797e+02
8.467512267076398302e+01 1.031639566895513980e+02
8.461981648745319262e+01 1.032472707105058163e+02
8.456451030414240222e+01 1.033305847314602346e+02
8.450920412083161182e+01 1.034138987524146529e+02
8.445389793752082142e+01 1.034972127733690712e+02
8.439859175421003101e+01 1.035805267943234895e+02
8.434328557089924061e+01 1.036638408152779078e+02
8.428797938758845021e+01 1.037471548362323261e+02
8.423267320427765981e+01 1.038304688571867445e+02
8.417736702096686940e+01 1.039137828781411628e+02
8.412206083765607900e+01 1.039970968990955811e+02
8.406675465434528860e+01 1.040804109200499994e+02
8.401144847103449820e+01 1.041637249410044177e+02
8.395614228772370780e+01 1.042470389619588360e+02
8.390083610441291739e+01 1.043303529829132543e+02
8.384552992110212699e+01 1.044136670038676726e+02
8.379022373779133659e+01 1.044969810248220909e+02
8.373491755448054619e+01 1.045802950457765093e+02
8.367961137116975578e+01 1.046636090667309276e+02
8.362430518785896538e+01 1.047469230876853459e+02
8.356899900454817498e+01 1.048302371086397642e+02
8.351369282123738458e+01 1.049135511295941825e+02
8.345838663792659418e+01 1.049968651505486008e+02
8.340308045461580377e+01 1.050801791715030191e+02
8.334777427130501337e+01 1.051634931924574374e+02
8.329246808799422297e+01 1.052468072134118557e+02
8.323716190468343257e+01 1.053301212343662741e+02
8.318185572137264217e+01 1.054134352553206924e+02
8.312654953806185176e+01 1.054967492762751107e+02
8.307124335475106136e+01 1.055800632972295290e+02
8.301593717144027096e+01 1.056633773181839473e+02
8.296063098812948056e+01 1.057466913391383656e+02
8.290532480481869015e+01 1.058300053600927839e+02
8.285001862150789975e+01 1.059133193810472022e+02
8.279471243819710935e+01 1.059966334020016205e+02
8.273940625488631895e+01 1.060799474229560388e+02
8.268410007157552855e+01 1.061632614439104572e+02
8.262879388826473814e+01 1.062465754648648755e+02
8.257348770495394774e+01 1.063298894858192938e+02
8.251818152164315734e+01 1.064132035067737121e+02
8.246287533833236694e+01 1.064965175277281304e+02
8.240756915502157653e+01 1.065798315486825487e+02
8.235226297171078613e+01 1.066631455696369670e+02
8.229695678839999573e+01 1.067464595905913853e+02
8.224165060508920533e+01 1.068297736115458036e+02
8.218634442177841493e+01 1.069130876325002220e+02
8.213103823846762452e+01 1.069964016534546403e+02
8.207573205515683412e+01 1.070797156744090586e+02
8.202042587184604372e+01 1.071630296953634769e+02
8.196511968853525332e+01 1.072463437163178952e+02
8.190981350522446292e+01 1.073296577372723135e+02
8.185450732191367251e+01 1.074129717582267318e+02
8.179920113860288211e+01 1.074962857791811501e+02
8.174389495529209171e+01 1.075795998001355684e+02
8.168858877198130131e+01 1.076629138210899868e+02
8.163328258867051090e+01 1.077462278420444051e+02
8.157797640535972050e+01 1.078295418629988234e+02
8.152267022204893010e+01 1.079128558839532417e+02
8.146736403873813970e+01 1.079961699049076600e+02
8.141205785542734930e+01 1.080794839258620783e+02
8.135675167211655889e+01 1.081627979468164966e+02
8.130144548880576849e+01 1.082461119677709149e+02
8.124613930549497809e+01 1.083294259887253332e+02
8.119083312218418769e+01 1.084127400096797516e+02
8.113552693887339728e+01 1.084960540306341699e+02
8.108022075556260688e+01 1.085793680515885882e+02
8.102491457225181648e+01 1.086626820725430065e+02
8.096960838894102608e+01 1.087459960934974248e+02
8.091430220563023568e+01 1.088293101144518431e+02
8.085899602231944527e+01 1.089126241354062614e+02
8.080368983900865487e+01 1.089959381563606797e+02
8.074838365569786447e+01 1.090792521773150980e+02
8.069307747238707407e+01 1.091625661982695163e+02
8.063777128907628367e+01 1.092458802192239347e+02
8.058246510576549326e+01 1.093291942401783530e+02
8.052715892245470286e+01 1.094125082611327713e+02
8.047185273914391246e+01 1.094958222820871896e+02
8.041654655583312206e+01 1.095791363030416079e+02
8.036124037252233165e+01 1.096624503239960262e+02
8.030593418921154125e+01 1.097457643449504445e+02
8.025062800590075085e+01 1.098290783659048628e+02
8.019532182258996045e+01 1.099123923868592811e+02
8.014001563927917005e+01 1.099957064078136995e+02
8.008470945596837964e+01 1.100790204287681178e+02
8.002940327265758924e+01 1.101623344497225361e+02
7.997409708934679884e+01 1.102456484706769544e+02
7.991879090603600844e+01 1.103289624916313727e+02
7.986348472272521803e+01 1.104122765125857910e+02
7.980817853941442763e+01 1.104955905335402093e+02
7.975287235610363723e+01 1.105789045544946276e+02
7.969756617279284683e+01 1.106622185754490459e+02
7.964225998948205643e+01 1.107455325964034643e+02
7.958695380617126602e+01 1.108288466173578826e+02
7.953164762286047562e+01 1.109121606383123009e+02
7.947634143954968522e+01 1.109954746592667192e+02
7.942103525623889482e+01 1.110787886802211375e+02
7.936572907292810442e+01 1.111621027011755558e+02
7.931042288961731401e+01 1.112454167221299741e+02
7.925511670630652361e+01 1.113287307430843924e+02
7.919981052299573321e+01 1.114120447640388107e+02
7.914450433968494281e+01 1.114953587849932291e+02
7.908919815637415240e+01 1.115786728059476474e+02
7.903389197306336200e+01 1.116619868269020657e+02
7.897858578975257160e+01 1.117453008478564840e+02
7.892327960644178120e+01 1.118286148688109023e+02
7.886797342313099080e+01 1.119119288897653206e+02
7.881266723982020039e+01 1.119952429107197389e+02
7.875736105650940999e+01 1.120785569316741572e+02
7.870205487319861959e+01 1.121618709526285755e+02
7.864674868988782919e+01 1.122451849735829938e+02
7.859144250657703878e+01 1.123284989945374122e+02
7.853613632326624838e+01 1.124118130154918305e+02
7.848083013995545798e+01 1.124951270364462488e+02
7.842552395664466758e+01 1.125784410574006671e+02
7.837021777333387718e+01 1.126617550783550854e+02
7.831491159002308677e+01 1.127450690993095037e+02
7.825960540671229637e+01 1.128283831202639220e+02
7.820429922340150597e+01 1.129116971412183403e+02
7.814899304009071557e+01 1.129950111621727586e+02
7.809368685677992517e+01 1.130783251831271770e+02
7.803838067346913476e+01 1.131616392040815953e+02
7.798307449015834436e+01 1.132449532250360136e+02
7.792776830684755396e+01 1.133282672459904319e+02
7.787246212353676356e+01 1.134115812669448502e+02
7.781715594022597315e+01 1.134948952878992685e+02
7.776184975691518275e+01 1.135782093088536868e+02
7.770654357360439235e+01 1.136615233298081051e+02
7.765123739029360195e+01 1.137448373507625234e+02
7.759593120698281155e+01 1.138281513717169418e+02
7.754062502367202114e+01 1.139114653926713601e+02
7.748531884036123074e+01 1.139947794136257784e+02
7.743001265705044034e+01 1.140780934345801967e+02
7.737470647373964994e+01 1.141614074555346150e+02
7.731940029042885953e+01 1.142447214764890333e+02
7.726409410711806913e+01 1.143280354974434516e+02
7.720878792380727873e+01 1.144113495183978699e+02
7.715348174049648833e+01 1.144946635393522882e+02
7.709817555718569793e+01 1.145779775603067066e+02
7.704286937387490752e+01 1.146612915812611249e+02
7.698756319056411712e+01 1.147446056022155432e+02
7.693225700725332672e+01 1.148279196231699615e+02
7.687695082394253632e+01 1.149112336441243798e+02
7.682164464063174592e+01 1.149945476650787981e+02
7.676633845732095551e+01 1.150778616860332164e+02
7.671103227401016511e+01 1.151611757069876347e+02
7.665572609069937471e+01 1.152444897279420530e+02
7.660041990738858431e+01 1.153278037488964713e+02
7.654511372407779390e+01 1.154111177698508897e+02
7.648980754076700350e+01 1.154944317908053080e+02
7.643450135745621310e+01 1.155777458117597263e+02
7.637919517414542270e+01 1.156610598327141446e+02
7.632388899083463230e+01 1.157443738536685629e+02
7.626858280752384189e+01 1.158276878746229812e+02
7.621327662421305149e+01 1.159110018955773995e+02
7.615797044090226109e+01 1.159943159165318178e+02
7.610266425759147069e+01 1.160776299374862361e+02
7.604735807428068028e+01 1.161609439584406545e+02
7.599205189096988988e+01 1.162442579793950728e+02
7.593674570765909948e+01 1.163275720003494911e+02
7.588143952434830908e+01 1.164108860213039094e+02
7.582613334103751868e+01 1.164942000422583277e+02
7.577082715772672827e+01 1.165775140632127460e+02
7.571552097441593787e+01 1.166608280841671643e+02
7.566021479110514747e+01 1.167441421051215826e+02
7.560490860779435707e+01 1.168274561260760009e+02
7.554960242448356667e+01 1.169107701470304193e+02
7.549429624117277626e+01 1.169940841679848376e+02
7.543899005786198586e+01 1.170773981889392559e+02
7.538368387455119546e+01 1.171607122098936742e+02
7.532837769124040506e+01 1.172440262308480925e+02
7.527307150792961465e+01 1.173273402518025108e+02
7.521776532461882425e+01 1.174106542727569291e+02
7.516245914130803385e+01 1.174939682937113474e+02
7.510715295799724345e+01 1.175772823146657657e+02
7.505184677468645305e+01 1.176605963356201840e+02
7.499654059137566264e+01 1.177439103565746024e+02
7.494123440806487224e+01 1.178272243775290207e+02
7.488592822475408184e+01 1.179105383984834390e+02
7.483062204144329144e+01 1.179938524194378573e+02
7.477531585813250103e+01 1.180771664403922756e+02
7.472000967482171063e+01 1.181604804613466939e+02
7.466470349151092023e+01 1.182437944823011122e+02
7.460939730820012983e+01 1.183271085032555305e+02
7.455409112488933943e+01 1.184104225242099488e+02
7.449878494157854902e+01 1.184937365451643672e+02
7.444347875826775862e+01 1.185770505661187855e+02
7.438817257495696822e+01 1.186603645870732038e+02
7.433286639164617782e+01 1.187436786080276221e+02
7.427756020833538741e+01 1.188269926289820404e+02
7.422225402502459701e+01 1.189103066499364587e+02
7.416694784171380661e+01 1.189936206708908770e+02
7.411164165840301621e+01 1.190769346918452953e+02
7.405633547509222581e+01 1.191602487127997136e+02
7.400102929178143540e+01 1.192435627337541320e+02
7.394572310847064500e+01 1.193268767547085503e+02
7.389041692515985460e+01 1.194101907756629686e+02
7.383511074184906420e+01 1.194935047966173869e+02
7.377980455853827380e+01 1.195768188175718052e+02
7.372449837522748339e+01 1.196601328385262235e+02
7.366919219191669299e+01 1.197434468594806418e+02
7.361388600860590259e+01 1.198267608804350601e+02
7.355857982529511219e+01 1.199100749013894784e+02
7.350327364198432178e+01 1.199933889223438968e+02
7.344796745867353138e+01 1.200767029432983151e+02
7.339266127536274098e+01 1.201600169642527334e+02
7.333735509205195058e+01 1.202433309852071517e+02
7.328204890874116018e+01 1.203266450061615700e+02
7.322674272543036977e+01 1.204099590271159883e+02
7.317143654211957937e+01 1.204932730480704066e+02
7.311613035880878897e+01 1.205765870690248249e+02
7.306082417549799857e+01 1.206599010899792432e+02
7.300551799218720816e+01 1.207432151109336615e+02
7.295021180887641776e+01 1.208265291318880799e+02
7.289490562556562736e+01 1.209098431528424982e+02
7.283959944225483696e+01 1.209931571737969165e+02
7.278429325894404656e+01 1.210764711947513348e+02
7.272898707563325615e+01 1.211597852157057531e+02
7.267368089232246575e+01 1.212430992366601714e+02
7.261837470901167535e+01 1.213264132576145897e+02
7.256306852570088495e+01 1.214097272785690080e+02
7.250776234239009455e+01 1.214930412995234263e+02
7.245245615907930414e+01 1.215763553204778447e+02
7.239714997576851374e+01 1.216596693414322630e+02
7.234184379245772334e+01 1.217429833623866813e+02
7.228653760914693294e+01 1.218262973833410996e+02
7.223123142583614253e+01 1.219096114042955179e+02
7.217592524252535213e+01 1.219929254252499362e+02
7.212061905921456173e+01 1.220762394462043545e+02
7.206531287590377133e+01 1.221595534671587728e+02
7.201000669259298093e+01 1.222428674881131911e+02
7.195470050928219052e+01 1.223261815090676095e+02
7.189939432597140012e+01 1.224094955300220278e+02
7.184408814266060972e+01 1.224928095509764461e+02
7.178878195934981932e+01 1.225761235719308644e+02
7.173347577603902891e+01 1.226594375928852827e+02
7.167816959272823851e+01 1.227427516138397010e+02
7.162286340941744811e+01 1.228260656347941193e+02
7.156755722610665771e+01 1.229093796557485376e+02
7.151225104279586731e+01 1.229926936767029559e+02
7.145694485948507690e+01 1.230760076976573743e+02
7.140163867617428650e+01 1.231593217186117926e+02
7.134633249286349610e+01 1.232426357395662109e+02
7.129102630955270570e+01 1.233259497605206292e+02
7.123572012624191530e+01 1.234092637814750475e+02
7.118041394293112489e+01 1.234925778024294658e+02
7.112510775962033449e+01 1.235758918233838841e+02
7.106980157630954409e+01 1.236592058443383024e+02
7.101449539299875369e+01 1.237425198652927207e+02
7.095918920968796328e+01 1.238258338862471390e+02
7.090388302637717288e+01 1.239091479072015574e+02
7.084857684306638248e+01 1.239924619281559757e+02
7.079327065975559208e+01 1.240757759491103940e+02
7.073796447644480168e+01 1.241590899700648123e+02
7.068265829313401127e+01 1.242424039910192306e+02
7.062735210982322087e+01 1.243257180119736489e+02
7.057204592651243047e+01 1.244090320329280672e+02
7.051673974320164007e+01 1.244923460538824855e+02
7.046143355989084966e+01 1.245756600748369038e+02
7.040612737658005926e+01 1.246589740957913222e+02
7.035082119326926886e+01 1.247422881167457405e+02
7.029551500995847846e+01 1.248256021377001588e+02
7.024020882664768806e+01 1.249089161586545771e+02
7.018490264333689765e+01 1.249922301796089954e+02
7.012959646002610725e+01 1.250755442005634137e+02
7.007429027671531685e+01 1.251588582215178320e+02
7.001898409340452645e+01 1.252421722424722503e+02
6.996367791009373605e+01 1.253254862634266686e+02
6.990837172678294564e+01 1.254088002843810870e+02
6.985306554347215524e+01 1.254921143053355053e+02
6.979775936016136484e+01 1.255754283262899236e+02
6.974245317685057444e+01 1.256587423472443419e+02
6.968714699353978403e+01 1.257420563681987602e+02
6.963184081022899363e+01 1.258253703891531785e+02
6.957653462691820323e+01 1.259086844101075968e+02
6.952122844360741283e+01 1.259919984310620151e+02
6.946592226029662243e+01 1.260753124520164334e+02
6.941061607698583202e+01 1.261586264729708518e+02
6.935530989367504162e+01 1.262419404939252701e+02
6.930000371036425122e+01 1.263252545148796884e+02
6.924469752705346082e+01 1.264085685358341067e+02
6.918939134374267041e+01 1.264918825567885250e+02
6.913408516043188001e+01 1.265751965777429433e+02
6.907877897712108961e+01 1.266585105986973616e+02
6.902347279381029921e+01 1.267418246196517799e+02
6.896816661049950881e+01 1.268251386406061982e+02
6.891286042718871840e+01 1.269084526615606165e+02
6.885755424387792800e+01 1.269917666825150349e+02
6.880224806056713760e+01 1.270750807034694532e+02
6.874694187725634720e+01 1.271583947244238715e+02
6.869163569394555680e+01 1.272417087453782898e+02
6.863632951063476639e+01 1.273250227663327081e+02
6.858102332732397599e+01 1.274083367872871264e+02
6.852571714401318559e+01 1.274916508082415447e+02
6.847041096070239519e+01 1.275749648291959630e+02
6.841510477739160478e+01 1.276582788501503813e+02
6.835979859408081438e+01 1.277415928711047997e+02
6.830449241077002398e+01 1.278249068920592180e+02
6.824918622745923358e+01 1.279082209130136363e+02
6.819388004414844318e+01 1.279915349339680546e+02
6.813857386083765277e+01 1.280748489549224871e+02
6.808326767752686237e+01 1.281581629758769054e+02
6.802796149421607197e+01 1.282414769968313237e+02
6.797265531090528157e+01 1.283247910177857420e+02
6.791734912759449116e+01 1.284081050387401604e+02
6.786204294428370076e+01 1.284914190596945787e+02
6.780673676097291036e+01 1.285747330806489970e+02
6.775143057766211996e+01 1.286580471016034153e+02
6.769612439435132956e+01 1.287413611225578336e+02
6.764081821104053915e+01 1.288246751435122519e+02
6.758551202772974875e+01 1.289079891644666702e+02
6.753020584441895835e+01 1.289913031854210885e+02
6.747489966110816795e+01 1.290746172063755068e+02
6.741959347779737755e+01 1.291579312273299252e+02
6.736428729448658714e+01 1.292412452482843435e+02
6.730898111117579674e+01 1.293245592692387618e+02
6.725367492786500634e+01 1.294078732901931801e+02
6.719836874455421594e+01 1.294911873111475984e+02
6.714306256124342553e+01 1.295745013321020167e+02
6.708221434684456597e+01 1.296661639474935157e+02
